  7.8000000e-001  3.5600000e+002
  1.2560000e+000  4.7600000e+002
  2.1520000e+000  8.9600000e+002
  2.9520000e+000  8.0000000e+002
  3.8280000e+000  8.7600000e+002
  4.7160000e+000  8.8800000e+002
  5.6040000e+000  8.8800000e+002
  6.4640000e+000  8.6000000e+002
  7.3320000e+000  8.6800000e+002
  8.2120000e+000  8.8000000e+002
  9.1040000e+000  8.9200000e+002
  9.9880000e+000  8.8400000e+002
  1.0804000e+001  8.1600000e+002
  1.1576000e+001  7.7200000e+002
  1.2308000e+001  7.3200000e+002
  1.2984000e+001  6.7600000e+002
  1.3712000e+001  7.2800000e+002
  1.4584000e+001  8.7200000e+002
  1.5348000e+001  7.6400000e+002
  1.6232000e+001  8.8400000e+002
  1.7136000e+001  9.0400000e+002
  1.7876000e+001  7.4000000e+002
  1.8560000e+001  6.8400000e+002
  1.9292000e+001  7.3200000e+002
  2.0048000e+001  7.5600000e+002
  2.0944000e+001  8.9600000e+002
  2.1808000e+001  8.6400000e+002
  2.2532000e+001  7.2400000e+002
  2.3384000e+001  8.5200000e+002
  2.4288000e+001  9.0400000e+002
  2.5124000e+001  8.3600000e+002
  2.5812000e+001  6.8800000e+002
  2.6652000e+001  8.4000000e+002
  2.7544000e+001  8.9200000e+002
  2.8380000e+001  8.3600000e+002
  2.9244000e+001  8.6400000e+002
  2.9976000e+001  7.3200000e+002
  3.0824000e+001  8.4800000e+002
  3.1676000e+001  8.5200000e+002
  3.2560000e+001  8.8400000e+002
  3.3456000e+001  8.9600000e+002
  3.4352000e+001  8.9600000e+002
  3.5228000e+001  8.7600000e+002
  3.6020000e+001  7.9200000e+002
  3.6900000e+001  8.8000000e+002
  3.7740000e+001  8.4000000e+002
  3.8520000e+001  7.8000000e+002
  3.9384000e+001  8.6400000e+002
  4.0212000e+001  8.2800000e+002
  4.0904000e+001  6.9200000e+002
  4.1772000e+001  8.6800000e+002
  4.2664000e+001  8.9200000e+002
  4.3564000e+001  9.0000000e+002
  4.4432000e+001  8.6800000e+002
  4.5164000e+001  7.3200000e+002
  4.6028000e+001  8.6400000e+002
  4.6856000e+001  8.2800000e+002
  4.7760000e+001  9.0400000e+002
  4.8596000e+001  8.3600000e+002
  4.9448000e+001  8.5200000e+002
  5.0340000e+001  8.9200000e+002
  5.1256000e+001  9.1600000e+002
  5.2160000e+001  9.0400000e+002
  5.3052000e+001  8.9200000e+002
  5.3820000e+001  7.6800000e+002
  5.4532000e+001  7.1200000e+002
  5.5412000e+001  8.8000000e+002
  5.6140000e+001  7.2800000e+002
  5.6884000e+001  7.4400000e+002
  5.7672000e+001  7.8800000e+002
  5.8576000e+001  9.0400000e+002
  5.9320000e+001  7.4400000e+002
  6.0176000e+001  8.5600000e+002
  6.1076000e+001  9.0000000e+002
  6.1952000e+001  8.7600000e+002
  6.2704000e+001  7.5200000e+002
  6.3544000e+001  8.4000000e+002
  6.4412000e+001  8.6800000e+002
  6.5196000e+001  7.8400000e+002
  6.6076000e+001  8.8000000e+002
  6.6888000e+001  8.1200000e+002
  6.7752000e+001  8.6400000e+002
  6.8492000e+001  7.4000000e+002
  6.9276000e+001  7.8400000e+002
  7.0008000e+001  7.3200000e+002
  7.0780000e+001  7.7200000e+002
  7.1684000e+001  9.0400000e+002
  7.2580000e+001  8.9600000e+002
  7.3420000e+001  8.4000000e+002
  7.4228000e+001  8.0800000e+002
  7.5076000e+001  8.4800000e+002
  7.5800000e+001  7.2400000e+002
  7.6596000e+001  7.9600000e+002
  7.7332000e+001  7.3600000e+002
  7.8196000e+001  8.6400000e+002
  7.9028000e+001  8.3200000e+002
  7.9812000e+001  7.8400000e+002
  8.0680000e+001  8.6800000e+002
  8.1572000e+001  8.9200000e+002
  8.2452000e+001  8.8000000e+002
  8.3320000e+001  8.6800000e+002
  8.4192000e+001  8.7200000e+002
  8.5088000e+001  8.9600000e+002
  8.5868000e+001  7.8000000e+002
  8.6728000e+001  8.6000000e+002
  8.7516000e+001  7.8800000e+002
  8.8244000e+001  7.2800000e+002
  8.9068000e+001  8.2400000e+002
  8.9948000e+001  8.8000000e+002
  9.0788000e+001  8.4000000e+002
  9.1688000e+001  9.0000000e+002
  9.2596000e+001  9.0800000e+002
  9.3360000e+001  7.6400000e+002
  9.4200000e+001  8.4000000e+002
  9.5076000e+001  8.7600000e+002
  9.5992000e+001  9.1600000e+002
  9.6836000e+001  8.4400000e+002
  9.7708000e+001  8.7200000e+002
  9.8420000e+001  7.1200000e+002
  9.9184000e+001  7.6400000e+002
  9.9964000e+001  7.8000000e+002
  1.0085200e+002  8.8800000e+002
  1.0163200e+002  7.8000000e+002
  1.0252800e+002  8.9600000e+002
  1.0342400e+002  8.9600000e+002
  1.0411200e+002  6.8800000e+002
  1.0497600e+002  8.6400000e+002
  1.0575600e+002  7.8000000e+002
  1.0651200e+002  7.5600000e+002
  1.0743600e+002  9.2400000e+002
  1.0825200e+002  8.1600000e+002
  1.0904800e+002  7.9600000e+002
  1.0990800e+002  8.6000000e+002
  1.1082000e+002  9.1200000e+002
  1.1164000e+002  8.2000000e+002
  1.1239600e+002  7.5600000e+002
  1.1314400e+002  7.4800000e+002
  1.1404800e+002  9.0400000e+002
  1.1495200e+002  9.0400000e+002
  1.1565200e+002  7.0000000e+002
  1.1655200e+002  9.0000000e+002
  1.1734000e+002  7.8800000e+002
  1.1824800e+002  9.0800000e+002
  1.1908400e+002  8.3600000e+002
  1.2000400e+002  9.2000000e+002
  1.2072000e+002  7.1600000e+002
  1.2153200e+002  8.1200000e+002
  1.2232800e+002  7.9600000e+002
  1.2306800e+002  7.4000000e+002
  1.2380400e+002  7.3600000e+002
  1.2463600e+002  8.3200000e+002
  1.2556000e+002  9.2400000e+002
  1.2632000e+002  7.6000000e+002
  1.2720800e+002  8.8800000e+002
  1.2804000e+002  8.3200000e+002
  1.2873200e+002  6.9200000e+002
  1.2956400e+002  8.3200000e+002
  1.3030000e+002  7.3600000e+002
  1.3104800e+002  7.4800000e+002
  1.3180000e+002  7.5200000e+002
  1.3251200e+002  7.1200000e+002
  1.3321200e+002  7.0000000e+002
  1.3404800e+002  8.3600000e+002
  1.3480800e+002  7.6000000e+002
  1.3568400e+002  8.7600000e+002
  1.3650000e+002  8.1600000e+002
  1.3739600e+002  8.9600000e+002
  1.3830800e+002  9.1200000e+002
  1.3918000e+002  8.7200000e+002
  1.3992400e+002  7.4400000e+002
  1.4084000e+002  9.1600000e+002
  1.4168400e+002  8.4400000e+002
  1.4249200e+002  8.0800000e+002
  1.4336000e+002  8.6800000e+002
  1.4412800e+002  7.6800000e+002
  1.4484400e+002  7.1600000e+002
  1.4551600e+002  6.7200000e+002
  1.4641200e+002  8.9600000e+002
  1.4733600e+002  9.2400000e+002
  1.4823200e+002  8.9600000e+002
  1.4901200e+002  7.8000000e+002
  1.4991200e+002  9.0000000e+002
  1.5070800e+002  7.9600000e+002
  1.5143200e+002  7.2400000e+002
  1.5234000e+002  9.0800000e+002
  1.5309600e+002  7.5600000e+002
  1.5400400e+002  9.0800000e+002
  1.5471600e+002  7.1200000e+002
  1.5562000e+002  9.0400000e+002
  1.5651600e+002  8.9600000e+002
  1.5744000e+002  9.2400000e+002
  1.5836800e+002  9.2800000e+002
  1.5929200e+002  9.2400000e+002
  1.6010800e+002  8.1600000e+002
  1.6103200e+002  9.2400000e+002
  1.6187600e+002  8.4400000e+002
  1.6271200e+002  8.3600000e+002
  1.6342800e+002  7.1600000e+002
  1.6431600e+002  8.8800000e+002
  1.6524400e+002  9.2800000e+002
  1.6611600e+002  8.7200000e+002
  1.6700800e+002  8.9200000e+002
  1.6774800e+002  7.4000000e+002
  1.6864400e+002  8.9600000e+002
  1.6956000e+002  9.1600000e+002
  1.7028400e+002  7.2400000e+002
  1.7119200e+002  9.0800000e+002
  1.7199200e+002  8.0000000e+002
  1.7290400e+002  9.1200000e+002
  1.7378400e+002  8.8000000e+002
  1.7469600e+002  9.1200000e+002
  1.7561600e+002  9.2000000e+002
  1.7650000e+002  8.8400000e+002
  1.7742000e+002  9.2000000e+002
  1.7810800e+002  6.8800000e+002
  1.7901200e+002  9.0400000e+002
  1.7984400e+002  8.3200000e+002
  1.8061200e+002  7.6800000e+002
  1.8152000e+002  9.0800000e+002
  1.8228400e+002  7.6400000e+002
  1.8315600e+002  8.7200000e+002
  1.8390800e+002  7.5200000e+002
  1.8480400e+002  8.9600000e+002
  1.8571200e+002  9.0800000e+002
  1.8662400e+002  9.1200000e+002
  1.8753600e+002  9.1200000e+002
  1.8838400e+002  8.4800000e+002
  1.8923200e+002  8.4800000e+002
  1.8997600e+002  7.4400000e+002
  1.9066400e+002  6.8800000e+002
  1.9154000e+002  8.7600000e+002
  1.9245200e+002  9.1200000e+002
  1.9318400e+002  7.3200000e+002
  1.9391200e+002  7.2800000e+002
  1.9475600e+002  8.4400000e+002
  1.9565600e+002  9.0000000e+002
  1.9654000e+002  8.8400000e+002
  1.9732000e+002  7.8000000e+002
  1.9823200e+002  9.1200000e+002
  1.9915200e+002  9.2000000e+002
  2.0007600e+002  9.2400000e+002
  2.0100400e+002  9.2800000e+002
  2.0186000e+002  8.5600000e+002
  2.0279600e+002  9.3600000e+002
  2.0364000e+002  8.4400000e+002
  2.0455600e+002  9.1600000e+002
  2.0545200e+002  8.9600000e+002
  2.0620000e+002  7.4800000e+002
  2.0704400e+002  8.4400000e+002
  2.0792400e+002  8.8000000e+002
  2.0878000e+002  8.5600000e+002
  2.0949200e+002  7.1200000e+002
  2.1018400e+002  6.9200000e+002
  2.1106800e+002  8.8400000e+002
  2.1197200e+002  9.0400000e+002
  2.1285200e+002  8.8000000e+002
  2.1355600e+002  7.0400000e+002
  2.1431600e+002  7.6000000e+002
  2.1520000e+002  8.8400000e+002
  2.1602000e+002  8.2000000e+002
  2.1680000e+002  7.8000000e+002
  2.1758000e+002  7.8000000e+002
  2.1850400e+002  9.2400000e+002
  2.1937200e+002  8.6800000e+002
  2.2026400e+002  8.9200000e+002
  2.2116800e+002  9.0400000e+002
  2.2210000e+002  9.3200000e+002
  2.2279600e+002  6.9600000e+002
  2.2371200e+002  9.1600000e+002
  2.2464800e+002  9.3600000e+002
  2.2550800e+002  8.6000000e+002
  2.2640000e+002  8.9200000e+002
  2.2728000e+002  8.8000000e+002
  2.2819200e+002  9.1200000e+002
  2.2910000e+002  9.0800000e+002
  2.2985200e+002  7.5200000e+002
  2.3072800e+002  8.7600000e+002
  2.3144800e+002  7.2000000e+002
  2.3229200e+002  8.4400000e+002
  2.3303600e+002  7.4400000e+002
  2.3389600e+002  8.6000000e+002
  2.3462400e+002  7.2800000e+002
  2.3549200e+002  8.6800000e+002
  2.3625600e+002  7.6400000e+002
  2.3718000e+002  9.2400000e+002
  2.3812800e+002  9.4800000e+002
  2.3908800e+002  9.6000000e+002
  2.3997200e+002  8.8400000e+002
  2.4082000e+002  8.4800000e+002
  2.4160000e+002  7.8000000e+002
  2.4251200e+002  9.1200000e+002
  2.4334800e+002  8.3600000e+002
  2.4422400e+002  8.7600000e+002
  2.4496400e+002  7.4000000e+002
  2.4587600e+002  9.1200000e+002
  2.4678400e+002  9.0800000e+002
  2.4754800e+002  7.6400000e+002
  2.4830400e+002  7.5600000e+002
  2.4918000e+002  8.7600000e+002
  2.5009600e+002  9.1600000e+002
  2.5081200e+002  7.1600000e+002
  2.5162000e+002  8.0800000e+002
  2.5250400e+002  8.8400000e+002
  2.5338000e+002  8.7600000e+002
  2.5431600e+002  9.3600000e+002
  2.5522000e+002  9.0400000e+002
  2.5598000e+002  7.6000000e+002
  2.5674800e+002  7.6800000e+002
  2.5768000e+002  9.3200000e+002
  2.5844400e+002  7.6400000e+002
  2.5933200e+002  8.8800000e+002
  2.6015200e+002  8.1600000e+002
  2.6095200e+002  8.0000000e+002
  2.6180800e+002  8.5600000e+002
  2.6261200e+002  8.0400000e+002
  2.6332400e+002  7.1200000e+002
  2.6418800e+002  8.6400000e+002
  2.6508000e+002  8.9200000e+002
  2.6586800e+002  7.8800000e+002
  2.6677200e+002  9.0400000e+002
  2.6769200e+002  9.2000000e+002
  2.6862000e+002  9.2800000e+002
  2.6947600e+002  8.5600000e+002
  2.7040800e+002  9.3200000e+002
  2.7121200e+002  8.0400000e+002
  2.7208400e+002  8.7200000e+002
  2.7290800e+002  8.2400000e+002
  2.7366000e+002  7.5200000e+002
  2.7436800e+002  7.0800000e+002
  2.7521600e+002  8.4800000e+002
  2.7611600e+002  9.0000000e+002
  2.7690000e+002  7.8400000e+002
  2.7766000e+002  7.6000000e+002
  2.7858800e+002  9.2800000e+002
  2.7934000e+002  7.5200000e+002
  2.8008400e+002  7.4400000e+002
  2.8080800e+002  7.2400000e+002
  2.8163600e+002  8.2800000e+002
  2.8243600e+002  8.0000000e+002
  2.8332800e+002  8.9200000e+002
  2.8409600e+002  7.6800000e+002
  2.8498400e+002  8.8800000e+002
  2.8589200e+002  9.0800000e+002
  2.8664800e+002  7.5600000e+002
  2.8755200e+002  9.0400000e+002
  2.8847200e+002  9.2000000e+002
  2.8932000e+002  8.4800000e+002
  2.9006400e+002  7.4400000e+002
  2.9079600e+002  7.3200000e+002
  2.9169200e+002  8.9600000e+002
  2.9260000e+002  9.0800000e+002
  2.9342800e+002  8.2800000e+002
  2.9432000e+002  8.9200000e+002
  2.9510400e+002  7.8400000e+002
  2.9583200e+002  7.2800000e+002
  2.9669200e+002  8.6000000e+002
  2.9755200e+002  8.6000000e+002
  2.9839200e+002  8.4000000e+002
  2.9921200e+002  8.2000000e+002
  3.0009600e+002  8.8400000e+002
  3.0100000e+002  9.0400000e+002
  3.0179200e+002  7.9200000e+002
  3.0262000e+002  8.2800000e+002
  3.0346400e+002  8.4400000e+002
  3.0414000e+002  6.7600000e+002
  3.0489200e+002  7.5200000e+002
  3.0555600e+002  6.6400000e+002
  3.0644800e+002  8.9200000e+002
  3.0713600e+002  6.8800000e+002
  3.0786000e+002  7.2400000e+002
  3.0857200e+002  7.1200000e+002
  3.0938400e+002  8.1200000e+002
  3.1021200e+002  8.2800000e+002
  3.1099200e+002  7.8000000e+002
  3.1186800e+002  8.7600000e+002
  3.1276800e+002  9.0000000e+002
  3.1368400e+002  9.1600000e+002
  3.1458000e+002  8.9600000e+002
  3.1529600e+002  7.1600000e+002
  3.1606400e+002  7.6800000e+002
  3.1694800e+002  8.8400000e+002
  3.1772000e+002  7.7200000e+002
  3.1861200e+002  8.9200000e+002
  3.1935200e+002  7.4000000e+002
  3.2023200e+002  8.8000000e+002
  3.2104000e+002  8.0800000e+002
  3.2185600e+002  8.1600000e+002
  3.2267200e+002  8.1600000e+002
  3.2350000e+002  8.2800000e+002
  3.2442800e+002  9.2800000e+002
  3.2528800e+002  8.6000000e+002
  3.2620800e+002  9.2000000e+002
  3.2714400e+002  9.3600000e+002
  3.2803600e+002  8.9200000e+002
  3.2892400e+002  8.8800000e+002
  3.2981600e+002  8.9200000e+002
  3.3066400e+002  8.4800000e+002
  3.3156800e+002  9.0400000e+002
  3.3240800e+002  8.4000000e+002
  3.3330400e+002  8.9600000e+002
  3.3401600e+002  7.1200000e+002
  3.3481600e+002  8.0000000e+002
  3.3562400e+002  8.0800000e+002
  3.3633200e+002  7.0800000e+002
  3.3716400e+002  8.3200000e+002
  3.3792800e+002  7.6400000e+002
  3.3872800e+002  8.0000000e+002
  3.3948400e+002  7.5600000e+002
  3.4042000e+002  9.3600000e+002
  3.4135600e+002  9.3600000e+002
  3.4219600e+002  8.4000000e+002
  3.4300400e+002  8.0800000e+002
  3.4383600e+002  8.3200000e+002
  3.4490800e+002  1.0720000e+003
  3.4572400e+002  8.1600000e+002
  3.4658000e+002  8.5600000e+002
  3.4741600e+002  8.3600000e+002
  3.4819200e+002  7.7600000e+002
  3.4909200e+002  9.0000000e+002
  3.4990000e+002  8.0800000e+002
  3.5074400e+002  8.4400000e+002
  3.5162000e+002  8.7600000e+002
  3.5231600e+002  6.9600000e+002
  3.5303600e+002  7.2000000e+002
  3.5376400e+002  7.2800000e+002
  3.5461200e+002  8.4800000e+002
  3.5548400e+002  8.7200000e+002
  3.5620400e+002  7.2000000e+002
  3.5701200e+002  8.0800000e+002
  3.5785200e+002  8.4000000e+002
  3.5860400e+002  7.5200000e+002
  3.5942800e+002  8.2400000e+002
  3.6026000e+002  8.3200000e+002
  3.6109600e+002  8.3600000e+002
  3.6194800e+002  8.5200000e+002
  3.6277200e+002  8.2400000e+002
  3.6345600e+002  6.8400000e+002
  3.6429200e+002  8.3600000e+002
  3.6512000e+002  8.2800000e+002
  3.6597600e+002  8.5600000e+002
  3.6675600e+002  7.8000000e+002
  3.6750000e+002  7.4400000e+002
  3.6819200e+002  6.9200000e+002
  3.6894800e+002  7.5600000e+002
  3.6967600e+002  7.2800000e+002
  3.7054000e+002  8.6400000e+002
  3.7143200e+002  8.9200000e+002
  3.7216400e+002  7.3200000e+002
  3.7289200e+002  7.2800000e+002
  3.7358000e+002  6.8800000e+002
  3.7444800e+002  8.6800000e+002
  3.7535200e+002  9.0400000e+002
  3.7602800e+002  6.7600000e+002
  3.7678800e+002  7.6000000e+002
  3.7754000e+002  7.5200000e+002
  3.7839200e+002  8.5200000e+002
  3.7926800e+002  8.7600000e+002
  3.7996800e+002  7.0000000e+002
  3.8067200e+002  7.0400000e+002
  3.8148000e+002  8.0800000e+002
  3.8230800e+002  8.2800000e+002
  3.8300800e+002  7.0000000e+002
  3.8382800e+002  8.2000000e+002
  3.8452800e+002  7.0000000e+002
  3.8538400e+002  8.5600000e+002
  3.8618000e+002  7.9600000e+002
  3.8681600e+002  6.3600000e+002
  3.8766000e+002  8.4400000e+002
  3.8834800e+002  6.8800000e+002
  3.8917200e+002  8.2400000e+002
  3.8996400e+002  7.9200000e+002
  3.9078400e+002  8.2000000e+002
  3.9144800e+002  6.6400000e+002
  3.9214000e+002  6.9200000e+002
  3.9278800e+002  6.4800000e+002
  3.9344800e+002  6.6000000e+002
  3.9409200e+002  6.4400000e+002
  3.9475600e+002  6.6400000e+002
  3.9556400e+002  8.0800000e+002
  3.9634000e+002  7.7600000e+002
  3.9712400e+002  7.8400000e+002
  3.9792000e+002  7.9600000e+002
  3.9874800e+002  8.2800000e+002
  3.9943600e+002  6.8800000e+002
  4.0014800e+002  7.1200000e+002
  4.0085200e+002  7.0400000e+002
  4.0168800e+002  8.3600000e+002
  4.0238400e+002  6.9600000e+002
  4.0322800e+002  8.4400000e+002
  4.0405200e+002  8.2400000e+002
  4.0491200e+002  8.6000000e+002
  4.0564800e+002  7.3600000e+002
  4.0633600e+002  6.8800000e+002
  4.0717200e+002  8.3600000e+002
  4.0792000e+002  7.4800000e+002
  4.0857600e+002  6.5600000e+002
  4.0930800e+002  7.3200000e+002
  4.1009200e+002  7.8400000e+002
  4.1092400e+002  8.3200000e+002
  4.1170800e+002  7.8400000e+002
  4.1251200e+002  8.0400000e+002
  4.1330000e+002  7.8800000e+002
  4.1402800e+002  7.2800000e+002
  4.1482400e+002  7.9600000e+002
  4.1566400e+002  8.4000000e+002
  4.1653200e+002  8.6800000e+002
  4.1727600e+002  7.4400000e+002
  4.1800000e+002  7.2400000e+002
  4.1887200e+002  8.7200000e+002
  4.1975200e+002  8.8000000e+002
  4.2052800e+002  7.7600000e+002
  4.2124800e+002  7.2000000e+002
  4.2213200e+002  8.8400000e+002
  4.2302800e+002  8.9600000e+002
  4.2380800e+002  7.8000000e+002
  4.2471200e+002  9.0400000e+002
  4.2562800e+002  9.1600000e+002
  4.2653600e+002  9.0800000e+002
  4.2730400e+002  7.6800000e+002
  4.2805600e+002  7.5200000e+002
  4.2890400e+002  8.4800000e+002
  4.2982800e+002  9.2400000e+002
  4.3068400e+002  8.5600000e+002
  4.3159600e+002  9.1200000e+002
  4.3244400e+002  8.4800000e+002
  4.3331600e+002  8.7200000e+002
  4.3417200e+002  8.5600000e+002
  4.3491200e+002  7.4000000e+002
  4.3578800e+002  8.7600000e+002
  4.3667200e+002  8.8400000e+002
  4.3755600e+002  8.8400000e+002
  4.3843600e+002  8.8000000e+002
  4.3932400e+002  8.8800000e+002
  4.4012800e+002  8.0400000e+002
  4.4094000e+002  8.1200000e+002
  4.4174400e+002  8.0400000e+002
  4.4259600e+002  8.5200000e+002
  4.4341200e+002  8.1600000e+002
  4.4412000e+002  7.0800000e+002
  4.4486800e+002  7.4800000e+002
  4.4570000e+002  8.3200000e+002
  4.4658000e+002  8.8000000e+002
  4.4734000e+002  7.6000000e+002
  4.4809200e+002  7.5200000e+002
  4.4884400e+002  7.5200000e+002
  4.4972000e+002  8.7600000e+002
  4.5045600e+002  7.3600000e+002
  4.5132800e+002  8.7200000e+002
  4.5204400e+002  7.1600000e+002
  4.5282400e+002  7.8000000e+002
  4.5352800e+002  7.0400000e+002
  4.5430400e+002  7.7600000e+002
  4.5508400e+002  7.8000000e+002
  4.5593600e+002  8.5200000e+002
  4.5678000e+002  8.4400000e+002
  4.5758400e+002  8.0400000e+002
  4.5834400e+002  7.6000000e+002
  4.5902000e+002  6.7600000e+002
  4.5974000e+002  7.2000000e+002
  4.6052000e+002  7.8000000e+002
  4.6130400e+002  7.8400000e+002
  4.6207200e+002  7.6800000e+002
  4.6275600e+002  6.8400000e+002
  4.6360000e+002  8.4400000e+002
  4.6438400e+002  7.8400000e+002
  4.6517600e+002  7.9200000e+002
  4.6588400e+002  7.0800000e+002
  4.6657200e+002  6.8800000e+002
  4.6726400e+002  6.9200000e+002
  4.6800400e+002  7.4000000e+002
  4.6880800e+002  8.0400000e+002
  4.6954400e+002  7.3600000e+002
  4.7032000e+002  7.7600000e+002
  4.7107200e+002  7.5200000e+002
  4.7182800e+002  7.5600000e+002
  4.7270000e+002  8.7200000e+002
  4.7358400e+002  8.8400000e+002
  4.7446000e+002  8.7600000e+002
  4.7532800e+002  8.6800000e+002
  4.7610800e+002  7.8000000e+002
  4.7690000e+002  7.9200000e+002
  4.7774800e+002  8.4800000e+002
  4.7858800e+002  8.4000000e+002
  4.7926400e+002  6.7600000e+002
  4.8004800e+002  7.8400000e+002
  4.8076800e+002  7.2000000e+002
  4.8154000e+002  7.7200000e+002
  4.8234800e+002  8.0800000e+002
  4.8319200e+002  8.4400000e+002
  4.8394400e+002  7.5200000e+002
  4.8473200e+002  7.8800000e+002
  4.8546000e+002  7.2800000e+002
  4.8615200e+002  6.9200000e+002
  4.8701600e+002  8.6400000e+002
  4.8779200e+002  7.7600000e+002
  4.8868800e+002  8.9600000e+002
  4.8952000e+002  8.3200000e+002
  4.9026000e+002  7.4000000e+002
  4.9094800e+002  6.8800000e+002
  4.9162000e+002  6.7200000e+002
  4.9242800e+002  8.0800000e+002
  4.9331600e+002  8.8800000e+002
  4.9403200e+002  7.1600000e+002
  4.9480800e+002  7.7600000e+002
  4.9556400e+002  7.5600000e+002
  4.9626400e+002  7.0000000e+002
  4.9711200e+002  8.4800000e+002
  4.9778000e+002  6.6800000e+002
  4.9845200e+002  6.7200000e+002
  4.9928800e+002  8.3600000e+002
  4.9998800e+002  7.0000000e+002
  5.0071600e+002  7.2800000e+002
  5.0140000e+002  6.8400000e+002
  5.0213200e+002  7.3200000e+002
  5.0297200e+002  8.4000000e+002
  5.0382400e+002  8.5200000e+002
  5.0458800e+002  7.6400000e+002
  5.0533200e+002  7.4400000e+002
  5.0611600e+002  7.8400000e+002
  5.0697600e+002  8.6000000e+002
  5.0771200e+002  7.3600000e+002
  5.0848000e+002  7.6800000e+002
  5.0913600e+002  6.5600000e+002
  5.0988000e+002  7.4400000e+002
  5.1071600e+002  8.3600000e+002
  5.1156000e+002  8.4400000e+002
  5.1231600e+002  7.5600000e+002
  5.1316400e+002  8.4800000e+002
  5.1402800e+002  8.6400000e+002
  5.1482000e+002  7.9200000e+002
  5.1570000e+002  8.8000000e+002
  5.1646000e+002  7.6000000e+002
  5.1714400e+002  6.8400000e+002
  5.1783200e+002  6.8800000e+002
  5.1860800e+002  7.7600000e+002
  5.1928800e+002  6.8000000e+002
  5.1996800e+002  6.8000000e+002
  5.2063200e+002  6.6400000e+002
  5.2141200e+002  7.8000000e+002
  5.2218400e+002  7.7200000e+002
  5.2287600e+002  6.9200000e+002
  5.2360400e+002  7.2800000e+002
  5.2437600e+002  7.7200000e+002
  5.2524800e+002  8.7200000e+002
  5.2609600e+002  8.4800000e+002
  5.2692400e+002  8.2800000e+002
  5.2772400e+002  8.0000000e+002
  5.2859200e+002  8.6800000e+002
  5.2928800e+002  6.9600000e+002
  5.3014000e+002  8.5200000e+002
  5.3095200e+002  8.1200000e+002
  5.3168800e+002  7.3600000e+002
  5.3239200e+002  7.0400000e+002
  5.3313600e+002  7.4400000e+002
  5.3395600e+002  8.2000000e+002
  5.3465600e+002  7.0000000e+002
  5.3551600e+002  8.6000000e+002
  5.3639200e+002  8.7600000e+002
  5.3725600e+002  8.6400000e+002
  5.3810800e+002  8.5200000e+002
  5.3884000e+002  7.3200000e+002
  5.3957600e+002  7.3600000e+002
  5.4028400e+002  7.0800000e+002
  5.4102400e+002  7.4000000e+002
  5.4174400e+002  7.2000000e+002
  5.4249600e+002  7.5200000e+002
  5.4316800e+002  6.7200000e+002
  5.4382400e+002  6.5600000e+002
  5.4463600e+002  8.1200000e+002
  5.4548800e+002  8.5200000e+002
  5.4622000e+002  7.3200000e+002
  5.4702000e+002  8.0000000e+002
  5.4787600e+002  8.5600000e+002
  5.4871600e+002  8.4000000e+002
  5.4948800e+002  7.7200000e+002
  5.5028800e+002  8.0000000e+002
  5.5106800e+002  7.8000000e+002
  5.5191600e+002  8.4800000e+002
  5.5264800e+002  7.3200000e+002
  5.5344000e+002  7.9200000e+002
  5.5427200e+002  8.3200000e+002
  5.5507600e+002  8.0400000e+002
  5.5594800e+002  8.7200000e+002
  5.5677200e+002  8.2400000e+002
  5.5760800e+002  8.3600000e+002
  5.5850000e+002  8.9200000e+002
  5.5931600e+002  8.1600000e+002
  5.6015200e+002  8.3600000e+002
  5.6101600e+002  8.6400000e+002
  5.6168800e+002  6.7200000e+002
  5.6240800e+002  7.2000000e+002
  5.6313600e+002  7.2800000e+002
  5.6384400e+002  7.0800000e+002
  5.6462800e+002  7.8400000e+002
  5.6541200e+002  7.8400000e+002
  5.6617600e+002  7.6400000e+002
  5.6700000e+002  8.2400000e+002
  5.6782000e+002  8.2000000e+002
  5.6859200e+002  7.7200000e+002
  5.6935600e+002  7.6400000e+002
  5.7010400e+002  7.4800000e+002
  5.7088800e+002  7.8400000e+002
  5.7158400e+002  6.9600000e+002
  5.7234800e+002  7.6400000e+002
  5.7320800e+002  8.6000000e+002
  5.7409200e+002  8.8400000e+002
  5.7494800e+002  8.5600000e+002
  5.7579200e+002  8.4400000e+002
  5.7664000e+002  8.4800000e+002
  5.7740800e+002  7.6800000e+002
  5.7829600e+002  8.8800000e+002
  5.7914800e+002  8.5200000e+002
  5.8002000e+002  8.7200000e+002
  5.8072400e+002  7.0400000e+002
  5.8154400e+002  8.2000000e+002
  5.8225600e+002  7.1200000e+002
  5.8296000e+002  7.0400000e+002
  5.8383600e+002  8.7600000e+002
  5.8470800e+002  8.7200000e+002
  5.8538400e+002  6.7600000e+002
  5.8616800e+002  7.8400000e+002
  5.8700800e+002  8.4000000e+002
  5.8777200e+002  7.6400000e+002
  5.8846800e+002  6.9600000e+002
  5.8924800e+002  7.8000000e+002
  5.9010800e+002  8.6000000e+002
  5.9098000e+002  8.7200000e+002
  5.9168400e+002  7.0400000e+002
  5.9246000e+002  7.7600000e+002
  5.9319200e+002  7.3200000e+002
  5.9406800e+002  8.7600000e+002
  5.9479200e+002  7.2400000e+002
  5.9562000e+002  8.2800000e+002
  5.9640800e+002  7.8800000e+002
  5.9721600e+002  8.0800000e+002
  5.9788800e+002  6.7200000e+002
  5.9872800e+002  8.4000000e+002
  5.9954000e+002  8.1200000e+002
  6.0036400e+002  8.2400000e+002
  6.0124400e+002  8.8000000e+002
  6.0201200e+002  7.6800000e+002
  6.0283200e+002  8.2000000e+002
  6.0364000e+002  8.0800000e+002
  6.0436400e+002  7.2400000e+002
  6.0500000e+002  6.3600000e+002
  6.0574000e+002  7.4000000e+002
  6.0648000e+002  7.4000000e+002
  6.0724400e+002  7.6400000e+002
  6.0809200e+002  8.4800000e+002
  6.0894800e+002  8.5600000e+002
  6.0966800e+002  7.2000000e+002
  6.1050000e+002  8.3200000e+002
  6.1130400e+002  8.0400000e+002
  6.1208400e+002  7.8000000e+002
  6.1274000e+002  6.5600000e+002
  6.1347600e+002  7.3600000e+002
  6.1418400e+002  7.0800000e+002
  6.1487200e+002  6.8800000e+002
  6.1568000e+002  8.0800000e+002
  6.1642800e+002  7.4800000e+002
  6.1714000e+002  7.1200000e+002
  6.1784400e+002  7.0400000e+002
  6.1868400e+002  8.4000000e+002
  6.1935200e+002  6.6800000e+002
  6.2019600e+002  8.4400000e+002
  6.2105200e+002  8.5600000e+002
  6.2184800e+002  7.9600000e+002
  6.2269200e+002  8.4400000e+002
  6.2348800e+002  7.9600000e+002
  6.2434800e+002  8.6000000e+002
  6.2506800e+002  7.2000000e+002
  6.2588800e+002  8.2000000e+002
  6.2671600e+002  8.2800000e+002
  6.2752400e+002  8.0800000e+002
  6.2836800e+002  8.4400000e+002
  6.2916800e+002  8.0000000e+002
  6.2994800e+002  7.8000000e+002
  6.3078800e+002  8.4000000e+002
  6.3151600e+002  7.2800000e+002
  6.3237200e+002  8.5600000e+002
  6.3322000e+002  8.4800000e+002
  6.3396800e+002  7.4800000e+002
  6.3467600e+002  7.0800000e+002
  6.3543600e+002  7.6000000e+002
  6.3629200e+002  8.5600000e+002
  6.3707200e+002  7.8000000e+002
  6.3790400e+002  8.3200000e+002
  6.3876000e+002  8.5600000e+002
  6.3955200e+002  7.9200000e+002
  6.4036000e+002  8.0800000e+002
  6.4119600e+002  8.3600000e+002
  6.4192400e+002  7.2800000e+002
  6.4265600e+002  7.3200000e+002
  6.4333200e+002  6.7600000e+002
  6.4418400e+002  8.5200000e+002
  6.4487600e+002  6.9200000e+002
  6.4555200e+002  6.7600000e+002
  6.4637200e+002  8.2000000e+002
  6.4705600e+002  6.8400000e+002
  6.4777600e+002  7.2000000e+002
  6.4841600e+002  6.4000000e+002
  6.4915600e+002  7.4000000e+002
  6.4982800e+002  6.7200000e+002
  6.5046000e+002  6.3200000e+002
  6.5108800e+002  6.2800000e+002
  6.5177200e+002  6.8400000e+002
  6.5251600e+002  7.4400000e+002
  6.5327200e+002  7.5600000e+002
  6.5406400e+002  7.9200000e+002
  6.5468000e+002  6.1600000e+002
  6.5549200e+002  8.1200000e+002
  6.5614800e+002  6.5600000e+002
  6.5680400e+002  6.5600000e+002
  6.5748800e+002  6.8400000e+002
  6.5825600e+002  7.6800000e+002
  6.5896400e+002  7.0800000e+002
  6.5970800e+002  7.4400000e+002
  6.6039600e+002  6.8800000e+002
  6.6116400e+002  7.6800000e+002
  6.6180400e+002  6.4000000e+002
  6.6244000e+002  6.3600000e+002
  6.6322400e+002  7.8400000e+002
  6.6396000e+002  7.3600000e+002
  6.6468000e+002  7.2000000e+002
  6.6547600e+002  7.9600000e+002
  6.6622800e+002  7.5200000e+002
  6.6704400e+002  8.1600000e+002
  6.6786000e+002  8.1600000e+002
  6.6851600e+002  6.5600000e+002
  6.6932400e+002  8.0800000e+002
  6.7016800e+002  8.4400000e+002
  6.7086800e+002  7.0000000e+002
  6.7164000e+002  7.7200000e+002
  6.7237600e+002  7.3600000e+002
  6.7309200e+002  7.1600000e+002
  6.7389600e+002  8.0400000e+002
  6.7468000e+002  7.8400000e+002
  6.7535600e+002  6.7600000e+002
  6.7607600e+002  7.2000000e+002
  6.7685200e+002  7.7600000e+002
  6.7770800e+002  8.5600000e+002
  6.7847200e+002  7.6400000e+002
  6.7916400e+002  6.9200000e+002
  6.7980400e+002  6.4000000e+002
  6.8061200e+002  8.0800000e+002
  6.8140800e+002  7.9600000e+002
  6.8209200e+002  6.8400000e+002
  6.8274400e+002  6.5200000e+002
  6.8346800e+002  7.2400000e+002
  6.8423200e+002  7.6400000e+002
  6.8503200e+002  8.0000000e+002
  6.8580400e+002  7.7200000e+002
  6.8652800e+002  7.2400000e+002
  6.8717200e+002  6.4400000e+002
  6.8799200e+002  8.2000000e+002
  6.8879600e+002  8.0400000e+002
  6.8946800e+002  6.7200000e+002
  6.9020000e+002  7.3200000e+002
  6.9088000e+002  6.8000000e+002
  6.9170400e+002  8.2400000e+002
  6.9254400e+002  8.4000000e+002
  6.9335600e+002  8.1200000e+002
  6.9417600e+002  8.2000000e+002
  6.9485600e+002  6.8000000e+002
  6.9567600e+002  8.2000000e+002
  6.9642800e+002  7.5200000e+002
  6.9705200e+002  6.2400000e+002
  6.9784400e+002  7.9200000e+002
  6.9868000e+002  8.3600000e+002
  6.9934000e+002  6.6000000e+002
  7.0000000e+002  6.6000000e+002
  7.0082000e+002  8.2000000e+002
  7.0157600e+002  7.5600000e+002
  7.0237600e+002  8.0000000e+002
  7.0322800e+002  8.5200000e+002
  7.0395600e+002  7.2800000e+002
  7.0479200e+002  8.3600000e+002
  7.0557600e+002  7.8400000e+002
  7.0626000e+002  6.8400000e+002
  7.0702400e+002  7.6400000e+002
  7.0771200e+002  6.8800000e+002
  7.0846400e+002  7.5200000e+002
  7.0927600e+002  8.1200000e+002
  7.0996800e+002  6.9200000e+002
  7.1059200e+002  6.2400000e+002
  7.1138800e+002  7.9600000e+002
  7.1221200e+002  8.2400000e+002
  7.1299200e+002  7.8000000e+002
  7.1372800e+002  7.3600000e+002
  7.1444400e+002  7.1600000e+002
  7.1523600e+002  7.9200000e+002
  7.1588800e+002  6.5200000e+002
  7.1650800e+002  6.2000000e+002
  7.1730000e+002  7.9200000e+002
  7.1811200e+002  8.1200000e+002
  7.1872800e+002  6.1600000e+002
  7.1944000e+002  7.1200000e+002
  7.2017200e+002  7.3200000e+002
  7.2098800e+002  8.1600000e+002
  7.2170400e+002  7.1600000e+002
  7.2244000e+002  7.3600000e+002
  7.2322000e+002  7.8000000e+002
  7.2403600e+002  8.1600000e+002
  7.2474400e+002  7.0800000e+002
  7.2554400e+002  8.0000000e+002
  7.2624000e+002  6.9600000e+002
  7.2695200e+002  7.1200000e+002
  7.2775600e+002  8.0400000e+002
  7.2846400e+002  7.0800000e+002
  7.2909200e+002  6.2800000e+002
  7.2976400e+002  6.7200000e+002
  7.3054000e+002  7.7600000e+002
  7.3125600e+002  7.1600000e+002
  7.3202000e+002  7.6400000e+002
  7.3274400e+002  7.2400000e+002
  7.3335600e+002  6.1200000e+002
  7.3415600e+002  8.0000000e+002
  7.3484800e+002  6.9200000e+002
  7.3560400e+002  7.5600000e+002
  7.3634400e+002  7.4000000e+002
  7.3699600e+002  6.5200000e+002
  7.3779600e+002  8.0000000e+002
  7.3859200e+002  7.9600000e+002
  7.3930400e+002  7.1200000e+002
  7.4000800e+002  7.0400000e+002
  7.4071200e+002  7.0400000e+002
  7.4142000e+002  7.0800000e+002
  7.4216000e+002  7.4000000e+002
  7.4292400e+002  7.6400000e+002
  7.4354800e+002  6.2400000e+002
  7.4420000e+002  6.5200000e+002
  7.4499600e+002  7.9600000e+002
  7.4576400e+002  7.6800000e+002
  7.4653600e+002  7.7200000e+002
  7.4726400e+002  7.2800000e+002
  7.4796000e+002  6.9600000e+002
  7.4869200e+002  7.3200000e+002
  7.4944800e+002  7.5600000e+002
  7.5028000e+002  8.3200000e+002
  7.5110400e+002  8.2400000e+002
  7.5180800e+002  7.0400000e+002
  7.5255600e+002  7.4800000e+002
  7.5323600e+002  6.8000000e+002
  7.5404000e+002  8.0400000e+002
  7.5482000e+002  7.8000000e+002
  7.5562800e+002  8.0800000e+002
  7.5641200e+002  7.8400000e+002
  7.5705200e+002  6.4000000e+002
  7.5785600e+002  8.0400000e+002
  7.5864400e+002  7.8800000e+002
  7.5941600e+002  7.7200000e+002
  7.6022000e+002  8.0400000e+002
  7.6104800e+002  8.2800000e+002
  7.6174400e+002  6.9600000e+002
  7.6245600e+002  7.1200000e+002
  7.6325200e+002  7.9600000e+002
  7.6403600e+002  7.8400000e+002
  7.6485200e+002  8.1600000e+002
  7.6567600e+002  8.2400000e+002
  7.6635200e+002  6.7600000e+002
  7.6714800e+002  7.9600000e+002
  7.6775600e+002  6.0800000e+002
  7.6839200e+002  6.3600000e+002
  7.6921200e+002  8.2000000e+002
  7.6997200e+002  7.6000000e+002
  7.7075600e+002  7.8400000e+002
  7.7145200e+002  6.9600000e+002
  7.7214000e+002  6.8800000e+002
  7.7279200e+002  6.5200000e+002
  7.7344800e+002  6.5600000e+002
  7.7412800e+002  6.8000000e+002
  7.7477200e+002  6.4400000e+002
  7.7558400e+002  8.1200000e+002
  7.7638400e+002  8.0000000e+002
  7.7702400e+002  6.4000000e+002
  7.7784400e+002  8.2000000e+002
  7.7868800e+002  8.4400000e+002
  7.7946400e+002  7.7600000e+002
  7.8016000e+002  6.9600000e+002
  7.8095200e+002  7.9200000e+002
  7.8164400e+002  6.9200000e+002
  7.8236800e+002  7.2400000e+002
  7.8312400e+002  7.5600000e+002
  7.8394800e+002  8.2400000e+002
  7.8460400e+002  6.5600000e+002
  7.8523600e+002  6.3200000e+002
  7.8598000e+002  7.4400000e+002
  7.8674800e+002  7.6800000e+002
  7.8754800e+002  8.0000000e+002
  7.8835200e+002  8.0400000e+002
  7.8915200e+002  8.0000000e+002
  7.8999600e+002  8.4400000e+002
  7.9083600e+002  8.4000000e+002
  7.9146800e+002  6.3200000e+002
  7.9211200e+002  6.4400000e+002
  7.9276400e+002  6.5200000e+002
  7.9340000e+002  6.3600000e+002
  7.9412400e+002  7.2400000e+002
  7.9487600e+002  7.5200000e+002
  7.9555600e+002  6.8000000e+002
  7.9622800e+002  6.7200000e+002
  7.9703200e+002  8.0400000e+002
  7.9782800e+002  7.9600000e+002
  7.9851600e+002  6.8800000e+002
  7.9919600e+002  6.8000000e+002
  8.0000800e+002  8.1200000e+002
  8.0084000e+002  8.3200000e+002
  8.0154400e+002  7.0400000e+002
  8.0232800e+002  7.8400000e+002
  8.0314800e+002  8.2000000e+002
  8.0385200e+002  7.0400000e+002
  8.0455200e+002  7.0000000e+002
  8.0520400e+002  6.5200000e+002
  8.0590400e+002  7.0000000e+002
  8.0674000e+002  8.3600000e+002
  8.0754800e+002  8.0800000e+002
  8.0827600e+002  7.2800000e+002
  8.0905200e+002  7.7600000e+002
  8.0982400e+002  7.7200000e+002
  8.1056000e+002  7.3600000e+002
  8.1128000e+002  7.2000000e+002
  8.1213600e+002  8.5600000e+002
  8.1297600e+002  8.4000000e+002
  8.1378400e+002  8.0800000e+002
  8.1453600e+002  7.5200000e+002
  8.1530800e+002  7.7200000e+002
  8.1603200e+002  7.2400000e+002
  8.1669200e+002  6.6000000e+002
  8.1738800e+002  6.9600000e+002
  8.1804400e+002  6.5600000e+002
  8.1878000e+002  7.3600000e+002
  8.1957200e+002  7.9200000e+002
  8.2028400e+002  7.1200000e+002
  8.2095600e+002  6.7200000e+002
  8.2176800e+002  8.1200000e+002
  8.2256800e+002  8.0000000e+002
  8.2342000e+002  8.5200000e+002
  8.2418800e+002  7.6800000e+002
  8.2491200e+002  7.2400000e+002
  8.2557600e+002  6.6400000e+002
  8.2640000e+002  8.2400000e+002
  8.2720800e+002  8.0800000e+002
  8.2786400e+002  6.5600000e+002
  8.2855200e+002  6.8800000e+002
  8.2921600e+002  6.6400000e+002
  8.3005200e+002  8.3600000e+002
  8.3082400e+002  7.7200000e+002
  8.3159200e+002  7.6800000e+002
  8.3240800e+002  8.1600000e+002
  8.3314800e+002  7.4000000e+002
  8.3381600e+002  6.6800000e+002
  8.3449200e+002  6.7600000e+002
  8.3532000e+002  8.2800000e+002
  8.3603200e+002  7.1200000e+002
  8.3686800e+002  8.3600000e+002
  8.3757200e+002  7.0400000e+002
  8.3823200e+002  6.6000000e+002
  8.3898800e+002  7.5600000e+002
  8.3976800e+002  7.8000000e+002
  8.4049600e+002  7.2800000e+002
  8.4121200e+002  7.1600000e+002
  8.4193600e+002  7.2400000e+002
  8.4274000e+002  8.0400000e+002
  8.4350000e+002  7.6000000e+002
  8.4430400e+002  8.0400000e+002
  8.4494000e+002  6.3600000e+002
  8.4568400e+002  7.4400000e+002
  8.4649600e+002  8.1200000e+002
  8.4716400e+002  6.6800000e+002
  8.4779600e+002  6.3200000e+002
  8.4863600e+002  8.4000000e+002
  8.4938800e+002  7.5200000e+002
  8.5016800e+002  7.8000000e+002
  8.5104000e+002  8.7200000e+002
  8.5184000e+002  8.0000000e+002
  8.5256000e+002  7.2000000e+002
  8.5340400e+002  8.4400000e+002
  8.5419600e+002  7.9200000e+002
  8.5492000e+002  7.2400000e+002
  8.5565600e+002  7.3600000e+002
  8.5648800e+002  8.3200000e+002
  8.5725200e+002  7.6400000e+002
  8.5807200e+002  8.2000000e+002
  8.5876000e+002  6.8800000e+002
  8.5954000e+002  7.8000000e+002
  8.6032000e+002  7.8000000e+002
  8.6101600e+002  6.9600000e+002
  8.6178400e+002  7.6800000e+002
  8.6252000e+002  7.3600000e+002
  8.6336800e+002  8.4800000e+002
  8.6417600e+002  8.0800000e+002
  8.6492000e+002  7.4400000e+002
  8.6564400e+002  7.2400000e+002
  8.6640400e+002  7.6000000e+002
  8.6712000e+002  7.1600000e+002
  8.6789600e+002  7.7600000e+002
  8.6849200e+002  5.9600000e+002
  8.6938400e+002  8.9200000e+002
  8.7010800e+002  7.2400000e+002
  8.7089200e+002  7.8400000e+002
  8.7174400e+002  8.5200000e+002
  8.7256400e+002  8.2000000e+002
  8.7334400e+002  7.8000000e+002
  8.7403600e+002  6.9200000e+002
  8.7486400e+002  8.2800000e+002
  8.7557200e+002  7.0800000e+002
  8.7636800e+002  7.9600000e+002
  8.7720800e+002  8.4000000e+002
  8.7786400e+002  6.5600000e+002
  8.7856400e+002  7.0000000e+002
  8.7926000e+002  6.9600000e+002
  8.7992000e+002  6.6000000e+002
  8.8075600e+002  8.3600000e+002
  8.8152800e+002  7.7200000e+002
  8.8230400e+002  7.7600000e+002
  8.8303200e+002  7.2800000e+002
  8.8371200e+002  6.8000000e+002
  8.8453600e+002  8.2400000e+002
  8.8538000e+002  8.4400000e+002
  8.8611200e+002  7.3200000e+002
  8.8679600e+002  6.8400000e+002
  8.8744400e+002  6.4800000e+002
  8.8835200e+002  9.0800000e+002
  8.8918800e+002  8.3600000e+002
  8.9000000e+002  8.1200000e+002
  8.9082000e+002  8.2000000e+002
  8.9165600e+002  8.3600000e+002
  8.9243200e+002  7.7600000e+002
  8.9326800e+002  8.3600000e+002
  8.9405200e+002  7.8400000e+002
  8.9485200e+002  8.0000000e+002
  8.9564800e+002  7.9600000e+002
  8.9636000e+002  7.1200000e+002
  8.9705200e+002  6.9200000e+002
  8.9785200e+002  8.0000000e+002
  8.9870000e+002  8.4800000e+002
  8.9954000e+002  8.4000000e+002
  9.0023600e+002  6.9600000e+002
  9.0090400e+002  6.6800000e+002
  9.0164400e+002  7.4000000e+002
  9.0244000e+002  7.9600000e+002
  9.0317200e+002  7.3200000e+002
  9.0386800e+002  6.9600000e+002
  9.0469600e+002  8.2800000e+002
  9.0548800e+002  7.9200000e+002
  9.0617200e+002  6.8400000e+002
  9.0700000e+002  8.2800000e+002
  9.0776000e+002  7.6000000e+002
  9.0851600e+002  7.5600000e+002
  9.0927600e+002  7.6000000e+002
  9.1011600e+002  8.4000000e+002
  9.1097200e+002  8.5600000e+002
  9.1168400e+002  7.1200000e+002
  9.1245200e+002  7.6800000e+002
  9.1321600e+002  7.6400000e+002
  9.1404400e+002  8.2800000e+002
  9.1471600e+002  6.7200000e+002
  9.1556000e+002  8.4400000e+002
  9.1638800e+002  8.2800000e+002
  9.1706000e+002  6.7200000e+002
  9.1784400e+002  7.8400000e+002
  9.1860800e+002  7.6400000e+002
  9.1943600e+002  8.2800000e+002
  9.2018800e+002  7.5200000e+002
  9.2083200e+002  6.4400000e+002
  9.2164400e+002  8.1200000e+002
  9.2250800e+002  8.6400000e+002
  9.2325600e+002  7.4800000e+002
  9.2406000e+002  8.0400000e+002
  9.2482800e+002  7.6800000e+002
  9.2567200e+002  8.4400000e+002
  9.2644800e+002  7.7600000e+002
  9.2728000e+002  8.3200000e+002
  9.2803600e+002  7.5600000e+002
  9.2884000e+002  8.0400000e+002
  9.2960800e+002  7.6800000e+002
  9.3027600e+002  6.6800000e+002
  9.3109600e+002  8.2000000e+002
  9.3174800e+002  6.5200000e+002
  9.3251200e+002  7.6400000e+002
  9.3334400e+002  8.3200000e+002
  9.3419600e+002  8.5200000e+002
  9.3486000e+002  6.6400000e+002
  9.3570800e+002  8.4800000e+002
  9.3637200e+002  6.6400000e+002
  9.3718400e+002  8.1200000e+002
  9.3796800e+002  7.8400000e+002
  9.3878800e+002  8.2000000e+002
  9.3944400e+002  6.5600000e+002
  9.4028800e+002  8.4400000e+002
  9.4095600e+002  6.6800000e+002
  9.4176000e+002  8.0400000e+002
  9.4241200e+002  6.5200000e+002
  9.4318000e+002  7.6800000e+002
  9.4403200e+002  8.5200000e+002
  9.4483200e+002  8.0000000e+002
  9.4563200e+002  8.0000000e+002
  9.4630000e+002  6.6800000e+002
  9.4712000e+002  8.2000000e+002
  9.4768000e+002  5.6000000e+002
  9.4864400e+002  9.6400000e+002
  9.4939200e+002  7.4800000e+002
  9.5016800e+002  7.7600000e+002
  9.5082800e+002  6.6000000e+002
  9.5158800e+002  7.6000000e+002
  9.5242800e+002  8.4000000e+002
  9.5324000e+002  8.1200000e+002
  9.5396000e+002  7.2000000e+002
  9.5481200e+002  8.5200000e+002
  9.5560800e+002  7.9600000e+002
  9.5629200e+002  6.8400000e+002
  9.5699200e+002  7.0000000e+002
  9.5782000e+002  8.2800000e+002
  9.5848800e+002  6.6800000e+002
  9.5921600e+002  7.2800000e+002
  9.6000400e+002  7.8800000e+002
  9.6068800e+002  6.8400000e+002
  9.6140800e+002  7.2000000e+002
  9.6224400e+002  8.3600000e+002
  9.6309200e+002  8.4800000e+002
  9.6394800e+002  8.5600000e+002
  9.6464800e+002  7.0000000e+002
  9.6549200e+002  8.4400000e+002
  9.6636000e+002  8.6800000e+002
  9.6717200e+002  8.1200000e+002
  9.6800400e+002  8.3200000e+002
  9.6881600e+002  8.1200000e+002
  9.6960400e+002  7.8800000e+002
  9.7033600e+002  7.3200000e+002
  9.7114000e+002  8.0400000e+002
  9.7176400e+002  6.2400000e+002
  9.7246800e+002  7.0400000e+002
  9.7320000e+002  7.3200000e+002
  9.7400400e+002  8.0400000e+002
  9.7478800e+002  7.8400000e+002
  9.7558800e+002  8.0000000e+002
  9.7638800e+002  8.0000000e+002
  9.7709600e+002  7.0800000e+002
  9.7783200e+002  7.3600000e+002
  9.7853200e+002  7.0000000e+002
  9.7929200e+002  7.6000000e+002
  9.8012000e+002  8.2800000e+002
  9.8091200e+002  7.9200000e+002
  9.8166400e+002  7.5200000e+002
  9.8248000e+002  8.1600000e+002
  9.8334000e+002  8.6000000e+002
  9.8421200e+002  8.7200000e+002
  9.8506800e+002  8.5600000e+002
  9.8576000e+002  6.9200000e+002
  9.8658400e+002  8.2400000e+002
  9.8742400e+002  8.4000000e+002
  9.8811600e+002  6.9200000e+002
  9.8878000e+002  6.6400000e+002
  9.8958000e+002  8.0000000e+002
  9.9042800e+002  8.4800000e+002
  9.9123200e+002  8.0400000e+002
  9.9200000e+002  7.6800000e+002
  9.9283200e+002  8.3200000e+002
  9.9352800e+002  6.9600000e+002
  9.9438400e+002  8.5600000e+002
  9.9506800e+002  6.8400000e+002
  9.9571200e+002  6.4400000e+002
  9.9652000e+002  8.0800000e+002
  9.9728400e+002  7.6400000e+002
  9.9799600e+002  7.1200000e+002
  9.9866800e+002  6.7200000e+002
  9.9946400e+002  7.9600000e+002
  1.0001640e+003  7.0000000e+002
  1.0008720e+003  7.0800000e+002
  1.0016320e+003  7.6000000e+002
  1.0025000e+003  8.6800000e+002
  1.0033000e+003  8.0000000e+002
  1.0040680e+003  7.6800000e+002
  1.0049080e+003  8.4000000e+002
  1.0056000e+003  6.9200000e+002
  1.0064200e+003  8.2000000e+002
  1.0071880e+003  7.6800000e+002
  1.0078880e+003  7.0000000e+002
  1.0086040e+003  7.1600000e+002
  1.0093680e+003  7.6400000e+002
  1.0100160e+003  6.4800000e+002
  1.0106560e+003  6.4000000e+002
  1.0113280e+003  6.7200000e+002
  1.0121320e+003  8.0400000e+002
  1.0128240e+003  6.9200000e+002
  1.0136280e+003  8.0400000e+002
  1.0143640e+003  7.3600000e+002
  1.0150600e+003  6.9600000e+002
  1.0157360e+003  6.7600000e+002
  1.0164440e+003  7.0800000e+002
  1.0172040e+003  7.6000000e+002
  1.0180360e+003  8.3200000e+002
  1.0189040e+003  8.6800000e+002
  1.0197920e+003  8.8800000e+002
  1.0205640e+003  7.7200000e+002
  1.0213680e+003  8.0400000e+002
  1.0222360e+003  8.6800000e+002
  1.0230680e+003  8.3200000e+002
  1.0237520e+003  6.8400000e+002
  1.0246040e+003  8.5200000e+002
  1.0254600e+003  8.5600000e+002
  1.0261720e+003  7.1200000e+002
  1.0269480e+003  7.7600000e+002
  1.0276280e+003  6.8000000e+002
  1.0284760e+003  8.4800000e+002
  1.0291600e+003  6.8400000e+002
  1.0298600e+003  7.0000000e+002
  1.0306600e+003  8.0000000e+002
  1.0314680e+003  8.0800000e+002
  1.0321880e+003  7.2000000e+002
  1.0330280e+003  8.4000000e+002
  1.0337800e+003  7.5200000e+002
  1.0345440e+003  7.6400000e+002
  1.0352560e+003  7.1200000e+002
  1.0359400e+003  6.8400000e+002
  1.0367880e+003  8.4800000e+002
  1.0376360e+003  8.4800000e+002
  1.0382960e+003  6.6000000e+002
  1.0391280e+003  8.3200000e+002
  1.0398920e+003  7.6400000e+002
  1.0405440e+003  6.5200000e+002
  1.0411680e+003  6.2400000e+002
  1.0419680e+003  8.0000000e+002
  1.0426440e+003  6.7600000e+002
  1.0433960e+003  7.5200000e+002
  1.0441880e+003  7.9200000e+002
  1.0448160e+003  6.2800000e+002
  1.0454640e+003  6.4800000e+002
  1.0462800e+003  8.1600000e+002
  1.0470880e+003  8.0800000e+002
  1.0478400e+003  7.5200000e+002
  1.0485080e+003  6.6800000e+002
  1.0492960e+003  7.8800000e+002
  1.0500520e+003  7.5600000e+002
  1.0508960e+003  8.4400000e+002
  1.0515800e+003  6.8400000e+002
  1.0523560e+003  7.7600000e+002
  1.0530240e+003  6.6800000e+002
  1.0536440e+003  6.2000000e+002
  1.0544560e+003  8.1200000e+002
  1.0552640e+003  8.0800000e+002
  1.0559080e+003  6.4400000e+002
  1.0566120e+003  7.0400000e+002
  1.0573200e+003  7.0800000e+002
  1.0581880e+003  8.6800000e+002
  1.0590320e+003  8.4400000e+002
  1.0599080e+003  8.7600000e+002
  1.0607560e+003  8.4800000e+002
  1.0616080e+003  8.5200000e+002
  1.0623400e+003  7.3200000e+002
  1.0629960e+003  6.5600000e+002
  1.0636360e+003  6.4000000e+002
  1.0644840e+003  8.4800000e+002
  1.0652800e+003  7.9600000e+002
  1.0659680e+003  6.8800000e+002
  1.0667640e+003  7.9600000e+002
  1.0674800e+003  7.1600000e+002
  1.0682280e+003  7.4800000e+002
  1.0690080e+003  7.8000000e+002
  1.0696840e+003  6.7600000e+002
  1.0705160e+003  8.3200000e+002
  1.0713280e+003  8.1200000e+002
  1.0721040e+003  7.7600000e+002
  1.0728760e+003  7.7200000e+002
  1.0736680e+003  7.9200000e+002
  1.0745040e+003  8.3600000e+002
  1.0753080e+003  8.0400000e+002
  1.0760280e+003  7.2000000e+002
  1.0766920e+003  6.6400000e+002
  1.0774080e+003  7.1600000e+002
  1.0781840e+003  7.7600000e+002
  1.0788920e+003  7.0800000e+002
  1.0795680e+003  6.7600000e+002
  1.0801800e+003  6.1200000e+002
  1.0807920e+003  6.1200000e+002
  1.0814520e+003  6.6000000e+002
  1.0820880e+003  6.3600000e+002
  1.0827880e+003  7.0000000e+002
  1.0833800e+003  5.9200000e+002
  1.0839920e+003  6.1200000e+002
  1.0847960e+003  8.0400000e+002
  1.0854960e+003  7.0000000e+002
  1.0861840e+003  6.8800000e+002
  1.0868040e+003  6.2000000e+002
  1.0875000e+003  6.9600000e+002
  1.0882320e+003  7.3200000e+002
  1.0890480e+003  8.1600000e+002
  1.0898160e+003  7.6800000e+002
  1.0905240e+003  7.0800000e+002
  1.0913320e+003  8.0800000e+002
  1.0920240e+003  6.9200000e+002
  1.0928280e+003  8.0400000e+002
  1.0936640e+003  8.3600000e+002
  1.0943280e+003  6.6400000e+002
  1.0951040e+003  7.7600000e+002
  1.0958160e+003  7.1200000e+002
  1.0965400e+003  7.2400000e+002
  1.0972160e+003  6.7600000e+002
  1.0979520e+003  7.3600000e+002
  1.0987360e+003  7.8400000e+002
  1.0994320e+003  6.9600000e+002
  1.1000760e+003  6.4400000e+002
  1.1008120e+003  7.3600000e+002
  1.1016000e+003  7.8800000e+002
  1.1023640e+003  7.6400000e+002
  1.1030920e+003  7.2800000e+002
  1.1038000e+003  7.0800000e+002
  1.1045960e+003  7.9600000e+002
  1.1054120e+003  8.1600000e+002
  1.1060760e+003  6.6400000e+002
  1.1068320e+003  7.5600000e+002
  1.1075640e+003  7.3200000e+002
  1.1082240e+003  6.6000000e+002
  1.1088680e+003  6.4400000e+002
  1.1095000e+003  6.3200000e+002
  1.1102040e+003  7.0400000e+002
  1.1109560e+003  7.5200000e+002
  1.1117400e+003  7.8400000e+002
  1.1125120e+003  7.7200000e+002
  1.1131440e+003  6.3200000e+002
  1.1138000e+003  6.5600000e+002
  1.1144840e+003  6.8400000e+002
  1.1151080e+003  6.2400000e+002
  1.1158880e+003  7.8000000e+002
  1.1167000e+003  8.1200000e+002
  1.1174120e+003  7.1200000e+002
  1.1181160e+003  7.0400000e+002
  1.1188920e+003  7.7600000e+002
  1.1197040e+003  8.1200000e+002
  1.1203680e+003  6.6400000e+002
  1.1210600e+003  6.9200000e+002
  1.1218760e+003  8.1600000e+002
  1.1225920e+003  7.1600000e+002
  1.1233200e+003  7.2800000e+002
  1.1239640e+003  6.4400000e+002
  1.1247480e+003  7.8400000e+002
  1.1254400e+003  6.9200000e+002
  1.1261520e+003  7.1200000e+002
  1.1268080e+003  6.5600000e+002
  1.1275880e+003  7.8000000e+002
  1.1282560e+003  6.6800000e+002
  1.1290320e+003  7.7600000e+002
  1.1297760e+003  7.4400000e+002
  1.1304960e+003  7.2000000e+002
  1.1312240e+003  7.2800000e+002
  1.1319520e+003  7.2800000e+002
  1.1326240e+003  6.7200000e+002
  1.1332680e+003  6.4400000e+002
  1.1339920e+003  7.2400000e+002
  1.1345800e+003  5.8800000e+002
  1.1352520e+003  6.7200000e+002
  1.1359440e+003  6.9200000e+002
  1.1366440e+003  7.0000000e+002
  1.1374120e+003  7.6800000e+002
  1.1381960e+003  7.8400000e+002
  1.1387280e+003  5.3200000e+002
  1.1395000e+003  7.7200000e+002
  1.1401880e+003  6.8800000e+002
  1.1408280e+003  6.4000000e+002
  1.1416680e+003  8.4000000e+002
  1.1424880e+003  8.2000000e+002
  1.1431080e+003  6.2000000e+002
  1.1438880e+003  7.8000000e+002
  1.1445840e+003  6.9600000e+002
  1.1452280e+003  6.4400000e+002
  1.1460280e+003  8.0000000e+002
  1.1468640e+003  8.3600000e+002
  1.1476520e+003  7.8800000e+002
  1.1484680e+003  8.1600000e+002
  1.1491960e+003  7.2800000e+002
  1.1498440e+003  6.4800000e+002
  1.1506240e+003  7.8000000e+002
  1.1514200e+003  7.9600000e+002
  1.1521760e+003  7.5600000e+002
  1.1528920e+003  7.1600000e+002
  1.1536240e+003  7.3200000e+002
  1.1543000e+003  6.7600000e+002
  1.1550680e+003  7.6800000e+002
  1.1558480e+003  7.8000000e+002
  1.1565560e+003  7.0800000e+002
  1.1573520e+003  7.9600000e+002
  1.1581520e+003  8.0000000e+002
  1.1589160e+003  7.6400000e+002
  1.1596120e+003  6.9600000e+002
  1.1602920e+003  6.8000000e+002
  1.1610760e+003  7.8400000e+002
  1.1617280e+003  6.5200000e+002
  1.1624160e+003  6.8800000e+002
  1.1631280e+003  7.1200000e+002
  1.1638360e+003  7.0800000e+002
  1.1644960e+003  6.6000000e+002
  1.1652400e+003  7.4400000e+002
  1.1660240e+003  7.8400000e+002
  1.1668240e+003  8.0000000e+002
  1.1675960e+003  7.7200000e+002
  1.1683760e+003  7.8000000e+002
  1.1691040e+003  7.2800000e+002
  1.1698720e+003  7.6800000e+002
  1.1706920e+003  8.2000000e+002
  1.1714000e+003  7.0800000e+002
  1.1720600e+003  6.6000000e+002
  1.1726720e+003  6.1200000e+002
  1.1733960e+003  7.2400000e+002
  1.1741960e+003  8.0000000e+002
  1.1749360e+003  7.4000000e+002
  1.1756480e+003  7.1200000e+002
  1.1760640e+003  4.1600000e+002
  1.1769280e+003  8.6400000e+002
  1.1777360e+003  8.0800000e+002
  1.1785440e+003  8.0800000e+002
  1.1793240e+003  7.8000000e+002
  1.1800600e+003  7.3600000e+002
  1.1807560e+003  6.9600000e+002
  1.1815920e+003  8.3600000e+002
  1.1823200e+003  7.2800000e+002
  1.1831200e+003  8.0000000e+002
  1.1838920e+003  7.7200000e+002
  1.1845240e+003  6.3200000e+002
  1.1853360e+003  8.1200000e+002
  1.1860160e+003  6.8000000e+002
  1.1867320e+003  7.1600000e+002
  1.1875240e+003  7.9200000e+002
  1.1883520e+003  8.2800000e+002
  1.1890160e+003  6.6400000e+002
  1.1898080e+003  7.9200000e+002
  1.1905440e+003  7.3600000e+002
  1.1913520e+003  8.0800000e+002
  1.1920200e+003  6.6800000e+002
  1.1927320e+003  7.1200000e+002
  1.1934720e+003  7.4000000e+002
  1.1941600e+003  6.8800000e+002
  1.1948440e+003  6.8400000e+002
  1.1956480e+003  8.0400000e+002
  1.1963320e+003  6.8400000e+002
  1.1970320e+003  7.0000000e+002
  1.1976640e+003  6.3200000e+002
  1.1983560e+003  6.9200000e+002
  1.1989560e+003  6.0000000e+002
  1.1997320e+003  7.7600000e+002
  1.2004080e+003  6.7600000e+002
  1.2010320e+003  6.2400000e+002
  1.2018280e+003  7.9600000e+002
  1.2025960e+003  7.6800000e+002
  1.2032440e+003  6.4800000e+002
  1.2038960e+003  6.5200000e+002
  1.2046120e+003  7.1600000e+002
  1.2054360e+003  8.2400000e+002
  1.2061600e+003  7.2400000e+002
  1.2068680e+003  7.0800000e+002
  1.2075480e+003  6.8000000e+002
  1.2082960e+003  7.4800000e+002
  1.2090120e+003  7.1600000e+002
  1.2098240e+003  8.1200000e+002
  1.2106280e+003  8.0400000e+002
  1.2113160e+003  6.8800000e+002
  1.2120640e+003  7.4800000e+002
  1.2127560e+003  6.9200000e+002
  1.2135040e+003  7.4800000e+002
  1.2143160e+003  8.1200000e+002
  1.2151040e+003  7.8800000e+002
  1.2159160e+003  8.1200000e+002
  1.2166560e+003  7.4000000e+002
  1.2173640e+003  7.0800000e+002
  1.2179960e+003  6.3200000e+002
  1.2187840e+003  7.8800000e+002
  1.2195280e+003  7.4400000e+002
  1.2201440e+003  6.1600000e+002
  1.2207560e+003  6.1200000e+002
  1.2215120e+003  7.5600000e+002
  1.2221960e+003  6.8400000e+002
  1.2228440e+003  6.4800000e+002
  1.2235400e+003  6.9600000e+002
  1.2243560e+003  8.1600000e+002
  1.2251200e+003  7.6400000e+002
  1.2258080e+003  6.8800000e+002
  1.2266440e+003  8.3600000e+002
  1.2274320e+003  7.8800000e+002
  1.2281840e+003  7.5200000e+002
  1.2289120e+003  7.2800000e+002
  1.2297440e+003  8.3200000e+002
  1.2304640e+003  7.2000000e+002
  1.2311880e+003  7.2400000e+002
  1.2320160e+003  8.2800000e+002
  1.2327600e+003  7.4400000e+002
  1.2335760e+003  8.1600000e+002
  1.2342400e+003  6.6400000e+002
  1.2350440e+003  8.0400000e+002
  1.2358520e+003  8.0800000e+002
  1.2365560e+003  7.0400000e+002
  1.2373280e+003  7.7200000e+002
  1.2380880e+003  7.6000000e+002
  1.2387200e+003  6.3200000e+002
  1.2395480e+003  8.2800000e+002
  1.2403440e+003  7.9600000e+002
  1.2411280e+003  7.8400000e+002
  1.2418200e+003  6.9200000e+002
  1.2425520e+003  7.3200000e+002
  1.2433680e+003  8.1600000e+002
  1.2440920e+003  7.2400000e+002
  1.2449320e+003  8.4000000e+002
  1.2455600e+003  6.2800000e+002
  1.2462560e+003  6.9600000e+002
  1.2470560e+003  8.0000000e+002
  1.2479000e+003  8.4400000e+002
  1.2485400e+003  6.4000000e+002
  1.2492840e+003  7.4400000e+002
  1.2501080e+003  8.2400000e+002
  1.2506640e+003  5.5600000e+002
  1.2514520e+003  7.8800000e+002
  1.2522800e+003  8.2800000e+002
  1.2529320e+003  6.5200000e+002
  1.2537840e+003  8.5200000e+002
  1.2545480e+003  7.6400000e+002
  1.2553240e+003  7.7600000e+002
  1.2557360e+003  4.1200000e+002
  1.2565000e+003  7.6400000e+002
  1.2571600e+003  6.6000000e+002
  1.2579200e+003  7.6000000e+002
  1.2586920e+003  7.7200000e+002
  1.2594480e+003  7.5600000e+002
  1.2601760e+003  7.2800000e+002
  1.2609720e+003  7.9600000e+002
  1.2618040e+003  8.3200000e+002
  1.2625200e+003  7.1600000e+002
  1.2632560e+003  7.3600000e+002
  1.2640720e+003  8.1600000e+002
  1.2648000e+003  7.2800000e+002
  1.2655920e+003  7.9200000e+002
  1.2662680e+003  6.7600000e+002
  1.2669880e+003  7.2000000e+002
  1.2678200e+003  8.3200000e+002
  1.2686400e+003  8.2000000e+002
  1.2692920e+003  6.5200000e+002
  1.2700600e+003  7.6800000e+002
  1.2708720e+003  8.1200000e+002
  1.2717200e+003  8.4800000e+002
  1.2724680e+003  7.4800000e+002
  1.2731040e+003  6.3600000e+002
  1.2739600e+003  8.5600000e+002
  1.2747160e+003  7.5600000e+002
  1.2755200e+003  8.0400000e+002
  1.2761720e+003  6.5200000e+002
  1.2769320e+003  7.6000000e+002
  1.2776680e+003  7.3600000e+002
  1.2784440e+003  7.7600000e+002
  1.2791440e+003  7.0000000e+002
  1.2799360e+003  7.9200000e+002
  1.2805560e+003  6.2000000e+002
  1.2809400e+003  3.8400000e+002
  1.2817160e+003  7.7600000e+002
  1.2825560e+003  8.4000000e+002
  1.2832320e+003  6.7600000e+002
  1.2839640e+003  7.3200000e+002
  1.2846760e+003  7.1200000e+002
  1.2853800e+003  7.0400000e+002
  1.2861640e+003  7.8400000e+002
  1.2868480e+003  6.8400000e+002
  1.2876960e+003  8.4800000e+002
  1.2885440e+003  8.4800000e+002
  1.2892120e+003  6.6800000e+002
  1.2898600e+003  6.4800000e+002
  1.2906480e+003  7.8800000e+002
  1.2914680e+003  8.2000000e+002
  1.2921960e+003  7.2800000e+002
  1.2929440e+003  7.4800000e+002
  1.2937640e+003  8.2000000e+002
  1.2945480e+003  7.8400000e+002
  1.2952760e+003  7.2800000e+002
  1.2960800e+003  8.0400000e+002
  1.2967040e+003  6.2400000e+002
  1.2974720e+003  7.6800000e+002
  1.2982120e+003  7.4000000e+002
  1.2989800e+003  7.6800000e+002
  1.2997520e+003  7.7200000e+002
  1.3005520e+003  8.0000000e+002
  1.3012560e+003  7.0400000e+002
  1.3019400e+003  6.8400000e+002
  1.3026240e+003  6.8400000e+002
  1.3034200e+003  7.9600000e+002
  1.3042280e+003  8.0800000e+002
  1.3050200e+003  7.9200000e+002
  1.3057960e+003  7.7600000e+002
  1.3063920e+003  5.9600000e+002
  1.3069880e+003  5.9600000e+002
  1.3075960e+003  6.0800000e+002
  1.3083880e+003  7.9200000e+002
  1.3091080e+003  7.2000000e+002
  1.3098280e+003  7.2000000e+002
  1.3106040e+003  7.7600000e+002
  1.3112440e+003  6.4000000e+002
  1.3119160e+003  6.7200000e+002
  1.3127040e+003  7.8800000e+002
  1.3133720e+003  6.6800000e+002
  1.3140680e+003  6.9600000e+002
  1.3148640e+003  7.9600000e+002
  1.3155680e+003  7.0400000e+002
  1.3161920e+003  6.2400000e+002
  1.3169480e+003  7.5600000e+002
  1.3177360e+003  7.8800000e+002
  1.3183760e+003  6.4000000e+002
  1.3190680e+003  6.9200000e+002
  1.3197000e+003  6.3200000e+002
  1.3204640e+003  7.6400000e+002
  1.3210840e+003  6.2000000e+002
  1.3218920e+003  8.0800000e+002
  1.3225560e+003  6.6400000e+002
  1.3232600e+003  7.0400000e+002
  1.3238960e+003  6.3600000e+002
  1.3245360e+003  6.4000000e+002
  1.3252880e+003  7.5200000e+002
  1.3260400e+003  7.5200000e+002
  1.3267040e+003  6.6400000e+002
  1.3274280e+003  7.2400000e+002
  1.3280960e+003  6.6800000e+002
  1.3287800e+003  6.8400000e+002
  1.3296000e+003  8.2000000e+002
  1.3303640e+003  7.6400000e+002
  1.3311200e+003  7.5600000e+002
  1.3318120e+003  6.9200000e+002
  1.3325760e+003  7.6400000e+002
  1.3333000e+003  7.2400000e+002
  1.3339760e+003  6.7600000e+002
  1.3347760e+003  8.0000000e+002
  1.3355240e+003  7.4800000e+002
  1.3362360e+003  7.1200000e+002
  1.3369240e+003  6.8800000e+002
  1.3375840e+003  6.6000000e+002
  1.3382680e+003  6.8400000e+002
  1.3390040e+003  7.3600000e+002
  1.3396160e+003  6.1200000e+002
  1.3403520e+003  7.3600000e+002
  1.3409400e+003  5.8800000e+002
  1.3414600e+003  5.2000000e+002
  1.3422440e+003  7.8400000e+002
  1.3429880e+003  7.4400000e+002
  1.3436520e+003  6.6400000e+002
  1.3442680e+003  6.1600000e+002
  1.3448960e+003  6.2800000e+002
  1.3456520e+003  7.5600000e+002
  1.3462320e+003  5.8000000e+002
  1.3469800e+003  7.4800000e+002
  1.3477040e+003  7.2400000e+002
  1.3484640e+003  7.6000000e+002
  1.3492040e+003  7.4000000e+002
  1.3498680e+003  6.6400000e+002
  1.3505560e+003  6.8800000e+002
  1.3511600e+003  6.0400000e+002
  1.3519080e+003  7.4800000e+002
  1.3526000e+003  6.9200000e+002
  1.3532440e+003  6.4400000e+002
  1.3539040e+003  6.6000000e+002
  1.3545720e+003  6.6800000e+002
  1.3551760e+003  6.0400000e+002
  1.3558880e+003  7.1200000e+002
  1.3564880e+003  6.0000000e+002
  1.3571000e+003  6.1200000e+002
  1.3576880e+003  5.8800000e+002
  1.3583480e+003  6.6000000e+002
  1.3589720e+003  6.2400000e+002
  1.3597560e+003  7.8400000e+002
  1.3604920e+003  7.3600000e+002
  1.3611920e+003  7.0000000e+002
  1.3619560e+003  7.6400000e+002
  1.3625640e+003  6.0800000e+002
  1.3632320e+003  6.6800000e+002
  1.3639880e+003  7.5600000e+002
  1.3647040e+003  7.1600000e+002
  1.3653880e+003  6.8400000e+002
  1.3660720e+003  6.8400000e+002
  1.3666720e+003  6.0000000e+002
  1.3673360e+003  6.6400000e+002
  1.3681080e+003  7.7200000e+002
  1.3688360e+003  7.2800000e+002
  1.3695320e+003  6.9600000e+002
  1.3702360e+003  7.0400000e+002
  1.3709560e+003  7.2000000e+002
  1.3716360e+003  6.8000000e+002
  1.3722920e+003  6.5600000e+002
  1.3729800e+003  6.8800000e+002
  1.3737120e+003  7.3200000e+002
  1.3743320e+003  6.2000000e+002
  1.3749560e+003  6.2400000e+002
  1.3757480e+003  7.9200000e+002
  1.3764480e+003  7.0000000e+002
  1.3770360e+003  5.8800000e+002
  1.3776840e+003  6.4800000e+002
  1.3783880e+003  7.0400000e+002
  1.3790480e+003  6.6000000e+002
  1.3797920e+003  7.4400000e+002
  1.3804600e+003  6.6800000e+002
  1.3811520e+003  6.9200000e+002
  1.3817720e+003  6.2000000e+002
  1.3824960e+003  7.2400000e+002
  1.3831960e+003  7.0000000e+002
  1.3838520e+003  6.5600000e+002
  1.3845720e+003  7.2000000e+002
  1.3851800e+003  6.0800000e+002
  1.3859840e+003  8.0400000e+002
  1.3866160e+003  6.3200000e+002
  1.3873400e+003  7.2400000e+002
  1.3880160e+003  6.7600000e+002
  1.3886720e+003  6.5600000e+002
  1.3893080e+003  6.3600000e+002
  1.3899600e+003  6.5200000e+002
  1.3906240e+003  6.6400000e+002
  1.3912920e+003  6.6800000e+002
  1.3921120e+003  8.2000000e+002
  1.3927080e+003  5.9600000e+002
  1.3934720e+003  7.6400000e+002
  1.3941560e+003  6.8400000e+002
  1.3949680e+003  8.1200000e+002
  1.3957240e+003  7.5600000e+002
  1.3965040e+003  7.8000000e+002
  1.3972200e+003  7.1600000e+002
  1.3980040e+003  7.8400000e+002
  1.3986680e+003  6.6400000e+002
  1.3994800e+003  8.1200000e+002
  1.4003200e+003  8.4000000e+002
  1.4007600e+003  4.4000000e+002
  1.4016480e+003  8.8800000e+002
  1.4024880e+003  8.4000000e+002
  1.4032400e+003  7.5200000e+002
  1.4039800e+003  7.4000000e+002
  1.4048320e+003  8.5200000e+002
  1.4052680e+003  4.3600000e+002
  1.4060960e+003  8.2800000e+002
  1.4068360e+003  7.4000000e+002
  1.4075040e+003  6.6800000e+002
  1.4082160e+003  7.1200000e+002
  1.4090680e+003  8.5200000e+002
  1.4097880e+003  7.2000000e+002
  1.4103560e+003  5.6800000e+002
  1.4112080e+003  8.5200000e+002
  1.4119240e+003  7.1600000e+002
  1.4127360e+003  8.1200000e+002
  1.4135600e+003  8.2400000e+002
  1.4144200e+003  8.6000000e+002
  1.4152720e+003  8.5200000e+002
  1.4161400e+003  8.6800000e+002
  1.4169680e+003  8.2800000e+002
  1.4177520e+003  7.8400000e+002
  1.4185920e+003  8.4000000e+002
  1.4193880e+003  7.9600000e+002
  1.4202320e+003  8.4400000e+002
  1.4208800e+003  6.4800000e+002
  1.4216040e+003  7.2400000e+002
  1.4222360e+003  6.3200000e+002
  1.4230640e+003  8.2800000e+002
  1.4238680e+003  8.0400000e+002
  1.4245800e+003  7.1200000e+002
  1.4254200e+003  8.4000000e+002
  1.4261320e+003  7.1200000e+002
  1.4269120e+003  7.8000000e+002
  1.4276080e+003  6.9600000e+002
  1.4284160e+003  8.0800000e+002
  1.4292160e+003  8.0000000e+002
  1.4298760e+003  6.6000000e+002
  1.4306320e+003  7.5600000e+002
  1.4313200e+003  6.8800000e+002
  1.4320040e+003  6.8400000e+002
  1.4327320e+003  7.2800000e+002
  1.4334040e+003  6.7200000e+002
  1.4342280e+003  8.2400000e+002
  1.4350280e+003  8.0000000e+002
  1.4357000e+003  6.7200000e+002
  1.4364720e+003  7.7200000e+002
  1.4372680e+003  7.9600000e+002
  1.4379240e+003  6.5600000e+002
  1.4386280e+003  7.0400000e+002
  1.4393800e+003  7.5200000e+002
  1.4400560e+003  6.7600000e+002
  1.4406520e+003  5.9600000e+002
  1.4414040e+003  7.5200000e+002
  1.4420440e+003  6.4000000e+002
  1.4427640e+003  7.2000000e+002
  1.4435000e+003  7.3600000e+002
  1.4441160e+003  6.1600000e+002
  1.4448240e+003  7.0800000e+002
  1.4454440e+003  6.2000000e+002
  1.4460600e+003  6.1600000e+002
  1.4467680e+003  7.0800000e+002
  1.4474160e+003  6.4800000e+002
  1.4481280e+003  7.1200000e+002
  1.4488560e+003  7.2800000e+002
  1.4495240e+003  6.6800000e+002
  1.4502360e+003  7.1200000e+002
  1.4509040e+003  6.6800000e+002
  1.4515200e+003  6.1600000e+002
  1.4522440e+003  7.2400000e+002
  1.4529680e+003  7.2400000e+002
  1.4536360e+003  6.6800000e+002
  1.4544080e+003  7.7200000e+002
  1.4551880e+003  7.8000000e+002
  1.4559400e+003  7.5200000e+002
  1.4565840e+003  6.4400000e+002
  1.4573600e+003  7.7600000e+002
  1.4581920e+003  8.3200000e+002
  1.4588720e+003  6.8000000e+002
  1.4595240e+003  6.5200000e+002
  1.4602800e+003  7.5600000e+002
  1.4610080e+003  7.2800000e+002
  1.4616200e+003  6.1200000e+002
  1.4622200e+003  6.0000000e+002
  1.4629600e+003  7.4000000e+002
  1.4637640e+003  8.0400000e+002
  1.4645600e+003  7.9600000e+002
  1.4653960e+003  8.3600000e+002
  1.4660760e+003  6.8000000e+002
  1.4669200e+003  8.4400000e+002
  1.4676200e+003  7.0000000e+002
  1.4682800e+003  6.6000000e+002
  1.4689400e+003  6.6000000e+002
  1.4697680e+003  8.2800000e+002
  1.4704720e+003  7.0400000e+002
  1.4711240e+003  6.5200000e+002
  1.4717400e+003  6.1600000e+002
  1.4725560e+003  8.1600000e+002
  1.4734160e+003  8.6000000e+002
  1.4742160e+003  8.0000000e+002
  1.4748840e+003  6.6800000e+002
  1.4756920e+003  8.0800000e+002
  1.4765160e+003  8.2400000e+002
  1.4771520e+003  6.3600000e+002
  1.4779720e+003  8.2000000e+002
  1.4787960e+003  8.2400000e+002
  1.4794840e+003  6.8800000e+002
  1.4802720e+003  7.8800000e+002
  1.4810400e+003  7.6800000e+002
  1.4818080e+003  7.6800000e+002
  1.4826320e+003  8.2400000e+002
  1.4834480e+003  8.1600000e+002
  1.4842880e+003  8.4000000e+002
  1.4850600e+003  7.7200000e+002
  1.4858800e+003  8.2000000e+002
  1.4864760e+003  5.9600000e+002
  1.4871440e+003  6.6800000e+002
  1.4877680e+003  6.2400000e+002
  1.4884080e+003  6.4000000e+002
  1.4891960e+003  7.8800000e+002
  1.4899840e+003  7.8800000e+002
  1.4905840e+003  6.0000000e+002
  1.4912400e+003  6.5600000e+002
  1.4920400e+003  8.0000000e+002
  1.4927280e+003  6.8800000e+002
  1.4935680e+003  8.4000000e+002
  1.4942760e+003  7.0800000e+002
  1.4951160e+003  8.4000000e+002
  1.4957520e+003  6.3600000e+002
  1.4964400e+003  6.8800000e+002
  1.4970560e+003  6.1600000e+002
  1.4978680e+003  8.1200000e+002
  1.4985280e+003  6.6000000e+002
  1.4991640e+003  6.3600000e+002
  1.4999120e+003  7.4800000e+002
  1.5006040e+003  6.9200000e+002
  1.5012560e+003  6.5200000e+002
  1.5020160e+003  7.6000000e+002
  1.5027840e+003  7.6800000e+002
  1.5036280e+003  8.4400000e+002
  1.5044760e+003  8.4800000e+002
  1.5053160e+003  8.4000000e+002
  1.5060640e+003  7.4800000e+002
  1.5068360e+003  7.7200000e+002
  1.5075760e+003  7.4000000e+002
  1.5083720e+003  7.9600000e+002
  1.5091920e+003  8.2000000e+002
  1.5098360e+003  6.4400000e+002
  1.5105520e+003  7.1600000e+002
  1.5111960e+003  6.4400000e+002
  1.5118800e+003  6.8400000e+002
  1.5125200e+003  6.4000000e+002
  1.5132240e+003  7.0400000e+002
  1.5139200e+003  6.9600000e+002
  1.5146160e+003  6.9600000e+002
  1.5153280e+003  7.1200000e+002
  1.5160920e+003  7.6400000e+002
  1.5167960e+003  7.0400000e+002
  1.5175480e+003  7.5200000e+002
  1.5182560e+003  7.0800000e+002
  1.5190040e+003  7.4800000e+002
  1.5197600e+003  7.5600000e+002
  1.5204120e+003  6.5200000e+002
  1.5212400e+003  8.2800000e+002
  1.5218800e+003  6.4000000e+002
  1.5225000e+003  6.2000000e+002
  1.5232720e+003  7.7200000e+002
  1.5240560e+003  7.8400000e+002
  1.5248240e+003  7.6800000e+002
  1.5254600e+003  6.3600000e+002
  1.5261880e+003  7.2800000e+002
  1.5269960e+003  8.0800000e+002
  1.5277600e+003  7.6400000e+002
  1.5283720e+003  6.1200000e+002
  1.5291640e+003  7.9200000e+002
  1.5298640e+003  7.0000000e+002
  1.5306120e+003  7.4800000e+002
  1.5313000e+003  6.8800000e+002
  1.5320040e+003  7.0400000e+002
  1.5325960e+003  5.9200000e+002
  1.5333040e+003  7.0800000e+002
  1.5339400e+003  6.3600000e+002
  1.5345840e+003  6.4400000e+002
  1.5352920e+003  7.0800000e+002
  1.5360160e+003  7.2400000e+002
  1.5368040e+003  7.8800000e+002
  1.5374480e+003  6.4400000e+002
  1.5382680e+003  8.2000000e+002
  1.5389600e+003  6.9200000e+002
  1.5397800e+003  8.2000000e+002
  1.5405480e+003  7.6800000e+002
  1.5411840e+003  6.3600000e+002
  1.5418600e+003  6.7600000e+002
  1.5426200e+003  7.6000000e+002
  1.5433840e+003  7.6400000e+002
  1.5441880e+003  8.0400000e+002
  1.5448480e+003  6.6000000e+002
  1.5455440e+003  6.9600000e+002
  1.5463440e+003  8.0000000e+002
  1.5469920e+003  6.4800000e+002
  1.5476800e+003  6.8800000e+002
  1.5483440e+003  6.6400000e+002
  1.5491000e+003  7.5600000e+002
  1.5498480e+003  7.4800000e+002
  1.5505680e+003  7.2000000e+002
  1.5512320e+003  6.6400000e+002
  1.5518920e+003  6.6000000e+002
  1.5526480e+003  7.5600000e+002
  1.5534080e+003  7.6000000e+002
  1.5541800e+003  7.7200000e+002
  1.5548680e+003  6.8800000e+002
  1.5554880e+003  6.2000000e+002
  1.5562280e+003  7.4000000e+002
  1.5569320e+003  7.0400000e+002
  1.5576520e+003  7.2000000e+002
  1.5582920e+003  6.4000000e+002
  1.5591120e+003  8.2000000e+002
  1.5598720e+003  7.6000000e+002
  1.5606280e+003  7.5600000e+002
  1.5614600e+003  8.3200000e+002
  1.5622120e+003  7.5200000e+002
  1.5630400e+003  8.2800000e+002
  1.5637040e+003  6.6400000e+002
  1.5643520e+003  6.4800000e+002
  1.5649920e+003  6.4000000e+002
  1.5656840e+003  6.9200000e+002
  1.5664920e+003  8.0800000e+002
  1.5673040e+003  8.1200000e+002
  1.5681400e+003  8.3600000e+002
  1.5689520e+003  8.1200000e+002
  1.5697280e+003  7.7600000e+002
  1.5704640e+003  7.3600000e+002
  1.5711360e+003  6.7200000e+002
  1.5719480e+003  8.1200000e+002
  1.5726080e+003  6.6000000e+002
  1.5732960e+003  6.8800000e+002
  1.5740440e+003  7.4800000e+002
  1.5748040e+003  7.6000000e+002
  1.5755240e+003  7.2000000e+002
  1.5762040e+003  6.8000000e+002
  1.5768880e+003  6.8400000e+002
  1.5775080e+003  6.2000000e+002
  1.5783200e+003  8.1200000e+002
  1.5790560e+003  7.3600000e+002
  1.5796840e+003  6.2800000e+002
  1.5804560e+003  7.7200000e+002
  1.5812080e+003  7.5200000e+002
  1.5818600e+003  6.5200000e+002
  1.5825240e+003  6.6400000e+002
  1.5832320e+003  7.0800000e+002
  1.5838640e+003  6.3200000e+002
  1.5845960e+003  7.3200000e+002
  1.5853080e+003  7.1200000e+002
  1.5860760e+003  7.6800000e+002
  1.5868240e+003  7.4800000e+002
  1.5875720e+003  7.4800000e+002
  1.5882520e+003  6.8000000e+002
  1.5889720e+003  7.2000000e+002
  1.5897160e+003  7.4400000e+002
  1.5904680e+003  7.5200000e+002
  1.5912320e+003  7.6400000e+002
  1.5920760e+003  8.4400000e+002
  1.5928720e+003  7.9600000e+002
  1.5935240e+003  6.5200000e+002
  1.5941400e+003  6.1600000e+002
  1.5947680e+003  6.2800000e+002
  1.5954760e+003  7.0800000e+002
  1.5962840e+003  8.0800000e+002
  1.5970080e+003  7.2400000e+002
  1.5976240e+003  6.1600000e+002
  1.5983680e+003  7.4400000e+002
  1.5991800e+003  8.1200000e+002
  1.5999280e+003  7.4800000e+002
  1.6006640e+003  7.3600000e+002
  1.6013560e+003  6.9200000e+002
  1.6020360e+003  6.8000000e+002
  1.6026520e+003  6.1600000e+002
  1.6034160e+003  7.6400000e+002
  1.6041680e+003  7.5200000e+002
  1.6050000e+003  8.3200000e+002
  1.6058000e+003  8.0000000e+002
  1.6064600e+003  6.6000000e+002
  1.6071680e+003  7.0800000e+002
  1.6078040e+003  6.3600000e+002
  1.6084040e+003  6.0000000e+002
  1.6090720e+003  6.6800000e+002
  1.6099000e+003  8.2800000e+002
  1.6106960e+003  7.9600000e+002
  1.6114640e+003  7.6800000e+002
  1.6121760e+003  7.1200000e+002
  1.6128160e+003  6.4000000e+002
  1.6134680e+003  6.5200000e+002
  1.6141240e+003  6.5600000e+002
  1.6149280e+003  8.0400000e+002
  1.6156400e+003  7.1200000e+002
  1.6163400e+003  7.0000000e+002
  1.6170680e+003  7.2800000e+002
  1.6177720e+003  7.0400000e+002
  1.6185760e+003  8.0400000e+002
  1.6192920e+003  7.1600000e+002
  1.6199960e+003  7.0400000e+002
  1.6207480e+003  7.5200000e+002
  1.6213920e+003  6.4400000e+002
  1.6220360e+003  6.4400000e+002
  1.6227600e+003  7.2400000e+002
  1.6235680e+003  8.0800000e+002
  1.6243720e+003  8.0400000e+002
  1.6250640e+003  6.9200000e+002
  1.6258800e+003  8.1600000e+002
  1.6266480e+003  7.6800000e+002
  1.6274080e+003  7.6000000e+002
  1.6280800e+003  6.7200000e+002
  1.6287440e+003  6.6400000e+002
  1.6294600e+003  7.1600000e+002
  1.6301600e+003  7.0000000e+002
  1.6309240e+003  7.6400000e+002
  1.6316080e+003  6.8400000e+002
  1.6322840e+003  6.7600000e+002
  1.6330320e+003  7.4800000e+002
  1.6337080e+003  6.7600000e+002
  1.6343880e+003  6.8000000e+002
  1.6350360e+003  6.4800000e+002
  1.6358680e+003  8.3200000e+002
  1.6365160e+003  6.4800000e+002
  1.6372920e+003  7.7600000e+002
  1.6379360e+003  6.4400000e+002
  1.6385640e+003  6.2800000e+002
  1.6391760e+003  6.1200000e+002
  1.6399720e+003  7.9600000e+002
  1.6406160e+003  6.4400000e+002
  1.6412400e+003  6.2400000e+002
  1.6419840e+003  7.4400000e+002
  1.6427920e+003  8.0800000e+002
  1.6436440e+003  8.5200000e+002
  1.6442920e+003  6.4800000e+002
  1.6449760e+003  6.8400000e+002
  1.6457920e+003  8.1600000e+002
  1.6466000e+003  8.0800000e+002
  1.6472760e+003  6.7600000e+002
  1.6481080e+003  8.3200000e+002
  1.6488560e+003  7.4800000e+002
  1.6496000e+003  7.4400000e+002
  1.6503720e+003  7.7200000e+002
  1.6509880e+003  6.1600000e+002
  1.6517760e+003  7.8800000e+002
  1.6524880e+003  7.1200000e+002
  1.6532800e+003  7.9200000e+002
  1.6539800e+003  7.0000000e+002
  1.6546880e+003  7.0800000e+002
  1.6554280e+003  7.4000000e+002
  1.6562240e+003  7.9600000e+002
  1.6570520e+003  8.2800000e+002
  1.6577120e+003  6.6000000e+002
  1.6585400e+003  8.2800000e+002
  1.6593000e+003  7.6000000e+002
  1.6601080e+003  8.0800000e+002
  1.6608200e+003  7.1200000e+002
  1.6616520e+003  8.3200000e+002
  1.6623640e+003  7.1200000e+002
  1.6630560e+003  6.9200000e+002
  1.6638640e+003  8.0800000e+002
  1.6646840e+003  8.2000000e+002
  1.6654760e+003  7.9200000e+002
  1.6663040e+003  8.2800000e+002
  1.6670560e+003  7.5200000e+002
  1.6677080e+003  6.5200000e+002
  1.6685040e+003  7.9600000e+002
  1.6691400e+003  6.3600000e+002
  1.6697920e+003  6.5200000e+002
  1.6706040e+003  8.1200000e+002
  1.6714120e+003  8.0800000e+002
  1.6722400e+003  8.2800000e+002
  1.6729080e+003  6.6800000e+002
  1.6736200e+003  7.1200000e+002
  1.6744000e+003  7.8000000e+002
  1.6751680e+003  7.6800000e+002
  1.6758200e+003  6.5200000e+002
  1.6765760e+003  7.5600000e+002
  1.6773800e+003  8.0400000e+002
  1.6780640e+003  6.8400000e+002
  1.6788080e+003  7.4400000e+002
  1.6795640e+003  7.5600000e+002
  1.6803440e+003  7.8000000e+002
  1.6811680e+003  8.2400000e+002
  1.6818920e+003  7.2400000e+002
  1.6827200e+003  8.2800000e+002
  1.6834520e+003  7.3200000e+002
  1.6842000e+003  7.4800000e+002
  1.6849080e+003  7.0800000e+002
  1.6855400e+003  6.3200000e+002
  1.6862640e+003  7.2400000e+002
  1.6870240e+003  7.6000000e+002
  1.6876480e+003  6.2400000e+002
  1.6883480e+003  7.0000000e+002
  1.6891400e+003  7.9200000e+002
  1.6898440e+003  7.0400000e+002
  1.6905000e+003  6.5600000e+002
  1.6913040e+003  8.0400000e+002
  1.6921120e+003  8.0800000e+002
  1.6929640e+003  8.5200000e+002
  1.6936960e+003  7.3200000e+002
  1.6943680e+003  6.7200000e+002
  1.6950000e+003  6.3200000e+002
  1.6956320e+003  6.3200000e+002
  1.6963320e+003  7.0000000e+002
  1.6969480e+003  6.1600000e+002
  1.6975840e+003  6.3600000e+002
  1.6983280e+003  7.4400000e+002
  1.6990160e+003  6.8800000e+002
  1.6997560e+003  7.4000000e+002
  1.7004640e+003  7.0800000e+002
  1.7012480e+003  7.8400000e+002
  1.7020800e+003  8.3200000e+002
  1.7028960e+003  8.1600000e+002
  1.7035920e+003  6.9600000e+002
  1.7043880e+003  7.9600000e+002
  1.7051920e+003  8.0400000e+002
  1.7060160e+003  8.2400000e+002
  1.7068120e+003  7.9600000e+002
  1.7074760e+003  6.6400000e+002
  1.7081440e+003  6.6800000e+002
  1.7088080e+003  6.6400000e+002
  1.7094360e+003  6.2800000e+002
  1.7101400e+003  7.0400000e+002
  1.7108400e+003  7.0000000e+002
  1.7116360e+003  7.9600000e+002
  1.7122880e+003  6.5200000e+002
  1.7130960e+003  8.0800000e+002
  1.7137520e+003  6.5600000e+002
  1.7144680e+003  7.1600000e+002
  1.7152440e+003  7.7600000e+002
  1.7160720e+003  8.2800000e+002
  1.7167200e+003  6.4800000e+002
  1.7175120e+003  7.9200000e+002
  1.7181720e+003  6.6000000e+002
  1.7189240e+003  7.5200000e+002
  1.7196360e+003  7.1200000e+002
  1.7203160e+003  6.8000000e+002
  1.7211200e+003  8.0400000e+002
  1.7218840e+003  7.6400000e+002
  1.7226400e+003  7.5600000e+002
  1.7234440e+003  8.0400000e+002
  1.7240920e+003  6.4800000e+002
  1.7248720e+003  7.8000000e+002
  1.7256680e+003  7.9600000e+002
  1.7265160e+003  8.4800000e+002
  1.7271640e+003  6.4800000e+002
  1.7279880e+003  8.2400000e+002
  1.7286640e+003  6.7600000e+002
  1.7294560e+003  7.9200000e+002
  1.7302440e+003  7.8800000e+002
  1.7309480e+003  7.0400000e+002
  1.7317760e+003  8.2800000e+002
  1.7325520e+003  7.7600000e+002
  1.7333800e+003  8.2800000e+002
  1.7341480e+003  7.6800000e+002
  1.7349120e+003  7.6400000e+002
  1.7357040e+003  7.9200000e+002
  1.7364040e+003  7.0000000e+002
  1.7371600e+003  7.5600000e+002
  1.7379080e+003  7.4800000e+002
  1.7387080e+003  8.0000000e+002
  1.7393360e+003  6.2800000e+002
  1.7401520e+003  8.1600000e+002
  1.7408280e+003  6.7600000e+002
  1.7416680e+003  8.4000000e+002
  1.7425120e+003  8.4400000e+002
  1.7433200e+003  8.0800000e+002
  1.7440240e+003  7.0400000e+002
  1.7448480e+003  8.2400000e+002
  1.7455880e+003  7.4000000e+002
  1.7463600e+003  7.7200000e+002
  1.7471000e+003  7.4000000e+002
  1.7479120e+003  8.1200000e+002
  1.7487280e+003  8.1600000e+002
  1.7495120e+003  7.8400000e+002
  1.7502120e+003  7.0000000e+002
  1.7508480e+003  6.3600000e+002
  1.7515080e+003  6.6000000e+002
  1.7522040e+003  6.9600000e+002
  1.7529280e+003  7.2400000e+002
  1.7536600e+003  7.3200000e+002
  1.7542960e+003  6.3600000e+002
  1.7549560e+003  6.6000000e+002
  1.7555960e+003  6.4000000e+002
  1.7562240e+003  6.2800000e+002
  1.7568720e+003  6.4800000e+002
  1.7576960e+003  8.2400000e+002
  1.7585440e+003  8.4800000e+002
  1.7592040e+003  6.6000000e+002
  1.7599600e+003  7.5600000e+002
  1.7608080e+003  8.4800000e+002
  1.7614960e+003  6.8800000e+002
  1.7623240e+003  8.2800000e+002
  1.7629840e+003  6.6000000e+002
  1.7637760e+003  7.9200000e+002
  1.7644920e+003  7.1600000e+002
  1.7652680e+003  7.7600000e+002
  1.7660040e+003  7.3600000e+002
  1.7667360e+003  7.3200000e+002
  1.7674640e+003  7.2800000e+002
  1.7682600e+003  7.9600000e+002
  1.7689200e+003  6.6000000e+002
  1.7695520e+003  6.3200000e+002
  1.7703120e+003  7.6000000e+002
  1.7711360e+003  8.2400000e+002
  1.7717960e+003  6.6000000e+002
  1.7725680e+003  7.7200000e+002
  1.7733480e+003  7.8000000e+002
  1.7740200e+003  6.7200000e+002
  1.7746920e+003  6.7200000e+002
  1.7754360e+003  7.4400000e+002
  1.7762520e+003  8.1600000e+002
  1.7769840e+003  7.3200000e+002
  1.7778080e+003  8.2400000e+002
  1.7785800e+003  7.7200000e+002
  1.7794080e+003  8.2800000e+002
  1.7800440e+003  6.3600000e+002
  1.7807480e+003  7.0400000e+002
  1.7814960e+003  7.4800000e+002
  1.7822160e+003  7.2000000e+002
  1.7830040e+003  7.8800000e+002
  1.7836960e+003  6.9200000e+002
  1.7844640e+003  7.6800000e+002
  1.7852680e+003  8.0400000e+002
  1.7859440e+003  6.7600000e+002
  1.7866520e+003  7.0800000e+002
  1.7874160e+003  7.6400000e+002
  1.7881920e+003  7.7600000e+002
  1.7888800e+003  6.8800000e+002
  1.7893040e+003  4.2400000e+002
  1.7901720e+003  8.6800000e+002
  1.7910080e+003  8.3600000e+002
  1.7918200e+003  8.1200000e+002
  1.7924720e+003  6.5200000e+002
  1.7932840e+003  8.1200000e+002
  1.7939640e+003  6.8000000e+002
  1.7947160e+003  7.5200000e+002
  1.7953720e+003  6.5600000e+002
  1.7961560e+003  7.8400000e+002
  1.7969520e+003  7.9600000e+002
  1.7976000e+003  6.4800000e+002
