  1.3120000e+000  9.0400000e+002
  2.1760000e+000  8.6400000e+002
  3.0360000e+000  8.6000000e+002
  3.9240000e+000  8.8800000e+002
  4.8040000e+000  8.8000000e+002
  5.6800000e+000  8.7600000e+002
  6.5360000e+000  8.5600000e+002
  7.4040000e+000  8.6800000e+002
  8.2760000e+000  8.7200000e+002
  9.0840000e+000  8.0800000e+002
  9.9360000e+000  8.5200000e+002
  1.0796000e+001  8.6000000e+002
  1.1652000e+001  8.5600000e+002
  1.2488000e+001  8.3600000e+002
  1.3328000e+001  8.4000000e+002
  1.4184000e+001  8.5600000e+002
  1.5036000e+001  8.5200000e+002
  1.5876000e+001  8.4000000e+002
  1.6740000e+001  8.6400000e+002
  1.7604000e+001  8.6400000e+002
  1.8472000e+001  8.6800000e+002
  1.9364000e+001  8.9200000e+002
  2.0248000e+001  8.8400000e+002
  2.1140000e+001  8.9200000e+002
  2.2044000e+001  9.0400000e+002
  2.2968000e+001  9.2400000e+002
  2.3880000e+001  9.1200000e+002
  2.4800000e+001  9.2000000e+002
  2.5736000e+001  9.3600000e+002
  2.6604000e+001  8.6800000e+002
  2.7472000e+001  8.6800000e+002
  2.8388000e+001  9.1600000e+002
  2.9292000e+001  9.0400000e+002
  3.0204000e+001  9.1200000e+002
  3.1088000e+001  8.8400000e+002
  3.2004000e+001  9.1600000e+002
  3.2912000e+001  9.0800000e+002
  3.3812000e+001  9.0000000e+002
  3.4728000e+001  9.1600000e+002
  3.5644000e+001  9.1600000e+002
  3.6564000e+001  9.2000000e+002
  3.7480000e+001  9.1600000e+002
  3.8404000e+001  9.2400000e+002
  3.9312000e+001  9.0800000e+002
  4.0240000e+001  9.2800000e+002
  4.1172000e+001  9.3200000e+002
  4.2084000e+001  9.1200000e+002
  4.3000000e+001  9.1600000e+002
  4.3852000e+001  8.5200000e+002
  4.4744000e+001  8.9200000e+002
  4.5576000e+001  8.3200000e+002
  4.6480000e+001  9.0400000e+002
  4.7332000e+001  8.5200000e+002
  4.8200000e+001  8.6800000e+002
  4.9072000e+001  8.7200000e+002
  4.9936000e+001  8.6400000e+002
  5.0824000e+001  8.8800000e+002
  5.1688000e+001  8.6400000e+002
  5.2572000e+001  8.8400000e+002
  5.3440000e+001  8.6800000e+002
  5.4308000e+001  8.6800000e+002
  5.5200000e+001  8.9200000e+002
  5.6080000e+001  8.8000000e+002
  5.6972000e+001  8.9200000e+002
  5.7868000e+001  8.9600000e+002
  5.8744000e+001  8.7600000e+002
  5.9640000e+001  8.9600000e+002
  6.0532000e+001  8.9200000e+002
  6.1424000e+001  8.9200000e+002
  6.2316000e+001  8.9200000e+002
  6.3212000e+001  8.9600000e+002
  6.4088000e+001  8.7600000e+002
  6.4988000e+001  9.0000000e+002
  6.5884000e+001  8.9600000e+002
  6.6776000e+001  8.9200000e+002
  6.7660000e+001  8.8400000e+002
  6.8568000e+001  9.0800000e+002
  6.9448000e+001  8.8000000e+002
  7.0340000e+001  8.9200000e+002
  7.1244000e+001  9.0400000e+002
  7.2092000e+001  8.4800000e+002
  7.2972000e+001  8.8000000e+002
  7.3848000e+001  8.7600000e+002
  7.4648000e+001  8.0000000e+002
  7.5536000e+001  8.8800000e+002
  7.6388000e+001  8.5200000e+002
  7.7212000e+001  8.2400000e+002
  7.8068000e+001  8.5600000e+002
  7.8916000e+001  8.4800000e+002
  7.9772000e+001  8.5600000e+002
  8.0584000e+001  8.1200000e+002
  8.1432000e+001  8.4800000e+002
  8.2260000e+001  8.2800000e+002
  8.3100000e+001  8.4000000e+002
  8.3936000e+001  8.3600000e+002
  8.4788000e+001  8.5200000e+002
  8.5640000e+001  8.5200000e+002
  8.6500000e+001  8.6000000e+002
  8.7360000e+001  8.6000000e+002
  8.8208000e+001  8.4800000e+002
  8.9072000e+001  8.6400000e+002
  8.9944000e+001  8.7200000e+002
  9.0816000e+001  8.7200000e+002
  9.1600000e+001  7.8400000e+002
  9.2484000e+001  8.8400000e+002
  9.3336000e+001  8.5200000e+002
  9.4188000e+001  8.5200000e+002
  9.4980000e+001  7.9200000e+002
  9.5860000e+001  8.8000000e+002
  9.6704000e+001  8.4400000e+002
  9.7496000e+001  7.9200000e+002
  9.8340000e+001  8.4400000e+002
  9.9156000e+001  8.1600000e+002
  9.9976000e+001  8.2000000e+002
  1.0080000e+002  8.2400000e+002
  1.0162400e+002  8.2400000e+002
  1.0241600e+002  7.9200000e+002
  1.0321600e+002  8.0000000e+002
  1.0401600e+002  8.0000000e+002
  1.0482800e+002  8.1200000e+002
  1.0564400e+002  8.1600000e+002
  1.0645600e+002  8.1200000e+002
  1.0726000e+002  8.0400000e+002
  1.0808800e+002  8.2800000e+002
  1.0892000e+002  8.3200000e+002
  1.0973600e+002  8.1600000e+002
  1.1059200e+002  8.5600000e+002
  1.1143200e+002  8.4000000e+002
  1.1228000e+002  8.4800000e+002
  1.1314800e+002  8.6800000e+002
  1.1400400e+002  8.5600000e+002
  1.1489200e+002  8.8800000e+002
  1.1578400e+002  8.9200000e+002
  1.1665600e+002  8.7200000e+002
  1.1755200e+002  8.9600000e+002
  1.1843200e+002  8.8000000e+002
  1.1929600e+002  8.6400000e+002
  1.2020000e+002  9.0400000e+002
  1.2109200e+002  8.9200000e+002
  1.2196000e+002  8.6800000e+002
  1.2284800e+002  8.8800000e+002
  1.2374400e+002  8.9600000e+002
  1.2461600e+002  8.7200000e+002
  1.2551200e+002  8.9600000e+002
  1.2640400e+002  8.9200000e+002
  1.2726800e+002  8.6400000e+002
  1.2816000e+002  8.9200000e+002
  1.2903200e+002  8.7200000e+002
  1.2989200e+002  8.6000000e+002
  1.3078000e+002  8.8800000e+002
  1.3163600e+002  8.5600000e+002
  1.3252800e+002  8.9200000e+002
  1.3342000e+002  8.9200000e+002
  1.3431600e+002  8.9600000e+002
  1.3518000e+002  8.6400000e+002
  1.3604000e+002  8.6000000e+002
  1.3691200e+002  8.7200000e+002
  1.3774800e+002  8.3600000e+002
  1.3862400e+002  8.7600000e+002
  1.3946400e+002  8.4000000e+002
  1.4030800e+002  8.4400000e+002
  1.4116800e+002  8.6000000e+002
  1.4200800e+002  8.4000000e+002
  1.4287600e+002  8.6800000e+002
  1.4373600e+002  8.6000000e+002
  1.4460000e+002  8.6400000e+002
  1.4548000e+002  8.8000000e+002
  1.4633200e+002  8.5200000e+002
  1.4721600e+002  8.8400000e+002
  1.4808400e+002  8.6800000e+002
  1.4895600e+002  8.7200000e+002
  1.4984800e+002  8.9200000e+002
  1.5071600e+002  8.6800000e+002
  1.5162000e+002  9.0400000e+002
  1.5250000e+002  8.8000000e+002
  1.5337200e+002  8.7200000e+002
  1.5425200e+002  8.8000000e+002
  1.5511600e+002  8.6400000e+002
  1.5600400e+002  8.8800000e+002
  1.5686400e+002  8.6000000e+002
  1.5771600e+002  8.5200000e+002
  1.5858400e+002  8.6800000e+002
  1.5943200e+002  8.4800000e+002
  1.6029200e+002  8.6000000e+002
  1.6115600e+002  8.6400000e+002
  1.6201600e+002  8.6000000e+002
  1.6288400e+002  8.6800000e+002
  1.6373600e+002  8.5200000e+002
  1.6460800e+002  8.7200000e+002
  1.6546400e+002  8.5600000e+002
  1.6633200e+002  8.6800000e+002
  1.6717600e+002  8.4400000e+002
  1.6802400e+002  8.4800000e+002
  1.6888400e+002  8.6000000e+002
  1.6973600e+002  8.5200000e+002
  1.7061200e+002  8.7600000e+002
  1.7144400e+002  8.3200000e+002
  1.7228000e+002  8.3600000e+002
  1.7314400e+002  8.6400000e+002
  1.7397200e+002  8.2800000e+002
  1.7479200e+002  8.2000000e+002
  1.7563200e+002  8.4000000e+002
  1.7647200e+002  8.4000000e+002
  1.7730400e+002  8.3200000e+002
  1.7807200e+002  7.6800000e+002
  1.7891200e+002  8.4000000e+002
  1.7970400e+002  7.9200000e+002
  1.8052400e+002  8.2000000e+002
  1.8134800e+002  8.2400000e+002
  1.8214000e+002  7.9200000e+002
  1.8297200e+002  8.3200000e+002
  1.8380400e+002  8.3200000e+002
  1.8462000e+002  8.1600000e+002
  1.8541600e+002  7.9600000e+002
  1.8622800e+002  8.1200000e+002
  1.8704000e+002  8.1200000e+002
  1.8787200e+002  8.3200000e+002
  1.8871200e+002  8.4000000e+002
  1.8954800e+002  8.3600000e+002
  1.9039200e+002  8.4400000e+002
  1.9123600e+002  8.4400000e+002
  1.9212400e+002  8.8800000e+002
  1.9294000e+002  8.1600000e+002
  1.9382800e+002  8.8800000e+002
  1.9468800e+002  8.6000000e+002
  1.9555200e+002  8.6400000e+002
  1.9637200e+002  8.2000000e+002
  1.9723600e+002  8.6400000e+002
  1.9808400e+002  8.4800000e+002
  1.9890000e+002  8.1600000e+002
  1.9973600e+002  8.3600000e+002
  2.0057200e+002  8.3600000e+002
  2.0138800e+002  8.1600000e+002
  2.0222800e+002  8.4000000e+002
  2.0305600e+002  8.2800000e+002
  2.0388800e+002  8.3200000e+002
  2.0471200e+002  8.2400000e+002
  2.0555200e+002  8.4000000e+002
  2.0635200e+002  8.0000000e+002
  2.0715200e+002  8.0000000e+002
  2.0796000e+002  8.0800000e+002
  2.0877600e+002  8.1600000e+002
  2.0954400e+002  7.6800000e+002
  2.1037200e+002  8.2800000e+002
  2.1116800e+002  7.9600000e+002
  2.1195600e+002  7.8800000e+002
  2.1277200e+002  8.1600000e+002
  2.1358000e+002  8.0800000e+002
  2.1437600e+002  7.9600000e+002
  2.1518800e+002  8.1200000e+002
  2.1600400e+002  8.1600000e+002
  2.1680800e+002  8.0400000e+002
  2.1763600e+002  8.2800000e+002
  2.1846000e+002  8.2400000e+002
  2.1929600e+002  8.3600000e+002
  2.2010000e+002  8.0400000e+002
  2.2094000e+002  8.4000000e+002
  2.2177600e+002  8.3600000e+002
  2.2263600e+002  8.6000000e+002
  2.2349200e+002  8.5600000e+002
  2.2430000e+002  8.0800000e+002
  2.2514000e+002  8.4000000e+002
  2.2594800e+002  8.0800000e+002
  2.2677600e+002  8.2800000e+002
  2.2759600e+002  8.2000000e+002
  2.2839600e+002  8.0000000e+002
  2.2921200e+002  8.1600000e+002
  2.3000400e+002  7.9200000e+002
  2.3082000e+002  8.1600000e+002
  2.3162400e+002  8.0400000e+002
  2.3243200e+002  8.0800000e+002
  2.3324800e+002  8.1600000e+002
  2.3403200e+002  7.8400000e+002
  2.3482400e+002  7.9200000e+002
  2.3562000e+002  7.9600000e+002
  2.3641600e+002  7.9600000e+002
  2.3718800e+002  7.7200000e+002
  2.3798800e+002  8.0000000e+002
  2.3878000e+002  7.9200000e+002
  2.3957200e+002  7.9200000e+002
  2.4038000e+002  8.0800000e+002
  2.4118800e+002  8.0800000e+002
  2.4196800e+002  7.8000000e+002
  2.4277600e+002  8.0800000e+002
  2.4358000e+002  8.0400000e+002
  2.4438400e+002  8.0400000e+002
  2.4519200e+002  8.0800000e+002
  2.4601600e+002  8.2400000e+002
  2.4682000e+002  8.0400000e+002
  2.4766400e+002  8.4400000e+002
  2.4848800e+002  8.2400000e+002
  2.4934800e+002  8.6000000e+002
  2.5019600e+002  8.4800000e+002
  2.5105200e+002  8.5600000e+002
  2.5191200e+002  8.6000000e+002
  2.5274800e+002  8.3600000e+002
  2.5359600e+002  8.4800000e+002
  2.5442400e+002  8.2800000e+002
  2.5526000e+002  8.3600000e+002
  2.5607600e+002  8.1600000e+002
  2.5690800e+002  8.3200000e+002
  2.5772000e+002  8.1200000e+002
  2.5855200e+002  8.3200000e+002
  2.5938000e+002  8.2800000e+002
  2.6020800e+002  8.2400000e+002
  2.6096000e+002  7.5200000e+002
  2.6180000e+002  8.4000000e+002
  2.6260800e+002  8.0800000e+002
  2.6336800e+002  7.6000000e+002
  2.6417200e+002  8.0400000e+002
  2.6495200e+002  7.8000000e+002
  2.6575200e+002  8.0000000e+002
  2.6654800e+002  7.9600000e+002
  2.6732400e+002  7.7600000e+002
  2.6811600e+002  7.9200000e+002
  2.6888800e+002  7.7200000e+002
  2.6966000e+002  7.7200000e+002
  2.7044800e+002  7.8800000e+002
  2.7123200e+002  7.8400000e+002
  2.7202400e+002  7.9200000e+002
  2.7279200e+002  7.6800000e+002
  2.7356800e+002  7.7600000e+002
  2.7429600e+002  7.2800000e+002
  2.7509200e+002  7.9600000e+002
  2.7586000e+002  7.6800000e+002
  2.7661200e+002  7.5200000e+002
  2.7737600e+002  7.6400000e+002
  2.7812800e+002  7.5200000e+002
  2.7890000e+002  7.7200000e+002
  2.7965600e+002  7.5600000e+002
  2.8043200e+002  7.7600000e+002
  2.8120000e+002  7.6800000e+002
  2.8196800e+002  7.6800000e+002
  2.8275200e+002  7.8400000e+002
  2.8352800e+002  7.7600000e+002
  2.8430400e+002  7.7600000e+002
  2.8509600e+002  7.9200000e+002
  2.8588800e+002  7.9200000e+002
  2.8667600e+002  7.8800000e+002
  2.8746000e+002  7.8400000e+002
  2.8825600e+002  7.9600000e+002
  2.8902800e+002  7.7200000e+002
  2.8982400e+002  7.9600000e+002
  2.9062000e+002  7.9600000e+002
  2.9138800e+002  7.6800000e+002
  2.9216800e+002  7.8000000e+002
  2.9294400e+002  7.7600000e+002
  2.9367200e+002  7.2800000e+002
  2.9446400e+002  7.9200000e+002
  2.9522400e+002  7.6000000e+002
  2.9597200e+002  7.4800000e+002
  2.9673600e+002  7.6400000e+002
  2.9748000e+002  7.4400000e+002
  2.9824800e+002  7.6800000e+002
  2.9900400e+002  7.5600000e+002
  2.9974800e+002  7.4400000e+002
  3.0051200e+002  7.6400000e+002
  3.0127200e+002  7.6000000e+002
  3.0201600e+002  7.4400000e+002
  3.0277200e+002  7.5600000e+002
  3.0353600e+002  7.6400000e+002
  3.0429600e+002  7.6000000e+002
  3.0505200e+002  7.5600000e+002
  3.0582000e+002  7.6800000e+002
  3.0659600e+002  7.7600000e+002
  3.0736400e+002  7.6800000e+002
  3.0814800e+002  7.8400000e+002
  3.0892000e+002  7.7200000e+002
  3.0970800e+002  7.8800000e+002
  3.1050400e+002  7.9600000e+002
  3.1128800e+002  7.8400000e+002
  3.1209200e+002  8.0400000e+002
  3.1288400e+002  7.9200000e+002
  3.1369200e+002  8.0800000e+002
  3.1450000e+002  8.0800000e+002
  3.1529200e+002  7.9200000e+002
  3.1610400e+002  8.1200000e+002
  3.1690000e+002  7.9600000e+002
  3.1771200e+002  8.1200000e+002
  3.1852400e+002  8.1200000e+002
  3.1933600e+002  8.1200000e+002
  3.2016000e+002  8.2400000e+002
  3.2098000e+002  8.2000000e+002
  3.2182000e+002  8.4000000e+002
  3.2265600e+002  8.3600000e+002
  3.2348000e+002  8.2400000e+002
  3.2432400e+002  8.4400000e+002
  3.2516400e+002  8.4000000e+002
  3.2596400e+002  8.0000000e+002
  3.2679200e+002  8.2800000e+002
  3.2761600e+002  8.2400000e+002
  3.2841600e+002  8.0000000e+002
  3.2924000e+002  8.2400000e+002
  3.3004000e+002  8.0000000e+002
  3.3084800e+002  8.0800000e+002
  3.3166800e+002  8.2000000e+002
  3.3247200e+002  8.0400000e+002
  3.3329600e+002  8.2400000e+002
  3.3411200e+002  8.1600000e+002
  3.3494800e+002  8.3600000e+002
  3.3576400e+002  8.1600000e+002
  3.3660400e+002  8.4000000e+002
  3.3744400e+002  8.4000000e+002
  3.3826800e+002  8.2400000e+002
  3.3911600e+002  8.4800000e+002
  3.3995200e+002  8.3600000e+002
  3.4077600e+002  8.2400000e+002
  3.4160400e+002  8.2800000e+002
  3.4245200e+002  8.4800000e+002
  3.4325600e+002  8.0400000e+002
  3.4411600e+002  8.6000000e+002
  3.4493600e+002  8.2000000e+002
  3.4577600e+002  8.4000000e+002
  3.4660400e+002  8.2800000e+002
  3.4742400e+002  8.2000000e+002
  3.4828400e+002  8.6000000e+002
  3.4909200e+002  8.0800000e+002
  3.4992800e+002  8.3600000e+002
  3.5076000e+002  8.3200000e+002
  3.5156400e+002  8.0400000e+002
  3.5242000e+002  8.5600000e+002
  3.5322800e+002  8.0800000e+002
  3.5408400e+002  8.5600000e+002
  3.5492800e+002  8.4400000e+002
  3.5576400e+002  8.3600000e+002
  3.5655600e+002  7.9200000e+002
  3.5739200e+002  8.3600000e+002
  3.5817200e+002  7.8000000e+002
  3.5896400e+002  7.9200000e+002
  3.5978800e+002  8.2400000e+002
  3.6059200e+002  8.0400000e+002
  3.6138800e+002  7.9600000e+002
  3.6219200e+002  8.0400000e+002
  3.6299200e+002  8.0000000e+002
  3.6380800e+002  8.1600000e+002
  3.6460800e+002  8.0000000e+002
  3.6542800e+002  8.2000000e+002
  3.6623200e+002  8.0400000e+002
  3.6706000e+002  8.2800000e+002
  3.6787200e+002  8.1200000e+002
  3.6870800e+002  8.3600000e+002
  3.6952400e+002  8.1600000e+002
  3.7036400e+002  8.4000000e+002
  3.7120400e+002  8.4000000e+002
  3.7201600e+002  8.1200000e+002
  3.7288400e+002  8.6800000e+002
  3.7370000e+002  8.1600000e+002
  3.7454800e+002  8.4800000e+002
  3.7538000e+002  8.3200000e+002
  3.7625200e+002  8.7200000e+002
  3.7703600e+002  7.8400000e+002
  3.7789600e+002  8.6000000e+002
  3.7871600e+002  8.2000000e+002
  3.7956400e+002  8.4800000e+002
  3.8040000e+002  8.3600000e+002
  3.8120000e+002  8.0000000e+002
  3.8202000e+002  8.2000000e+002
  3.8282400e+002  8.0400000e+002
  3.8364800e+002  8.2400000e+002
  3.8446800e+002  8.2000000e+002
  3.8529600e+002  8.2800000e+002
  3.8613200e+002  8.3600000e+002
  3.8694400e+002  8.1200000e+002
  3.8778800e+002  8.4400000e+002
  3.8863200e+002  8.4400000e+002
  3.8946800e+002  8.3600000e+002
  3.9032000e+002  8.5200000e+002
  3.9114400e+002  8.2400000e+002
  3.9200400e+002  8.6000000e+002
  3.9286800e+002  8.6400000e+002
  3.9369200e+002  8.2400000e+002
  3.9457600e+002  8.8400000e+002
  3.9533200e+002  7.5600000e+002
  3.9623200e+002  9.0000000e+002
  3.9700000e+002  7.6800000e+002
  3.9786800e+002  8.6800000e+002
  3.9869200e+002  8.2400000e+002
  3.9943600e+002  7.4400000e+002
  4.0030000e+002  8.6400000e+002
  4.0109600e+002  7.9600000e+002
  4.0188800e+002  7.9200000e+002
  4.0270000e+002  8.1200000e+002
  4.0351200e+002  8.1200000e+002
  4.0432000e+002  8.0800000e+002
  4.0513600e+002  8.1600000e+002
  4.0595200e+002  8.1600000e+002
  4.0676400e+002  8.1200000e+002
  4.0756400e+002  8.0000000e+002
  4.0839200e+002  8.2800000e+002
  4.0921200e+002  8.2000000e+002
  4.1002000e+002  8.0800000e+002
  4.1085200e+002  8.3200000e+002
  4.1166400e+002  8.1200000e+002
  4.1249200e+002  8.2800000e+002
  4.1332400e+002  8.3200000e+002
  4.1413200e+002  8.0800000e+002
  4.1496400e+002  8.3200000e+002
  4.1578400e+002  8.2000000e+002
  4.1660000e+002  8.1600000e+002
  4.1742400e+002  8.2400000e+002
  4.1824000e+002  8.1600000e+002
  4.1907600e+002  8.3600000e+002
  4.1989200e+002  8.1600000e+002
  4.2072800e+002  8.3600000e+002
  4.2156000e+002  8.3200000e+002
  4.2238400e+002  8.2400000e+002
  4.2322800e+002  8.4400000e+002
  4.2405200e+002  8.2400000e+002
  4.2489200e+002  8.4000000e+002
  4.2572400e+002  8.3200000e+002
  4.2654800e+002  8.2400000e+002
  4.2737600e+002  8.2800000e+002
  4.2820800e+002  8.3200000e+002
  4.2897200e+002  7.6400000e+002
  4.2982000e+002  8.4800000e+002
  4.3064000e+002  8.2000000e+002
  4.3145600e+002  8.1600000e+002
  4.3224400e+002  7.8800000e+002
  4.3305200e+002  8.0800000e+002
  4.3384400e+002  7.9200000e+002
  4.3465200e+002  8.0800000e+002
  4.3546400e+002  8.1200000e+002
  4.3625600e+002  7.9200000e+002
  4.3707200e+002  8.1600000e+002
  4.3788800e+002  8.1600000e+002
  4.3868400e+002  7.9600000e+002
  4.3950800e+002  8.2400000e+002
  4.4032000e+002  8.1200000e+002
  4.4114000e+002  8.2000000e+002
  4.4197600e+002  8.3600000e+002
  4.4280000e+002  8.2400000e+002
  4.4364800e+002  8.4800000e+002
  4.4448800e+002  8.4000000e+002
  4.4535200e+002  8.6400000e+002
  4.4618800e+002  8.3600000e+002
  4.4706000e+002  8.7200000e+002
  4.4788800e+002  8.2800000e+002
  4.4876400e+002  8.7600000e+002
  4.4959200e+002  8.2800000e+002
  4.5042800e+002  8.3600000e+002
  4.5130800e+002  8.8000000e+002
  4.5214000e+002  8.3200000e+002
  4.5298800e+002  8.4800000e+002
  4.5382000e+002  8.3200000e+002
  4.5465600e+002  8.3600000e+002
  4.5548400e+002  8.2800000e+002
  4.5628400e+002  8.0000000e+002
  4.5709600e+002  8.1200000e+002
  4.5789200e+002  7.9600000e+002
  4.5871200e+002  8.2000000e+002
  4.5952000e+002  8.0800000e+002
  4.6032800e+002  8.0800000e+002
  4.6114800e+002  8.2000000e+002
  4.6193200e+002  7.8400000e+002
  4.6276400e+002  8.3200000e+002
  4.6358400e+002  8.2000000e+002
  4.6439600e+002  8.1200000e+002
  4.6519200e+002  7.9600000e+002
  4.6599200e+002  8.0000000e+002
  4.6680000e+002  8.0800000e+002
  4.6760000e+002  8.0000000e+002
  4.6839200e+002  7.9200000e+002
  4.6919600e+002  8.0400000e+002
  4.7000000e+002  8.0400000e+002
  4.7079600e+002  7.9600000e+002
  4.7159600e+002  8.0000000e+002
  4.7241200e+002  8.1600000e+002
  4.7322000e+002  8.0800000e+002
  4.7403200e+002  8.1200000e+002
  4.7486000e+002  8.2800000e+002
  4.7568800e+002  8.2800000e+002
  4.7649600e+002  8.0800000e+002
  4.7732000e+002  8.2400000e+002
  4.7813600e+002  8.1600000e+002
  4.7896400e+002  8.2800000e+002
  4.7980800e+002  8.4400000e+002
  4.8065600e+002  8.4800000e+002
  4.8151600e+002  8.6000000e+002
  4.8237200e+002  8.5600000e+002
  4.8323600e+002  8.6400000e+002
  4.8412000e+002  8.8400000e+002
  4.8499200e+002  8.7200000e+002
  4.8589600e+002  9.0400000e+002
  4.8678800e+002  8.9200000e+002
  4.8768400e+002  8.9600000e+002
  4.8861200e+002  9.2800000e+002
  4.8952400e+002  9.1200000e+002
  4.9047200e+002  9.4800000e+002
  4.9136400e+002  8.9200000e+002
  4.9230400e+002  9.4000000e+002
  4.9319600e+002  8.9200000e+002
  4.9414000e+002  9.4400000e+002
  4.9509200e+002  9.5200000e+002
  4.9603200e+002  9.4000000e+002
  4.9696000e+002  9.2800000e+002
  4.9783600e+002  8.7600000e+002
  4.9874400e+002  9.0800000e+002
  4.9963600e+002  8.9200000e+002
  5.0048800e+002  8.5200000e+002
  5.0134400e+002  8.5600000e+002
  5.0219200e+002  8.4800000e+002
  5.0303600e+002  8.4400000e+002
  5.0387200e+002  8.3600000e+002
  5.0459200e+002  7.2000000e+002
  5.0546800e+002  8.7600000e+002
  5.0628800e+002  8.2000000e+002
  5.0708000e+002  7.9200000e+002
  5.0789600e+002  8.1600000e+002
  5.0870400e+002  8.0800000e+002
  5.0951600e+002  8.1200000e+002
  5.1032800e+002  8.1200000e+002
  5.1113600e+002  8.0800000e+002
  5.1194800e+002  8.1200000e+002
  5.1276400e+002  8.1600000e+002
  5.1358400e+002  8.2000000e+002
  5.1441600e+002  8.3200000e+002
  5.1523600e+002  8.2000000e+002
  5.1608400e+002  8.4800000e+002
  5.1691200e+002  8.2800000e+002
  5.1776400e+002  8.5200000e+002
  5.1861600e+002  8.5200000e+002
  5.1947200e+002  8.5600000e+002
  5.2032000e+002  8.4800000e+002
  5.2114800e+002  8.2800000e+002
  5.2200000e+002  8.5200000e+002
  5.2284400e+002  8.4400000e+002
  5.2368400e+002  8.4000000e+002
  5.2452800e+002  8.4400000e+002
  5.2536000e+002  8.3200000e+002
  5.2621200e+002  8.5200000e+002
  5.2706000e+002  8.4800000e+002
  5.2790800e+002  8.4800000e+002
  5.2874000e+002  8.3200000e+002
  5.2959200e+002  8.5200000e+002
  5.3043200e+002  8.4000000e+002
  5.3127200e+002  8.4000000e+002
  5.3213200e+002  8.6000000e+002
  5.3295200e+002  8.2000000e+002
  5.3382400e+002  8.7200000e+002
  5.3465600e+002  8.3200000e+002
  5.3549200e+002  8.3600000e+002
  5.3635200e+002  8.6000000e+002
  5.3718400e+002  8.3200000e+002
  5.3804400e+002  8.6000000e+002
  5.3885200e+002  8.0800000e+002
  5.3968800e+002  8.3600000e+002
  5.4054400e+002  8.5600000e+002
  5.4137200e+002  8.2800000e+002
  5.4217200e+002  8.0000000e+002
  5.4302800e+002  8.5600000e+002
  5.4384400e+002  8.1600000e+002
  5.4467200e+002  8.2800000e+002
  5.4550400e+002  8.3200000e+002
  5.4632000e+002  8.1600000e+002
  5.4713200e+002  8.1200000e+002
  5.4793200e+002  8.0000000e+002
  5.4874800e+002  8.1600000e+002
  5.4955600e+002  8.0800000e+002
  5.5038800e+002  8.3200000e+002
  5.5114000e+002  7.5200000e+002
  5.5199600e+002  8.5600000e+002
  5.5274800e+002  7.5200000e+002
  5.5359200e+002  8.4400000e+002
  5.5440000e+002  8.0800000e+002
  5.5519200e+002  7.9200000e+002
  5.5600000e+002  8.0800000e+002
  5.5679600e+002  7.9600000e+002
  5.5760400e+002  8.0800000e+002
  5.5841200e+002  8.0800000e+002
  5.5919200e+002  7.8000000e+002
  5.6003200e+002  8.4000000e+002
  5.6082400e+002  7.9200000e+002
  5.6164000e+002  8.1600000e+002
  5.6245200e+002  8.1200000e+002
  5.6324400e+002  7.9200000e+002
  5.6405600e+002  8.1200000e+002
  5.6488000e+002  8.2400000e+002
  5.6567200e+002  7.9200000e+002
  5.6650000e+002  8.2800000e+002
  5.6731600e+002  8.1600000e+002
  5.6812000e+002  8.0400000e+002
  5.6895600e+002  8.3600000e+002
  5.6978400e+002  8.2800000e+002
  5.7059200e+002  8.0800000e+002
  5.7144000e+002  8.4800000e+002
  5.7227600e+002  8.3600000e+002
  5.7309600e+002  8.2000000e+002
  5.7392800e+002  8.3200000e+002
  5.7474400e+002  8.1600000e+002
  5.7554800e+002  8.0400000e+002
  5.7636000e+002  8.1200000e+002
  5.7714800e+002  7.8800000e+002
  5.7794400e+002  7.9600000e+002
  5.7872400e+002  7.8000000e+002
  5.7946800e+002  7.4400000e+002
  5.8019600e+002  7.2800000e+002
  5.8096400e+002  7.6800000e+002
  5.8173600e+002  7.7200000e+002
  5.8252000e+002  7.8400000e+002
  5.8333200e+002  8.1200000e+002
  5.8411200e+002  7.8000000e+002
  5.8491200e+002  8.0000000e+002
  5.8571200e+002  8.0000000e+002
  5.8651600e+002  8.0400000e+002
  5.8731200e+002  7.9600000e+002
  5.8811200e+002  8.0000000e+002
  5.8890400e+002  7.9200000e+002
  5.8970800e+002  8.0400000e+002
  5.9050400e+002  7.9600000e+002
  5.9130000e+002  7.9600000e+002
  5.9209200e+002  7.9200000e+002
  5.9288400e+002  7.9200000e+002
  5.9368000e+002  7.9600000e+002
  5.9447200e+002  7.9200000e+002
  5.9524800e+002  7.7600000e+002
  5.9602800e+002  7.8000000e+002
  5.9680000e+002  7.7200000e+002
  5.9757600e+002  7.7600000e+002
  5.9830000e+002  7.2400000e+002
  5.9906800e+002  7.6800000e+002
  5.9983200e+002  7.6400000e+002
  6.0059600e+002  7.6400000e+002
  6.0136000e+002  7.6400000e+002
  6.0210400e+002  7.4400000e+002
  6.0286800e+002  7.6400000e+002
  6.0362400e+002  7.5600000e+002
  6.0437600e+002  7.5200000e+002
  6.0513600e+002  7.6000000e+002
  6.0590000e+002  7.6400000e+002
  6.0666000e+002  7.6000000e+002
  6.0744000e+002  7.8000000e+002
  6.0822800e+002  7.8800000e+002
  6.0902000e+002  7.9200000e+002
  6.0981600e+002  7.9600000e+002
  6.1062000e+002  8.0400000e+002
  6.1143600e+002  8.1600000e+002
  6.1224400e+002  8.0800000e+002
  6.1305200e+002  8.0800000e+002
  6.1387600e+002  8.2400000e+002
  6.1469600e+002  8.2000000e+002
  6.1552400e+002  8.2800000e+002
  6.1633600e+002  8.1200000e+002
  6.1713600e+002  8.0000000e+002
  6.1794400e+002  8.0800000e+002
  6.1873600e+002  7.9200000e+002
  6.1954800e+002  8.1200000e+002
  6.2034000e+002  7.9200000e+002
  6.2115600e+002  8.1600000e+002
  6.2196400e+002  8.0800000e+002
  6.2277200e+002  8.0800000e+002
  6.2359600e+002  8.2400000e+002
  6.2439600e+002  8.0000000e+002
  6.2522000e+002  8.2400000e+002
  6.2604000e+002  8.2000000e+002
  6.2684000e+002  8.0000000e+002
  6.2766000e+002  8.2000000e+002
  6.2846800e+002  8.0800000e+002
  6.2928800e+002  8.2000000e+002
  6.3010000e+002  8.1200000e+002
  6.3092000e+002  8.2000000e+002
  6.3173600e+002  8.1600000e+002
  6.3255600e+002  8.2000000e+002
  6.3338000e+002  8.2400000e+002
  6.3419600e+002  8.1600000e+002
  6.3502400e+002  8.2800000e+002
  6.3584000e+002  8.1600000e+002
  6.3666400e+002  8.2400000e+002
  6.3747600e+002  8.1200000e+002
  6.3830000e+002  8.2400000e+002
  6.3911200e+002  8.1200000e+002
  6.3993600e+002  8.2400000e+002
  6.4075600e+002  8.2000000e+002
  6.4156000e+002  8.0400000e+002
  6.4238000e+002  8.2000000e+002
  6.4320000e+002  8.2000000e+002
  6.4401600e+002  8.1600000e+002
  6.4483600e+002  8.2000000e+002
  6.4566800e+002  8.3200000e+002
  6.4648000e+002  8.1200000e+002
  6.4732400e+002  8.4400000e+002
  6.4813200e+002  8.0800000e+002
  6.4898000e+002  8.4800000e+002
  6.4978000e+002  8.0000000e+002
  6.5062800e+002  8.4800000e+002
  6.5143600e+002  8.0800000e+002
  6.5224400e+002  8.0800000e+002
  6.5309600e+002  8.5200000e+002
  6.5389200e+002  7.9600000e+002
  6.5474400e+002  8.5200000e+002
  6.5554400e+002  8.0000000e+002
  6.5639600e+002  8.5200000e+002
  6.5724400e+002  8.4800000e+002
  6.5808400e+002  8.4000000e+002
  6.5891600e+002  8.3200000e+002
  6.5974400e+002  8.2800000e+002
  6.6052000e+002  7.7600000e+002
  6.6125600e+002  7.3600000e+002
  6.6208000e+002  8.2400000e+002
  6.6285600e+002  7.7600000e+002
  6.6359200e+002  7.3600000e+002
  6.6432000e+002  7.2800000e+002
  6.6509200e+002  7.7200000e+002
  6.6585200e+002  7.6000000e+002
  6.6666400e+002  8.1200000e+002
  6.6738400e+002  7.2000000e+002
  6.6818000e+002  7.9600000e+002
  6.6897600e+002  7.9600000e+002
  6.6976000e+002  7.8400000e+002
  6.7052400e+002  7.6400000e+002
  6.7130400e+002  7.8000000e+002
  6.7208000e+002  7.7600000e+002
  6.7286000e+002  7.8000000e+002
  6.7364000e+002  7.8000000e+002
  6.7442400e+002  7.8400000e+002
  6.7520800e+002  7.8400000e+002
  6.7600800e+002  8.0000000e+002
  6.7681200e+002  8.0400000e+002
  6.7762000e+002  8.0800000e+002
  6.7844400e+002  8.2400000e+002
  6.7925600e+002  8.1200000e+002
  6.8009200e+002  8.3600000e+002
  6.8093600e+002  8.4400000e+002
  6.8176400e+002  8.2800000e+002
  6.8261600e+002  8.5200000e+002
  6.8346800e+002  8.5200000e+002
  6.8429200e+002  8.2400000e+002
  6.8513600e+002  8.4400000e+002
  6.8596400e+002  8.2800000e+002
  6.8678800e+002  8.2400000e+002
  6.8761600e+002  8.2800000e+002
  6.8842800e+002  8.1200000e+002
  6.8926000e+002  8.3200000e+002
  6.9008400e+002  8.2400000e+002
  6.9089600e+002  8.1200000e+002
  6.9172400e+002  8.2800000e+002
  6.9252800e+002  8.0400000e+002
  6.9335600e+002  8.2800000e+002
  6.9417600e+002  8.2000000e+002
  6.9498400e+002  8.0800000e+002
  6.9581200e+002  8.2800000e+002
  6.9663600e+002  8.2400000e+002
  6.9745600e+002  8.2000000e+002
  6.9829600e+002  8.4000000e+002
  6.9908800e+002  7.9200000e+002
  6.9993600e+002  8.4800000e+002
  7.0076400e+002  8.2800000e+002
  7.0159600e+002  8.3200000e+002
  7.0240400e+002  8.0800000e+002
  7.0323200e+002  8.2800000e+002
  7.0408000e+002  8.4800000e+002
  7.0490000e+002  8.2000000e+002
  7.0571600e+002  8.1600000e+002
  7.0656000e+002  8.4400000e+002
  7.0736400e+002  8.0400000e+002
  7.0818400e+002  8.2000000e+002
  7.0903200e+002  8.4800000e+002
  7.0982400e+002  7.9200000e+002
  7.1066800e+002  8.4400000e+002
  7.1150000e+002  8.3200000e+002
  7.1230800e+002  8.0800000e+002
  7.1314400e+002  8.3600000e+002
  7.1392400e+002  7.8000000e+002
  7.1474000e+002  8.1600000e+002
  7.1557200e+002  8.3200000e+002
  7.1635600e+002  7.8400000e+002
  7.1716800e+002  8.1200000e+002
  7.1798000e+002  8.1200000e+002
  7.1878800e+002  8.0800000e+002
  7.1958800e+002  8.0000000e+002
  7.2041200e+002  8.2400000e+002
  7.2120000e+002  7.8800000e+002
  7.2202800e+002  8.2800000e+002
  7.2283200e+002  8.0400000e+002
  7.2362800e+002  7.9600000e+002
  7.2444800e+002  8.2000000e+002
  7.2524400e+002  7.9600000e+002
  7.2607600e+002  8.3200000e+002
  7.2688800e+002  8.1200000e+002
  7.2770800e+002  8.2000000e+002
  7.2852800e+002  8.2000000e+002
  7.2935200e+002  8.2400000e+002
  7.3017600e+002  8.2400000e+002
  7.3101200e+002  8.3600000e+002
  7.3184000e+002  8.2800000e+002
  7.3269600e+002  8.5600000e+002
  7.3350400e+002  8.0800000e+002
  7.3436800e+002  8.6400000e+002
  7.3521200e+002  8.4400000e+002
  7.3603200e+002  8.2000000e+002
  7.3689600e+002  8.6400000e+002
  7.3768800e+002  7.9200000e+002
  7.3854400e+002  8.5600000e+002
  7.3934400e+002  8.0000000e+002
  7.4016000e+002  8.1600000e+002
  7.4100800e+002  8.4800000e+002
  7.4180800e+002  8.0000000e+002
  7.4266000e+002  8.5200000e+002
  7.4346000e+002  8.0000000e+002
  7.4430400e+002  8.4400000e+002
  7.4512000e+002  8.1600000e+002
  7.4598000e+002  8.6000000e+002
  7.4679200e+002  8.1200000e+002
  7.4766400e+002  8.7200000e+002
  7.4849200e+002  8.2800000e+002
  7.4935200e+002  8.6000000e+002
  7.5019200e+002  8.4000000e+002
  7.5105600e+002  8.6400000e+002
  7.5189600e+002  8.4000000e+002
  7.5274000e+002  8.4400000e+002
  7.5361600e+002  8.7600000e+002
  7.5444400e+002  8.2800000e+002
  7.5531200e+002  8.6800000e+002
  7.5614800e+002  8.3600000e+002
  7.5698000e+002  8.3200000e+002
  7.5785200e+002  8.7200000e+002
  7.5867200e+002  8.2000000e+002
  7.5954000e+002  8.6800000e+002
  7.6035200e+002  8.1200000e+002
  7.6121600e+002  8.6400000e+002
  7.6203200e+002  8.1600000e+002
  7.6289200e+002  8.6000000e+002
  7.6371200e+002  8.2000000e+002
  7.6454000e+002  8.2800000e+002
  7.6539200e+002  8.5200000e+002
  7.6619200e+002  8.0000000e+002
  7.6704400e+002  8.5200000e+002
  7.6788400e+002  8.4000000e+002
  7.6868000e+002  7.9600000e+002
  7.6953200e+002  8.5200000e+002
  7.7034800e+002  8.1600000e+002
  7.7114800e+002  8.0000000e+002
  7.7199600e+002  8.4800000e+002
  7.7280800e+002  8.1200000e+002
  7.7360000e+002  7.9200000e+002
  7.7440400e+002  8.0400000e+002
  7.7523600e+002  8.3200000e+002
  7.7603200e+002  7.9600000e+002
  7.7679600e+002  7.6400000e+002
  7.7762400e+002  8.2800000e+002
  7.7844000e+002  8.1600000e+002
  7.7923600e+002  7.9600000e+002
  7.8004400e+002  8.0800000e+002
  7.8088800e+002  8.4400000e+002
  7.8170400e+002  8.1600000e+002
  7.8250800e+002  8.0400000e+002
  7.8336400e+002  8.5600000e+002
  7.8421200e+002  8.4800000e+002
  7.8499200e+002  7.8000000e+002
  7.8585200e+002  8.6000000e+002
  7.8667600e+002  8.2400000e+002
  7.8745600e+002  7.8000000e+002
  7.8831600e+002  8.6000000e+002
  7.8912400e+002  8.0800000e+002
  7.8995200e+002  8.2800000e+002
  7.9076000e+002  8.0800000e+002
  7.9157600e+002  8.1600000e+002
  7.9239600e+002  8.2000000e+002
  7.9320000e+002  8.0400000e+002
  7.9402000e+002  8.2000000e+002
  7.9485200e+002  8.3200000e+002
  7.9566400e+002  8.1200000e+002
  7.9652400e+002  8.6000000e+002
  7.9734000e+002  8.1600000e+002
  7.9818400e+002  8.4400000e+002
  7.9901200e+002  8.2800000e+002
  7.9984400e+002  8.3200000e+002
  8.0071200e+002  8.6800000e+002
  8.0152800e+002  8.1600000e+002
  8.0240800e+002  8.8000000e+002
  8.0324400e+002  8.3600000e+002
  8.0411200e+002  8.6800000e+002
  8.0497600e+002  8.6400000e+002
  8.0580800e+002  8.3200000e+002
  8.0670000e+002  8.9200000e+002
  8.0755200e+002  8.5200000e+002
  8.0842000e+002  8.6800000e+002
  8.0929600e+002  8.7600000e+002
  8.1012800e+002  8.3200000e+002
  8.1100800e+002  8.8000000e+002
  8.1189200e+002  8.8400000e+002
  8.1276800e+002  8.7600000e+002
  8.1357600e+002  8.0800000e+002
  8.1446400e+002  8.8800000e+002
  8.1530400e+002  8.4000000e+002
  8.1614000e+002  8.3600000e+002
  8.1700800e+002  8.6800000e+002
  8.1784400e+002  8.3600000e+002
  8.1868000e+002  8.3600000e+002
  8.1955200e+002  8.7200000e+002
  8.2033600e+002  7.8400000e+002
  8.2121600e+002  8.8000000e+002
  8.2206000e+002  8.4400000e+002
  8.2286800e+002  8.0800000e+002
  8.2371600e+002  8.4800000e+002
  8.2454400e+002  8.2800000e+002
  8.2538000e+002  8.3600000e+002
  8.2618800e+002  8.0800000e+002
  8.2699600e+002  8.0800000e+002
  8.2780800e+002  8.1200000e+002
  8.2860400e+002  7.9600000e+002
  8.2942400e+002  8.2000000e+002
  8.3019600e+002  7.7200000e+002
  8.3096400e+002  7.6800000e+002
  8.3179600e+002  8.3200000e+002
  8.3250400e+002  7.0800000e+002
  8.3324000e+002  7.3600000e+002
  8.3395600e+002  7.1600000e+002
  8.3471200e+002  7.5600000e+002
  8.3550800e+002  7.9600000e+002
  8.3628400e+002  7.7600000e+002
  8.3697600e+002  6.9200000e+002
  8.3764400e+002  6.6800000e+002
  8.3836000e+002  7.1600000e+002
  8.3902800e+002  6.6800000e+002
  8.3970000e+002  6.7200000e+002
  8.4038800e+002  6.8800000e+002
  8.4106000e+002  6.7200000e+002
  8.4185600e+002  7.9600000e+002
  8.4261200e+002  7.5600000e+002
  8.4335600e+002  7.4400000e+002
  8.4408800e+002  7.3200000e+002
  8.4480800e+002  7.2000000e+002
  8.4554400e+002  7.3600000e+002
  8.4628000e+002  7.3600000e+002
  8.4701600e+002  7.3600000e+002
  8.4775200e+002  7.3600000e+002
  8.4847600e+002  7.2400000e+002
  8.4920000e+002  7.2400000e+002
  8.4992800e+002  7.2800000e+002
  8.5065200e+002  7.2400000e+002
  8.5137200e+002  7.2000000e+002
  8.5211200e+002  7.4000000e+002
  8.5283200e+002  7.2000000e+002
  8.5357200e+002  7.4000000e+002
  8.5429600e+002  7.2400000e+002
  8.5503600e+002  7.4000000e+002
  8.5576400e+002  7.2800000e+002
  8.5650400e+002  7.4000000e+002
  8.5723200e+002  7.2800000e+002
  8.5796800e+002  7.3600000e+002
  8.5870000e+002  7.3200000e+002
  8.5943600e+002  7.3600000e+002
  8.6016800e+002  7.3200000e+002
  8.6090800e+002  7.4000000e+002
  8.6164000e+002  7.3200000e+002
  8.6238400e+002  7.4400000e+002
  8.6312000e+002  7.3600000e+002
  8.6386800e+002  7.4800000e+002
  8.6460800e+002  7.4000000e+002
  8.6536400e+002  7.5600000e+002
  8.6610800e+002  7.4400000e+002
  8.6686800e+002  7.6000000e+002
  8.6763600e+002  7.6800000e+002
  8.6840000e+002  7.6400000e+002
  8.6916400e+002  7.6400000e+002
  8.6993600e+002  7.7200000e+002
  8.7070800e+002  7.7200000e+002
  8.7148000e+002  7.7200000e+002
  8.7225200e+002  7.7200000e+002
  8.7302000e+002  7.6800000e+002
  8.7379200e+002  7.7200000e+002
  8.7456000e+002  7.6800000e+002
  8.7532800e+002  7.6800000e+002
  8.7610000e+002  7.7200000e+002
  8.7686800e+002  7.6800000e+002
  8.7764000e+002  7.7200000e+002
  8.7840800e+002  7.6800000e+002
  8.7918800e+002  7.8000000e+002
  8.7995600e+002  7.6800000e+002
  8.8073200e+002  7.7600000e+002
  8.8150000e+002  7.6800000e+002
  8.8228000e+002  7.8000000e+002
  8.8304400e+002  7.6400000e+002
  8.8382800e+002  7.8400000e+002
  8.8460000e+002  7.7200000e+002
  8.8538000e+002  7.8000000e+002
  8.8617200e+002  7.9200000e+002
  8.8693600e+002  7.6400000e+002
  8.8772400e+002  7.8800000e+002
  8.8847200e+002  7.4800000e+002
  8.8926400e+002  7.9200000e+002
  8.9003600e+002  7.7200000e+002
  8.9078400e+002  7.4800000e+002
  8.9156400e+002  7.8000000e+002
  8.9233600e+002  7.7200000e+002
  8.9310800e+002  7.7200000e+002
  8.9384800e+002  7.4000000e+002
  8.9461600e+002  7.6800000e+002
  8.9536000e+002  7.4400000e+002
  8.9610800e+002  7.4800000e+002
  8.9684800e+002  7.4000000e+002
  8.9760400e+002  7.5600000e+002
  8.9836400e+002  7.6000000e+002
  8.9912000e+002  7.5600000e+002
  8.9982000e+002  7.0000000e+002
  9.0059200e+002  7.7200000e+002
  9.0135600e+002  7.6400000e+002
  9.0212000e+002  7.6400000e+002
  9.0287200e+002  7.5200000e+002
  9.0364400e+002  7.7200000e+002
  9.0440800e+002  7.6400000e+002
  9.0517600e+002  7.6800000e+002
  9.0594800e+002  7.7200000e+002
  9.0670800e+002  7.6000000e+002
  9.0748400e+002  7.7600000e+002
  9.0826000e+002  7.7600000e+002
  9.0902800e+002  7.6800000e+002
  9.0981600e+002  7.8800000e+002
  9.1059200e+002  7.7600000e+002
  9.1138400e+002  7.9200000e+002
  9.1218400e+002  8.0000000e+002
  9.1297200e+002  7.8800000e+002
  9.1378400e+002  8.1200000e+002
  9.1458800e+002  8.0400000e+002
  9.1542400e+002  8.3600000e+002
  9.1625600e+002  8.3200000e+002
  9.1711600e+002  8.6000000e+002
  9.1796800e+002  8.5200000e+002
  9.1884800e+002  8.8000000e+002
  9.1973200e+002  8.8400000e+002
  9.2063600e+002  9.0400000e+002
  9.2154800e+002  9.1200000e+002
  9.2248800e+002  9.4000000e+002
  9.2342400e+002  9.3600000e+002
  9.2436800e+002  9.4400000e+002
  9.2531600e+002  9.4800000e+002
  9.2624000e+002  9.2400000e+002
  9.2718400e+002  9.4400000e+002
  9.2808800e+002  9.0400000e+002
  9.2900800e+002  9.2000000e+002
  9.2990800e+002  9.0000000e+002
  9.3079200e+002  8.8400000e+002
  9.3167200e+002  8.8000000e+002
  9.3242800e+002  7.5600000e+002
  9.3338000e+002  9.5200000e+002
  9.3424400e+002  8.6400000e+002
  9.3509600e+002  8.5200000e+002
  9.3594800e+002  8.5200000e+002
  9.3678400e+002  8.3600000e+002
  9.3757600e+002  7.9200000e+002
  9.3844800e+002  8.7200000e+002
  9.3929600e+002  8.4800000e+002
  9.4012800e+002  8.3200000e+002
  9.4097200e+002  8.4400000e+002
  9.4180400e+002  8.3200000e+002
  9.4265200e+002  8.4800000e+002
  9.4348400e+002  8.3200000e+002
  9.4433200e+002  8.4800000e+002
  9.4516400e+002  8.3200000e+002
  9.4602000e+002  8.5600000e+002
  9.4685200e+002  8.3200000e+002
  9.4771200e+002  8.6000000e+002
  9.4854800e+002  8.3600000e+002
  9.4940000e+002  8.5200000e+002
  9.5024000e+002  8.4000000e+002
  9.5107600e+002  8.3600000e+002
  9.5192000e+002  8.4400000e+002
  9.5275600e+002  8.3600000e+002
  9.5360800e+002  8.5200000e+002
  9.5444400e+002  8.3600000e+002
  9.5529600e+002  8.5200000e+002
  9.5612800e+002  8.3200000e+002
  9.5698000e+002  8.5200000e+002
  9.5781600e+002  8.3600000e+002
  9.5865200e+002  8.3600000e+002
  9.5949200e+002  8.4000000e+002
  9.6032800e+002  8.3600000e+002
  9.6118000e+002  8.5200000e+002
  9.6201600e+002  8.3600000e+002
  9.6287200e+002  8.5600000e+002
  9.6371200e+002  8.4000000e+002
  9.6457600e+002  8.6400000e+002
  9.6542400e+002  8.4800000e+002
  9.6628400e+002  8.6000000e+002
  9.6713200e+002  8.4800000e+002
  9.6798400e+002  8.5200000e+002
  9.6884400e+002  8.6000000e+002
  9.6968400e+002  8.4000000e+002
  9.7054800e+002  8.6400000e+002
  9.7138800e+002  8.4000000e+002
  9.7224400e+002  8.5600000e+002
  9.7308000e+002  8.3600000e+002
  9.7393200e+002  8.5200000e+002
  9.7477600e+002  8.4400000e+002
  9.7561600e+002  8.4000000e+002
  9.7647200e+002  8.5600000e+002
  9.7731600e+002  8.4400000e+002
  9.7817600e+002  8.6000000e+002
  9.7902000e+002  8.4400000e+002
  9.7988400e+002  8.6400000e+002
  9.8072800e+002  8.4400000e+002
  9.8158000e+002  8.5200000e+002
  9.8243600e+002  8.5600000e+002
  9.8328400e+002  8.4800000e+002
  9.8414000e+002  8.5600000e+002
  9.8498800e+002  8.4800000e+002
  9.8585200e+002  8.6400000e+002
  9.8669600e+002  8.4400000e+002
  9.8758400e+002  8.8800000e+002
  9.8842400e+002  8.4000000e+002
  9.8928800e+002  8.6400000e+002
  9.9014000e+002  8.5200000e+002
  9.9099200e+002  8.5200000e+002
  9.9185200e+002  8.6000000e+002
  9.9270000e+002  8.4800000e+002
  9.9356800e+002  8.6800000e+002
  9.9441600e+002  8.4800000e+002
  9.9528000e+002  8.6400000e+002
  9.9612400e+002  8.4400000e+002
  9.9698800e+002  8.6400000e+002
  9.9783600e+002  8.4800000e+002
  9.9868800e+002  8.5200000e+002
  9.9954800e+002  8.6000000e+002
  1.0003920e+003  8.4400000e+002
  1.0012520e+003  8.6000000e+002
  1.0020960e+003  8.4400000e+002
  1.0029680e+003  8.7200000e+002
  1.0038120e+003  8.4400000e+002
  1.0046640e+003  8.5200000e+002
  1.0055240e+003  8.6000000e+002
  1.0063880e+003  8.6400000e+002
  1.0072000e+003  8.1200000e+002
  1.0080560e+003  8.5600000e+002
  1.0089000e+003  8.4400000e+002
  1.0096880e+003  7.8800000e+002
  1.0105480e+003  8.6000000e+002
  1.0113800e+003  8.3200000e+002
  1.0121960e+003  8.1600000e+002
  1.0130240e+003  8.2800000e+002
  1.0138280e+003  8.0400000e+002
  1.0146600e+003  8.3200000e+002
  1.0154800e+003  8.2000000e+002
  1.0163000e+003  8.2000000e+002
  1.0171160e+003  8.1600000e+002
  1.0179320e+003  8.1600000e+002
  1.0187480e+003  8.1600000e+002
  1.0195520e+003  8.0400000e+002
  1.0203760e+003  8.2400000e+002
  1.0211800e+003  8.0400000e+002
  1.0220160e+003  8.3600000e+002
  1.0228240e+003  8.0800000e+002
  1.0236480e+003  8.2400000e+002
  1.0244800e+003  8.3200000e+002
  1.0253040e+003  8.2400000e+002
  1.0261360e+003  8.3200000e+002
  1.0269560e+003  8.2000000e+002
  1.0278040e+003  8.4800000e+002
  1.0286240e+003  8.2000000e+002
  1.0294720e+003  8.4800000e+002
  1.0303240e+003  8.5200000e+002
  1.0311520e+003  8.2800000e+002
  1.0320080e+003  8.5600000e+002
  1.0328480e+003  8.4000000e+002
  1.0337040e+003  8.5600000e+002
  1.0345960e+003  8.9200000e+002
  1.0354520e+003  8.5600000e+002
  1.0362880e+003  8.3600000e+002
  1.0371720e+003  8.8400000e+002
  1.0380120e+003  8.4000000e+002
  1.0387040e+003  6.9200000e+002
  1.0396560e+003  9.5200000e+002
  1.0404840e+003  8.2800000e+002
  1.0413400e+003  8.5600000e+002
  1.0421840e+003  8.4400000e+002
  1.0430160e+003  8.3200000e+002
  1.0438640e+003  8.4800000e+002
  1.0447000e+003  8.3600000e+002
  1.0455560e+003  8.5600000e+002
  1.0463960e+003  8.4000000e+002
  1.0472400e+003  8.4400000e+002
  1.0480880e+003  8.4800000e+002
  1.0489360e+003  8.4800000e+002
  1.0497680e+003  8.3200000e+002
  1.0506120e+003  8.4400000e+002
  1.0514400e+003  8.2800000e+002
  1.0522640e+003  8.2400000e+002
  1.0531000e+003  8.3600000e+002
  1.0539160e+003  8.1600000e+002
  1.0547600e+003  8.4400000e+002
  1.0555640e+003  8.0400000e+002
  1.0564040e+003  8.4000000e+002
  1.0572600e+003  8.5600000e+002
  1.0580520e+003  7.9200000e+002
  1.0588680e+003  8.1600000e+002
  1.0596960e+003  8.2800000e+002
  1.0605320e+003  8.3600000e+002
  1.0613400e+003  8.0800000e+002
  1.0621600e+003  8.2000000e+002
  1.0629760e+003  8.1600000e+002
  1.0637840e+003  8.0800000e+002
  1.0646040e+003  8.2000000e+002
  1.0653800e+003  7.7600000e+002
  1.0662000e+003  8.2000000e+002
  1.0670000e+003  8.0000000e+002
  1.0678480e+003  8.4800000e+002
  1.0686480e+003  8.0000000e+002
  1.0694720e+003  8.2400000e+002
  1.0702880e+003  8.1600000e+002
  1.0711000e+003  8.1200000e+002
  1.0719240e+003  8.2400000e+002
  1.0727440e+003  8.2000000e+002
  1.0735640e+003  8.2000000e+002
  1.0743920e+003  8.2800000e+002
  1.0752080e+003  8.1600000e+002
  1.0760520e+003  8.4400000e+002
  1.0768800e+003  8.2800000e+002
  1.0777640e+003  8.8400000e+002
  1.0785880e+003  8.2400000e+002
  1.0794680e+003  8.8000000e+002
  1.0803240e+003  8.5600000e+002
  1.0811760e+003  8.5200000e+002
  1.0820760e+003  9.0000000e+002
  1.0829160e+003  8.4000000e+002
  1.0837960e+003  8.8000000e+002
  1.0846560e+003  8.6000000e+002
  1.0855280e+003  8.7200000e+002
  1.0864000e+003  8.7200000e+002
  1.0872640e+003  8.6400000e+002
  1.0881400e+003  8.7600000e+002
  1.0889960e+003  8.5600000e+002
  1.0898720e+003  8.7600000e+002
  1.0907320e+003  8.6000000e+002
  1.0916320e+003  9.0000000e+002
  1.0924720e+003  8.4000000e+002
  1.0933400e+003  8.6800000e+002
  1.0942080e+003  8.6800000e+002
  1.0950680e+003  8.6000000e+002
  1.0959400e+003  8.7200000e+002
  1.0967880e+003  8.4800000e+002
  1.0976600e+003  8.7200000e+002
  1.0985120e+003  8.5200000e+002
  1.0993800e+003  8.6800000e+002
  1.1002200e+003  8.4000000e+002
  1.1010760e+003  8.5600000e+002
  1.1019200e+003  8.4400000e+002
  1.1027560e+003  8.3600000e+002
  1.1035960e+003  8.4000000e+002
  1.1044040e+003  8.0800000e+002
  1.1052240e+003  8.2000000e+002
  1.1060720e+003  8.4800000e+002
  1.1068480e+003  7.7600000e+002
  1.1076960e+003  8.4800000e+002
  1.1084920e+003  7.9600000e+002
  1.1093240e+003  8.3200000e+002
  1.1101440e+003  8.2000000e+002
  1.1109440e+003  8.0000000e+002
  1.1117640e+003  8.2000000e+002
  1.1125640e+003  8.0000000e+002
  1.1133880e+003  8.2400000e+002
  1.1141880e+003  8.0000000e+002
  1.1150080e+003  8.2000000e+002
  1.1158240e+003  8.1600000e+002
  1.1166360e+003  8.1200000e+002
  1.1174640e+003  8.2800000e+002
  1.1182600e+003  7.9600000e+002
  1.1190920e+003  8.3200000e+002
  1.1199200e+003  8.2800000e+002
  1.1207200e+003  8.0000000e+002
  1.1215400e+003  8.2000000e+002
  1.1223680e+003  8.2800000e+002
  1.1231840e+003  8.1600000e+002
  1.1240240e+003  8.4000000e+002
  1.1248400e+003  8.1600000e+002
  1.1257000e+003  8.6000000e+002
  1.1265160e+003  8.1600000e+002
  1.1273520e+003  8.3600000e+002
  1.1282000e+003  8.4800000e+002
  1.1290360e+003  8.3600000e+002
  1.1299200e+003  8.8400000e+002
  1.1307520e+003  8.3200000e+002
  1.1316400e+003  8.8800000e+002
  1.1324800e+003  8.4000000e+002
  1.1333480e+003  8.6800000e+002
  1.1342120e+003  8.6400000e+002
  1.1350960e+003  8.8400000e+002
  1.1359680e+003  8.7200000e+002
  1.1368480e+003  8.8000000e+002
  1.1377440e+003  8.9600000e+002
  1.1385960e+003  8.5200000e+002
  1.1395040e+003  9.0800000e+002
  1.1403600e+003  8.5600000e+002
  1.1412280e+003  8.6800000e+002
  1.1421080e+003  8.8000000e+002
  1.1429960e+003  8.8800000e+002
  1.1438880e+003  8.9200000e+002
  1.1447480e+003  8.6000000e+002
  1.1456600e+003  9.1200000e+002
  1.1465160e+003  8.5600000e+002
  1.1474320e+003  9.1600000e+002
  1.1483000e+003  8.6800000e+002
  1.1491960e+003  8.9600000e+002
  1.1500720e+003  8.7600000e+002
  1.1509480e+003  8.7600000e+002
  1.1518480e+003  9.0000000e+002
  1.1527160e+003  8.6800000e+002
  1.1536080e+003  8.9200000e+002
  1.1544680e+003  8.6000000e+002
  1.1553520e+003  8.8400000e+002
  1.1562160e+003  8.6400000e+002
  1.1570920e+003  8.7600000e+002
  1.1579600e+003  8.6800000e+002
  1.1588240e+003  8.6400000e+002
  1.1596960e+003  8.7200000e+002
  1.1605560e+003  8.6000000e+002
  1.1614240e+003  8.6800000e+002
  1.1622800e+003  8.5600000e+002
  1.1631520e+003  8.7200000e+002
  1.1640000e+003  8.4800000e+002
  1.1648760e+003  8.7600000e+002
  1.1657200e+003  8.4400000e+002
  1.1665960e+003  8.7600000e+002
  1.1674360e+003  8.4000000e+002
  1.1683080e+003  8.7200000e+002
  1.1691520e+003  8.4400000e+002
  1.1700080e+003  8.5600000e+002
  1.1708600e+003  8.5200000e+002
  1.1717000e+003  8.4000000e+002
  1.1725520e+003  8.5200000e+002
  1.1733920e+003  8.4000000e+002
  1.1742520e+003  8.6000000e+002
  1.1750920e+003  8.4000000e+002
  1.1759600e+003  8.6800000e+002
  1.1767960e+003  8.3600000e+002
  1.1776560e+003  8.6000000e+002
  1.1785000e+003  8.4400000e+002
  1.1793480e+003  8.4800000e+002
  1.1801960e+003  8.4800000e+002
  1.1810320e+003  8.3600000e+002
  1.1818880e+003  8.5600000e+002
  1.1827280e+003  8.4000000e+002
  1.1835880e+003  8.6000000e+002
  1.1844480e+003  8.6000000e+002
  1.1852720e+003  8.2400000e+002
  1.1861520e+003  8.8000000e+002
  1.1869520e+003  8.0000000e+002
  1.1878320e+003  8.8000000e+002
  1.1886360e+003  8.0400000e+002
  1.1894800e+003  8.4400000e+002
  1.1903360e+003  8.5600000e+002
  1.1911000e+003  7.6400000e+002
  1.1919600e+003  8.6000000e+002
  1.1927920e+003  8.3200000e+002
  1.1936080e+003  8.1600000e+002
  1.1944440e+003  8.3600000e+002
  1.1952560e+003  8.1200000e+002
  1.1961040e+003  8.4800000e+002
  1.1969280e+003  8.2400000e+002
  1.1977840e+003  8.5600000e+002
  1.1986120e+003  8.2800000e+002
  1.1994440e+003  8.3200000e+002
  1.2002920e+003  8.4800000e+002
  1.2011280e+003  8.3600000e+002
  1.2019800e+003  8.5200000e+002
  1.2028120e+003  8.3200000e+002
  1.2036720e+003  8.6000000e+002
  1.2045080e+003  8.3600000e+002
  1.2053680e+003  8.6000000e+002
  1.2062080e+003  8.4000000e+002
  1.2070520e+003  8.4400000e+002
  1.2078960e+003  8.4400000e+002
  1.2087280e+003  8.3200000e+002
  1.2095720e+003  8.4400000e+002
  1.2103960e+003  8.2400000e+002
  1.2112360e+003  8.4000000e+002
  1.2120600e+003  8.2400000e+002
  1.2129000e+003  8.4000000e+002
  1.2137240e+003  8.2400000e+002
  1.2145760e+003  8.5200000e+002
  1.2154080e+003  8.3200000e+002
  1.2162600e+003  8.5200000e+002
  1.2171000e+003  8.4000000e+002
  1.2179440e+003  8.4400000e+002
  1.2187960e+003  8.5200000e+002
  1.2196360e+003  8.4000000e+002
  1.2205000e+003  8.6400000e+002
  1.2213480e+003  8.4800000e+002
  1.2222440e+003  8.9600000e+002
  1.2230840e+003  8.4000000e+002
  1.2239840e+003  9.0000000e+002
  1.2248280e+003  8.4400000e+002
  1.2256960e+003  8.6800000e+002
  1.2265720e+003  8.7600000e+002
  1.2274400e+003  8.6800000e+002
  1.2283280e+003  8.8800000e+002
  1.2291920e+003  8.6400000e+002
  1.2301040e+003  9.1200000e+002
  1.2309520e+003  8.4800000e+002
  1.2318640e+003  9.1200000e+002
  1.2327240e+003  8.6000000e+002
  1.2336280e+003  9.0400000e+002
  1.2345000e+003  8.7200000e+002
  1.2354040e+003  9.0400000e+002
  1.2362920e+003  8.8800000e+002
  1.2371880e+003  8.9600000e+002
  1.2380800e+003  8.9200000e+002
  1.2389600e+003  8.8000000e+002
  1.2398800e+003  9.2000000e+002
  1.2407480e+003  8.6800000e+002
  1.2416720e+003  9.2400000e+002
  1.2425320e+003  8.6000000e+002
  1.2434320e+003  9.0000000e+002
  1.2443120e+003  8.8000000e+002
  1.2451840e+003  8.7200000e+002
  1.2460760e+003  8.9200000e+002
  1.2469480e+003  8.7200000e+002
  1.2478600e+003  9.1200000e+002
  1.2487080e+003  8.4800000e+002
  1.2496160e+003  9.0800000e+002
  1.2504720e+003  8.5600000e+002
  1.2513440e+003  8.7200000e+002
  1.2522160e+003  8.7200000e+002
  1.2530720e+003  8.5600000e+002
  1.2539440e+003  8.7200000e+002
  1.2547920e+003  8.4800000e+002
  1.2556600e+003  8.6800000e+002
  1.2564840e+003  8.2400000e+002
  1.2573640e+003  8.8000000e+002
  1.2582360e+003  8.7200000e+002
  1.2590760e+003  8.4000000e+002
  1.2598560e+003  7.8000000e+002
  1.2607320e+003  8.7600000e+002
  1.2615720e+003  8.4000000e+002
  1.2623720e+003  8.0000000e+002
  1.2632040e+003  8.3200000e+002
  1.2640320e+003  8.2800000e+002
  1.2648360e+003  8.0400000e+002
  1.2656560e+003  8.2000000e+002
  1.2664720e+003  8.1600000e+002
  1.2672720e+003  8.0000000e+002
  1.2680880e+003  8.1600000e+002
  1.2689000e+003  8.1200000e+002
  1.2696920e+003  7.9200000e+002
  1.2704880e+003  7.9600000e+002
  1.2712800e+003  7.9200000e+002
  1.2720360e+003  7.5600000e+002
  1.2727680e+003  7.3200000e+002
  1.2734800e+003  7.1200000e+002
  1.2743040e+003  8.2400000e+002
  1.2750680e+003  7.6400000e+002
  1.2758400e+003  7.7200000e+002
  1.2766240e+003  7.8400000e+002
  1.2773880e+003  7.6400000e+002
  1.2781640e+003  7.7600000e+002
  1.2789280e+003  7.6400000e+002
  1.2797120e+003  7.8400000e+002
  1.2804840e+003  7.7200000e+002
  1.2812680e+003  7.8400000e+002
  1.2820520e+003  7.8400000e+002
  1.2828280e+003  7.7600000e+002
  1.2836200e+003  7.9200000e+002
  1.2844000e+003  7.8000000e+002
  1.2852040e+003  8.0400000e+002
  1.2859960e+003  7.9200000e+002
  1.2867880e+003  7.9200000e+002
  1.2875920e+003  8.0400000e+002
  1.2883800e+003  7.8800000e+002
  1.2891840e+003  8.0400000e+002
  1.2899720e+003  7.8800000e+002
  1.2907800e+003  8.0800000e+002
  1.2915720e+003  7.9200000e+002
  1.2923680e+003  7.9600000e+002
  1.2931720e+003  8.0400000e+002
  1.2939600e+003  7.8800000e+002
  1.2947680e+003  8.0800000e+002
  1.2955600e+003  7.9200000e+002
  1.2963680e+003  8.0800000e+002
  1.2971680e+003  8.0000000e+002
  1.2979760e+003  8.0800000e+002
  1.2987880e+003  8.1200000e+002
  1.2995960e+003  8.0800000e+002
  1.3003880e+003  7.9200000e+002
  1.3012000e+003  8.1200000e+002
  1.3020120e+003  8.1200000e+002
  1.3027760e+003  7.6400000e+002
  1.3036120e+003  8.3600000e+002
  1.3044280e+003  8.1600000e+002
  1.3052080e+003  7.8000000e+002
  1.3060120e+003  8.0400000e+002
  1.3068000e+003  7.8800000e+002
  1.3075960e+003  7.9600000e+002
  1.3083960e+003  8.0000000e+002
  1.3091800e+003  7.8400000e+002
  1.3099800e+003  8.0000000e+002
  1.3107640e+003  7.8400000e+002
  1.3115680e+003  8.0400000e+002
  1.3123600e+003  7.9200000e+002
  1.3131640e+003  8.0400000e+002
  1.3139680e+003  8.0400000e+002
  1.3147680e+003  8.0000000e+002
  1.3155840e+003  8.1600000e+002
  1.3163840e+003  8.0000000e+002
  1.3172080e+003  8.2400000e+002
  1.3180240e+003  8.1600000e+002
  1.3188280e+003  8.0400000e+002
  1.3196520e+003  8.2400000e+002
  1.3204520e+003  8.0000000e+002
  1.3212760e+003  8.2400000e+002
  1.3220840e+003  8.0800000e+002
  1.3229040e+003  8.2000000e+002
  1.3237200e+003  8.1600000e+002
  1.3245440e+003  8.2400000e+002
  1.3253720e+003  8.2800000e+002
  1.3261800e+003  8.0800000e+002
  1.3269440e+003  7.6400000e+002
  1.3277480e+003  8.0400000e+002
  1.3285520e+003  8.0400000e+002
  1.3293080e+003  7.5600000e+002
  1.3301160e+003  8.0800000e+002
  1.3309280e+003  8.1200000e+002
  1.3316640e+003  7.3600000e+002
  1.3324720e+003  8.0800000e+002
  1.3332640e+003  7.9200000e+002
  1.3340520e+003  7.8800000e+002
  1.3348280e+003  7.7600000e+002
  1.3356280e+003  8.0000000e+002
  1.3364160e+003  7.8800000e+002
  1.3371880e+003  7.7200000e+002
  1.3379800e+003  7.9200000e+002
  1.3387600e+003  7.8000000e+002
  1.3395520e+003  7.9200000e+002
  1.3403440e+003  7.9200000e+002
  1.3411240e+003  7.8000000e+002
  1.3419240e+003  8.0000000e+002
  1.3427040e+003  7.8000000e+002
  1.3435080e+003  8.0400000e+002
  1.3443000e+003  7.9200000e+002
  1.3450880e+003  7.8800000e+002
  1.3458760e+003  7.8800000e+002
  1.3466480e+003  7.7200000e+002
  1.3474160e+003  7.6800000e+002
  1.3481840e+003  7.6800000e+002
  1.3489600e+003  7.7600000e+002
  1.3496960e+003  7.3600000e+002
  1.3504880e+003  7.9200000e+002
  1.3512480e+003  7.6000000e+002
  1.3519920e+003  7.4400000e+002
  1.3527600e+003  7.6800000e+002
  1.3535200e+003  7.6000000e+002
  1.3542680e+003  7.4800000e+002
  1.3550320e+003  7.6400000e+002
  1.3557880e+003  7.5600000e+002
  1.3565400e+003  7.5200000e+002
  1.3573080e+003  7.6800000e+002
  1.3580640e+003  7.5600000e+002
  1.3588280e+003  7.6400000e+002
  1.3596000e+003  7.7200000e+002
  1.3603560e+003  7.5600000e+002
  1.3611280e+003  7.7200000e+002
  1.3618840e+003  7.5600000e+002
  1.3626600e+003  7.7600000e+002
  1.3634280e+003  7.6800000e+002
  1.3641920e+003  7.6400000e+002
  1.3649680e+003  7.7600000e+002
  1.3657360e+003  7.6800000e+002
  1.3665200e+003  7.8400000e+002
  1.3672880e+003  7.6800000e+002
  1.3680800e+003  7.9200000e+002
  1.3688720e+003  7.9200000e+002
  1.3696680e+003  7.9600000e+002
  1.3704600e+003  7.9200000e+002
  1.3712600e+003  8.0000000e+002
  1.3720800e+003  8.2000000e+002
  1.3728800e+003  8.0000000e+002
  1.3737080e+003  8.2800000e+002
  1.3745240e+003  8.1600000e+002
  1.3753440e+003  8.2000000e+002
  1.3761800e+003  8.3600000e+002
  1.3770080e+003  8.2800000e+002
  1.3778520e+003  8.4400000e+002
  1.3786800e+003  8.2800000e+002
  1.3795320e+003  8.5200000e+002
  1.3803680e+003  8.3600000e+002
  1.3812160e+003  8.4800000e+002
  1.3820680e+003  8.5200000e+002
  1.3829040e+003  8.3600000e+002
  1.3837640e+003  8.6000000e+002
  1.3846000e+003  8.3600000e+002
  1.3854520e+003  8.5200000e+002
  1.3863040e+003  8.5200000e+002
  1.3871440e+003  8.4000000e+002
  1.3880040e+003  8.6000000e+002
  1.3888440e+003  8.4000000e+002
  1.3897080e+003  8.6400000e+002
  1.3905440e+003  8.3600000e+002
  1.3914080e+003  8.6400000e+002
  1.3922440e+003  8.3600000e+002
  1.3931040e+003  8.6000000e+002
  1.3939520e+003  8.4800000e+002
  1.3948000e+003  8.4800000e+002
  1.3956520e+003  8.5200000e+002
  1.3964960e+003  8.4400000e+002
  1.3973600e+003  8.6400000e+002
  1.3982000e+003  8.4000000e+002
  1.3990680e+003  8.6800000e+002
  1.3999080e+003  8.4000000e+002
  1.4007720e+003  8.6400000e+002
  1.4016200e+003  8.4800000e+002
  1.4024720e+003  8.5200000e+002
  1.4033200e+003  8.4800000e+002
  1.4041680e+003  8.4800000e+002
  1.4050160e+003  8.4800000e+002
  1.4058600e+003  8.4400000e+002
  1.4067200e+003  8.6000000e+002
  1.4075560e+003  8.3600000e+002
  1.4084240e+003  8.6800000e+002
  1.4092600e+003  8.3600000e+002
  1.4101080e+003  8.4800000e+002
  1.4109560e+003  8.4800000e+002
  1.4118000e+003  8.4400000e+002
  1.4126560e+003  8.5600000e+002
  1.4134960e+003  8.4000000e+002
  1.4143640e+003  8.6800000e+002
  1.4152000e+003  8.3600000e+002
  1.4160680e+003  8.6800000e+002
  1.4169080e+003  8.4000000e+002
  1.4177640e+003  8.5600000e+002
  1.4186080e+003  8.4400000e+002
  1.4194600e+003  8.5200000e+002
  1.4203120e+003  8.5200000e+002
  1.4211600e+003  8.4800000e+002
  1.4220200e+003  8.6000000e+002
  1.4228600e+003  8.4000000e+002
  1.4237240e+003  8.6400000e+002
  1.4245680e+003  8.4400000e+002
  1.4254320e+003  8.6400000e+002
  1.4262720e+003  8.4000000e+002
  1.4271440e+003  8.7200000e+002
  1.4279920e+003  8.4800000e+002
  1.4288560e+003  8.6400000e+002
  1.4297040e+003  8.4800000e+002
  1.4305520e+003  8.4800000e+002
  1.4314080e+003  8.5600000e+002
  1.4322560e+003  8.4800000e+002
  1.4331240e+003  8.6800000e+002
  1.4339640e+003  8.4000000e+002
  1.4348320e+003  8.6800000e+002
  1.4356800e+003  8.4800000e+002
  1.4365320e+003  8.5200000e+002
  1.4373960e+003  8.6400000e+002
  1.4382440e+003  8.4800000e+002
  1.4391120e+003  8.6800000e+002
  1.4399600e+003  8.4800000e+002
  1.4408320e+003  8.7200000e+002
  1.4416800e+003  8.4800000e+002
  1.4425400e+003  8.6000000e+002
  1.4433960e+003  8.5600000e+002
  1.4442360e+003  8.4000000e+002
  1.4450880e+003  8.5200000e+002
  1.4459160e+003  8.2800000e+002
  1.4467520e+003  8.3600000e+002
  1.4475760e+003  8.2400000e+002
  1.4483880e+003  8.1200000e+002
  1.4492120e+003  8.2400000e+002
  1.4500200e+003  8.0800000e+002
  1.4508520e+003  8.3200000e+002
  1.4516640e+003  8.1200000e+002
  1.4524920e+003  8.2800000e+002
  1.4533040e+003  8.1200000e+002
  1.4541280e+003  8.2400000e+002
  1.4549640e+003  8.3600000e+002
  1.4557960e+003  8.3200000e+002
  1.4566440e+003  8.4800000e+002
  1.4574760e+003  8.3200000e+002
  1.4583320e+003  8.5600000e+002
  1.4591760e+003  8.4400000e+002
  1.4600360e+003  8.6000000e+002
  1.4608720e+003  8.3600000e+002
  1.4617320e+003  8.6000000e+002
  1.4625640e+003  8.3200000e+002
  1.4634280e+003  8.6400000e+002
  1.4642720e+003  8.4400000e+002
  1.4651480e+003  8.7600000e+002
  1.4660120e+003  8.6400000e+002
  1.4669040e+003  8.9200000e+002
  1.4677760e+003  8.7200000e+002
  1.4686560e+003  8.8000000e+002
  1.4695160e+003  8.6000000e+002
  1.4703800e+003  8.6400000e+002
  1.4712240e+003  8.4400000e+002
  1.4720760e+003  8.5200000e+002
  1.4729320e+003  8.5600000e+002
  1.4737840e+003  8.5200000e+002
  1.4746600e+003  8.7600000e+002
  1.4755240e+003  8.6400000e+002
  1.4764200e+003  8.9600000e+002
  1.4773000e+003  8.8000000e+002
  1.4781960e+003  8.9600000e+002
  1.4790640e+003  8.6800000e+002
  1.4799440e+003  8.8000000e+002
  1.4808200e+003  8.7600000e+002
  1.4816880e+003  8.6800000e+002
  1.4825600e+003  8.7200000e+002
  1.4834160e+003  8.5600000e+002
  1.4842880e+003  8.7200000e+002
  1.4851360e+003  8.4800000e+002
  1.4859720e+003  8.3600000e+002
  1.4868280e+003  8.5600000e+002
  1.4876640e+003  8.3600000e+002
  1.4885360e+003  8.7200000e+002
  1.4893880e+003  8.5200000e+002
  1.4902360e+003  8.4800000e+002
  1.4910920e+003  8.5600000e+002
  1.4919480e+003  8.5600000e+002
  1.4928240e+003  8.7600000e+002
  1.4936760e+003  8.5200000e+002
  1.4945640e+003  8.8800000e+002
  1.4954320e+003  8.6800000e+002
  1.4963040e+003  8.7200000e+002
  1.4971800e+003  8.7600000e+002
  1.4980440e+003  8.6400000e+002
  1.4989280e+003  8.8400000e+002
  1.4997880e+003  8.6000000e+002
  1.5006720e+003  8.8400000e+002
  1.5015360e+003  8.6400000e+002
  1.5023960e+003  8.6000000e+002
  1.5032680e+003  8.7200000e+002
  1.5041280e+003  8.6000000e+002
  1.5050040e+003  8.7600000e+002
  1.5058560e+003  8.5200000e+002
  1.5067360e+003  8.8000000e+002
  1.5075920e+003  8.5600000e+002
  1.5084520e+003  8.6000000e+002
  1.5093280e+003  8.7600000e+002
  1.5101840e+003  8.5600000e+002
  1.5110680e+003  8.8400000e+002
  1.5119280e+003  8.6000000e+002
  1.5128120e+003  8.8400000e+002
  1.5136720e+003  8.6000000e+002
  1.5145560e+003  8.8400000e+002
  1.5154320e+003  8.7600000e+002
  1.5163040e+003  8.7200000e+002
  1.5171920e+003  8.8800000e+002
  1.5179040e+003  7.1200000e+002
  1.5188960e+003  9.9200000e+002
  1.5197840e+003  8.8800000e+002
  1.5206880e+003  9.0400000e+002
  1.5215560e+003  8.6800000e+002
  1.5224480e+003  8.9200000e+002
  1.5233120e+003  8.6400000e+002
  1.5241920e+003  8.8000000e+002
  1.5250760e+003  8.8400000e+002
  1.5259440e+003  8.6800000e+002
  1.5268200e+003  8.7600000e+002
  1.5276840e+003  8.6400000e+002
  1.5285640e+003  8.8000000e+002
  1.5294160e+003  8.5200000e+002
  1.5302920e+003  8.7600000e+002
  1.5311440e+003  8.5200000e+002
  1.5320000e+003  8.5600000e+002
  1.5328560e+003  8.5600000e+002
  1.5337000e+003  8.4400000e+002
  1.5345680e+003  8.6800000e+002
  1.5354040e+003  8.3600000e+002
  1.5362760e+003  8.7200000e+002
  1.5371280e+003  8.5200000e+002
  1.5379960e+003  8.6800000e+002
  1.5388600e+003  8.6400000e+002
  1.5397160e+003  8.5600000e+002
  1.5405840e+003  8.6800000e+002
  1.5414320e+003  8.4800000e+002
  1.5423040e+003  8.7200000e+002
  1.5431720e+003  8.6800000e+002
  1.5440240e+003  8.5200000e+002
  1.5448720e+003  8.4800000e+002
  1.5457400e+003  8.6800000e+002
  1.5465800e+003  8.4000000e+002
  1.5474560e+003  8.7600000e+002
  1.5483160e+003  8.6000000e+002
  1.5491560e+003  8.4000000e+002
  1.5500080e+003  8.5200000e+002
  1.5508680e+003  8.6000000e+002
  1.5517080e+003  8.4000000e+002
  1.5525760e+003  8.6800000e+002
  1.5534400e+003  8.6400000e+002
  1.5542760e+003  8.3600000e+002
  1.5551440e+003  8.6800000e+002
  1.5559920e+003  8.4800000e+002
  1.5568360e+003  8.4400000e+002
  1.5576920e+003  8.5600000e+002
  1.5585280e+003  8.3600000e+002
  1.5593520e+003  8.2400000e+002
  1.5601760e+003  8.2400000e+002
  1.5609880e+003  8.1200000e+002
  1.5618000e+003  8.1200000e+002
  1.5625960e+003  7.9600000e+002
  1.5634000e+003  8.0400000e+002
  1.5641880e+003  7.8800000e+002
  1.5649880e+003  8.0000000e+002
  1.5657880e+003  8.0000000e+002
  1.5665800e+003  7.9200000e+002
  1.5673840e+003  8.0400000e+002
  1.5681760e+003  7.9200000e+002
  1.5689840e+003  8.0800000e+002
  1.5697760e+003  7.9200000e+002
  1.5705800e+003  8.0400000e+002
  1.5713640e+003  7.8400000e+002
  1.5721640e+003  8.0000000e+002
  1.5729440e+003  7.8000000e+002
  1.5737440e+003  8.0000000e+002
  1.5745240e+003  7.8000000e+002
  1.5753160e+003  7.9200000e+002
  1.5761000e+003  7.8400000e+002
  1.5768840e+003  7.8400000e+002
  1.5776720e+003  7.8800000e+002
  1.5784480e+003  7.7600000e+002
  1.5792360e+003  7.8800000e+002
  1.5800120e+003  7.7600000e+002
  1.5808040e+003  7.9200000e+002
  1.5815800e+003  7.7600000e+002
  1.5823800e+003  8.0000000e+002
  1.5831720e+003  7.9200000e+002
  1.5839760e+003  8.0400000e+002
  1.5847880e+003  8.1200000e+002
  1.5855920e+003  8.0400000e+002
  1.5864200e+003  8.2800000e+002
  1.5872400e+003  8.2000000e+002
  1.5880680e+003  8.2800000e+002
  1.5889080e+003  8.4000000e+002
  1.5897400e+003  8.3200000e+002
  1.5905920e+003  8.5200000e+002
  1.5914200e+003  8.2800000e+002
  1.5922800e+003  8.6000000e+002
  1.5931160e+003  8.3600000e+002
  1.5939600e+003  8.4400000e+002
  1.5948120e+003  8.5200000e+002
  1.5956520e+003  8.4000000e+002
  1.5965120e+003  8.6000000e+002
  1.5973560e+003  8.4400000e+002
  1.5982240e+003  8.6800000e+002
  1.5990680e+003  8.4400000e+002
  1.5999320e+003  8.6400000e+002
  1.6007840e+003  8.5200000e+002
  1.6016320e+003  8.4800000e+002
  1.6024960e+003  8.6400000e+002
  1.6033360e+003  8.4000000e+002
  1.6042000e+003  8.6400000e+002
  1.6050360e+003  8.3600000e+002
  1.6058960e+003  8.6000000e+002
  1.6067280e+003  8.3200000e+002
  1.6075720e+003  8.4400000e+002
  1.6084160e+003  8.4400000e+002
  1.6092520e+003  8.3600000e+002
  1.6100960e+003  8.4400000e+002
  1.6109280e+003  8.3200000e+002
  1.6117920e+003  8.6400000e+002
  1.6126240e+003  8.3200000e+002
  1.6134840e+003  8.6000000e+002
  1.6143240e+003  8.4000000e+002
  1.6151720e+003  8.4800000e+002
  1.6160240e+003  8.5200000e+002
  1.6168680e+003  8.4400000e+002
  1.6177440e+003  8.7600000e+002
  1.6185680e+003  8.2400000e+002
  1.6194520e+003  8.8400000e+002
  1.6202720e+003  8.2000000e+002
  1.6211360e+003  8.6400000e+002
  1.6219800e+003  8.4400000e+002
  1.6228320e+003  8.5200000e+002
  1.6236880e+003  8.5600000e+002
  1.6245360e+003  8.4800000e+002
  1.6253960e+003  8.6000000e+002
  1.6262440e+003  8.4800000e+002
  1.6271320e+003  8.8800000e+002
  1.6279680e+003  8.3600000e+002
  1.6288520e+003  8.8400000e+002
  1.6296840e+003  8.3200000e+002
  1.6305480e+003  8.6400000e+002
  1.6314000e+003  8.5200000e+002
  1.6322480e+003  8.4800000e+002
  1.6331160e+003  8.6800000e+002
  1.6339600e+003  8.4400000e+002
  1.6348440e+003  8.8400000e+002
  1.6356800e+003  8.3600000e+002
  1.6365440e+003  8.6400000e+002
  1.6373920e+003  8.4800000e+002
  1.6382440e+003  8.5200000e+002
  1.6391080e+003  8.6400000e+002
  1.6399560e+003  8.4800000e+002
  1.6408400e+003  8.8400000e+002
  1.6416680e+003  8.2800000e+002
  1.6425560e+003  8.8800000e+002
  1.6433920e+003  8.3600000e+002
  1.6442360e+003  8.4400000e+002
  1.6450920e+003  8.5600000e+002
  1.6459320e+003  8.4000000e+002
  1.6467920e+003  8.6000000e+002
  1.6476320e+003  8.4000000e+002
  1.6484840e+003  8.5200000e+002
  1.6493360e+003  8.5200000e+002
  1.6501800e+003  8.4400000e+002
  1.6510480e+003  8.6800000e+002
  1.6518880e+003  8.4000000e+002
  1.6527520e+003  8.6400000e+002
  1.6536160e+003  8.6400000e+002
  1.6544680e+003  8.5200000e+002
  1.6553400e+003  8.7200000e+002
  1.6561920e+003  8.5200000e+002
  1.6570440e+003  8.5200000e+002
  1.6579080e+003  8.6400000e+002
  1.6587520e+003  8.4400000e+002
  1.6596240e+003  8.7200000e+002
  1.6604800e+003  8.5600000e+002
  1.6613280e+003  8.4800000e+002
  1.6621960e+003  8.6800000e+002
  1.6630480e+003  8.5200000e+002
  1.6638920e+003  8.4400000e+002
  1.6647600e+003  8.6800000e+002
  1.6656000e+003  8.4000000e+002
  1.6664600e+003  8.6000000e+002
  1.6673160e+003  8.5600000e+002
  1.6681600e+003  8.4400000e+002
  1.6690280e+003  8.6800000e+002
  1.6698680e+003  8.4000000e+002
  1.6707320e+003  8.6400000e+002
  1.6715960e+003  8.6400000e+002
  1.6724440e+003  8.4800000e+002
  1.6733160e+003  8.7200000e+002
  1.6741880e+003  8.7200000e+002
  1.6750280e+003  8.4000000e+002
  1.6759040e+003  8.7600000e+002
  1.6767520e+003  8.4800000e+002
  1.6775880e+003  8.3600000e+002
  1.6784440e+003  8.5600000e+002
  1.6792840e+003  8.4000000e+002
  1.6801360e+003  8.5200000e+002
  1.6809960e+003  8.6000000e+002
  1.6818400e+003  8.4400000e+002
  1.6827120e+003  8.7200000e+002
  1.6835600e+003  8.4800000e+002
  1.6844200e+003  8.6000000e+002
  1.6852840e+003  8.6400000e+002
  1.6861320e+003  8.4800000e+002
  1.6870040e+003  8.7200000e+002
  1.6878520e+003  8.4800000e+002
  1.6887120e+003  8.6000000e+002
  1.6895720e+003  8.6000000e+002
  1.6904200e+003  8.4800000e+002
  1.6912920e+003  8.7200000e+002
  1.6921320e+003  8.4000000e+002
  1.6929960e+003  8.6400000e+002
  1.6938520e+003  8.5600000e+002
  1.6946880e+003  8.3600000e+002
  1.6955440e+003  8.5600000e+002
  1.6963840e+003  8.4000000e+002
  1.6972320e+003  8.4800000e+002
  1.6980800e+003  8.4800000e+002
  1.6989240e+003  8.4400000e+002
  1.6997720e+003  8.4800000e+002
  1.7006120e+003  8.4000000e+002
  1.7014680e+003  8.5600000e+002
  1.7023080e+003  8.4000000e+002
  1.7031640e+003  8.5600000e+002
  1.7040080e+003  8.4400000e+002
  1.7048600e+003  8.5200000e+002
  1.7057040e+003  8.4400000e+002
  1.7065480e+003  8.4400000e+002
  1.7073960e+003  8.4800000e+002
  1.7082200e+003  8.2400000e+002
  1.7090680e+003  8.4800000e+002
  1.7099120e+003  8.4400000e+002
  1.7107560e+003  8.4400000e+002
  1.7116040e+003  8.4800000e+002
  1.7124480e+003  8.4400000e+002
  1.7133080e+003  8.6000000e+002
  1.7141360e+003  8.2800000e+002
  1.7150000e+003  8.6400000e+002
  1.7158320e+003  8.3200000e+002
  1.7166880e+003  8.5600000e+002
  1.7175360e+003  8.4800000e+002
  1.7183760e+003  8.4000000e+002
  1.7192320e+003  8.5600000e+002
  1.7200680e+003  8.3600000e+002
  1.7209320e+003  8.6400000e+002
  1.7217680e+003  8.3600000e+002
  1.7226360e+003  8.6800000e+002
  1.7235000e+003  8.6400000e+002
  1.7243520e+003  8.5200000e+002
  1.7252440e+003  8.9200000e+002
  1.7260760e+003  8.3200000e+002
  1.7269640e+003  8.8800000e+002
  1.7278080e+003  8.4400000e+002
  1.7286640e+003  8.5600000e+002
  1.7295280e+003  8.6400000e+002
  1.7303680e+003  8.4000000e+002
  1.7312320e+003  8.6400000e+002
  1.7320960e+003  8.6400000e+002
  1.7329400e+003  8.4400000e+002
  1.7338240e+003  8.8400000e+002
  1.7346680e+003  8.4400000e+002
  1.7355600e+003  8.9200000e+002
  1.7364080e+003  8.4800000e+002
  1.7372760e+003  8.6800000e+002
  1.7381480e+003  8.7200000e+002
  1.7390040e+003  8.5600000e+002
  1.7398960e+003  8.9200000e+002
  1.7407400e+003  8.4400000e+002
  1.7416320e+003  8.9200000e+002
  1.7424800e+003  8.4800000e+002
  1.7433440e+003  8.6400000e+002
  1.7442200e+003  8.7600000e+002
  1.7450720e+003  8.5200000e+002
  1.7459640e+003  8.9200000e+002
  1.7468000e+003  8.3600000e+002
  1.7476920e+003  8.9200000e+002
  1.7485200e+003  8.2800000e+002
  1.7493680e+003  8.4800000e+002
  1.7502200e+003  8.5200000e+002
  1.7510240e+003  8.0400000e+002
  1.7518720e+003  8.4800000e+002
  1.7527000e+003  8.2800000e+002
  1.7535240e+003  8.2400000e+002
  1.7543280e+003  8.0400000e+002
  1.7551600e+003  8.3200000e+002
  1.7559880e+003  8.2800000e+002
  1.7567960e+003  8.0800000e+002
  1.7576240e+003  8.2800000e+002
  1.7584520e+003  8.2800000e+002
  1.7592640e+003  8.1200000e+002
  1.7601000e+003  8.3600000e+002
  1.7609280e+003  8.2800000e+002
  1.7617400e+003  8.1200000e+002
  1.7625680e+003  8.2800000e+002
  1.7633800e+003  8.1200000e+002
  1.7642080e+003  8.2800000e+002
  1.7650360e+003  8.2800000e+002
  1.7658560e+003  8.2000000e+002
  1.7666920e+003  8.3600000e+002
  1.7675280e+003  8.3600000e+002
  1.7683560e+003  8.2800000e+002
  1.7692000e+003  8.4400000e+002
  1.7700360e+003  8.3600000e+002
  1.7708800e+003  8.4400000e+002
  1.7717240e+003  8.4400000e+002
  1.7725560e+003  8.3200000e+002
  1.7734080e+003  8.5200000e+002
  1.7742360e+003  8.2800000e+002
  1.7751000e+003  8.6400000e+002
  1.7759520e+003  8.5200000e+002
  1.7768080e+003  8.5600000e+002
  1.7775840e+003  7.7600000e+002
  1.7784080e+003  8.2400000e+002
  1.7792520e+003  8.4400000e+002
  1.7800760e+003  8.2400000e+002
  1.7808960e+003  8.2000000e+002
  1.7817280e+003  8.3200000e+002
  1.7825600e+003  8.3200000e+002
  1.7833800e+003  8.2000000e+002
  1.7842200e+003  8.4000000e+002
  1.7850520e+003  8.3200000e+002
  1.7858920e+003  8.4000000e+002
  1.7867000e+003  8.0800000e+002
  1.7875120e+003  8.1200000e+002
  1.7883120e+003  8.0000000e+002
  1.7891240e+003  8.1200000e+002
  1.7899240e+003  8.0000000e+002
  1.7907280e+003  8.0400000e+002
  1.7915320e+003  8.0400000e+002
  1.7923240e+003  7.9200000e+002
  1.7931360e+003  8.1200000e+002
  1.7939240e+003  7.8800000e+002
  1.7947360e+003  8.1200000e+002
  1.7955320e+003  7.9600000e+002
  1.7963440e+003  8.1200000e+002
  1.7971400e+003  7.9600000e+002
