  1.3560000e+000  8.6800000e+002
  2.1880000e+000  8.3200000e+002
  3.0360000e+000  8.4800000e+002
  3.9160000e+000  8.8000000e+002
  4.7440000e+000  8.2800000e+002
  5.5920000e+000  8.4800000e+002
  6.4720000e+000  8.8000000e+002
  7.3040000e+000  8.3200000e+002
  8.1480000e+000  8.4400000e+002
  9.0280000e+000  8.8000000e+002
  9.8520000e+000  8.2400000e+002
  1.0692000e+001  8.4000000e+002
  1.1600000e+001  9.0800000e+002
  1.2432000e+001  8.3200000e+002
  1.3272000e+001  8.4000000e+002
  1.4172000e+001  9.0000000e+002
  1.4992000e+001  8.2000000e+002
  1.5824000e+001  8.3200000e+002
  1.6748000e+001  9.2400000e+002
  1.7600000e+001  8.5200000e+002
  1.8428000e+001  8.2800000e+002
  1.9272000e+001  8.4400000e+002
  2.0212000e+001  9.4000000e+002
  2.1040000e+001  8.2800000e+002
  2.1876000e+001  8.3600000e+002
  2.2808000e+001  9.3200000e+002
  2.3648000e+001  8.4000000e+002
  2.4492000e+001  8.4400000e+002
  2.5320000e+001  8.2800000e+002
  2.6188000e+001  8.6800000e+002
  2.7060000e+001  8.7200000e+002
  2.7884000e+001  8.2400000e+002
  2.8720000e+001  8.3600000e+002
  2.9632000e+001  9.1200000e+002
  3.0472000e+001  8.4000000e+002
  3.1320000e+001  8.4800000e+002
  3.2200000e+001  8.8000000e+002
  3.3020000e+001  8.2000000e+002
  3.3852000e+001  8.3200000e+002
  3.4736000e+001  8.8400000e+002
  3.5564000e+001  8.2800000e+002
  3.6412000e+001  8.4800000e+002
  3.7332000e+001  9.2000000e+002
  3.8172000e+001  8.4000000e+002
  3.9028000e+001  8.5600000e+002
  3.9972000e+001  9.4400000e+002
  4.0820000e+001  8.4800000e+002
  4.1684000e+001  8.6400000e+002
  4.2652000e+001  9.6800000e+002
  4.3504000e+001  8.5200000e+002
  4.4356000e+001  8.5200000e+002
  4.5264000e+001  9.0800000e+002
  4.6136000e+001  8.7200000e+002
  4.6988000e+001  8.5200000e+002
  4.7856000e+001  8.6800000e+002
  4.8792000e+001  9.3600000e+002
  4.9636000e+001  8.4400000e+002
  5.0516000e+001  8.8000000e+002
  5.1540000e+001  1.0240000e+003
  8.1584000e+001  3.0044000e+004
  8.7784000e+001  6.2000000e+003
  8.8620000e+001  8.3600000e+002
  8.9412000e+001  7.9200000e+002
  9.0212000e+001  8.0000000e+002
  9.0716000e+001  5.0400000e+002
  9.1892000e+001  1.1760000e+003
  9.2720000e+001  8.2800000e+002
  9.3528000e+001  8.0800000e+002
  9.4340000e+001  8.1200000e+002
  9.5152000e+001  8.1200000e+002
  9.6008000e+001  8.5600000e+002
  9.6808000e+001  8.0000000e+002
  9.7604000e+001  7.9600000e+002
  9.8468000e+001  8.6400000e+002
  9.9276000e+001  8.0800000e+002
  1.0007600e+002  8.0000000e+002
  1.0087600e+002  8.0000000e+002
  1.0172000e+002  8.4400000e+002
  1.0251200e+002  7.9200000e+002
  1.0330400e+002  7.9200000e+002
  1.0414400e+002  8.4000000e+002
  1.0493600e+002  7.9200000e+002
  1.0573200e+002  7.9600000e+002
  1.0659200e+002  8.6000000e+002
  1.0738800e+002  7.9600000e+002
  1.0818400e+002  7.9600000e+002
  1.0905200e+002  8.6800000e+002
  1.0988400e+002  8.3200000e+002
  1.1066000e+002  7.7600000e+002
  1.1147200e+002  8.1200000e+002
  1.1230800e+002  8.3600000e+002
  1.1324800e+002  9.4000000e+002
  1.1406800e+002  8.2000000e+002
  1.1496400e+002  8.9600000e+002
  1.1583600e+002  8.7200000e+002
  1.1664800e+002  8.1200000e+002
  1.1745200e+002  8.0400000e+002
  1.1828800e+002  8.3600000e+002
  1.1908400e+002  7.9600000e+002
  1.1989200e+002  8.0800000e+002
  1.2076800e+002  8.7600000e+002
  1.2157200e+002  8.0400000e+002
  1.2243200e+002  8.6000000e+002
  1.2330000e+002  8.6800000e+002
  1.2413200e+002  8.3200000e+002
  1.2506000e+002  9.2800000e+002
  1.2591200e+002  8.5200000e+002
  1.2674800e+002  8.3600000e+002
  1.2765600e+002  9.0800000e+002
  1.2849200e+002  8.3600000e+002
  1.2931600e+002  8.2400000e+002
  1.3019600e+002  8.8000000e+002
  1.3102000e+002  8.2400000e+002
  1.3184000e+002  8.2000000e+002
  1.3269600e+002  8.5600000e+002
  1.3350000e+002  8.0400000e+002
  1.3430400e+002  8.0400000e+002
  1.3511200e+002  8.0800000e+002
  1.3597600e+002  8.6400000e+002
  1.3677200e+002  7.9600000e+002
  1.3760400e+002  8.3200000e+002
  1.3848800e+002  8.8400000e+002
  1.3930800e+002  8.2000000e+002
  1.4024000e+002  9.3200000e+002
  1.4113600e+002  8.9600000e+002
  1.4200400e+002  8.6800000e+002
  1.4296000e+002  9.5600000e+002
  1.4383200e+002  8.7200000e+002
  1.4473200e+002  9.0000000e+002
  1.4570800e+002  9.7600000e+002
  1.4655200e+002  8.4400000e+002
  1.4741200e+002  8.6000000e+002
  1.4832800e+002  9.1600000e+002
  1.4914800e+002  8.2000000e+002
  1.5003600e+002  8.8800000e+002
  1.5096000e+002  9.2400000e+002
  1.5181200e+002  8.5200000e+002
  1.5278800e+002  9.7600000e+002
  1.5369600e+002  9.0800000e+002
  1.5458000e+002  8.8400000e+002
  1.5553200e+002  9.5200000e+002
  1.5639200e+002  8.6000000e+002
  1.5726800e+002  8.7600000e+002
  1.5821200e+002  9.4400000e+002
  1.5906000e+002  8.4800000e+002
  1.5991200e+002  8.5200000e+002
  1.6082800e+002  9.1600000e+002
  1.6168000e+002  8.5200000e+002
  1.6251200e+002  8.3200000e+002
  1.6342400e+002  9.1200000e+002
  1.6428400e+002  8.6000000e+002
  1.6511600e+002  8.3200000e+002
  1.6601200e+002  8.9600000e+002
  1.6683200e+002  8.2000000e+002
  1.6764400e+002  8.1200000e+002
  1.6848400e+002  8.4000000e+002
  1.6928400e+002  8.0000000e+002
  1.7007600e+002  7.9200000e+002
  1.7088000e+002  8.0400000e+002
  1.7176000e+002  8.8000000e+002
  1.7257200e+002  8.1200000e+002
  1.7338000e+002  8.0800000e+002
  1.7424800e+002  8.6800000e+002
  1.7505200e+002  8.0400000e+002
  1.7584000e+002  7.8800000e+002
  1.7670400e+002  8.6400000e+002
  1.7751600e+002  8.1200000e+002
  1.7830800e+002  7.9200000e+002
  1.7910400e+002  7.9600000e+002
  1.7988800e+002  7.8400000e+002
  1.8069600e+002  8.0800000e+002
  1.8147200e+002  7.7600000e+002
  1.8230800e+002  8.3600000e+002
  1.8312000e+002  8.1200000e+002
  1.8391600e+002  7.9600000e+002
  1.8476400e+002  8.4800000e+002
  1.8559600e+002  8.3200000e+002
  1.8640400e+002  8.0800000e+002
  1.8726800e+002  8.6400000e+002
  1.8807200e+002  8.0400000e+002
  1.8887200e+002  8.0000000e+002
  1.8974800e+002  8.7600000e+002
  1.9055600e+002  8.0800000e+002
  1.9136400e+002  8.0800000e+002
  1.9222000e+002  8.5600000e+002
  1.9301600e+002  7.9600000e+002
  1.9385600e+002  8.4000000e+002
  1.9468400e+002  8.2800000e+002
  1.9547200e+002  7.8800000e+002
  1.9629200e+002  8.2000000e+002
  1.9711200e+002  8.2000000e+002
  1.9790000e+002  7.8800000e+002
  1.9874000e+002  8.4000000e+002
  1.9952800e+002  7.8800000e+002
  2.0030000e+002  7.7200000e+002
  2.0113600e+002  8.3600000e+002
  2.0190800e+002  7.7200000e+002
  2.0268000e+002  7.7200000e+002
  2.0351200e+002  8.3200000e+002
  2.0429200e+002  7.8000000e+002
  2.0508400e+002  7.9200000e+002
  2.0588400e+002  8.0000000e+002
  2.0671600e+002  8.3200000e+002
  2.0754000e+002  8.2400000e+002
  2.0832000e+002  7.8000000e+002
  2.0913200e+002  8.1200000e+002
  2.0992400e+002  7.9200000e+002
  2.1069200e+002  7.6800000e+002
  2.1110000e+002  4.0800000e+002
  2.1224000e+002  1.1400000e+003
  2.1300800e+002  7.6800000e+002
  2.1378800e+002  7.8000000e+002
  2.1456400e+002  7.7600000e+002
  2.1532000e+002  7.5600000e+002
  2.1573200e+002  4.1200000e+002
  2.1689600e+002  1.1640000e+003
  2.1764800e+002  7.5200000e+002
  2.1839200e+002  7.4400000e+002
  2.1919200e+002  8.0000000e+002
  2.1994800e+002  7.5600000e+002
  2.2036000e+002  4.1200000e+002
  2.2150800e+002  1.1480000e+003
  2.2230400e+002  7.9600000e+002
  2.2306000e+002  7.5600000e+002
  2.2386400e+002  8.0400000e+002
  2.2467200e+002  8.0800000e+002
  2.2545200e+002  7.8000000e+002
  2.2625600e+002  8.0400000e+002
  2.2710400e+002  8.4800000e+002
  2.2791200e+002  8.0800000e+002
  2.2879600e+002  8.8400000e+002
  2.2963600e+002  8.4000000e+002
  2.3044800e+002  8.1200000e+002
  2.3128800e+002  8.4000000e+002
  2.3212000e+002  8.3200000e+002
  2.3292400e+002  8.0400000e+002
  2.3376800e+002  8.4400000e+002
  2.3458800e+002  8.2000000e+002
  2.3538000e+002  7.9200000e+002
  2.3622400e+002  8.4400000e+002
  2.3703200e+002  8.0800000e+002
  2.3781200e+002  7.8000000e+002
  2.3822400e+002  4.1200000e+002
  2.3941600e+002  1.1920000e+003
  2.4018800e+002  7.7200000e+002
  2.4096800e+002  7.8000000e+002
  2.4176800e+002  8.0000000e+002
  2.4252000e+002  7.5200000e+002
  2.4328000e+002  7.6000000e+002
  2.4410000e+002  8.2000000e+002
  2.4487200e+002  7.7200000e+002
  2.4566000e+002  7.8800000e+002
  2.4646000e+002  8.0000000e+002
  2.4723600e+002  7.7600000e+002
  2.4803200e+002  7.9600000e+002
  2.4883600e+002  8.0400000e+002
  2.4961200e+002  7.7600000e+002
  2.5041600e+002  8.0400000e+002
  2.5122800e+002  8.1200000e+002
  2.5200400e+002  7.7600000e+002
  2.5280400e+002  8.0000000e+002
  2.5359600e+002  7.9200000e+002
  2.5436800e+002  7.7200000e+002
  2.5518000e+002  8.1200000e+002
  2.5595600e+002  7.7600000e+002
  2.5672000e+002  7.6400000e+002
  2.5752400e+002  8.0400000e+002
  2.5828400e+002  7.6000000e+002
  2.5905600e+002  7.7200000e+002
  2.5982400e+002  7.6800000e+002
  2.6064800e+002  8.2400000e+002
  2.6142800e+002  7.8000000e+002
  2.6218400e+002  7.5600000e+002
  2.6300400e+002  8.2000000e+002
  2.6382400e+002  8.2000000e+002
  2.6461200e+002  7.8800000e+002
  2.6542800e+002  8.1600000e+002
  2.6627200e+002  8.4400000e+002
  2.6707600e+002  8.0400000e+002
  2.6750000e+002  4.2400000e+002
  2.6875200e+002  1.2520000e+003
  2.6954800e+002  7.9600000e+002
  2.7034400e+002  7.9600000e+002
  2.7118000e+002  8.3600000e+002
  2.7196000e+002  7.8000000e+002
  2.7272400e+002  7.6400000e+002
  2.7356000e+002  8.3600000e+002
  2.7434400e+002  7.8400000e+002
  2.7513200e+002  7.8800000e+002
  2.7598800e+002  8.5600000e+002
  2.7679600e+002  8.0800000e+002
  2.7759200e+002  7.9600000e+002
  2.7846800e+002  8.7600000e+002
  2.7930400e+002  8.3600000e+002
  2.8012000e+002  8.1600000e+002
  2.8102400e+002  9.0400000e+002
  2.8152000e+002  4.9600000e+002
  2.8260400e+002  1.0840000e+003
  2.8348000e+002  8.7600000e+002
  2.8428800e+002  8.0800000e+002
  2.8506000e+002  7.7200000e+002
  2.8588800e+002  8.2800000e+002
  2.8668400e+002  7.9600000e+002
  2.8745600e+002  7.7200000e+002
  2.8828800e+002  8.3200000e+002
  2.8909600e+002  8.0800000e+002
  2.8988000e+002  7.8400000e+002
  2.9070000e+002  8.2000000e+002
  2.9150800e+002  8.0800000e+002
  2.9228400e+002  7.7600000e+002
  2.9308000e+002  7.9600000e+002
  2.9393600e+002  8.5600000e+002
  2.9472000e+002  7.8400000e+002
  2.9560400e+002  8.8400000e+002
  2.9642000e+002  8.1600000e+002
  2.9722800e+002  8.0800000e+002
  2.9808800e+002  8.6000000e+002
  2.9888000e+002  7.9200000e+002
  2.9968400e+002  8.0400000e+002
  3.0048400e+002  8.0000000e+002
  3.0134400e+002  8.6000000e+002
  3.0214800e+002  8.0400000e+002
  3.0292400e+002  7.7600000e+002
  3.0375600e+002  8.3200000e+002
  3.0455600e+002  8.0000000e+002
  3.0534000e+002  7.8400000e+002
  3.0620400e+002  8.6400000e+002
  3.0674400e+002  5.4000000e+002
  3.0776000e+002  1.0160000e+003
  3.0864400e+002  8.8400000e+002
  3.0946400e+002  8.2000000e+002
  3.1026400e+002  8.0000000e+002
  3.1111600e+002  8.5200000e+002
  3.1192800e+002  8.1200000e+002
  3.1272800e+002  8.0000000e+002
  3.1356800e+002  8.4000000e+002
  3.1434800e+002  7.8000000e+002
  3.1518800e+002  8.4000000e+002
  3.1600800e+002  8.2000000e+002
  3.1679200e+002  7.8400000e+002
  3.1764400e+002  8.5200000e+002
  3.1844400e+002  8.0000000e+002
  3.1922400e+002  7.8000000e+002
  3.2006800e+002  8.4400000e+002
  3.2088000e+002  8.1200000e+002
  3.2166800e+002  7.8800000e+002
  3.2253600e+002  8.6800000e+002
  3.2336400e+002  8.2800000e+002
  3.2418000e+002  8.1600000e+002
  3.2510800e+002  9.2800000e+002
  3.2594400e+002  8.3600000e+002
  3.2676800e+002  8.2400000e+002
  3.2765200e+002  8.8400000e+002
  3.2846800e+002  8.1600000e+002
  3.2925600e+002  7.8800000e+002
  3.3010400e+002  8.4800000e+002
  3.3089600e+002  7.9200000e+002
  3.3171200e+002  8.1600000e+002
  3.3252000e+002  8.0800000e+002
  3.3329200e+002  7.7200000e+002
  3.3410800e+002  8.1600000e+002
  3.3490000e+002  7.9200000e+002
  3.3566400e+002  7.6400000e+002
  3.3648400e+002  8.2000000e+002
  3.3729600e+002  8.1200000e+002
  3.3807600e+002  7.8000000e+002
  3.3890800e+002  8.3200000e+002
  3.3973600e+002  8.2800000e+002
  3.4053600e+002  8.0000000e+002
  3.4136800e+002  8.3200000e+002
  3.4220400e+002  8.3600000e+002
  3.4300400e+002  8.0000000e+002
  3.4383200e+002  8.2800000e+002
  3.4468000e+002  8.4800000e+002
  3.4548000e+002  8.0000000e+002
  3.4629200e+002  8.1200000e+002
  3.4715200e+002  8.6000000e+002
  3.4794800e+002  7.9600000e+002
  3.4876800e+002  8.2000000e+002
  3.4962000e+002  8.5200000e+002
  3.5042400e+002  8.0400000e+002
  3.5121200e+002  7.8800000e+002
  3.5206400e+002  8.5200000e+002
  3.5284800e+002  7.8400000e+002
  3.5365200e+002  8.0400000e+002
  3.5447600e+002  8.2400000e+002
  3.5526400e+002  7.8800000e+002
  3.5608800e+002  8.2400000e+002
  3.5690400e+002  8.1600000e+002
  3.5769600e+002  7.9200000e+002
  3.5856400e+002  8.6800000e+002
  3.5939200e+002  8.2800000e+002
  3.6020400e+002  8.1200000e+002
  3.6109600e+002  8.9200000e+002
  3.6194800e+002  8.5200000e+002
  3.6277600e+002  8.2800000e+002
  3.6372400e+002  9.4800000e+002
  3.6456400e+002  8.4000000e+002
  3.6540400e+002  8.4000000e+002
  3.6637600e+002  9.7200000e+002
  3.6719600e+002  8.2000000e+002
  3.6802800e+002  8.3200000e+002
  3.6892000e+002  8.9200000e+002
  3.6973600e+002  8.1600000e+002
  3.7053600e+002  8.0000000e+002
  3.7140800e+002  8.7200000e+002
  3.7221600e+002  8.0800000e+002
  3.7303600e+002  8.2000000e+002
  3.7391200e+002  8.7600000e+002
  3.7473200e+002  8.2000000e+002
  3.7560400e+002  8.7200000e+002
  3.7648800e+002  8.8400000e+002
  3.7731600e+002  8.2800000e+002
  3.7820400e+002  8.8800000e+002
  3.7909200e+002  8.8800000e+002
  3.7992800e+002  8.3600000e+002
  3.8080800e+002  8.8000000e+002
  3.8171200e+002  9.0400000e+002
  3.8256800e+002  8.5600000e+002
  3.8347600e+002  9.0800000e+002
  3.8431200e+002  8.3600000e+002
  3.8512400e+002  8.1200000e+002
  3.8598400e+002  8.6000000e+002
  3.8679200e+002  8.0800000e+002
  3.8757200e+002  7.8000000e+002
  3.8842400e+002  8.5200000e+002
  3.8923600e+002  8.1200000e+002
  3.9003600e+002  8.0000000e+002
  3.9091600e+002  8.8000000e+002
  3.9175600e+002  8.4000000e+002
  3.9257600e+002  8.2000000e+002
  3.9347200e+002  8.9600000e+002
  3.9432800e+002  8.5600000e+002
  3.9516400e+002  8.3600000e+002
  3.9605600e+002  8.9200000e+002
  3.9690800e+002  8.5200000e+002
  3.9773600e+002  8.2800000e+002
  3.9860000e+002  8.6400000e+002
  3.9947600e+002  8.7600000e+002
  4.0030000e+002  8.2400000e+002
  4.0118800e+002  8.8800000e+002
  4.0201200e+002  8.2400000e+002
  4.0281200e+002  8.0000000e+002
  4.0362000e+002  8.0800000e+002
  4.0447200e+002  8.5200000e+002
  4.0527600e+002  8.0400000e+002
  4.0611600e+002  8.4000000e+002
  4.0696800e+002  8.5200000e+002
  4.0778400e+002  8.1600000e+002
  4.0863200e+002  8.4800000e+002
  4.0946800e+002  8.3600000e+002
  4.1027600e+002  8.0800000e+002
  4.1115200e+002  8.7600000e+002
  4.1199200e+002  8.4000000e+002
  4.1282000e+002  8.2800000e+002
  4.1369600e+002  8.7600000e+002
  4.1450800e+002  8.1200000e+002
  4.1530000e+002  7.9200000e+002
  4.1615200e+002  8.5200000e+002
  4.1697600e+002  8.2400000e+002
  4.1778800e+002  8.1200000e+002
  4.1867200e+002  8.8400000e+002
  4.1952000e+002  8.4800000e+002
  4.2035600e+002  8.3600000e+002
  4.2118400e+002  8.2800000e+002
  4.2205200e+002  8.6800000e+002
  4.2286400e+002  8.1200000e+002
  4.2370000e+002  8.3600000e+002
  4.2455200e+002  8.5200000e+002
  4.2536400e+002  8.1200000e+002
  4.2582800e+002  4.6400000e+002
  4.2698000e+002  1.1520000e+003
  4.2779600e+002  8.1600000e+002
  4.2860000e+002  8.0400000e+002
  4.2935600e+002  7.5600000e+002
  4.3010400e+002  7.4800000e+002
  4.3086000e+002  7.5600000e+002
  4.3172000e+002  8.6000000e+002
  4.3248800e+002  7.6800000e+002
  4.3326000e+002  7.7200000e+002
  4.3408000e+002  8.2000000e+002
  4.3484400e+002  7.6400000e+002
  4.3562000e+002  7.7600000e+002
  4.3645200e+002  8.3200000e+002
  4.3722800e+002  7.7600000e+002
  4.3800800e+002  7.8000000e+002
  4.3841600e+002  4.0800000e+002
  4.3953600e+002  1.1200000e+003
  4.4036400e+002  8.2800000e+002
  4.4116800e+002  8.0400000e+002
  4.4191600e+002  7.4800000e+002
  4.4267600e+002  7.6000000e+002
  4.4345600e+002  7.8000000e+002
  4.4426000e+002  8.0400000e+002
  4.4502400e+002  7.6400000e+002
  4.4580000e+002  7.7600000e+002
  4.4662000e+002  8.2000000e+002
  4.4738400e+002  7.6400000e+002
  4.4816000e+002  7.7600000e+002
  4.4902400e+002  8.6400000e+002
  4.4982800e+002  8.0400000e+002
  4.5062800e+002  8.0000000e+002
  4.5146800e+002  8.4000000e+002
  4.5226400e+002  7.9600000e+002
  4.5312000e+002  8.5600000e+002
  4.5390800e+002  7.8800000e+002
  4.5469600e+002  7.8800000e+002
  4.5553200e+002  8.3600000e+002
  4.5632800e+002  7.9600000e+002
  4.5710800e+002  7.8000000e+002
  4.5792000e+002  8.1200000e+002
  4.5869600e+002  7.7600000e+002
  4.5951200e+002  8.1600000e+002
  4.6028000e+002  7.6800000e+002
  4.6103200e+002  7.5200000e+002
  4.6185600e+002  8.2400000e+002
  4.6263600e+002  7.8000000e+002
  4.6340000e+002  7.6400000e+002
  4.6416800e+002  7.6800000e+002
  4.6500800e+002  8.4000000e+002
  4.6582800e+002  8.2000000e+002
  4.6662000e+002  7.9200000e+002
  4.6747600e+002  8.5600000e+002
  4.6826400e+002  7.8800000e+002
  4.6906800e+002  8.0400000e+002
  4.6990400e+002  8.3600000e+002
  4.7069600e+002  7.9200000e+002
  4.7154400e+002  8.4800000e+002
  4.7235200e+002  8.0800000e+002
  4.7313600e+002  7.8400000e+002
  4.7392800e+002  7.9200000e+002
  4.7481200e+002  8.8400000e+002
  4.7561600e+002  8.0400000e+002
  4.7645200e+002  8.3600000e+002
  4.7727600e+002  8.2400000e+002
  4.7806400e+002  7.8800000e+002
  4.7888800e+002  8.2400000e+002
  4.7970000e+002  8.1200000e+002
  4.8048000e+002  7.8000000e+002
  4.8133600e+002  8.5600000e+002
  4.8212000e+002  7.8400000e+002
  4.8288800e+002  7.6800000e+002
  4.8366400e+002  7.7600000e+002
  4.8445600e+002  7.9200000e+002
  4.8520800e+002  7.5200000e+002
  4.8600400e+002  7.9600000e+002
  4.8679200e+002  7.8800000e+002
  4.8756400e+002  7.7200000e+002
  4.8839600e+002  8.3200000e+002
  4.8920800e+002  8.1200000e+002
  4.8998800e+002  7.8000000e+002
  4.9084800e+002  8.6000000e+002
  4.9165200e+002  8.0400000e+002
  4.9245600e+002  8.0400000e+002
  4.9330800e+002  8.5200000e+002
  4.9411200e+002  8.0400000e+002
  4.9497600e+002  8.6400000e+002
  4.9582400e+002  8.4800000e+002
  4.9663600e+002  8.1200000e+002
  4.9758000e+002  9.4400000e+002
  4.9839600e+002  8.1600000e+002
  4.9921200e+002  8.1600000e+002
  5.0022400e+002  1.0120000e+003
  5.0102000e+002  7.9600000e+002
  5.0184400e+002  8.2400000e+002
  5.0276400e+002  9.2000000e+002
  5.0359600e+002  8.3200000e+002
  5.0442000e+002  8.2400000e+002
  5.0534400e+002  9.2400000e+002
  5.0617200e+002  8.2800000e+002
  5.0699600e+002  8.2400000e+002
  5.0789200e+002  8.9600000e+002
  5.0872800e+002  8.3600000e+002
  5.0958400e+002  8.5600000e+002
  5.1040400e+002  8.2000000e+002
  5.1120000e+002  7.9600000e+002
  5.1207600e+002  8.7600000e+002
  5.1289200e+002  8.1600000e+002
  5.1368400e+002  7.9200000e+002
  5.1456800e+002  8.8400000e+002
  5.1538400e+002  8.1600000e+002
  5.1619200e+002  8.0800000e+002
  5.1707600e+002  8.8400000e+002
  5.1789600e+002  8.2000000e+002
  5.1869200e+002  7.9600000e+002
  5.1957200e+002  8.8000000e+002
  5.2038400e+002  8.1200000e+002
  5.2119200e+002  8.0800000e+002
  5.2204400e+002  8.5200000e+002
  5.2284400e+002  8.0000000e+002
  5.2366800e+002  8.2400000e+002
  5.2450800e+002  8.4000000e+002
  5.2531600e+002  8.0800000e+002
  5.2618400e+002  8.6800000e+002
  5.2699600e+002  8.1200000e+002
  5.2778000e+002  7.8400000e+002
  5.2855200e+002  7.7200000e+002
  5.2940400e+002  8.5200000e+002
  5.3016400e+002  7.6000000e+002
  5.3091600e+002  7.5200000e+002
  5.3132800e+002  4.1200000e+002
  5.3247600e+002  1.1480000e+003
  5.3324000e+002  7.6400000e+002
  5.3404800e+002  8.0800000e+002
  5.3482800e+002  7.8000000e+002
  5.3557600e+002  7.4800000e+002
  5.3637200e+002  7.9600000e+002
  5.3716800e+002  7.9600000e+002
  5.3793200e+002  7.6400000e+002
  5.3875200e+002  8.2000000e+002
  5.3955600e+002  8.0400000e+002
  5.4031600e+002  7.6000000e+002
  5.4112800e+002  8.1200000e+002
  5.4192400e+002  7.9600000e+002
  5.4267600e+002  7.5200000e+002
  5.4342400e+002  7.4800000e+002
  5.4382800e+002  4.0400000e+002
  5.4491200e+002  1.0840000e+003
  5.4566800e+002  7.5600000e+002
  5.4643600e+002  7.6800000e+002
  5.4720400e+002  7.6800000e+002
  5.4792400e+002  7.2000000e+002
  5.4832800e+002  4.0400000e+002
  5.4944800e+002  1.1200000e+003
  5.5017200e+002  7.2400000e+002
  5.5092800e+002  7.5600000e+002
  5.5168400e+002  7.5600000e+002
  5.5240400e+002  7.2000000e+002
  5.5280800e+002  4.0400000e+002
  5.5392800e+002  1.1200000e+003
  5.5465600e+002  7.2800000e+002
  5.5541200e+002  7.5600000e+002
  5.5616800e+002  7.5600000e+002
  5.5688400e+002  7.1600000e+002
  5.5728800e+002  4.0400000e+002
  5.5840000e+002  1.1120000e+003
  5.5911600e+002  7.1600000e+002
  5.5982000e+002  7.0400000e+002
  5.6022800e+002  4.0800000e+002
  5.6128000e+002  1.0520000e+003
  5.6200000e+002  7.2000000e+002
  5.6271200e+002  7.1200000e+002
  5.6312000e+002  4.0800000e+002
  5.6415200e+002  1.0320000e+003
  5.6490400e+002  7.5200000e+002
  5.6566000e+002  7.5600000e+002
  5.6637600e+002  7.1600000e+002
  5.6714000e+002  7.6400000e+002
  5.6787200e+002  7.3200000e+002
  5.6858400e+002  7.1200000e+002
  5.6937200e+002  7.8800000e+002
  5.7014000e+002  7.6800000e+002
  5.7088000e+002  7.4000000e+002
  5.7170000e+002  8.2000000e+002
  5.7250000e+002  8.0000000e+002
  5.7326800e+002  7.6800000e+002
  5.7409600e+002  8.2800000e+002
  5.7490800e+002  8.1200000e+002
  5.7568800e+002  7.8000000e+002
  5.7652800e+002  8.4000000e+002
  5.7730000e+002  7.7200000e+002
  5.7806800e+002  7.6800000e+002
  5.7884800e+002  7.8000000e+002
  5.7969200e+002  8.4400000e+002
  5.8044400e+002  7.5200000e+002
  5.8122800e+002  7.8400000e+002
  5.8204800e+002  8.2000000e+002
  5.8279600e+002  7.4800000e+002
  5.8363200e+002  8.3600000e+002
  5.8441200e+002  7.8000000e+002
  5.8516000e+002  7.4800000e+002
  5.8597600e+002  8.1600000e+002
  5.8675200e+002  7.7600000e+002
  5.8749600e+002  7.4400000e+002
  5.8830400e+002  8.0800000e+002
  5.8908800e+002  7.8400000e+002
  5.8984400e+002  7.5600000e+002
  5.9067200e+002  8.2800000e+002
  5.9146800e+002  7.9600000e+002
  5.9224000e+002  7.7200000e+002
  5.9309200e+002  8.5200000e+002
  5.9388000e+002  7.8800000e+002
  5.9472000e+002  8.4000000e+002
  5.9552800e+002  8.0800000e+002
  5.9630000e+002  7.7200000e+002
  5.9670400e+002  4.0400000e+002
  5.9787200e+002  1.1680000e+003
  5.9863600e+002  7.6400000e+002
  5.9945600e+002  8.2000000e+002
  6.0024800e+002  7.9200000e+002
  6.0100800e+002  7.6000000e+002
  6.0184000e+002  8.3200000e+002
  6.0264400e+002  8.0400000e+002
  6.0342400e+002  7.8000000e+002
  6.0428000e+002  8.5600000e+002
  6.0509600e+002  8.1600000e+002
  6.0588000e+002  7.8400000e+002
  6.0674800e+002  8.6800000e+002
  6.0753600e+002  7.8800000e+002
  6.0830400e+002  7.6800000e+002
  6.0912400e+002  8.2000000e+002
  6.0988400e+002  7.6000000e+002
  6.1062800e+002  7.4400000e+002
  6.1136800e+002  7.4000000e+002
  6.1218000e+002  8.1200000e+002
  6.1293200e+002  7.5200000e+002
  6.1373600e+002  8.0400000e+002
  6.1453200e+002  7.9600000e+002
  6.1528400e+002  7.5200000e+002
  6.1610000e+002  8.1600000e+002
  6.1690400e+002  8.0400000e+002
  6.1766800e+002  7.6400000e+002
  6.1848800e+002  8.2000000e+002
  6.1928800e+002  8.0000000e+002
  6.2005600e+002  7.6800000e+002
  6.2089600e+002  8.4000000e+002
  6.2169200e+002  7.9600000e+002
  6.2246000e+002  7.6800000e+002
  6.2329200e+002  8.3200000e+002
  6.2405600e+002  7.6400000e+002
  6.2480800e+002  7.5200000e+002
  6.2564800e+002  8.4000000e+002
  6.2641600e+002  7.6800000e+002
  6.2718800e+002  7.7200000e+002
  6.2803200e+002  8.4400000e+002
  6.2880800e+002  7.7600000e+002
  6.2967600e+002  8.6800000e+002
  6.3048000e+002  8.0400000e+002
  6.3126000e+002  7.8000000e+002
  6.3210400e+002  8.4400000e+002
  6.3288800e+002  7.8400000e+002
  6.3364000e+002  7.5200000e+002
  6.3447600e+002  8.3600000e+002
  6.3524000e+002  7.6400000e+002
  6.3598800e+002  7.4800000e+002
  6.3682000e+002  8.3200000e+002
  6.3757600e+002  7.5600000e+002
  6.3832800e+002  7.5200000e+002
  6.3915600e+002  8.2800000e+002
  6.3991200e+002  7.5600000e+002
  6.4072800e+002  8.1600000e+002
  6.4151200e+002  7.8400000e+002
  6.4225600e+002  7.4400000e+002
  6.4266000e+002  4.0400000e+002
  6.4378000e+002  1.1200000e+003
  6.4452000e+002  7.4000000e+002
  6.4530400e+002  7.8400000e+002
  6.4606400e+002  7.6000000e+002
  6.4679200e+002  7.2800000e+002
  6.4756800e+002  7.7600000e+002
  6.4834400e+002  7.7600000e+002
  6.4908800e+002  7.4400000e+002
  6.4988800e+002  8.0000000e+002
  6.5064400e+002  7.5600000e+002
  6.5136800e+002  7.2400000e+002
  6.5217200e+002  8.0400000e+002
  6.5292400e+002  7.5200000e+002
  6.5368000e+002  7.5600000e+002
  6.5448400e+002  8.0400000e+002
  6.5524400e+002  7.6000000e+002
  6.5598000e+002  7.3600000e+002
  6.5678400e+002  8.0400000e+002
  6.5757600e+002  7.9200000e+002
  6.5834800e+002  7.7200000e+002
  6.5917200e+002  8.2400000e+002
  6.5997600e+002  8.0400000e+002
  6.6075600e+002  7.8000000e+002
  6.6158400e+002  8.2800000e+002
  6.6239200e+002  8.0800000e+002
  6.6317600e+002  7.8400000e+002
  6.6368000e+002  5.0400000e+002
  6.6480000e+002  1.1200000e+003
  6.6557200e+002  7.7200000e+002
  6.6638800e+002  8.1600000e+002
  6.6717600e+002  7.8800000e+002
  6.6793200e+002  7.5600000e+002
  6.6873600e+002  8.0400000e+002
  6.6954000e+002  8.0400000e+002
  6.7030400e+002  7.6400000e+002
  6.7109600e+002  7.9200000e+002
  6.7191200e+002  8.1600000e+002
  6.7268000e+002  7.6800000e+002
  6.7346400e+002  7.8400000e+002
  6.7429200e+002  8.2800000e+002
  6.7506800e+002  7.7600000e+002
  6.7584000e+002  7.7200000e+002
  6.7667600e+002  8.3600000e+002
  6.7745600e+002  7.8000000e+002
  6.7826400e+002  8.0800000e+002
  6.7911200e+002  8.4800000e+002
  6.7988800e+002  7.7600000e+002
  6.8064800e+002  7.6000000e+002
  6.8148800e+002  8.4000000e+002
  6.8227600e+002  7.8800000e+002
  6.8304400e+002  7.6800000e+002
  6.8389200e+002  8.4800000e+002
  6.8468800e+002  7.9600000e+002
  6.8546800e+002  7.8000000e+002
  6.8638800e+002  9.2000000e+002
  6.8719600e+002  8.0800000e+002
  6.8800000e+002  8.0400000e+002
  6.8899600e+002  9.9600000e+002
  6.8978800e+002  7.9200000e+002
  6.9058800e+002  8.0000000e+002
  6.9147200e+002  8.8400000e+002
  6.9227600e+002  8.0400000e+002
  6.9306400e+002  7.8800000e+002
  6.9392400e+002  8.6000000e+002
  6.9470800e+002  7.8400000e+002
  6.9547200e+002  7.6400000e+002
  6.9629200e+002  8.2000000e+002
  6.9705600e+002  7.6400000e+002
  6.9788400e+002  8.2800000e+002
  6.9867600e+002  7.9200000e+002
  6.9943200e+002  7.5600000e+002
  7.0024800e+002  8.1600000e+002
  7.0104800e+002  8.0000000e+002
  7.0182000e+002  7.7200000e+002
  7.0264400e+002  8.2400000e+002
  7.0343600e+002  7.9200000e+002
  7.0420000e+002  7.6400000e+002
  7.0502000e+002  8.2000000e+002
  7.0584800e+002  8.2800000e+002
  7.0663600e+002  7.8800000e+002
  7.0741600e+002  7.8000000e+002
  7.0826800e+002  8.5200000e+002
  7.0903600e+002  7.6800000e+002
  7.0981600e+002  7.8000000e+002
  7.1062800e+002  8.1200000e+002
  7.1138800e+002  7.6000000e+002
  7.1216800e+002  7.8000000e+002
  7.1296400e+002  7.9600000e+002
  7.1353200e+002  5.6800000e+002
  7.1451600e+002  9.8400000e+002
  7.1534800e+002  8.3200000e+002
  7.1620800e+002  8.6000000e+002
  7.1698400e+002  7.7600000e+002
  7.1773600e+002  7.5200000e+002
  7.1856800e+002  8.3200000e+002
  7.1932400e+002  7.5600000e+002
  7.2007600e+002  7.5200000e+002
  7.2090800e+002  8.3200000e+002
  7.2166000e+002  7.5200000e+002
  7.2240000e+002  7.4000000e+002
  7.2322000e+002  8.2000000e+002
  7.2397200e+002  7.5200000e+002
  7.2471600e+002  7.4400000e+002
  7.2550800e+002  7.9200000e+002
  7.2626000e+002  7.5200000e+002
  7.2704800e+002  7.8800000e+002
  7.2783200e+002  7.8400000e+002
  7.2866800e+002  8.3600000e+002
  7.2940800e+002  7.4000000e+002
  7.3014000e+002  7.3200000e+002
  7.3055600e+002  4.1600000e+002
  7.3163600e+002  1.0800000e+003
  7.3239200e+002  7.5600000e+002
  7.3319600e+002  8.0400000e+002
  7.3393600e+002  7.4000000e+002
  7.3472000e+002  7.8400000e+002
  7.3550800e+002  7.8800000e+002
  7.3626000e+002  7.5200000e+002
  7.3704000e+002  7.8000000e+002
  7.3784000e+002  8.0000000e+002
  7.3860400e+002  7.6400000e+002
  7.3942800e+002  8.2400000e+002
  7.4026400e+002  8.3600000e+002
  7.4105200e+002  7.8800000e+002
  7.4190000e+002  8.4800000e+002
  7.4275600e+002  8.5600000e+002
  7.4356400e+002  8.0800000e+002
  7.4448800e+002  9.2400000e+002
  7.4532400e+002  8.3600000e+002
  7.4614000e+002  8.1600000e+002
  7.4707200e+002  9.3200000e+002
  7.4793600e+002  8.6400000e+002
  7.4872800e+002  7.9200000e+002
  7.4950400e+002  7.7600000e+002
  7.4991600e+002  4.1200000e+002
  7.5120400e+002  1.2880000e+003
  7.5200800e+002  8.0400000e+002
  7.5279600e+002  7.8800000e+002
  7.5367600e+002  8.8000000e+002
  7.5448000e+002  8.0400000e+002
  7.5525600e+002  7.7600000e+002
  7.5608400e+002  8.2800000e+002
  7.5686400e+002  7.8000000e+002
  7.5764000e+002  7.7600000e+002
  7.5840800e+002  7.6800000e+002
  7.5924000e+002  8.3200000e+002
  7.6000800e+002  7.6800000e+002
  7.6077200e+002  7.6400000e+002
  7.6118000e+002  4.0800000e+002
  7.6239200e+002  1.2120000e+003
  7.6320000e+002  8.0800000e+002
  7.6407200e+002  8.7200000e+002
  7.6486000e+002  7.8800000e+002
  7.6565200e+002  7.9200000e+002
  7.6646800e+002  8.1600000e+002
  7.6724000e+002  7.7200000e+002
  7.6804800e+002  8.0800000e+002
  7.6885200e+002  8.0400000e+002
  7.6961600e+002  7.6400000e+002
  7.7043600e+002  8.2000000e+002
  7.7122800e+002  7.9200000e+002
  7.7199600e+002  7.6800000e+002
  7.7285200e+002  8.5600000e+002
  7.7365600e+002  8.0400000e+002
  7.7443600e+002  7.8000000e+002
  7.7529200e+002  8.5600000e+002
  7.7608800e+002  7.9600000e+002
  7.7686000e+002  7.7200000e+002
  7.7772400e+002  8.6400000e+002
  7.7852400e+002  8.0000000e+002
  7.7930400e+002  7.8000000e+002
  7.8016000e+002  8.5600000e+002
  7.8093200e+002  7.7200000e+002
  7.8172400e+002  7.9200000e+002
  7.8256400e+002  8.4000000e+002
  7.8334400e+002  7.8000000e+002
  7.8375600e+002  4.1200000e+002
  7.8494400e+002  1.1880000e+003
  7.8572400e+002  7.8000000e+002
  7.8655200e+002  8.2800000e+002
  7.8734000e+002  7.8800000e+002
  7.8810000e+002  7.6000000e+002
  7.8890400e+002  8.0400000e+002
  7.8969600e+002  7.9200000e+002
  7.9045200e+002  7.5600000e+002
  7.9126400e+002  8.1200000e+002
  7.9206000e+002  7.9600000e+002
  7.9282400e+002  7.6400000e+002
  7.9364400e+002  8.2000000e+002
  7.9446000e+002  8.1600000e+002
  7.9488800e+002  4.2800000e+002
  7.9594800e+002  1.0600000e+003
  7.9678400e+002  8.3600000e+002
  7.9753600e+002  7.5200000e+002
  7.9794400e+002  4.0800000e+002
  7.9908400e+002  1.1400000e+003
  7.9984400e+002  7.6000000e+002
  8.0057200e+002  7.2800000e+002
  8.0097600e+002  4.0400000e+002
  8.0204400e+002  1.0680000e+003
  8.0280800e+002  7.6400000e+002
  8.0360000e+002  7.9200000e+002
  8.0433200e+002  7.3200000e+002
  8.0508800e+002  7.5600000e+002
  8.0590800e+002  8.2000000e+002
  8.0667200e+002  7.6400000e+002
  8.0747600e+002  8.0400000e+002
  8.0832400e+002  8.4800000e+002
  8.0911600e+002  7.9200000e+002
  8.1005600e+002  9.4000000e+002
  8.1086000e+002  8.0400000e+002
  8.1165200e+002  7.9200000e+002
  8.1254400e+002  8.9200000e+002
  8.1332800e+002  7.8400000e+002
  8.1410800e+002  7.8000000e+002
  8.1495600e+002  8.4800000e+002
  8.1572800e+002  7.7200000e+002
  8.1652400e+002  7.9600000e+002
  8.1731600e+002  7.9200000e+002
  8.1806800e+002  7.5200000e+002
  8.1847600e+002  4.0800000e+002
  8.1961600e+002  1.1400000e+003
  8.2036400e+002  7.4800000e+002
  8.2114000e+002  7.7600000e+002
  8.2191200e+002  7.7200000e+002
  8.2265200e+002  7.4000000e+002
  8.2306400e+002  4.1200000e+002
  8.2421200e+002  1.1480000e+003
  8.2497200e+002  7.6000000e+002
  8.2572400e+002  7.5200000e+002
  8.2651600e+002  7.9200000e+002
  8.2726400e+002  7.4800000e+002
  8.2768000e+002  4.1600000e+002
  8.2884000e+002  1.1600000e+003
  8.2960000e+002  7.6000000e+002
  8.3034000e+002  7.4000000e+002
  8.3074800e+002  4.0800000e+002
  8.3180400e+002  1.0560000e+003
  8.3254800e+002  7.4400000e+002
  8.3329600e+002  7.4800000e+002
  8.3405600e+002  7.6000000e+002
  8.3477200e+002  7.1600000e+002
  8.3556000e+002  7.8800000e+002
  8.3634400e+002  7.8400000e+002
  8.3709200e+002  7.4800000e+002
  8.3790400e+002  8.1200000e+002
  8.3871600e+002  8.1200000e+002
  8.3949200e+002  7.7600000e+002
  8.4035600e+002  8.6400000e+002
  8.4114800e+002  7.9200000e+002
  8.4194000e+002  7.9200000e+002
  8.4281600e+002  8.7600000e+002
  8.4361200e+002  7.9600000e+002
  8.4440000e+002  7.8800000e+002
  8.4517600e+002  7.7600000e+002
  8.4604400e+002  8.6800000e+002
  8.4688400e+002  8.4000000e+002
  8.4766800e+002  7.8400000e+002
  8.4844000e+002  7.7200000e+002
  8.4930800e+002  8.6800000e+002
  8.5009600e+002  7.8800000e+002
  8.5086800e+002  7.7200000e+002
  8.5170800e+002  8.4000000e+002
  8.5248000e+002  7.7200000e+002
  8.5329200e+002  8.1200000e+002
  8.5370800e+002  4.1600000e+002
  8.5479600e+002  1.0880000e+003
  8.5560000e+002  8.0400000e+002
  8.5640400e+002  8.0400000e+002
  8.5712400e+002  7.2000000e+002
  8.5788400e+002  7.6000000e+002
  8.5829200e+002  4.0800000e+002
  8.5934800e+002  1.0560000e+003
  8.6010000e+002  7.5200000e+002
  8.6088400e+002  7.8400000e+002
  8.6161600e+002  7.3200000e+002
  8.6235600e+002  7.4000000e+002
  8.6276400e+002  4.0800000e+002
  8.6382000e+002  1.0560000e+003
  8.6456400e+002  7.4400000e+002
  8.6534800e+002  7.8400000e+002
  8.6607200e+002  7.2400000e+002
  8.6680400e+002  7.3200000e+002
  8.6724000e+002  4.3600000e+002
  8.6831600e+002  1.0760000e+003
  8.6906800e+002  7.5200000e+002
  8.6986800e+002  8.0000000e+002
  8.7065200e+002  7.8400000e+002
  8.7139600e+002  7.4400000e+002
  8.7180000e+002  4.0400000e+002
  8.7292000e+002  1.1200000e+003
  8.7366400e+002  7.4400000e+002
  8.7444400e+002  7.8000000e+002
  8.7522400e+002  7.8000000e+002
  8.7597600e+002  7.5200000e+002
  8.7638400e+002  4.0800000e+002
  8.7754000e+002  1.1560000e+003
  8.7830400e+002  7.6400000e+002
  8.7910000e+002  7.9600000e+002
  8.7989200e+002  7.9200000e+002
  8.8066000e+002  7.6800000e+002
  8.8106800e+002  4.0800000e+002
  8.8219200e+002  1.1240000e+003
  8.8297200e+002  7.8000000e+002
  8.8352800e+002  5.5600000e+002
  8.8450800e+002  9.8000000e+002
  8.8527600e+002  7.6800000e+002
  8.8602000e+002  7.4400000e+002
  8.8679200e+002  7.7200000e+002
  8.8758000e+002  7.8800000e+002
  8.8832800e+002  7.4800000e+002
  8.8908000e+002  7.5200000e+002
  8.8990400e+002  8.2400000e+002
  8.9065200e+002  7.4800000e+002
  8.9143600e+002  7.8400000e+002
  8.9225600e+002  8.2000000e+002
  8.9302000e+002  7.6400000e+002
  8.9383200e+002  8.1200000e+002
  8.9465200e+002  8.2000000e+002
  8.9543200e+002  7.8000000e+002
  8.9625600e+002  8.2400000e+002
  8.9708400e+002  8.2800000e+002
  8.9787600e+002  7.9200000e+002
  8.9872800e+002  8.5200000e+002
  8.9952400e+002  7.9600000e+002
  9.0029200e+002  7.6800000e+002
  9.0112000e+002  8.2800000e+002
  9.0191600e+002  7.9600000e+002
  9.0268000e+002  7.6400000e+002
  9.0353200e+002  8.5200000e+002
  9.0433600e+002  8.0400000e+002
  9.0474800e+002  4.1200000e+002
  9.0592800e+002  1.1800000e+003
  9.0672400e+002  7.9600000e+002
  9.0747600e+002  7.5200000e+002
  9.0828800e+002  8.1200000e+002
  9.0905200e+002  7.6400000e+002
  9.0978800e+002  7.3600000e+002
  9.1059600e+002  8.0800000e+002
  9.1137200e+002  7.7600000e+002
  9.1211200e+002  7.4000000e+002
  9.1251600e+002  4.0400000e+002
  9.1368400e+002  1.1680000e+003
  9.1442400e+002  7.4000000e+002
  9.1514800e+002  7.2400000e+002
  9.1555200e+002  4.0400000e+002
  9.1665600e+002  1.1040000e+003
  9.1740000e+002  7.4400000e+002
  9.1818800e+002  7.8800000e+002
  9.1895600e+002  7.6800000e+002
  9.1970000e+002  7.4400000e+002
  9.2010400e+002  4.0400000e+002
  9.2127600e+002  1.1720000e+003
  9.2203200e+002  7.5600000e+002
  9.2281600e+002  7.8400000e+002
  9.2358400e+002  7.6800000e+002
  9.2431600e+002  7.3200000e+002
  9.2472800e+002  4.1200000e+002
  9.2590800e+002  1.1800000e+003
  9.2669600e+002  7.8800000e+002
  9.2743200e+002  7.3600000e+002
  9.2825200e+002  8.2000000e+002
  9.2905200e+002  8.0000000e+002
  9.2979200e+002  7.4000000e+002
  9.3056000e+002  7.6800000e+002
  9.3136800e+002  8.0800000e+002
  9.3211600e+002  7.4800000e+002
  9.3252400e+002  4.0800000e+002
  9.3367600e+002  1.1520000e+003
  9.3443200e+002  7.5600000e+002
  9.3516000e+002  7.2800000e+002
  9.3556800e+002  4.0800000e+002
  9.3665200e+002  1.0840000e+003
  9.3740400e+002  7.5200000e+002
  9.3821200e+002  8.0800000e+002
  9.3895200e+002  7.4000000e+002
  9.3968400e+002  7.3200000e+002
  9.4012000e+002  4.3600000e+002
  9.4118400e+002  1.0640000e+003
  9.4192800e+002  7.4400000e+002
  9.4273200e+002  8.0400000e+002
  9.4347200e+002  7.4000000e+002
  9.4420000e+002  7.2800000e+002
  9.4502000e+002  8.2000000e+002
  9.4576800e+002  7.4800000e+002
  9.4651200e+002  7.4400000e+002
  9.4732400e+002  8.1200000e+002
  9.4806400e+002  7.4000000e+002
  9.4883200e+002  7.6800000e+002
  9.4964400e+002  8.1200000e+002
  9.5040000e+002  7.5600000e+002
  9.5119200e+002  7.9200000e+002
  9.5202800e+002  8.3600000e+002
  9.5278400e+002  7.5600000e+002
  9.5357200e+002  7.8800000e+002
  9.5436400e+002  7.9200000e+002
  9.5520000e+002  8.3600000e+002
  9.5561200e+002  4.1200000e+002
  9.5670400e+002  1.0920000e+003
  9.5752000e+002  8.1600000e+002
  9.5830000e+002  7.8000000e+002
  9.5904800e+002  7.4800000e+002
  9.5985200e+002  8.0400000e+002
  9.6064000e+002  7.8800000e+002
  9.6138000e+002  7.4000000e+002
  9.6212400e+002  7.4400000e+002
  9.6288400e+002  7.6000000e+002
  9.6373600e+002  8.5200000e+002
  9.6414400e+002  4.0800000e+002
  9.6524000e+002  1.0960000e+003
  9.6610000e+002  8.6000000e+002
  9.6686800e+002  7.6800000e+002
  9.6763200e+002  7.6400000e+002
  9.6847200e+002  8.4000000e+002
  9.6924000e+002  7.6800000e+002
  9.6998000e+002  7.4000000e+002
  9.7073200e+002  7.5200000e+002
  9.7158800e+002  8.5600000e+002
  9.7234800e+002  7.6000000e+002
  9.7278800e+002  4.4000000e+002
  9.7390800e+002  1.1200000e+003
  9.7468800e+002  7.8000000e+002
  9.7542400e+002  7.3600000e+002
  9.7583600e+002  4.1200000e+002
  9.7694400e+002  1.1080000e+003
  9.7767600e+002  7.3200000e+002
  9.7843600e+002  7.6000000e+002
  9.7918000e+002  7.4400000e+002
  9.7989600e+002  7.1600000e+002
  9.8065200e+002  7.5600000e+002
  9.8142400e+002  7.7200000e+002
  9.8215600e+002  7.3200000e+002
  9.8293600e+002  7.8000000e+002
  9.8372800e+002  7.9200000e+002
  9.8447600e+002  7.4800000e+002
  9.8529600e+002  8.2000000e+002
  9.8609600e+002  8.0000000e+002
  9.8686800e+002  7.7200000e+002
  9.8770800e+002  8.4000000e+002
  9.8848000e+002  7.7200000e+002
  9.8922800e+002  7.4800000e+002
  9.8997200e+002  7.4400000e+002
  9.9078400e+002  8.1200000e+002
  9.9153200e+002  7.4800000e+002
  9.9228800e+002  7.5600000e+002
  9.9310400e+002  8.1600000e+002
  9.9387200e+002  7.6800000e+002
  9.9470400e+002  8.3200000e+002
  9.9550800e+002  8.0400000e+002
  9.9629200e+002  7.8400000e+002
  9.9670000e+002  4.0800000e+002
  9.9783200e+002  1.1320000e+003
  9.9860000e+002  7.6800000e+002
  9.9940400e+002  8.0400000e+002
  1.0001280e+003  7.2400000e+002
  1.0008800e+003  7.5200000e+002
  1.0016520e+003  7.7200000e+002
  1.0023800e+003  7.2800000e+002
  1.0027920e+003  4.1200000e+002
  1.0039120e+003  1.1200000e+003
  1.0046480e+003  7.3600000e+002
  1.0053760e+003  7.2800000e+002
  1.0061640e+003  7.8800000e+002
  1.0068920e+003  7.2800000e+002
  1.0076280e+003  7.3600000e+002
  1.0084160e+003  7.8800000e+002
  1.0091560e+003  7.4000000e+002
  1.0099440e+003  7.8800000e+002
  1.0107520e+003  8.0800000e+002
  1.0115240e+003  7.7200000e+002
  1.0123360e+003  8.1200000e+002
  1.0131600e+003  8.2400000e+002
  1.0139440e+003  7.8400000e+002
  1.0148640e+003  9.2000000e+002
  1.0156680e+003  8.0400000e+002
  1.0164600e+003  7.9200000e+002
  1.0173040e+003  8.4400000e+002
  1.0180720e+003  7.6800000e+002
  1.0188360e+003  7.6400000e+002
  1.0196760e+003  8.4000000e+002
  1.0204280e+003  7.5200000e+002
  1.0212440e+003  8.1600000e+002
  1.0220200e+003  7.7600000e+002
  1.0227600e+003  7.4000000e+002
  1.0231720e+003  4.1200000e+002
  1.0242960e+003  1.1240000e+003
  1.0250440e+003  7.4800000e+002
  1.0257720e+003  7.2800000e+002
  1.0261800e+003  4.0800000e+002
  1.0272880e+003  1.1080000e+003
  1.0280160e+003  7.2800000e+002
  1.0287360e+003  7.2000000e+002
  1.0291400e+003  4.0400000e+002
  1.0302240e+003  1.0840000e+003
  1.0309560e+003  7.3200000e+002
  1.0317440e+003  7.8800000e+002
  1.0324960e+003  7.5200000e+002
  1.0332120e+003  7.1600000e+002
  1.0339360e+003  7.2400000e+002
  1.0346920e+003  7.5600000e+002
  1.0355600e+003  8.6800000e+002
  1.0363600e+003  8.0000000e+002
  1.0371200e+003  7.6000000e+002
  1.0379640e+003  8.4400000e+002
  1.0388000e+003  8.3600000e+002
  1.0395640e+003  7.6400000e+002
  1.0404160e+003  8.5200000e+002
  1.0412040e+003  7.8800000e+002
  1.0419600e+003  7.5600000e+002
  1.0427400e+003  7.8000000e+002
  1.0435880e+003  8.4800000e+002
  1.0443480e+003  7.6000000e+002
  1.0451160e+003  7.6800000e+002
  1.0459560e+003  8.4000000e+002
  1.0467360e+003  7.8000000e+002
  1.0474880e+003  7.5200000e+002
  1.0478960e+003  4.0800000e+002
  1.0490480e+003  1.1520000e+003
  1.0498080e+003  7.6000000e+002
  1.0505960e+003  7.8800000e+002
  1.0513440e+003  7.4800000e+002
  1.0521080e+003  7.6400000e+002
  1.0529280e+003  8.2000000e+002
  1.0536920e+003  7.6400000e+002
  1.0544600e+003  7.6800000e+002
  1.0552480e+003  7.8800000e+002
  1.0560760e+003  8.2800000e+002
  1.0568680e+003  7.9200000e+002
  1.0576360e+003  7.6800000e+002
  1.0584160e+003  7.8000000e+002
  1.0591960e+003  7.8000000e+002
  1.0599960e+003  8.0000000e+002
  1.0607680e+003  7.7200000e+002
  1.0615360e+003  7.6800000e+002
  1.0623640e+003  8.2800000e+002
  1.0631600e+003  7.9600000e+002
  1.0639400e+003  7.8000000e+002
  1.0647000e+003  7.6000000e+002
  1.0654480e+003  7.4800000e+002
  1.0661840e+003  7.3600000e+002
  1.0669400e+003  7.5600000e+002
  1.0677000e+003  7.6000000e+002
  1.0684720e+003  7.7200000e+002
  1.0692240e+003  7.5200000e+002
  1.0700440e+003  8.2000000e+002
  1.0708280e+003  7.8400000e+002
  1.0715560e+003  7.2800000e+002
  1.0722800e+003  7.2400000e+002
  1.0729920e+003  7.1200000e+002
  1.0734360e+003  4.4400000e+002
  1.0737600e+003  3.2400000e+002
  1.0745000e+003  7.4000000e+002
  1.0752000e+003  7.0000000e+002
  1.0759000e+003  7.0000000e+002
  1.0766080e+003  7.0800000e+002
  1.0773080e+003  7.0000000e+002
  1.0780040e+003  6.9600000e+002
  1.0787320e+003  7.2800000e+002
  1.0794040e+003  6.7200000e+002
  1.0800800e+003  6.7600000e+002
  1.0808120e+003  7.3200000e+002
  1.0814840e+003  6.7200000e+002
  1.0821720e+003  6.8800000e+002
  1.0829120e+003  7.4000000e+002
  1.0836000e+003  6.8800000e+002
  1.0842960e+003  6.9600000e+002
  1.0850520e+003  7.5600000e+002
  1.0857560e+003  7.0400000e+002
  1.0864760e+003  7.2000000e+002
  1.0872040e+003  7.2800000e+002
  1.0879440e+003  7.4000000e+002
  1.0887120e+003  7.6800000e+002
  1.0894200e+003  7.0800000e+002
  1.0901720e+003  7.5200000e+002
  1.0909240e+003  7.5200000e+002
  1.0916360e+003  7.1200000e+002
  1.0924120e+003  7.7600000e+002
  1.0931480e+003  7.3600000e+002
  1.0938640e+003  7.1600000e+002
  1.0946440e+003  7.8000000e+002
  1.0953640e+003  7.2000000e+002
  1.0960800e+003  7.1600000e+002
  1.0968600e+003  7.8000000e+002
  1.0976000e+003  7.4000000e+002
  1.0983520e+003  7.5200000e+002
  1.0991320e+003  7.8000000e+002
  1.0998640e+003  7.3200000e+002
  1.1006400e+003  7.7600000e+002
  1.1014240e+003  7.8400000e+002
  1.1021760e+003  7.5200000e+002
  1.1029720e+003  7.9600000e+002
  1.1037560e+003  7.8400000e+002
  1.1045120e+003  7.5600000e+002
  1.1050080e+003  4.9600000e+002
  1.1060920e+003  1.0840000e+003
  1.1068480e+003  7.5600000e+002
  1.1076480e+003  8.0000000e+002
  1.1084240e+003  7.7600000e+002
  1.1091720e+003  7.4800000e+002
  1.1095720e+003  4.0000000e+002
  1.1107000e+003  1.1280000e+003
  1.1114520e+003  7.5200000e+002
  1.1122400e+003  7.8800000e+002
  1.1130080e+003  7.6800000e+002
  1.1137400e+003  7.3200000e+002
  1.1145160e+003  7.7600000e+002
  1.1153000e+003  7.8400000e+002
  1.1160440e+003  7.4400000e+002
  1.1168280e+003  7.8400000e+002
  1.1176240e+003  7.9600000e+002
  1.1183840e+003  7.6000000e+002
  1.1191960e+003  8.1200000e+002
  1.1200040e+003  8.0800000e+002
  1.1207760e+003  7.7200000e+002
  1.1216120e+003  8.3600000e+002
  1.1224160e+003  8.0400000e+002
  1.1231920e+003  7.7600000e+002
  1.1239640e+003  7.7200000e+002
  1.1247760e+003  8.1200000e+002
  1.1255320e+003  7.5600000e+002
  1.1263320e+003  8.0000000e+002
  1.1271320e+003  8.0000000e+002
  1.1279000e+003  7.6800000e+002
  1.1287400e+003  8.4000000e+002
  1.1295440e+003  8.0400000e+002
  1.1303320e+003  7.8800000e+002
  1.1311880e+003  8.5600000e+002
  1.1319760e+003  7.8800000e+002
  1.1327560e+003  7.8000000e+002
  1.1335800e+003  8.2400000e+002
  1.1343520e+003  7.7200000e+002
  1.1351920e+003  8.4000000e+002
  1.1359840e+003  7.9200000e+002
  1.1367520e+003  7.6800000e+002
  1.1375920e+003  8.4000000e+002
  1.1383760e+003  7.8400000e+002
  1.1391400e+003  7.6400000e+002
  1.1395480e+003  4.0800000e+002
  1.1407040e+003  1.1560000e+003
  1.1414800e+003  7.7600000e+002
  1.1422920e+003  8.1200000e+002
  1.1430680e+003  7.7600000e+002
  1.1438360e+003  7.6800000e+002
  1.1446760e+003  8.4000000e+002
  1.1454520e+003  7.7600000e+002
  1.1462200e+003  7.6800000e+002
  1.1470680e+003  8.4800000e+002
  1.1478520e+003  7.8400000e+002
  1.1486560e+003  8.0400000e+002
  1.1495120e+003  8.5600000e+002
  1.1503080e+003  7.9600000e+002
  1.1511440e+003  8.3600000e+002
  1.1520320e+003  8.8800000e+002
  1.1528480e+003  8.1600000e+002
  1.1537000e+003  8.5200000e+002
  1.1545880e+003  8.8800000e+002
  1.1554080e+003  8.2000000e+002
  1.1559160e+003  5.0800000e+002
  1.1567320e+003  8.1600000e+002
  1.1577560e+003  1.0240000e+003
  1.1586200e+003  8.6400000e+002
  1.1594960e+003  8.7600000e+002
  1.1603040e+003  8.0800000e+002
  1.1611560e+003  8.5200000e+002
  1.1620200e+003  8.6400000e+002
  1.1628200e+003  8.0000000e+002
  1.1636360e+003  8.1600000e+002
  1.1644840e+003  8.4800000e+002
  1.1652880e+003  8.0400000e+002
  1.1661920e+003  9.0400000e+002
  1.1670480e+003  8.5600000e+002
  1.1679120e+003  8.6400000e+002
  1.1688760e+003  9.6400000e+002
  1.1697000e+003  8.2400000e+002
  1.1702120e+003  5.1200000e+002
  1.1713640e+003  1.1520000e+003
  1.1721600e+003  7.9600000e+002
  1.1729280e+003  7.6800000e+002
  1.1734920e+003  5.6400000e+002
  1.1744240e+003  9.3200000e+002
  1.1748800e+003  4.5600000e+002
  1.1759520e+003  1.0720000e+003
  1.1767080e+003  7.5600000e+002
  1.1774640e+003  7.5600000e+002
  1.1782120e+003  7.4800000e+002
  1.1789280e+003  7.1600000e+002
  1.1797000e+003  7.7200000e+002
  1.1804640e+003  7.6400000e+002
  1.1812120e+003  7.4800000e+002
  1.1820160e+003  8.0400000e+002
  1.1824320e+003  4.1600000e+002
  1.1835200e+003  1.0880000e+003
  1.1843240e+003  8.0400000e+002
  1.1850920e+003  7.6800000e+002
  1.1855000e+003  4.0800000e+002
  1.1865920e+003  1.0920000e+003
  1.1873560e+003  7.6400000e+002
  1.1880760e+003  7.2000000e+002
  1.1888440e+003  7.6800000e+002
  1.1896000e+003  7.5600000e+002
  1.1903360e+003  7.3600000e+002
  1.1910960e+003  7.6000000e+002
  1.1918480e+003  7.5200000e+002
  1.1925840e+003  7.3600000e+002
  1.1933600e+003  7.7600000e+002
  1.1941320e+003  7.7200000e+002
  1.1948760e+003  7.4400000e+002
  1.1956600e+003  7.8400000e+002
  1.1964400e+003  7.8000000e+002
  1.1972000e+003  7.6000000e+002
  1.1979840e+003  7.8400000e+002
  1.1987680e+003  7.8400000e+002
  1.1995200e+003  7.5200000e+002
  1.2003120e+003  7.9200000e+002
  1.2011080e+003  7.9600000e+002
  1.2018680e+003  7.6000000e+002
  1.2026680e+003  8.0000000e+002
  1.2034680e+003  8.0000000e+002
  1.2042240e+003  7.5600000e+002
  1.2050240e+003  8.0000000e+002
  1.2058200e+003  7.9600000e+002
  1.2065880e+003  7.6800000e+002
  1.2073760e+003  7.8800000e+002
  1.2081720e+003  7.9600000e+002
  1.2089200e+003  7.4800000e+002
  1.2097080e+003  7.8800000e+002
  1.2105040e+003  7.9600000e+002
  1.2112480e+003  7.4400000e+002
  1.2120000e+003  7.5200000e+002
  1.2128080e+003  8.0800000e+002
  1.2135680e+003  7.6000000e+002
  1.2143120e+003  7.4400000e+002
  1.2151280e+003  8.1600000e+002
  1.2158720e+003  7.4400000e+002
  1.2166160e+003  7.4400000e+002
  1.2174280e+003  8.1200000e+002
  1.2181920e+003  7.6400000e+002
  1.2189440e+003  7.5200000e+002
  1.2197480e+003  8.0400000e+002
  1.2205160e+003  7.6800000e+002
  1.2212600e+003  7.4400000e+002
  1.2220640e+003  8.0400000e+002
  1.2228480e+003  7.8400000e+002
  1.2236160e+003  7.6800000e+002
  1.2240480e+003  4.3200000e+002
  1.2251680e+003  1.1200000e+003
  1.2259240e+003  7.5600000e+002
  1.2267280e+003  8.0400000e+002
  1.2275040e+003  7.7600000e+002
  1.2282520e+003  7.4800000e+002
  1.2290240e+003  7.7200000e+002
  1.2297680e+003  7.4400000e+002
  1.2305120e+003  7.4400000e+002
  1.2312880e+003  7.7600000e+002
  1.2320520e+003  7.6400000e+002
  1.2327880e+003  7.3600000e+002
  1.2335800e+003  7.9200000e+002
  1.2343560e+003  7.7600000e+002
  1.2351120e+003  7.5600000e+002
  1.2359160e+003  8.0400000e+002
  1.2366920e+003  7.7600000e+002
  1.2374440e+003  7.5200000e+002
  1.2382320e+003  7.8800000e+002
  1.2389880e+003  7.5600000e+002
  1.2397320e+003  7.4400000e+002
  1.2404600e+003  7.2800000e+002
  1.2408600e+003  4.0000000e+002
  1.2419320e+003  1.0720000e+003
  1.2426640e+003  7.3200000e+002
  1.2434200e+003  7.5600000e+002
  1.2441200e+003  7.0000000e+002
  1.2448400e+003  7.2000000e+002
  1.2456000e+003  7.6000000e+002
  1.2463040e+003  7.0400000e+002
  1.2470400e+003  7.3600000e+002
  1.2477960e+003  7.5600000e+002
  1.2485200e+003  7.2400000e+002
  1.2492560e+003  7.3600000e+002
  1.2500240e+003  7.6800000e+002
  1.2507560e+003  7.3200000e+002
  1.2515160e+003  7.6000000e+002
  1.2523000e+003  7.8400000e+002
  1.2530520e+003  7.5200000e+002
  1.2538400e+003  7.8800000e+002
  1.2545960e+003  7.5600000e+002
  1.2553280e+003  7.3200000e+002
  1.2561320e+003  8.0400000e+002
  1.2568960e+003  7.6400000e+002
  1.2576320e+003  7.3600000e+002
  1.2584360e+003  8.0400000e+002
  1.2591800e+003  7.4400000e+002
  1.2599160e+003  7.3600000e+002
  1.2603160e+003  4.0000000e+002
  1.2613880e+003  1.0720000e+003
  1.2621400e+003  7.5200000e+002
  1.2629240e+003  7.8400000e+002
  1.2636400e+003  7.1600000e+002
  1.2643600e+003  7.2000000e+002
  1.2647680e+003  4.0800000e+002
  1.2658120e+003  1.0440000e+003
  1.2665480e+003  7.3600000e+002
  1.2673240e+003  7.7600000e+002
  1.2680400e+003  7.1600000e+002
  1.2687640e+003  7.2400000e+002
  1.2691680e+003  4.0400000e+002
  1.2702280e+003  1.0600000e+003
  1.2709880e+003  7.6000000e+002
  1.2717760e+003  7.8800000e+002
  1.2725040e+003  7.2800000e+002
  1.2732480e+003  7.4400000e+002
  1.2736480e+003  4.0000000e+002
  1.2747320e+003  1.0840000e+003
  1.2754920e+003  7.6000000e+002
  1.2762840e+003  7.9200000e+002
  1.2770240e+003  7.4000000e+002
  1.2777680e+003  7.4400000e+002
  1.2781760e+003  4.0800000e+002
  1.2792440e+003  1.0680000e+003
  1.2800000e+003  7.5600000e+002
  1.2807960e+003  7.9600000e+002
  1.2815240e+003  7.2800000e+002
  1.2822600e+003  7.3600000e+002
  1.2830520e+003  7.9200000e+002
  1.2837880e+003  7.3600000e+002
  1.2845440e+003  7.5600000e+002
  1.2853240e+003  7.8000000e+002
  1.2860760e+003  7.5200000e+002
  1.2868560e+003  7.8000000e+002
  1.2876280e+003  7.7200000e+002
  1.2883760e+003  7.4800000e+002
  1.2891640e+003  7.8800000e+002
  1.2899480e+003  7.8400000e+002
  1.2907040e+003  7.5600000e+002
  1.2915000e+003  7.9600000e+002
  1.2923040e+003  8.0400000e+002
  1.2930720e+003  7.6800000e+002
  1.2938720e+003  8.0000000e+002
  1.2946800e+003  8.0800000e+002
  1.2954480e+003  7.6800000e+002
  1.2962480e+003  8.0000000e+002
  1.2970600e+003  8.1200000e+002
  1.2978240e+003  7.6400000e+002
  1.2986320e+003  8.0800000e+002
  1.2994360e+003  8.0400000e+002
  1.3001920e+003  7.5600000e+002
  1.3009840e+003  7.9200000e+002
  1.3017840e+003  8.0000000e+002
  1.3025400e+003  7.5600000e+002
  1.3033360e+003  7.9600000e+002
  1.3041240e+003  7.8800000e+002
  1.3048880e+003  7.6400000e+002
  1.3056360e+003  7.4800000e+002
  1.3064200e+003  7.8400000e+002
  1.3072000e+003  7.8000000e+002
  1.3079360e+003  7.3600000e+002
  1.3087200e+003  7.8400000e+002
  1.3095000e+003  7.8000000e+002
  1.3102480e+003  7.4800000e+002
  1.3110640e+003  8.1600000e+002
  1.3118560e+003  7.9200000e+002
  1.3126240e+003  7.6800000e+002
  1.3130320e+003  4.0800000e+002
  1.3142120e+003  1.1800000e+003
  1.3149840e+003  7.7200000e+002
  1.3158160e+003  8.3200000e+002
  1.3166040e+003  7.8800000e+002
  1.3173560e+003  7.5200000e+002
  1.3181480e+003  7.9200000e+002
  1.3189400e+003  7.9200000e+002
  1.3197040e+003  7.6400000e+002
  1.3205120e+003  8.0800000e+002
  1.3213240e+003  8.1200000e+002
  1.3220960e+003  7.7200000e+002
  1.3229200e+003  8.2400000e+002
  1.3237320e+003  8.1200000e+002
  1.3245080e+003  7.7600000e+002
  1.3253360e+003  8.2800000e+002
  1.3261320e+003  7.9600000e+002
  1.3269000e+003  7.6800000e+002
  1.3277160e+003  8.1600000e+002
  1.3284760e+003  7.6000000e+002
  1.3292280e+003  7.5200000e+002
  1.3300360e+003  8.0800000e+002
  1.3307960e+003  7.6000000e+002
  1.3315600e+003  7.6400000e+002
  1.3323520e+003  7.9200000e+002
  1.3331040e+003  7.5200000e+002
  1.3338800e+003  7.7600000e+002
  1.3346760e+003  7.9600000e+002
  1.3354360e+003  7.6000000e+002
  1.3362200e+003  7.8400000e+002
  1.3370320e+003  8.1200000e+002
  1.3377920e+003  7.6000000e+002
  1.3386000e+003  8.0800000e+002
  1.3394000e+003  8.0000000e+002
  1.3401560e+003  7.5600000e+002
  1.3409560e+003  8.0000000e+002
  1.3417360e+003  7.8000000e+002
  1.3425000e+003  7.6400000e+002
  1.3432400e+003  7.4000000e+002
  1.3439920e+003  7.5200000e+002
  1.3443960e+003  4.0400000e+002
  1.3454640e+003  1.0680000e+003
  1.3462600e+003  7.9600000e+002
  1.3467400e+003  4.8000000e+002
  1.3477320e+003  9.9200000e+002
  1.3484840e+003  7.5200000e+002
  1.3492440e+003  7.6000000e+002
  1.3499520e+003  7.0800000e+002
  1.3506800e+003  7.2800000e+002
  1.3514480e+003  7.6800000e+002
  1.3521640e+003  7.1600000e+002
  1.3529040e+003  7.4000000e+002
  1.3536800e+003  7.7600000e+002
  1.3544080e+003  7.2800000e+002
  1.3551520e+003  7.4400000e+002
  1.3559280e+003  7.7600000e+002
  1.3566680e+003  7.4000000e+002
  1.3574320e+003  7.6400000e+002
  1.3582240e+003  7.9200000e+002
  1.3589720e+003  7.4800000e+002
  1.3597480e+003  7.7600000e+002
  1.3605120e+003  7.6400000e+002
  1.3612560e+003  7.4400000e+002
  1.3620560e+003  8.0000000e+002
  1.3628320e+003  7.7600000e+002
  1.3635800e+003  7.4800000e+002
  1.3643760e+003  7.9600000e+002
  1.3651520e+003  7.7600000e+002
  1.3659080e+003  7.5600000e+002
  1.3666960e+003  7.8800000e+002
  1.3674920e+003  7.9600000e+002
  1.3682480e+003  7.5600000e+002
  1.3690560e+003  8.0800000e+002
  1.3698200e+003  7.6400000e+002
  1.3705600e+003  7.4000000e+002
  1.3713760e+003  8.1600000e+002
  1.3721320e+003  7.5600000e+002
  1.3728880e+003  7.5600000e+002
  1.3737040e+003  8.1600000e+002
  1.3742760e+003  5.7200000e+002
  1.3751840e+003  9.0800000e+002
  1.3760440e+003  8.6000000e+002
  1.3768080e+003  7.6400000e+002
  1.3775760e+003  7.6800000e+002
  1.3784040e+003  8.2800000e+002
  1.3791840e+003  7.8000000e+002
  1.3799600e+003  7.7600000e+002
  1.3807680e+003  8.0800000e+002
  1.3815520e+003  7.8400000e+002
  1.3823240e+003  7.7200000e+002
  1.3831520e+003  8.2800000e+002
  1.3839600e+003  8.0800000e+002
  1.3847320e+003  7.7200000e+002
  1.3855880e+003  8.5600000e+002
  1.3863960e+003  8.0800000e+002
  1.3871960e+003  8.0000000e+002
  1.3880280e+003  8.3200000e+002
  1.3888400e+003  8.1200000e+002
  1.3896160e+003  7.7600000e+002
  1.3904240e+003  8.0800000e+002
  1.3912280e+003  8.0400000e+002
  1.3919960e+003  7.6800000e+002
  1.3928080e+003  8.1200000e+002
  1.3936320e+003  8.2400000e+002
  1.3944120e+003  7.8000000e+002
  1.3952280e+003  8.1600000e+002
  1.3960600e+003  8.3200000e+002
  1.3968440e+003  7.8400000e+002
  1.3976520e+003  8.0800000e+002
  1.3984760e+003  8.2400000e+002
  1.3992600e+003  7.8400000e+002
  1.4000760e+003  8.1600000e+002
  1.4008880e+003  8.1200000e+002
  1.4016600e+003  7.7200000e+002
  1.4024880e+003  8.2800000e+002
  1.4033000e+003  8.1200000e+002
  1.4040760e+003  7.7600000e+002
  1.4048960e+003  8.2000000e+002
  1.4056880e+003  7.9200000e+002
  1.4064520e+003  7.6400000e+002
  1.4072480e+003  7.9600000e+002
  1.4080400e+003  7.9200000e+002
  1.4088000e+003  7.6000000e+002
  1.4096040e+003  8.0400000e+002
  1.4104200e+003  8.1600000e+002
  1.4111960e+003  7.7600000e+002
  1.4120080e+003  8.1200000e+002
  1.4127920e+003  7.8400000e+002
  1.4135520e+003  7.6000000e+002
  1.4143640e+003  8.1200000e+002
  1.4151520e+003  7.8800000e+002
  1.4159240e+003  7.7200000e+002
  1.4167240e+003  8.0000000e+002
  1.4175320e+003  8.0800000e+002
  1.4183000e+003  7.6800000e+002
  1.4191080e+003  8.0800000e+002
  1.4198960e+003  7.8800000e+002
  1.4206640e+003  7.6800000e+002
  1.4214600e+003  7.9600000e+002
  1.4222360e+003  7.7600000e+002
  1.4229920e+003  7.5600000e+002
  1.4234440e+003  4.5200000e+002
  1.4245320e+003  1.0880000e+003
  1.4253200e+003  7.8800000e+002
  1.4260520e+003  7.3200000e+002
  1.4268200e+003  7.6800000e+002
  1.4275920e+003  7.7200000e+002
  1.4283360e+003  7.4400000e+002
  1.4291000e+003  7.6400000e+002
  1.4298920e+003  7.9200000e+002
  1.4306280e+003  7.3600000e+002
  1.4310440e+003  4.1600000e+002
  1.4321960e+003  1.1520000e+003
  1.4329360e+003  7.4000000e+002
  1.4336760e+003  7.4000000e+002
  1.4340840e+003  4.0800000e+002
  1.4351840e+003  1.1000000e+003
  1.4359360e+003  7.5200000e+002
  1.4367120e+003  7.7600000e+002
  1.4374640e+003  7.5200000e+002
  1.4381920e+003  7.2800000e+002
  1.4389640e+003  7.7200000e+002
  1.4397280e+003  7.6400000e+002
  1.4404720e+003  7.4400000e+002
  1.4412480e+003  7.7600000e+002
  1.4420440e+003  7.9600000e+002
  1.4428000e+003  7.5600000e+002
  1.4436000e+003  8.0000000e+002
  1.4443880e+003  7.8800000e+002
  1.4451560e+003  7.6800000e+002
  1.4459400e+003  7.8400000e+002
  1.4467080e+003  7.6800000e+002
  1.4474600e+003  7.5200000e+002
  1.4482520e+003  7.9200000e+002
  1.4490320e+003  7.8000000e+002
  1.4497880e+003  7.5600000e+002
  1.4505760e+003  7.8800000e+002
  1.4513640e+003  7.8800000e+002
  1.4521240e+003  7.6000000e+002
  1.4529200e+003  7.9600000e+002
  1.4537240e+003  8.0400000e+002
  1.4544920e+003  7.6800000e+002
  1.4552760e+003  7.8400000e+002
  1.4561040e+003  8.2800000e+002
  1.4568800e+003  7.7600000e+002
  1.4576560e+003  7.7600000e+002
  1.4584840e+003  8.2800000e+002
  1.4592520e+003  7.6800000e+002
  1.4600240e+003  7.7200000e+002
  1.4608600e+003  8.3600000e+002
  1.4616320e+003  7.7200000e+002
  1.4623960e+003  7.6400000e+002
  1.4632080e+003  8.1200000e+002
  1.4639880e+003  7.8000000e+002
  1.4647600e+003  7.7200000e+002
  1.4655920e+003  8.3200000e+002
  1.4663880e+003  7.9600000e+002
  1.4671720e+003  7.8400000e+002
  1.4675840e+003  4.1200000e+002
  1.4687720e+003  1.1880000e+003
  1.4695480e+003  7.7600000e+002
  1.4701000e+003  5.5200000e+002
  1.4711320e+003  1.0320000e+003
  1.4719000e+003  7.6800000e+002
  1.4726720e+003  7.7200000e+002
  1.4734880e+003  8.1600000e+002
  1.4742560e+003  7.6800000e+002
  1.4750360e+003  7.8000000e+002
  1.4758760e+003  8.4000000e+002
  1.4766560e+003  7.8000000e+002
  1.4774400e+003  7.8400000e+002
  1.4783000e+003  8.6000000e+002
  1.4790800e+003  7.8000000e+002
  1.4798720e+003  7.9200000e+002
  1.4807200e+003  8.4800000e+002
  1.4815080e+003  7.8800000e+002
  1.4823120e+003  8.0400000e+002
  1.4831520e+003  8.4000000e+002
  1.4839440e+003  7.9200000e+002
  1.4847520e+003  8.0800000e+002
  1.4856040e+003  8.5200000e+002
  1.4863960e+003  7.9200000e+002
  1.4872040e+003  8.0800000e+002
  1.4880440e+003  8.4000000e+002
  1.4888360e+003  7.9200000e+002
  1.4896480e+003  8.1200000e+002
  1.4904880e+003  8.4000000e+002
  1.4912720e+003  7.8400000e+002
  1.4921160e+003  8.4400000e+002
  1.4929200e+003  8.0400000e+002
  1.4937080e+003  7.8800000e+002
  1.4945360e+003  8.2800000e+002
  1.4953240e+003  7.8800000e+002
  1.4960920e+003  7.6800000e+002
  1.4969000e+003  8.0800000e+002
  1.4976600e+003  7.6000000e+002
  1.4984120e+003  7.5200000e+002
  1.4992160e+003  8.0400000e+002
  1.4999960e+003  7.8000000e+002
  1.5007600e+003  7.6400000e+002
  1.5015880e+003  8.2800000e+002
  1.5023560e+003  7.6800000e+002
  1.5031120e+003  7.5600000e+002
  1.5039320e+003  8.2000000e+002
  1.5047040e+003  7.7200000e+002
  1.5054680e+003  7.6400000e+002
  1.5062800e+003  8.1200000e+002
  1.5070720e+003  7.9200000e+002
  1.5078440e+003  7.7200000e+002
  1.5086400e+003  7.9600000e+002
  1.5094440e+003  8.0400000e+002
  1.5102040e+003  7.6000000e+002
  1.5110000e+003  7.9600000e+002
  1.5117800e+003  7.8000000e+002
  1.5125360e+003  7.5600000e+002
  1.5133360e+003  8.0000000e+002
  1.5140840e+003  7.4800000e+002
  1.5148280e+003  7.4400000e+002
  1.5156120e+003  7.8400000e+002
  1.5163520e+003  7.4000000e+002
  1.5171040e+003  7.5200000e+002
  1.5178840e+003  7.8000000e+002
  1.5186280e+003  7.4400000e+002
  1.5193920e+003  7.6400000e+002
  1.5201880e+003  7.9600000e+002
  1.5209440e+003  7.5600000e+002
  1.5217160e+003  7.7200000e+002
  1.5225280e+003  8.1200000e+002
  1.5233000e+003  7.7200000e+002
  1.5240760e+003  7.7600000e+002
  1.5248920e+003  8.1600000e+002
  1.5256480e+003  7.5600000e+002
  1.5264320e+003  7.8400000e+002
  1.5272200e+003  7.8800000e+002
  1.5279680e+003  7.4800000e+002
  1.5287440e+003  7.7600000e+002
  1.5295520e+003  8.0800000e+002
  1.5303080e+003  7.5600000e+002
  1.5310400e+003  7.3200000e+002
  1.5317960e+003  7.5600000e+002
  1.5322200e+003  4.2400000e+002
  1.5333520e+003  1.1320000e+003
  1.5341080e+003  7.5600000e+002
  1.5348920e+003  7.8400000e+002
  1.5356640e+003  7.7200000e+002
  1.5364040e+003  7.4000000e+002
  1.5368120e+003  4.0800000e+002
  1.5379000e+003  1.0880000e+003
  1.5386680e+003  7.6800000e+002
  1.5393880e+003  7.2000000e+002
  1.5398000e+003  4.1200000e+002
  1.5408560e+003  1.0560000e+003
  1.5416800e+003  8.2400000e+002
  1.5424200e+003  7.4000000e+002
  1.5431760e+003  7.5600000e+002
  1.5439440e+003  7.6800000e+002
  1.5446600e+003  7.1600000e+002
  1.5453960e+003  7.3600000e+002
  1.5458160e+003  4.2000000e+002
  1.5468440e+003  1.0280000e+003
  1.5476000e+003  7.5600000e+002
  1.5483520e+003  7.5200000e+002
  1.5490640e+003  7.1200000e+002
  1.5497960e+003  7.3200000e+002
  1.5502080e+003  4.1200000e+002
  1.5512320e+003  1.0240000e+003
  1.5519880e+003  7.5600000e+002
  1.5527440e+003  7.5600000e+002
  1.5534520e+003  7.0800000e+002
  1.5541960e+003  7.4400000e+002
  1.5546040e+003  4.0800000e+002
  1.5556360e+003  1.0320000e+003
  1.5564120e+003  7.7600000e+002
  1.5571760e+003  7.6400000e+002
  1.5579000e+003  7.2400000e+002
  1.5586560e+003  7.5600000e+002
  1.5590600e+003  4.0400000e+002
  1.5601000e+003  1.0400000e+003
  1.5608920e+003  7.9200000e+002
  1.5616320e+003  7.4000000e+002
  1.5623480e+003  7.1600000e+002
  1.5631160e+003  7.6800000e+002
  1.5635200e+003  4.0400000e+002
  1.5645600e+003  1.0400000e+003
  1.5653600e+003  8.0000000e+002
  1.5661240e+003  7.6400000e+002
  1.5668600e+003  7.3600000e+002
  1.5676160e+003  7.5600000e+002
  1.5680240e+003  4.0800000e+002
  1.5690880e+003  1.0640000e+003
  1.5698600e+003  7.7200000e+002
  1.5706440e+003  7.8400000e+002
  1.5713840e+003  7.4000000e+002
  1.5721560e+003  7.7200000e+002
  1.5725600e+003  4.0400000e+002
  1.5736160e+003  1.0560000e+003
  1.5744280e+003  8.1200000e+002
  1.5751960e+003  7.6800000e+002
  1.5759360e+003  7.4000000e+002
  1.5766880e+003  7.5200000e+002
  1.5774720e+003  7.8400000e+002
  1.5782200e+003  7.4800000e+002
  1.5789960e+003  7.7600000e+002
  1.5797840e+003  7.8800000e+002
  1.5805440e+003  7.6000000e+002
  1.5813480e+003  8.0400000e+002
  1.5821360e+003  7.8800000e+002
  1.5829040e+003  7.6800000e+002
  1.5837200e+003  8.1600000e+002
  1.5845040e+003  7.8400000e+002
  1.5852680e+003  7.6400000e+002
  1.5861080e+003  8.4000000e+002
  1.5868920e+003  7.8400000e+002
  1.5876640e+003  7.7200000e+002
  1.5884960e+003  8.3200000e+002
  1.5892840e+003  7.8800000e+002
  1.5900640e+003  7.8000000e+002
  1.5909120e+003  8.4800000e+002
  1.5917000e+003  7.8800000e+002
  1.5924760e+003  7.7600000e+002
  1.5933120e+003  8.3600000e+002
  1.5941000e+003  7.8800000e+002
  1.5948800e+003  7.8000000e+002
  1.5957120e+003  8.3200000e+002
  1.5964960e+003  7.8400000e+002
  1.5972600e+003  7.6400000e+002
  1.5980960e+003  8.3600000e+002
  1.5988720e+003  7.7600000e+002
  1.5996440e+003  7.7200000e+002
  1.6004520e+003  8.0800000e+002
  1.6012040e+003  7.5200000e+002
  1.6019920e+003  7.8800000e+002
  1.6027800e+003  7.8800000e+002
  1.6035360e+003  7.5600000e+002
  1.6043360e+003  8.0000000e+002
  1.6047440e+003  4.0800000e+002
  1.6058360e+003  1.0920000e+003
  1.6066800e+003  8.4400000e+002
  1.6074440e+003  7.6400000e+002
  1.6081880e+003  7.4400000e+002
  1.6089600e+003  7.7200000e+002
  1.6097400e+003  7.8000000e+002
  1.6104840e+003  7.4400000e+002
  1.6112520e+003  7.6800000e+002
  1.6120680e+003  8.1600000e+002
  1.6128360e+003  7.6800000e+002
  1.6136240e+003  7.8800000e+002
  1.6144520e+003  8.2800000e+002
  1.6152360e+003  7.8400000e+002
  1.6160840e+003  8.4800000e+002
  1.6168880e+003  8.0400000e+002
  1.6176640e+003  7.7600000e+002
  1.6184880e+003  8.2400000e+002
  1.6192720e+003  7.8400000e+002
  1.6200400e+003  7.6800000e+002
  1.6208520e+003  8.1200000e+002
  1.6216240e+003  7.7200000e+002
  1.6223840e+003  7.6000000e+002
  1.6231480e+003  7.6400000e+002
  1.6239520e+003  8.0400000e+002
  1.6247360e+003  7.8400000e+002
  1.6254800e+003  7.4400000e+002
  1.6262640e+003  7.8400000e+002
  1.6270600e+003  7.9600000e+002
  1.6278240e+003  7.6400000e+002
  1.6286400e+003  8.1600000e+002
  1.6294200e+003  7.8000000e+002
  1.6301880e+003  7.6800000e+002
  1.6310040e+003  8.1600000e+002
  1.6317640e+003  7.6000000e+002
  1.6325240e+003  7.6000000e+002
  1.6333440e+003  8.2000000e+002
  1.6341280e+003  7.8400000e+002
  1.6348920e+003  7.6400000e+002
  1.6357040e+003  8.1200000e+002
  1.6364800e+003  7.7600000e+002
  1.6372440e+003  7.6400000e+002
  1.6380680e+003  8.2400000e+002
  1.6388560e+003  7.8800000e+002
  1.6396320e+003  7.7600000e+002
  1.6404680e+003  8.3600000e+002
  1.6412640e+003  7.9600000e+002
  1.6420440e+003  7.8000000e+002
  1.6428960e+003  8.5200000e+002
  1.6436840e+003  7.8800000e+002
  1.6444680e+003  7.8400000e+002
  1.6453120e+003  8.4400000e+002
  1.6461160e+003  8.0400000e+002
  1.6469000e+003  7.8400000e+002
  1.6477480e+003  8.4800000e+002
  1.6485480e+003  8.0000000e+002
  1.6493240e+003  7.7600000e+002
  1.6501480e+003  8.2400000e+002
  1.6509240e+003  7.7600000e+002
  1.6516840e+003  7.6000000e+002
  1.6525000e+003  8.1600000e+002
  1.6532680e+003  7.6800000e+002
  1.6540560e+003  7.8800000e+002
  1.6548360e+003  7.8000000e+002
  1.6555920e+003  7.5600000e+002
  1.6563840e+003  7.9200000e+002
  1.6571600e+003  7.7600000e+002
  1.6579200e+003  7.6000000e+002
  1.6587240e+003  8.0400000e+002
  1.6594920e+003  7.6800000e+002
  1.6602480e+003  7.5600000e+002
  1.6610480e+003  8.0000000e+002
  1.6618040e+003  7.5600000e+002
  1.6625480e+003  7.4400000e+002
  1.6633600e+003  8.1200000e+002
  1.6641080e+003  7.4800000e+002
  1.6648560e+003  7.4800000e+002
  1.6656600e+003  8.0400000e+002
  1.6664240e+003  7.6400000e+002
  1.6672120e+003  7.8800000e+002
  1.6680120e+003  8.0000000e+002
  1.6687640e+003  7.5200000e+002
  1.6695440e+003  7.8000000e+002
  1.6703480e+003  8.0400000e+002
  1.6711040e+003  7.5600000e+002
  1.6719000e+003  7.9600000e+002
  1.6727080e+003  8.0800000e+002
  1.6734880e+003  7.8000000e+002
  1.6742640e+003  7.7600000e+002
  1.6750160e+003  7.5200000e+002
  1.6759280e+003  9.1200000e+002
  1.6770960e+003  1.1680000e+003
  1.6778440e+003  7.4800000e+002
  1.6786360e+003  7.9200000e+002
  1.6793640e+003  7.2800000e+002
  1.6800880e+003  7.2400000e+002
  1.6808840e+003  7.9600000e+002
  1.6816160e+003  7.3200000e+002
  1.6823440e+003  7.2800000e+002
  1.6831320e+003  7.8800000e+002
  1.6837000e+003  5.6800000e+002
  1.6845360e+003  8.3600000e+002
  1.6853720e+003  8.3600000e+002
  1.6861080e+003  7.3600000e+002
  1.6868480e+003  7.4000000e+002
  1.6876520e+003  8.0400000e+002
  1.6884160e+003  7.6400000e+002
  1.6891680e+003  7.5200000e+002
  1.6899720e+003  8.0400000e+002
  1.6907480e+003  7.7600000e+002
  1.6915120e+003  7.6400000e+002
  1.6923440e+003  8.3200000e+002
  1.6931440e+003  8.0000000e+002
  1.6939240e+003  7.8000000e+002
  1.6943520e+003  4.2800000e+002
  1.6955200e+003  1.1680000e+003
  1.6962960e+003  7.7600000e+002
  1.6970920e+003  7.9600000e+002
  1.6979000e+003  8.0800000e+002
  1.6986600e+003  7.6000000e+002
  1.6994400e+003  7.8000000e+002
  1.7002600e+003  8.2000000e+002
  1.7010360e+003  7.7600000e+002
  1.7018200e+003  7.8400000e+002
  1.7026520e+003  8.3200000e+002
  1.7034320e+003  7.8000000e+002
  1.7042440e+003  8.1200000e+002
  1.7050600e+003  8.1600000e+002
  1.7058400e+003  7.8000000e+002
  1.7066640e+003  8.2400000e+002
  1.7074560e+003  7.9200000e+002
  1.7082200e+003  7.6400000e+002
  1.7090320e+003  8.1200000e+002
  1.7098320e+003  8.0000000e+002
  1.7106080e+003  7.7600000e+002
  1.7113920e+003  7.8400000e+002
  1.7122120e+003  8.2000000e+002
  1.7129800e+003  7.6800000e+002
  1.7137840e+003  8.0400000e+002
  1.7146120e+003  8.2800000e+002
  1.7153920e+003  7.8000000e+002
  1.7162200e+003  8.2800000e+002
  1.7170120e+003  7.9200000e+002
  1.7177800e+003  7.6800000e+002
  1.7186040e+003  8.2400000e+002
  1.7193960e+003  7.9200000e+002
  1.7201760e+003  7.8000000e+002
  1.7210000e+003  8.2400000e+002
  1.7218240e+003  8.2400000e+002
  1.7226040e+003  7.8000000e+002
  1.7234400e+003  8.3600000e+002
  1.7242360e+003  7.9600000e+002
  1.7250080e+003  7.7200000e+002
  1.7258400e+003  8.3200000e+002
  1.7266520e+003  8.1200000e+002
  1.7274320e+003  7.8000000e+002
  1.7282480e+003  8.1600000e+002
  1.7287000e+003  4.5200000e+002
  1.7297920e+003  1.0920000e+003
  1.7305880e+003  7.9600000e+002
  1.7314400e+003  8.5200000e+002
  1.7322160e+003  7.7600000e+002
  1.7329960e+003  7.8000000e+002
  1.7338440e+003  8.4800000e+002
  1.7346360e+003  7.9200000e+002
  1.7354120e+003  7.7600000e+002
  1.7362720e+003  8.6000000e+002
  1.7370680e+003  7.9600000e+002
  1.7378520e+003  7.8400000e+002
  1.7386960e+003  8.4400000e+002
  1.7391880e+003  4.9200000e+002
  1.7394800e+003  2.9200000e+002
  1.7402520e+003  7.7200000e+002
  1.7410840e+003  8.3200000e+002
  1.7418720e+003  7.8800000e+002
  1.7426480e+003  7.7600000e+002
  1.7435080e+003  8.6000000e+002
  1.7443080e+003  8.0000000e+002
  1.7450960e+003  7.8800000e+002
  1.7459680e+003  8.7200000e+002
  1.7467840e+003  8.1600000e+002
  1.7475840e+003  8.0000000e+002
  1.7484160e+003  8.3200000e+002
  1.7492600e+003  8.4400000e+002
  1.7500600e+003  8.0000000e+002
  1.7509040e+003  8.4400000e+002
  1.7517360e+003  8.3200000e+002
  1.7525320e+003  7.9600000e+002
  1.7533600e+003  8.2800000e+002
  1.7541920e+003  8.3200000e+002
  1.7549760e+003  7.8400000e+002
  1.7558280e+003  8.5200000e+002
  1.7566120e+003  7.8400000e+002
  1.7573760e+003  7.6400000e+002
  1.7582040e+003  8.2800000e+002
  1.7589960e+003  7.9200000e+002
  1.7597680e+003  7.7200000e+002
  1.7605760e+003  8.0800000e+002
  1.7613880e+003  8.1200000e+002
  1.7621560e+003  7.6800000e+002
  1.7629480e+003  7.9200000e+002
  1.7637760e+003  8.2800000e+002
  1.7645640e+003  7.8800000e+002
  1.7653640e+003  8.0000000e+002
  1.7661800e+003  8.1600000e+002
  1.7669520e+003  7.7200000e+002
  1.7677680e+003  8.1600000e+002
  1.7685680e+003  8.0000000e+002
  1.7693440e+003  7.7600000e+002
  1.7701640e+003  8.2000000e+002
  1.7709680e+003  8.0400000e+002
  1.7717440e+003  7.7600000e+002
  1.7725800e+003  8.3600000e+002
  1.7733640e+003  7.8400000e+002
  1.7741280e+003  7.6400000e+002
  1.7749440e+003  8.1600000e+002
  1.7757360e+003  7.9200000e+002
  1.7765040e+003  7.6800000e+002
  1.7773160e+003  8.1200000e+002
  1.7781040e+003  7.8800000e+002
  1.7788680e+003  7.6400000e+002
  1.7796680e+003  8.0000000e+002
  1.7804240e+003  7.5600000e+002
  1.7811760e+003  7.5200000e+002
  1.7815840e+003  4.0800000e+002
  1.7826760e+003  1.0920000e+003
  1.7834360e+003  7.6000000e+002
  1.7842200e+003  7.8400000e+002
  1.7849520e+003  7.3200000e+002
  1.7856880e+003  7.3600000e+002
  1.7860960e+003  4.0800000e+002
  1.7871560e+003  1.0600000e+003
  1.7879000e+003  7.4400000e+002
  1.7886840e+003  7.8400000e+002
  1.7894200e+003  7.3600000e+002
  1.7901520e+003  7.3200000e+002
  1.7905600e+003  4.0800000e+002
  1.7916080e+003  1.0480000e+003
  1.7923440e+003  7.3600000e+002
  1.7931080e+003  7.6400000e+002
  1.7938280e+003  7.2000000e+002
  1.7945520e+003  7.2400000e+002
  1.7949920e+003  4.4000000e+002
  1.7960240e+003  1.0320000e+003
  1.7967600e+003  7.3600000e+002
  1.7975280e+003  7.6800000e+002
  1.7982520e+003  7.2400000e+002
  1.7989720e+003  7.2000000e+002
