  1.8280000e+000  9.2800000e+002
  2.5600000e+000  7.3200000e+002
  3.2920000e+000  7.3200000e+002
  4.6120000e+000  1.3200000e+003
  5.5320000e+000  9.2000000e+002
  6.2160000e+000  6.8400000e+002
  7.3600000e+000  1.1440000e+003
  8.3080000e+000  9.4800000e+002
  9.2560000e+000  9.4800000e+002
  9.9280000e+000  6.7200000e+002
  1.1160000e+001  1.2320000e+003
  1.2040000e+001  8.8000000e+002
  1.2972000e+001  9.3200000e+002
  1.3712000e+001  7.4000000e+002
  1.4804000e+001  1.0920000e+003
  1.5768000e+001  9.6400000e+002
  1.6692000e+001  9.2400000e+002
  1.7636000e+001  9.4400000e+002
  1.8556000e+001  9.2000000e+002
  1.9484000e+001  9.2800000e+002
  2.0404000e+001  9.2000000e+002
  2.1336000e+001  9.3200000e+002
  2.2256000e+001  9.2000000e+002
  2.3168000e+001  9.1200000e+002
  2.4088000e+001  9.2000000e+002
  2.5012000e+001  9.2400000e+002
  2.5940000e+001  9.2800000e+002
  2.6852000e+001  9.1200000e+002
  2.7764000e+001  9.1200000e+002
  2.8692000e+001  9.2800000e+002
  2.9632000e+001  9.4000000e+002
  3.0544000e+001  9.1200000e+002
  3.1476000e+001  9.3200000e+002
  3.2400000e+001  9.2400000e+002
  3.3336000e+001  9.3600000e+002
  3.4244000e+001  9.0800000e+002
  3.5168000e+001  9.2400000e+002
  3.6096000e+001  9.2800000e+002
  3.7032000e+001  9.3600000e+002
  3.7960000e+001  9.2800000e+002
  3.8884000e+001  9.2400000e+002
  3.9756000e+001  8.7200000e+002
  4.0704000e+001  9.4800000e+002
  4.1624000e+001  9.2000000e+002
  4.2548000e+001  9.2400000e+002
  4.3416000e+001  8.6800000e+002
  4.4364000e+001  9.4800000e+002
  4.5280000e+001  9.1600000e+002
  4.6208000e+001  9.2800000e+002
  4.7116000e+001  9.0800000e+002
  4.8036000e+001  9.2000000e+002
  4.8952000e+001  9.1600000e+002
  4.9860000e+001  9.0800000e+002
  5.0784000e+001  9.2400000e+002
  5.1692000e+001  9.0800000e+002
  5.2612000e+001  9.2000000e+002
  5.2932000e+001  3.2000000e+002
  5.4308000e+001  1.3760000e+003
  5.5308000e+001  1.0000000e+003
  5.6216000e+001  9.0800000e+002
  5.7116000e+001  9.0000000e+002
  5.8016000e+001  9.0000000e+002
  5.8932000e+001  9.1600000e+002
  5.9836000e+001  9.0400000e+002
  6.0748000e+001  9.1200000e+002
  6.1656000e+001  9.0800000e+002
  6.2552000e+001  8.9600000e+002
  6.3460000e+001  9.0800000e+002
  6.4364000e+001  9.0400000e+002
  6.5276000e+001  9.1200000e+002
  6.6184000e+001  9.0800000e+002
  6.7092000e+001  9.0800000e+002
  6.7996000e+001  9.0400000e+002
  6.8912000e+001  9.1600000e+002
  6.9812000e+001  9.0000000e+002
  7.0724000e+001  9.1200000e+002
  7.1636000e+001  9.1200000e+002
  7.2560000e+001  9.2400000e+002
  7.3416000e+001  8.5600000e+002
  7.4356000e+001  9.4000000e+002
  7.5272000e+001  9.1600000e+002
  7.6184000e+001  9.1200000e+002
  7.7092000e+001  9.0800000e+002
  7.7712000e+001  6.2000000e+002
  7.9140000e+001  1.4280000e+003
  8.0412000e+001  1.2720000e+003
  8.1388000e+001  9.7600000e+002
  8.2312000e+001  9.2400000e+002
  8.3232000e+001  9.2000000e+002
  8.4144000e+001  9.1200000e+002
  8.5056000e+001  9.1200000e+002
  8.5968000e+001  9.1200000e+002
  8.6876000e+001  9.0800000e+002
  8.7780000e+001  9.0400000e+002
  8.8412000e+001  6.3200000e+002
  8.9668000e+001  1.2560000e+003
  9.0532000e+001  8.6400000e+002
  9.1432000e+001  9.0000000e+002
  9.2368000e+001  9.3600000e+002
  9.3084000e+001  7.1600000e+002
  9.4160000e+001  1.0760000e+003
  9.5116000e+001  9.5600000e+002
  9.5836000e+001  7.2000000e+002
  9.7028000e+001  1.1920000e+003
  9.7904000e+001  8.7600000e+002
  9.8824000e+001  9.2000000e+002
  9.9756000e+001  9.3200000e+002
  1.0067200e+002  9.1600000e+002
  1.0158800e+002  9.1600000e+002
  1.0252000e+002  9.3200000e+002
  1.0343200e+002  9.1200000e+002
  1.0434800e+002  9.1600000e+002
  1.0526000e+002  9.1200000e+002
  1.0618000e+002  9.2000000e+002
  1.0708000e+002  9.0000000e+002
  1.0799200e+002  9.1200000e+002
  1.0889600e+002  9.0400000e+002
  1.0981600e+002  9.2000000e+002
  1.1071600e+002  9.0000000e+002
  1.1162000e+002  9.0400000e+002
  1.1253200e+002  9.1200000e+002
  1.1344400e+002  9.1200000e+002
  1.1434000e+002  8.9600000e+002
  1.1524000e+002  9.0000000e+002
  1.1614800e+002  9.0800000e+002
  1.1706000e+002  9.1200000e+002
  1.1795600e+002  8.9600000e+002
  1.1886000e+002  9.0400000e+002
  1.1976800e+002  9.0800000e+002
  1.2068400e+002  9.1600000e+002
  1.2158400e+002  9.0000000e+002
  1.2248800e+002  9.0400000e+002
  1.2340000e+002  9.1200000e+002
  1.2430800e+002  9.0800000e+002
  1.2515600e+002  8.4800000e+002
  1.2608000e+002  9.2400000e+002
  1.2698800e+002  9.0800000e+002
  1.2788800e+002  9.0000000e+002
  1.2873600e+002  8.4800000e+002
  1.2965600e+002  9.2000000e+002
  1.3056000e+002  9.0400000e+002
  1.3145600e+002  8.9600000e+002
  1.3234400e+002  8.8800000e+002
  1.3323600e+002  8.9200000e+002
  1.3413200e+002  8.9600000e+002
  1.3504000e+002  9.0800000e+002
  1.3591200e+002  8.7200000e+002
  1.3681600e+002  9.0400000e+002
  1.3770800e+002  8.9200000e+002
  1.3861200e+002  9.0400000e+002
  1.3948800e+002  8.7600000e+002
  1.4038400e+002  8.9600000e+002
  1.4127200e+002  8.8800000e+002
  1.4216400e+002  8.9200000e+002
  1.4305200e+002  8.8800000e+002
  1.4395200e+002  9.0000000e+002
  1.4478000e+002  8.2800000e+002
  1.4570400e+002  9.2400000e+002
  1.4660000e+002  8.9600000e+002
  1.4750400e+002  9.0400000e+002
  1.4838000e+002  8.7600000e+002
  1.4927600e+002  8.9600000e+002
  1.5017600e+002  9.0000000e+002
  1.5107200e+002  8.9600000e+002
  1.5196800e+002  8.9600000e+002
  1.5286000e+002  8.9200000e+002
  1.5375200e+002  8.9200000e+002
  1.5465200e+002  9.0000000e+002
  1.5554400e+002  8.9200000e+002
  1.5642800e+002  8.8400000e+002
  1.5731600e+002  8.8800000e+002
  1.5821600e+002  9.0000000e+002
  1.5911200e+002  8.9600000e+002
  1.5999600e+002  8.8400000e+002
  1.6089200e+002  8.9600000e+002
  1.6179600e+002  9.0400000e+002
  1.6270400e+002  9.0800000e+002
  1.6355200e+002  8.4800000e+002
  1.6448800e+002  9.3600000e+002
  1.6540000e+002  9.1200000e+002
  1.6630800e+002  9.0800000e+002
  1.6715600e+002  8.4800000e+002
  1.6808000e+002  9.2400000e+002
  1.6898800e+002  9.0800000e+002
  1.6988800e+002  9.0000000e+002
  1.7074800e+002  8.6000000e+002
  1.7166800e+002  9.2000000e+002
  1.7256400e+002  8.9600000e+002
  1.7346400e+002  9.0000000e+002
  1.7435600e+002  8.9200000e+002
  1.7525600e+002  9.0000000e+002
  1.7615200e+002  8.9600000e+002
  1.7704800e+002  8.9600000e+002
  1.7795200e+002  9.0400000e+002
  1.7883200e+002  8.8000000e+002
  1.7972800e+002  8.9600000e+002
  1.8064000e+002  9.1200000e+002
  1.8150800e+002  8.6800000e+002
  1.8242000e+002  9.1200000e+002
  1.8331200e+002  8.9200000e+002
  1.8421600e+002  9.0400000e+002
  1.8510000e+002  8.8400000e+002
  1.8599200e+002  8.9200000e+002
  1.8688800e+002  8.9600000e+002
  1.8778800e+002  9.0000000e+002
  1.8869200e+002  9.0400000e+002
  1.8956800e+002  8.7600000e+002
  1.9047200e+002  9.0400000e+002
  1.9136800e+002  8.9600000e+002
  1.9227600e+002  9.0800000e+002
  1.9315200e+002  8.7600000e+002
  1.9406000e+002  9.0800000e+002
  1.9496400e+002  9.0400000e+002
  1.9587600e+002  9.1200000e+002
  1.9676000e+002  8.8400000e+002
  1.9766000e+002  9.0000000e+002
  1.9857200e+002  9.1200000e+002
  1.9920400e+002  6.3200000e+002
  2.0045600e+002  1.2520000e+003
  2.0132800e+002  8.7200000e+002
  2.0222800e+002  9.0000000e+002
  2.0314000e+002  9.1200000e+002
  2.0404000e+002  9.0000000e+002
  2.0494800e+002  9.0800000e+002
  2.0585200e+002  9.0400000e+002
  2.0675600e+002  9.0400000e+002
  2.0764800e+002  8.9200000e+002
  2.0854400e+002  8.9600000e+002
  2.0945600e+002  9.1200000e+002
  2.1034800e+002  8.9200000e+002
  2.1125600e+002  9.0800000e+002
  2.1215600e+002  9.0000000e+002
  2.1306400e+002  9.0800000e+002
  2.1395600e+002  8.9200000e+002
  2.1486400e+002  9.0800000e+002
  2.1576000e+002  8.9600000e+002
  2.1667200e+002  9.1200000e+002
  2.1754800e+002  8.7600000e+002
  2.1844800e+002  9.0000000e+002
  2.1935200e+002  9.0400000e+002
  2.2025600e+002  9.0400000e+002
  2.2114000e+002  8.8400000e+002
  2.2204800e+002  9.0800000e+002
  2.2295200e+002  9.0400000e+002
  2.2386400e+002  9.1200000e+002
  2.2474800e+002  8.8400000e+002
  2.2565600e+002  9.0800000e+002
  2.2655600e+002  9.0000000e+002
  2.2746000e+002  9.0400000e+002
  2.2834400e+002  8.8400000e+002
  2.2924800e+002  9.0400000e+002
  2.3014800e+002  9.0000000e+002
  2.3104800e+002  9.0000000e+002
  2.3192400e+002  8.7600000e+002
  2.3282800e+002  9.0400000e+002
  2.3372800e+002  9.0000000e+002
  2.3460400e+002  8.7600000e+002
  2.3550400e+002  9.0000000e+002
  2.3639600e+002  8.9200000e+002
  2.3729600e+002  9.0000000e+002
  2.3816800e+002  8.7200000e+002
  2.3907200e+002  9.0400000e+002
  2.3996400e+002  8.9200000e+002
  2.4086400e+002  9.0000000e+002
  2.4174800e+002  8.8400000e+002
  2.4264800e+002  9.0000000e+002
  2.4355200e+002  9.0400000e+002
  2.4444400e+002  8.9200000e+002
  2.4531200e+002  8.6800000e+002
  2.4621600e+002  9.0400000e+002
  2.4711600e+002  9.0000000e+002
  2.4802400e+002  9.0800000e+002
  2.4891600e+002  8.9200000e+002
  2.4981200e+002  8.9600000e+002
  2.5069600e+002  8.8400000e+002
  2.5159600e+002  9.0000000e+002
  2.5246400e+002  8.6800000e+002
  2.5336000e+002  8.9600000e+002
  2.5424800e+002  8.8800000e+002
  2.5513600e+002  8.8800000e+002
  2.5601600e+002  8.8000000e+002
  2.5691200e+002  8.9600000e+002
  2.5781200e+002  9.0000000e+002
  2.5869200e+002  8.8000000e+002
  2.5958400e+002  8.9200000e+002
  2.6045600e+002  8.6800000e+002
  2.6134000e+002  8.8400000e+002
  2.6223600e+002  8.9600000e+002
  2.6303200e+002  7.9600000e+002
  2.6398000e+002  9.4800000e+002
  2.6488400e+002  9.0400000e+002
  2.6577200e+002  8.8800000e+002
  2.6663600e+002  8.6400000e+002
  2.6753600e+002  9.0000000e+002
  2.6842400e+002  8.8800000e+002
  2.6931600e+002  8.9200000e+002
  2.7020800e+002  8.9200000e+002
  2.7083600e+002  6.2800000e+002
  2.7197600e+002  1.1400000e+003
  2.7287200e+002  8.9600000e+002
  2.7375600e+002  8.8400000e+002
  2.7466400e+002  9.0800000e+002
  2.7556000e+002  8.9600000e+002
  2.7646000e+002  9.0000000e+002
  2.7735600e+002  8.9600000e+002
  2.7824800e+002  8.9200000e+002
  2.7914000e+002  8.9200000e+002
  2.8003600e+002  8.9600000e+002
  2.8092800e+002  8.9200000e+002
  2.8182400e+002  8.9600000e+002
  2.8270400e+002  8.8000000e+002
  2.8359600e+002  8.9200000e+002
  2.8449200e+002  8.9600000e+002
  2.8539200e+002  9.0000000e+002
  2.8628800e+002  8.9600000e+002
  2.8718000e+002  8.9200000e+002
  2.8807200e+002  8.9200000e+002
  2.8897200e+002  9.0000000e+002
  2.8987200e+002  9.0000000e+002
  2.9075600e+002  8.8400000e+002
  2.9165200e+002  8.9600000e+002
  2.9255200e+002  9.0000000e+002
  2.9345200e+002  9.0000000e+002
  2.9432800e+002  8.7600000e+002
  2.9522800e+002  9.0000000e+002
  2.9612400e+002  8.9600000e+002
  2.9702400e+002  9.0000000e+002
  2.9791600e+002  8.9200000e+002
  2.9881200e+002  8.9600000e+002
  2.9970000e+002  8.8800000e+002
  3.0059200e+002  8.9200000e+002
  3.0149200e+002  9.0000000e+002
  3.0237600e+002  8.8400000e+002
  3.0326400e+002  8.8800000e+002
  3.0416000e+002  8.9600000e+002
  3.0505200e+002  8.9200000e+002
  3.0595200e+002  9.0000000e+002
  3.0685600e+002  9.0400000e+002
  3.0775600e+002  9.0000000e+002
  3.0865600e+002  9.0000000e+002
  3.0955600e+002  9.0000000e+002
  3.1045600e+002  9.0000000e+002
  3.1135600e+002  9.0000000e+002
  3.1224800e+002  8.9200000e+002
  3.1315200e+002  9.0400000e+002
  3.1407200e+002  9.2000000e+002
  3.1498400e+002  9.1200000e+002
  3.1590000e+002  9.1600000e+002
  3.1680000e+002  9.0000000e+002
  3.1771200e+002  9.1200000e+002
  3.1862800e+002  9.1600000e+002
  3.1935600e+002  7.2800000e+002
  3.2044000e+002  1.0840000e+003
  3.2135600e+002  9.1600000e+002
  3.2226800e+002  9.1200000e+002
  3.2318800e+002  9.2000000e+002
  3.2410000e+002  9.1200000e+002
  3.2500000e+002  9.0000000e+002
  3.2590800e+002  9.0800000e+002
  3.2682000e+002  9.1200000e+002
  3.2763200e+002  8.1200000e+002
  3.2860800e+002  9.7600000e+002
  3.2954800e+002  9.4000000e+002
  3.3045200e+002  9.0400000e+002
  3.3137600e+002  9.2400000e+002
  3.3227600e+002  9.0000000e+002
  3.3319200e+002  9.1600000e+002
  3.3410400e+002  9.1200000e+002
  3.3501600e+002  9.1200000e+002
  3.3592800e+002  9.1200000e+002
  3.3683200e+002  9.0400000e+002
  3.3773600e+002  9.0400000e+002
  3.3863600e+002  9.0000000e+002
  3.3954800e+002  9.1200000e+002
  3.4044800e+002  9.0000000e+002
  3.4136000e+002  9.1200000e+002
  3.4226800e+002  9.0800000e+002
  3.4317200e+002  9.0400000e+002
  3.4407200e+002  9.0000000e+002
  3.4496000e+002  8.8800000e+002
  3.4584400e+002  8.8400000e+002
  3.4674000e+002  8.9600000e+002
  3.4762400e+002  8.8400000e+002
  3.4836000e+002  7.3600000e+002
  3.4940400e+002  1.0440000e+003
  3.5032000e+002  9.1600000e+002
  3.5122400e+002  9.0400000e+002
  3.5213200e+002  9.0800000e+002
  3.5303600e+002  9.0400000e+002
  3.5394800e+002  9.1200000e+002
  3.5485600e+002  9.0800000e+002
  3.5576800e+002  9.1200000e+002
  3.5669200e+002  9.2400000e+002
  3.5760800e+002  9.1600000e+002
  3.5852800e+002  9.2000000e+002
  3.5943200e+002  9.0400000e+002
  3.6034000e+002  9.0800000e+002
  3.6100000e+002  6.6000000e+002
  3.6222400e+002  1.2240000e+003
  3.6288800e+002  6.6400000e+002
  3.6397200e+002  1.0840000e+003
  3.6462800e+002  6.5600000e+002
  3.6578000e+002  1.1520000e+003
  3.6670400e+002  9.2400000e+002
  3.6760000e+002  8.9600000e+002
  3.6850400e+002  9.0400000e+002
  3.6939600e+002  8.9200000e+002
  3.7028800e+002  8.9200000e+002
  3.7118800e+002  9.0000000e+002
  3.7207200e+002  8.8400000e+002
  3.7296400e+002  8.9200000e+002
  3.7365600e+002  6.9200000e+002
  3.7480800e+002  1.1520000e+003
  3.7566000e+002  8.5200000e+002
  3.7654400e+002  8.8400000e+002
  3.7744000e+002  8.9600000e+002
  3.7807600e+002  6.3600000e+002
  3.7930400e+002  1.2280000e+003
  3.8017200e+002  8.6800000e+002
  3.8088000e+002  7.0800000e+002
  3.8205600e+002  1.1760000e+003
  3.8294000e+002  8.8400000e+002
  3.8384800e+002  9.0800000e+002
  3.8478000e+002  9.3200000e+002
  3.8567600e+002  8.9600000e+002
  3.8659200e+002  9.1600000e+002
  3.8731600e+002  7.2400000e+002
  3.8794400e+002  6.2800000e+002
  3.8937200e+002  1.4280000e+003
  3.9004000e+002  6.6800000e+002
  3.9118400e+002  1.1440000e+003
  3.9212000e+002  9.3600000e+002
  3.9304800e+002  9.2800000e+002
  3.9396000e+002  9.1200000e+002
  3.9486800e+002  9.0800000e+002
  3.9550800e+002  6.4000000e+002
  3.9668400e+002  1.1760000e+003
  3.9757600e+002  8.9200000e+002
  3.9847200e+002  8.9600000e+002
  3.9938800e+002  9.1600000e+002
  4.0004000e+002  6.5200000e+002
  4.0116400e+002  1.1240000e+003
  4.0208400e+002  9.2000000e+002
  4.0298400e+002  9.0000000e+002
  4.0390000e+002  9.1600000e+002
  4.0465600e+002  7.5600000e+002
  4.0564400e+002  9.8800000e+002
  4.0659200e+002  9.4800000e+002
  4.0748400e+002  8.9200000e+002
  4.0837200e+002  8.8800000e+002
  4.0926000e+002  8.8800000e+002
  4.1014400e+002  8.8400000e+002
  4.1102400e+002  8.8000000e+002
  4.1191600e+002  8.9200000e+002
  4.1279200e+002  8.7600000e+002
  4.1367600e+002  8.8400000e+002
  4.1456000e+002  8.8400000e+002
  4.1544000e+002  8.8000000e+002
  4.1632400e+002  8.8400000e+002
  4.1720400e+002  8.8000000e+002
  4.1808000e+002  8.7600000e+002
  4.1895600e+002  8.7600000e+002
  4.1983600e+002  8.8000000e+002
  4.2067600e+002  8.4000000e+002
  4.2157600e+002  9.0000000e+002
  4.2245600e+002  8.8000000e+002
  4.2332400e+002  8.6800000e+002
  4.2399200e+002  6.6800000e+002
  4.2503600e+002  1.0440000e+003
  4.2594800e+002  9.1200000e+002
  4.2683200e+002  8.8400000e+002
  4.2773600e+002  9.0400000e+002
  4.2838800e+002  6.5200000e+002
  4.2949200e+002  1.1040000e+003
  4.3040000e+002  9.0800000e+002
  4.3129200e+002  8.9200000e+002
  4.3218000e+002  8.8800000e+002
  4.3283200e+002  6.5200000e+002
  4.3391200e+002  1.0800000e+003
  4.3482400e+002  9.1200000e+002
  4.3569600e+002  8.7200000e+002
  4.3659200e+002  8.9600000e+002
  4.3747600e+002  8.8400000e+002
  4.3836000e+002  8.8400000e+002
  4.3923600e+002  8.7600000e+002
  4.4010400e+002  8.6800000e+002
  4.4098000e+002  8.7600000e+002
  4.4184800e+002  8.6800000e+002
  4.4271600e+002  8.6800000e+002
  4.4359200e+002  8.7600000e+002
  4.4446400e+002  8.7200000e+002
  4.4533600e+002  8.7200000e+002
  4.4621600e+002  8.8000000e+002
  4.4708000e+002  8.6400000e+002
  4.4795600e+002  8.7600000e+002
  4.4877600e+002  8.2000000e+002
  4.4969600e+002  9.2000000e+002
  4.5060400e+002  9.0800000e+002
  4.5148800e+002  8.8400000e+002
  4.5237200e+002  8.8400000e+002
  4.5324400e+002  8.7200000e+002
  4.5412000e+002  8.7600000e+002
  4.5499600e+002  8.7600000e+002
  4.5586400e+002  8.6800000e+002
  4.5673600e+002  8.7200000e+002
  4.5759600e+002  8.6000000e+002
  4.5918800e+002  1.5920000e+003
  4.6019200e+002  1.0040000e+003
  4.6109600e+002  9.0400000e+002
  4.6197200e+002  8.7600000e+002
  4.6284400e+002  8.7200000e+002
  4.6371200e+002  8.6800000e+002
  4.6458000e+002  8.6800000e+002
  4.6544800e+002  8.6800000e+002
  4.6631600e+002  8.6800000e+002
  4.6701200e+002  6.9600000e+002
  4.6801600e+002  1.0040000e+003
  4.6894000e+002  9.2400000e+002
  4.6960000e+002  6.6000000e+002
  4.7067200e+002  1.0720000e+003
  4.7135200e+002  6.8000000e+002
  4.7241600e+002  1.0640000e+003
  4.7312000e+002  7.0400000e+002
  4.7382000e+002  7.0000000e+002
  4.7511200e+002  1.2920000e+003
  4.7595600e+002  8.4400000e+002
  4.7682400e+002  8.6800000e+002
  4.7771600e+002  8.9200000e+002
  4.7859600e+002  8.8000000e+002
  4.7948400e+002  8.8800000e+002
  4.8036000e+002  8.7600000e+002
  4.8125200e+002  8.9200000e+002
  4.8212800e+002  8.7600000e+002
  4.8302000e+002  8.9200000e+002
  4.8389600e+002  8.7600000e+002
  4.8478000e+002  8.8400000e+002
  4.8545600e+002  6.7600000e+002
  4.8650800e+002  1.0520000e+003
  4.8743200e+002  9.2400000e+002
  4.8832800e+002  8.9600000e+002
  4.8922800e+002  9.0000000e+002
  4.9011600e+002  8.8800000e+002
  4.9099200e+002  8.7600000e+002
  4.9188000e+002  8.8800000e+002
  4.9277200e+002  8.9200000e+002
  4.9366000e+002  8.8800000e+002
  4.9455200e+002  8.9200000e+002
  4.9544400e+002  8.9200000e+002
  4.9634400e+002  9.0000000e+002
  4.9722400e+002  8.8000000e+002
  4.9811600e+002  8.9200000e+002
  4.9901600e+002  9.0000000e+002
  4.9991200e+002  8.9600000e+002
  5.0080800e+002  8.9600000e+002
  5.0170400e+002  8.9600000e+002
  5.0260000e+002  8.9600000e+002
  5.0349200e+002  8.9200000e+002
  5.0438000e+002  8.8800000e+002
  5.0527200e+002  8.9200000e+002
  5.0615600e+002  8.8400000e+002
  5.0704000e+002  8.8400000e+002
  5.0791600e+002  8.7600000e+002
  5.0879200e+002  8.7600000e+002
  5.0966400e+002  8.7200000e+002
  5.1054000e+002  8.7600000e+002
  5.1142000e+002  8.8000000e+002
  5.1227200e+002  8.5200000e+002
  5.1314400e+002  8.7200000e+002
  5.1402400e+002  8.8000000e+002
  5.1466400e+002  6.4000000e+002
  5.1576000e+002  1.0960000e+003
  5.1665200e+002  8.9200000e+002
  5.1754000e+002  8.8800000e+002
  5.1842800e+002  8.8800000e+002
  5.1930400e+002  8.7600000e+002
  5.2019200e+002  8.8800000e+002
  5.2090800e+002  7.1600000e+002
  5.2191200e+002  1.0040000e+003
  5.2282400e+002  9.1200000e+002
  5.2371200e+002  8.8800000e+002
  5.2460000e+002  8.8800000e+002
  5.2547200e+002  8.7200000e+002
  5.2636000e+002  8.8800000e+002
  5.2722800e+002  8.6800000e+002
  5.2810400e+002  8.7600000e+002
  5.2897600e+002  8.7200000e+002
  5.2985200e+002  8.7600000e+002
  5.3072000e+002  8.6800000e+002
  5.3159200e+002  8.7200000e+002
  5.3247200e+002  8.8000000e+002
  5.3334000e+002  8.6800000e+002
  5.3421200e+002  8.7200000e+002
  5.3508000e+002  8.6800000e+002
  5.3595200e+002  8.7200000e+002
  5.3678000e+002  8.2800000e+002
  5.3768800e+002  9.0800000e+002
  5.3857600e+002  8.8800000e+002
  5.3944400e+002  8.6800000e+002
  5.4031600e+002  8.7200000e+002
  5.4118400e+002  8.6800000e+002
  5.4205200e+002  8.6800000e+002
  5.4292000e+002  8.6800000e+002
  5.4379600e+002  8.7600000e+002
  5.4466400e+002  8.6800000e+002
  5.4553600e+002  8.7200000e+002
  5.4641200e+002  8.7600000e+002
  5.4728000e+002  8.6800000e+002
  5.4814800e+002  8.6800000e+002
  5.4902400e+002  8.7600000e+002
  5.4988800e+002  8.6400000e+002
  5.5076000e+002  8.7200000e+002
  5.5163200e+002  8.7200000e+002
  5.5230000e+002  6.6800000e+002
  5.5333200e+002  1.0320000e+003
  5.5424800e+002  9.1600000e+002
  5.5514000e+002  8.9200000e+002
  5.5603600e+002  8.9600000e+002
  5.5691200e+002  8.7600000e+002
  5.5779600e+002  8.8400000e+002
  5.5867200e+002  8.7600000e+002
  5.5954800e+002  8.7600000e+002
  5.6042400e+002  8.7600000e+002
  5.6111200e+002  6.8800000e+002
  5.6214800e+002  1.0360000e+003
  5.6304000e+002  8.9200000e+002
  5.6373200e+002  6.9200000e+002
  5.6478400e+002  1.0520000e+003
  5.6568800e+002  9.0400000e+002
  5.6656800e+002  8.8000000e+002
  5.6744400e+002  8.7600000e+002
  5.6831200e+002  8.6800000e+002
  5.6918800e+002  8.7600000e+002
  5.7005600e+002  8.6800000e+002
  5.7092800e+002  8.7200000e+002
  5.7179600e+002  8.6800000e+002
  5.7267200e+002  8.7600000e+002
  5.7354400e+002  8.7200000e+002
  5.7441200e+002  8.6800000e+002
  5.7529200e+002  8.8000000e+002
  5.7616400e+002  8.7200000e+002
  5.7704000e+002  8.7600000e+002
  5.7791200e+002  8.7200000e+002
  5.7878000e+002  8.6800000e+002
  5.7965600e+002  8.7600000e+002
  5.8052800e+002  8.7200000e+002
  5.8140400e+002  8.7600000e+002
  5.8227600e+002  8.7200000e+002
  5.8314800e+002  8.7200000e+002
  5.8402400e+002  8.7600000e+002
  5.8490000e+002  8.7600000e+002
  5.8554000e+002  6.4000000e+002
  5.8664000e+002  1.1000000e+003
  5.8754000e+002  9.0000000e+002
  5.8844000e+002  9.0000000e+002
  5.8934800e+002  9.0800000e+002
  5.9024000e+002  8.9200000e+002
  5.9113200e+002  8.9200000e+002
  5.9202400e+002  8.9200000e+002
  5.9290800e+002  8.8400000e+002
  5.9378800e+002  8.8000000e+002
  5.9467200e+002  8.8400000e+002
  5.9555600e+002  8.8400000e+002
  5.9643200e+002  8.7600000e+002
  5.9730400e+002  8.7200000e+002
  5.9818000e+002  8.7600000e+002
  5.9905200e+002  8.7200000e+002
  5.9992800e+002  8.7600000e+002
  6.0080000e+002  8.7200000e+002
  6.0167200e+002  8.7200000e+002
  6.0231200e+002  6.4000000e+002
  6.0338800e+002  1.0760000e+003
  6.0428800e+002  9.0000000e+002
  6.0516800e+002  8.8000000e+002
  6.0606000e+002  8.9200000e+002
  6.0695200e+002  8.9200000e+002
  6.0783200e+002  8.8000000e+002
  6.0871200e+002  8.8000000e+002
  6.0959200e+002  8.8000000e+002
  6.1046400e+002  8.7200000e+002
  6.1134000e+002  8.7600000e+002
  6.1221200e+002  8.7200000e+002
  6.1285200e+002  6.4000000e+002
  6.1348800e+002  6.3600000e+002
  6.1475600e+002  1.2680000e+003
  6.1546400e+002  7.0800000e+002
  6.1648000e+002  1.0160000e+003
  6.1739600e+002  9.1600000e+002
  6.1826800e+002  8.7200000e+002
  6.1916000e+002  8.9200000e+002
  6.2003600e+002  8.7600000e+002
  6.2091200e+002  8.7600000e+002
  6.2178400e+002  8.7200000e+002
  6.2265600e+002  8.7200000e+002
  6.2336000e+002  7.0400000e+002
  6.2438400e+002  1.0240000e+003
  6.2528000e+002  8.9600000e+002
  6.2615200e+002  8.7200000e+002
  6.2703200e+002  8.8000000e+002
  6.2790400e+002  8.7200000e+002
  6.2878000e+002  8.7600000e+002
  6.2964800e+002  8.6800000e+002
  6.3051600e+002  8.6800000e+002
  6.3139200e+002  8.7600000e+002
  6.3223200e+002  8.4000000e+002
  6.3312800e+002  8.9600000e+002
  6.3401600e+002  8.8800000e+002
  6.3489200e+002  8.7600000e+002
  6.3577200e+002  8.8000000e+002
  6.3664400e+002  8.7200000e+002
  6.3752400e+002  8.8000000e+002
  6.3840000e+002  8.7600000e+002
  6.3927200e+002  8.7200000e+002
  6.4014000e+002  8.6800000e+002
  6.4100800e+002  8.6800000e+002
  6.4187600e+002  8.6800000e+002
  6.4274400e+002  8.6800000e+002
  6.4361200e+002  8.6800000e+002
  6.4448800e+002  8.7600000e+002
  6.4535600e+002  8.6800000e+002
  6.4622800e+002  8.7200000e+002
  6.4711200e+002  8.8400000e+002
  6.4799200e+002  8.8000000e+002
  6.4886800e+002  8.7600000e+002
  6.4974800e+002  8.8000000e+002
  6.5062000e+002  8.7200000e+002
  6.5129600e+002  6.7600000e+002
  6.5232800e+002  1.0320000e+003
  6.5324800e+002  9.2000000e+002
  6.5414000e+002  8.9200000e+002
  6.5503600e+002  8.9600000e+002
  6.5592000e+002  8.8400000e+002
  6.5680800e+002  8.8800000e+002
  6.5768800e+002  8.8000000e+002
  6.5856400e+002  8.7600000e+002
  6.5944400e+002  8.8000000e+002
  6.6032000e+002  8.7600000e+002
  6.6119200e+002  8.7200000e+002
  6.6206800e+002  8.7600000e+002
  6.6278800e+002  7.2000000e+002
  6.6379600e+002  1.0080000e+003
  6.6469600e+002  9.0000000e+002
  6.6558400e+002  8.8800000e+002
  6.6647200e+002  8.8800000e+002
  6.6718000e+002  7.0800000e+002
  6.6821600e+002  1.0360000e+003
  6.6911600e+002  9.0000000e+002
  6.6982400e+002  7.0800000e+002
  6.7088000e+002  1.0560000e+003
  6.7178000e+002  9.0000000e+002
  6.7266000e+002  8.8000000e+002
  6.7354400e+002  8.8400000e+002
  6.7442400e+002  8.8000000e+002
  6.7530400e+002  8.8000000e+002
  6.7618000e+002  8.7600000e+002
  6.7691200e+002  7.3200000e+002
  6.7755600e+002  6.4400000e+002
  6.7887200e+002  1.3160000e+003
  6.7956000e+002  6.8800000e+002
  6.8056800e+002  1.0080000e+003
  6.8130400e+002  7.3600000e+002
  6.8193200e+002  6.2800000e+002
  6.8323200e+002  1.3000000e+003
  6.8393600e+002  7.0400000e+002
  6.8499600e+002  1.0600000e+003
  6.8589200e+002  8.9600000e+002
  6.8677200e+002  8.8000000e+002
  6.8765600e+002  8.8400000e+002
  6.8852800e+002  8.7200000e+002
  6.8939200e+002  8.6400000e+002
  6.9025200e+002  8.6000000e+002
  6.9088800e+002  6.3600000e+002
  6.9195600e+002  1.0680000e+003
  6.9284400e+002  8.8800000e+002
  6.9371200e+002  8.6800000e+002
  6.9459600e+002  8.8400000e+002
  6.9546400e+002  8.6800000e+002
  6.9610400e+002  6.4000000e+002
  6.9717200e+002  1.0680000e+003
  6.9806800e+002  8.9600000e+002
  6.9892800e+002  8.6000000e+002
  6.9980000e+002  8.7200000e+002
  7.0066000e+002  8.6000000e+002
  7.0152400e+002  8.6400000e+002
  7.0238800e+002  8.6400000e+002
  7.0324400e+002  8.5600000e+002
  7.0410800e+002  8.6400000e+002
  7.0496800e+002  8.6000000e+002
  7.0582800e+002  8.6000000e+002
  7.0669200e+002  8.6400000e+002
  7.0754400e+002  8.5200000e+002
  7.0840400e+002  8.6000000e+002
  7.0926400e+002  8.6000000e+002
  7.1012400e+002  8.6000000e+002
  7.1097600e+002  8.5200000e+002
  7.1184000e+002  8.6400000e+002
  7.1269200e+002  8.5200000e+002
  7.1354800e+002  8.5600000e+002
  7.1426800e+002  7.2000000e+002
  7.1525600e+002  9.8800000e+002
  7.1614400e+002  8.8800000e+002
  7.1703200e+002  8.8800000e+002
  7.1791200e+002  8.8000000e+002
  7.1878000e+002  8.6800000e+002
  7.1965200e+002  8.7200000e+002
  7.2034000e+002  6.8800000e+002
  7.2136800e+002  1.0280000e+003
  7.2225200e+002  8.8400000e+002
  7.2294400e+002  6.9200000e+002
  7.2398400e+002  1.0400000e+003
  7.2487200e+002  8.8800000e+002
  7.2574800e+002  8.7600000e+002
  7.2661600e+002  8.6800000e+002
  7.2728000e+002  6.6400000e+002
  7.2830800e+002  1.0280000e+003
  7.2900000e+002  6.9200000e+002
  7.2962400e+002  6.2400000e+002
  7.3097600e+002  1.3520000e+003
  7.3167200e+002  6.9600000e+002
  7.3266000e+002  9.8800000e+002
  7.3356400e+002  9.0400000e+002
  7.3443200e+002  8.6800000e+002
  7.3530800e+002  8.7600000e+002
  7.3616800e+002  8.6000000e+002
  7.3704400e+002  8.7600000e+002
  7.3790800e+002  8.6400000e+002
  7.3877200e+002  8.6400000e+002
  7.3964000e+002  8.6800000e+002
  7.4050000e+002  8.6000000e+002
  7.4136800e+002  8.6800000e+002
  7.4223600e+002  8.6800000e+002
  7.4310800e+002  8.7200000e+002
  7.4397600e+002  8.6800000e+002
  7.4484000e+002  8.6400000e+002
  7.4570000e+002  8.6000000e+002
  7.4656800e+002  8.6800000e+002
  7.4742400e+002  8.5600000e+002
  7.4828800e+002  8.6400000e+002
  7.4914800e+002  8.6000000e+002
  7.5000800e+002  8.6000000e+002
  7.5087600e+002  8.6800000e+002
  7.5174000e+002  8.6400000e+002
  7.5260400e+002  8.6400000e+002
  7.5347200e+002  8.6800000e+002
  7.5434000e+002  8.6800000e+002
  7.5520000e+002  8.6000000e+002
  7.5606000e+002  8.6000000e+002
  7.5691600e+002  8.5600000e+002
  7.5777600e+002  8.6000000e+002
  7.5864400e+002  8.6800000e+002
  7.5951600e+002  8.7200000e+002
  7.6038400e+002  8.6800000e+002
  7.6124800e+002  8.6400000e+002
  7.6211200e+002  8.6400000e+002
  7.6297600e+002  8.6400000e+002
  7.6383600e+002  8.6000000e+002
  7.6470400e+002  8.6800000e+002
  7.6556400e+002  8.6000000e+002
  7.6642800e+002  8.6400000e+002
  7.6729600e+002  8.6800000e+002
  7.6815600e+002  8.6000000e+002
  7.6902400e+002  8.6800000e+002
  7.6988800e+002  8.6400000e+002
  7.7060000e+002  7.1200000e+002
  7.7158400e+002  9.8400000e+002
  7.7249600e+002  9.1200000e+002
  7.7336400e+002  8.6800000e+002
  7.7423600e+002  8.7200000e+002
  7.7509200e+002  8.5600000e+002
  7.7595200e+002  8.6000000e+002
  7.7661600e+002  6.6400000e+002
  7.7765200e+002  1.0360000e+003
  7.7856000e+002  9.0800000e+002
  7.7945200e+002  8.9200000e+002
  7.8034400e+002  8.9200000e+002
  7.8122800e+002  8.8400000e+002
  7.8210800e+002  8.8000000e+002
  7.8298000e+002  8.7200000e+002
  7.8385600e+002  8.7600000e+002
  7.8472000e+002  8.6400000e+002
  7.8558400e+002  8.6400000e+002
  7.8644800e+002  8.6400000e+002
  7.8731200e+002  8.6400000e+002
  7.8817600e+002  8.6400000e+002
  7.8904400e+002  8.6800000e+002
  7.8971200e+002  6.6800000e+002
  7.9074000e+002  1.0280000e+003
  7.9164800e+002  9.0800000e+002
  7.9252400e+002  8.7600000e+002
  7.9340800e+002  8.8400000e+002
  7.9427200e+002  8.6400000e+002
  7.9491200e+002  6.4000000e+002
  7.9600000e+002  1.0880000e+003
  7.9689200e+002  8.9200000e+002
  7.9777200e+002  8.8000000e+002
  7.9866400e+002  8.9200000e+002
  7.9954000e+002  8.7600000e+002
  8.0041600e+002  8.7600000e+002
  8.0129200e+002  8.7600000e+002
  8.0216400e+002  8.7200000e+002
  8.0303200e+002  8.6800000e+002
  8.0390800e+002  8.7600000e+002
  8.0477600e+002  8.6800000e+002
  8.0564800e+002  8.7200000e+002
  8.0652400e+002  8.7600000e+002
  8.0739600e+002  8.7200000e+002
  8.0827200e+002  8.7600000e+002
  8.0915200e+002  8.8000000e+002
  8.1002400e+002  8.7200000e+002
  8.1090400e+002  8.8000000e+002
  8.1178000e+002  8.7600000e+002
  8.1266000e+002  8.8000000e+002
  8.1353600e+002  8.7600000e+002
  8.1441200e+002  8.7600000e+002
  8.1528000e+002  8.6800000e+002
  8.1615200e+002  8.7200000e+002
  8.1678800e+002  6.3600000e+002
  8.1787200e+002  1.0840000e+003
  8.1877200e+002  9.0000000e+002
  8.1965600e+002  8.8400000e+002
  8.2054400e+002  8.8800000e+002
  8.2137600e+002  8.3200000e+002
  8.2228400e+002  9.0800000e+002
  8.2316400e+002  8.8000000e+002
  8.2403200e+002  8.6800000e+002
  8.2490400e+002  8.7200000e+002
  8.2577600e+002  8.7200000e+002
  8.2664800e+002  8.7200000e+002
  8.2750800e+002  8.6000000e+002
  8.2838400e+002  8.7600000e+002
  8.2925200e+002  8.6800000e+002
  8.3012000e+002  8.6800000e+002
  8.3098800e+002  8.6800000e+002
  8.3185200e+002  8.6400000e+002
  8.3272800e+002  8.7600000e+002
  8.3359600e+002  8.6800000e+002
  8.3446400e+002  8.6800000e+002
  8.3533200e+002  8.6800000e+002
  8.3620000e+002  8.6800000e+002
  8.3706000e+002  8.6000000e+002
  8.3792800e+002  8.6800000e+002
  8.3879200e+002  8.6400000e+002
  8.3965200e+002  8.6000000e+002
  8.4052400e+002  8.7200000e+002
  8.4138000e+002  8.5600000e+002
  8.4223200e+002  8.5200000e+002
  8.4309600e+002  8.6400000e+002
  8.4394800e+002  8.5200000e+002
  8.4480800e+002  8.6000000e+002
  8.4566800e+002  8.6000000e+002
  8.4653200e+002  8.6400000e+002
  8.4739600e+002  8.6400000e+002
  8.4826400e+002  8.6800000e+002
  8.4912400e+002  8.6000000e+002
  8.4999200e+002  8.6800000e+002
  8.5086000e+002  8.6800000e+002
  8.5172800e+002  8.6800000e+002
  8.5259600e+002  8.6800000e+002
  8.5346000e+002  8.6400000e+002
  8.5432800e+002  8.6800000e+002
  8.5520000e+002  8.7200000e+002
  8.5607200e+002  8.7200000e+002
  8.5694800e+002  8.7600000e+002
  8.5781600e+002  8.6800000e+002
  8.5868800e+002  8.7200000e+002
  8.5956800e+002  8.8000000e+002
  8.6044800e+002  8.8000000e+002
  8.6132000e+002  8.7200000e+002
  8.6221200e+002  8.9200000e+002
  8.6308800e+002  8.7600000e+002
  8.6396400e+002  8.7600000e+002
  8.6484400e+002  8.8000000e+002
  8.6572000e+002  8.7600000e+002
  8.6659200e+002  8.7200000e+002
  8.6746800e+002  8.7600000e+002
  8.6833200e+002  8.6400000e+002
  8.6920000e+002  8.6800000e+002
  8.7007600e+002  8.7600000e+002
  8.7094400e+002  8.6800000e+002
  8.7181600e+002  8.7200000e+002
  8.7268800e+002  8.7200000e+002
  8.7355200e+002  8.6400000e+002
  8.7441600e+002  8.6400000e+002
  8.7526400e+002  8.4800000e+002
  8.7614800e+002  8.8400000e+002
  8.7701200e+002  8.6400000e+002
  8.7788400e+002  8.7200000e+002
  8.7874800e+002  8.6400000e+002
  8.7944800e+002  7.0000000e+002
  8.8047600e+002  1.0280000e+003
  8.8136400e+002  8.8800000e+002
  8.8224800e+002  8.8400000e+002
  8.8313600e+002  8.8800000e+002
  8.8401200e+002  8.7600000e+002
  8.8488800e+002  8.7600000e+002
  8.8575600e+002  8.6800000e+002
  8.8662400e+002  8.6800000e+002
  8.8749200e+002  8.6800000e+002
  8.8836000e+002  8.6800000e+002
  8.8922000e+002  8.6000000e+002
  8.9009200e+002  8.7200000e+002
  8.9095200e+002  8.6000000e+002
  8.9181600e+002  8.6400000e+002
  8.9268800e+002  8.7200000e+002
  8.9354400e+002  8.5600000e+002
  8.9441200e+002  8.6800000e+002
  8.9528400e+002  8.7200000e+002
  8.9614000e+002  8.5600000e+002
  8.9700800e+002  8.6800000e+002
  8.9787200e+002  8.6400000e+002
  8.9851600e+002  6.4400000e+002
  8.9958800e+002  1.0720000e+003
  9.0049200e+002  9.0400000e+002
  9.0139200e+002  9.0000000e+002
  9.0228800e+002  8.9600000e+002
  9.0317200e+002  8.8400000e+002
  9.0405200e+002  8.8000000e+002
  9.0492400e+002  8.7200000e+002
  9.0580000e+002  8.7600000e+002
  9.0666000e+002  8.6000000e+002
  9.0752800e+002  8.6800000e+002
  9.0839600e+002  8.6800000e+002
  9.0925600e+002  8.6000000e+002
  9.1011600e+002  8.6000000e+002
  9.1098400e+002  8.6800000e+002
  9.1162000e+002  6.3600000e+002
  9.1268400e+002  1.0640000e+003
  9.1357600e+002  8.9200000e+002
  9.1446400e+002  8.8800000e+002
  9.1535600e+002  8.9200000e+002
  9.1622800e+002  8.7200000e+002
  9.1710000e+002  8.7200000e+002
  9.1796800e+002  8.6800000e+002
  9.1884000e+002  8.7200000e+002
  9.1970400e+002  8.6400000e+002
  9.2056800e+002  8.6400000e+002
  9.2143600e+002  8.6800000e+002
  9.2229200e+002  8.5600000e+002
  9.2314800e+002  8.5600000e+002
  9.2402000e+002  8.7200000e+002
  9.2465600e+002  6.3600000e+002
  9.2571200e+002  1.0560000e+003
  9.2660800e+002  8.9600000e+002
  9.2748400e+002  8.7600000e+002
  9.2836800e+002  8.8400000e+002
  9.2923600e+002  8.6800000e+002
  9.3010000e+002  8.6400000e+002
  9.3095600e+002  8.5600000e+002
  9.3182000e+002  8.6400000e+002
  9.3267200e+002  8.5200000e+002
  9.3352400e+002  8.5200000e+002
  9.3438800e+002  8.6400000e+002
  9.3524000e+002  8.5200000e+002
  9.3609200e+002  8.5200000e+002
  9.3695200e+002  8.6000000e+002
  9.3780800e+002  8.5600000e+002
  9.3866400e+002  8.5600000e+002
  9.3953600e+002  8.7200000e+002
  9.4038800e+002  8.5200000e+002
  9.4124800e+002  8.6000000e+002
  9.4211200e+002  8.6400000e+002
  9.4296400e+002  8.5200000e+002
  9.4382800e+002  8.6400000e+002
  9.4468800e+002  8.6000000e+002
  9.4554400e+002  8.5600000e+002
  9.4640800e+002  8.6400000e+002
  9.4726400e+002  8.5600000e+002
  9.4812800e+002  8.6400000e+002
  9.4899200e+002  8.6400000e+002
  9.4985200e+002  8.6000000e+002
  9.5071200e+002  8.6000000e+002
  9.5158000e+002  8.6800000e+002
  9.5243600e+002  8.5600000e+002
  9.5330400e+002  8.6800000e+002
  9.5416800e+002  8.6400000e+002
  9.5502800e+002  8.6000000e+002
  9.5590000e+002  8.7200000e+002
  9.5676400e+002  8.6400000e+002
  9.5763200e+002  8.6800000e+002
  9.5850000e+002  8.6800000e+002
  9.5936800e+002  8.6800000e+002
  9.6023600e+002  8.6800000e+002
  9.6111200e+002  8.7600000e+002
  9.6198000e+002  8.6800000e+002
  9.6284800e+002  8.6800000e+002
  9.6372000e+002  8.7200000e+002
  9.6459200e+002  8.7200000e+002
  9.6545600e+002  8.6400000e+002
  9.6633200e+002  8.7600000e+002
  9.6719600e+002  8.6400000e+002
  9.6806400e+002  8.6800000e+002
  9.6892400e+002  8.6000000e+002
  9.6978400e+002  8.6000000e+002
  9.7065600e+002  8.7200000e+002
  9.7152400e+002  8.6800000e+002
  9.7216000e+002  6.3600000e+002
  9.7324000e+002  1.0800000e+003
  9.7412800e+002  8.8800000e+002
  9.7501200e+002  8.8400000e+002
  9.7590800e+002  8.9600000e+002
  9.7677600e+002  8.6800000e+002
  9.7766400e+002  8.8800000e+002
  9.7854000e+002  8.7600000e+002
  9.7941200e+002  8.7200000e+002
  9.8028800e+002  8.7600000e+002
  9.8115600e+002  8.6800000e+002
  9.8202000e+002  8.6400000e+002
  9.8290000e+002  8.8000000e+002
  9.8376800e+002  8.6800000e+002
  9.8462800e+002  8.6000000e+002
  9.8550400e+002  8.7600000e+002
  9.8636800e+002  8.6400000e+002
  9.8724000e+002  8.7200000e+002
  9.8809200e+002  8.5200000e+002
  9.8896400e+002  8.7200000e+002
  9.8983200e+002  8.6800000e+002
  9.9069200e+002  8.6000000e+002
  9.9156800e+002  8.7600000e+002
  9.9242800e+002  8.6000000e+002
  9.9329600e+002  8.6800000e+002
  9.9416000e+002  8.6400000e+002
  9.9503200e+002  8.7200000e+002
  9.9590000e+002  8.6800000e+002
  9.9676400e+002  8.6400000e+002
  9.9740000e+002  6.3600000e+002
  9.9848800e+002  1.0880000e+003
  9.9938000e+002  8.9200000e+002
  1.0002680e+003  8.8800000e+002
  1.0011600e+003  8.9200000e+002
  1.0020400e+003  8.8000000e+002
  1.0029240e+003  8.8400000e+002
  1.0037920e+003  8.6800000e+002
  1.0046720e+003  8.8000000e+002
  1.0055440e+003  8.7200000e+002
  1.0064080e+003  8.6400000e+002
  1.0072840e+003  8.7600000e+002
  1.0081520e+003  8.6800000e+002
  1.0090080e+003  8.5600000e+002
  1.0098840e+003  8.7600000e+002
  1.0107520e+003  8.6800000e+002
  1.0116120e+003  8.6000000e+002
  1.0124840e+003  8.7200000e+002
  1.0131880e+003  7.0400000e+002
  1.0142000e+003  1.0120000e+003
  1.0150840e+003  8.8400000e+002
  1.0159520e+003  8.6800000e+002
  1.0168400e+003  8.8800000e+002
  1.0177040e+003  8.6400000e+002
  1.0185640e+003  8.6000000e+002
  1.0194280e+003  8.6400000e+002
  1.0202880e+003  8.6000000e+002
  1.0211400e+003  8.5200000e+002
  1.0220080e+003  8.6800000e+002
  1.0228720e+003  8.6400000e+002
  1.0237240e+003  8.5200000e+002
  1.0245960e+003  8.7200000e+002
  1.0254600e+003  8.6400000e+002
  1.0263160e+003  8.5600000e+002
  1.0271840e+003  8.6800000e+002
  1.0279000e+003  7.1600000e+002
  1.0289160e+003  1.0160000e+003
  1.0298120e+003  8.9600000e+002
  1.0307080e+003  8.9600000e+002
  1.0315960e+003  8.8800000e+002
  1.0324680e+003  8.7200000e+002
  1.0333360e+003  8.6800000e+002
  1.0342040e+003  8.6800000e+002
  1.0350720e+003  8.6800000e+002
  1.0359280e+003  8.5600000e+002
  1.0367960e+003  8.6800000e+002
  1.0376600e+003  8.6400000e+002
  1.0385160e+003  8.5600000e+002
  1.0393800e+003  8.6400000e+002
  1.0402360e+003  8.5600000e+002
  1.0410960e+003  8.6000000e+002
  1.0419560e+003  8.6000000e+002
  1.0428120e+003  8.5600000e+002
  1.0436720e+003  8.6000000e+002
  1.0445360e+003  8.6400000e+002
  1.0454000e+003  8.6400000e+002
  1.0462720e+003  8.7200000e+002
  1.0471280e+003  8.5600000e+002
  1.0480000e+003  8.7200000e+002
  1.0488720e+003  8.7200000e+002
  1.0497280e+003  8.5600000e+002
  1.0506040e+003  8.7600000e+002
  1.0514680e+003  8.6400000e+002
  1.0523240e+003  8.5600000e+002
  1.0532000e+003  8.7600000e+002
  1.0540600e+003  8.6000000e+002
  1.0547040e+003  6.4400000e+002
  1.0557720e+003  1.0680000e+003
  1.0566720e+003  9.0000000e+002
  1.0575600e+003  8.8800000e+002
  1.0584560e+003  8.9600000e+002
  1.0593320e+003  8.7600000e+002
  1.0602040e+003  8.7200000e+002
  1.0610720e+003  8.6800000e+002
  1.0619360e+003  8.6400000e+002
  1.0628000e+003  8.6400000e+002
  1.0636680e+003  8.6800000e+002
  1.0645240e+003  8.5600000e+002
  1.0653960e+003  8.7200000e+002
  1.0662560e+003  8.6000000e+002
  1.0671160e+003  8.6000000e+002
  1.0679760e+003  8.6000000e+002
  1.0688320e+003  8.5600000e+002
  1.0695400e+003  7.0800000e+002
  1.0705360e+003  9.9600000e+002
  1.0714520e+003  9.1600000e+002
  1.0723440e+003  8.9200000e+002
  1.0732440e+003  9.0000000e+002
  1.0741200e+003  8.7600000e+002
  1.0750000e+003  8.8000000e+002
  1.0758800e+003  8.8000000e+002
  1.0767480e+003  8.6800000e+002
  1.0776320e+003  8.8400000e+002
  1.0785000e+003  8.6800000e+002
  1.0791960e+003  6.9600000e+002
  1.0802360e+003  1.0400000e+003
  1.0811240e+003  8.8800000e+002
  1.0818320e+003  7.0800000e+002
  1.0828760e+003  1.0440000e+003
  1.0837720e+003  8.9600000e+002
  1.0846480e+003  8.7600000e+002
  1.0855360e+003  8.8800000e+002
  1.0863960e+003  8.6000000e+002
  1.0872760e+003  8.8000000e+002
  1.0881320e+003  8.5600000e+002
  1.0890080e+003  8.7600000e+002
  1.0898760e+003  8.6800000e+002
  1.0907320e+003  8.5600000e+002
  1.0916000e+003  8.6800000e+002
  1.0924600e+003  8.6000000e+002
  1.0933160e+003  8.5600000e+002
  1.0941880e+003  8.7200000e+002
  1.0950560e+003  8.6800000e+002
  1.0959080e+003  8.5200000e+002
  1.0967800e+003  8.7200000e+002
  1.0976440e+003  8.6400000e+002
  1.0985120e+003  8.6800000e+002
  1.0993760e+003  8.6400000e+002
  1.1002440e+003  8.6800000e+002
  1.1011200e+003  8.7600000e+002
  1.1019840e+003  8.6400000e+002
  1.1028440e+003  8.6000000e+002
  1.1037240e+003  8.8000000e+002
  1.1045880e+003  8.6400000e+002
  1.1054480e+003  8.6000000e+002
  1.1063080e+003  8.6000000e+002
  1.1071720e+003  8.6400000e+002
  1.1080400e+003  8.6800000e+002
  1.1089080e+003  8.6800000e+002
  1.1097840e+003  8.7600000e+002
  1.1106440e+003  8.6000000e+002
  1.1115160e+003  8.7200000e+002
  1.1123880e+003  8.7200000e+002
  1.1132440e+003  8.5600000e+002
  1.1141200e+003  8.7600000e+002
  1.1149840e+003  8.6400000e+002
  1.1158400e+003  8.5600000e+002
  1.1167160e+003  8.7600000e+002
  1.1175760e+003  8.6000000e+002
  1.1184360e+003  8.6000000e+002
  1.1193000e+003  8.6400000e+002
  1.1201560e+003  8.5600000e+002
  1.1210200e+003  8.6400000e+002
  1.1218840e+003  8.6400000e+002
  1.1227440e+003  8.6000000e+002
  1.1236160e+003  8.7200000e+002
  1.1244680e+003  8.5200000e+002
  1.1251160e+003  6.4800000e+002
  1.1261800e+003  1.0640000e+003
  1.1270760e+003  8.9600000e+002
  1.1279440e+003  8.6800000e+002
  1.1288320e+003  8.8800000e+002
  1.1297000e+003  8.6800000e+002
  1.1305720e+003  8.7200000e+002
  1.1314360e+003  8.6400000e+002
  1.1323040e+003  8.6800000e+002
  1.1331560e+003  8.5200000e+002
  1.1340160e+003  8.6000000e+002
  1.1348800e+003  8.6400000e+002
  1.1357320e+003  8.5200000e+002
  1.1365880e+003  8.5600000e+002
  1.1374560e+003  8.6800000e+002
  1.1383040e+003  8.4800000e+002
  1.1389400e+003  6.3600000e+002
  1.1400040e+003  1.0640000e+003
  1.1409000e+003  8.9600000e+002
  1.1417720e+003  8.7200000e+002
  1.1426600e+003  8.8800000e+002
  1.1435240e+003  8.6400000e+002
  1.1444000e+003  8.7600000e+002
  1.1452640e+003  8.6400000e+002
  1.1461280e+003  8.6400000e+002
  1.1469920e+003  8.6400000e+002
  1.1478480e+003  8.5600000e+002
  1.1487040e+003  8.5600000e+002
  1.1495640e+003  8.6000000e+002
  1.1504200e+003  8.5600000e+002
  1.1512840e+003  8.6400000e+002
  1.1521360e+003  8.5200000e+002
  1.1529880e+003  8.5200000e+002
  1.1538520e+003  8.6400000e+002
  1.1547080e+003  8.5600000e+002
  1.1555720e+003  8.6400000e+002
  1.1564240e+003  8.5200000e+002
  1.1572880e+003  8.6400000e+002
  1.1581520e+003  8.6400000e+002
  1.1590080e+003  8.5600000e+002
  1.1598720e+003  8.6400000e+002
  1.1607360e+003  8.6400000e+002
  1.1615960e+003  8.6000000e+002
  1.1624680e+003  8.7200000e+002
  1.1633320e+003  8.6400000e+002
  1.1641920e+003  8.6000000e+002
  1.1650560e+003  8.6400000e+002
  1.1659120e+003  8.5600000e+002
  1.1667720e+003  8.6000000e+002
  1.1676360e+003  8.6400000e+002
  1.1684960e+003  8.6000000e+002
  1.1693600e+003  8.6400000e+002
  1.1702200e+003  8.6000000e+002
  1.1710920e+003  8.7200000e+002
  1.1719600e+003  8.6800000e+002
  1.1728200e+003  8.6000000e+002
  1.1736920e+003  8.7200000e+002
  1.1745560e+003  8.6400000e+002
  1.1754200e+003  8.6400000e+002
  1.1762960e+003  8.7600000e+002
  1.1771560e+003  8.6000000e+002
  1.1780240e+003  8.6800000e+002
  1.1788960e+003  8.7200000e+002
  1.1797640e+003  8.6800000e+002
  1.1806320e+003  8.6800000e+002
  1.1815040e+003  8.7200000e+002
  1.1823680e+003  8.6400000e+002
  1.1832280e+003  8.6000000e+002
  1.1840920e+003  8.6400000e+002
  1.1847280e+003  6.3600000e+002
  1.1858000e+003  1.0720000e+003
  1.1866960e+003  8.9600000e+002
  1.1875760e+003  8.8000000e+002
  1.1884520e+003  8.7600000e+002
  1.1893200e+003  8.6800000e+002
  1.1901840e+003  8.6400000e+002
  1.1910400e+003  8.5600000e+002
  1.1919000e+003  8.6000000e+002
  1.1927640e+003  8.6400000e+002
  1.1936120e+003  8.4800000e+002
  1.1944840e+003  8.7200000e+002
  1.1953440e+003  8.6000000e+002
  1.1961920e+003  8.4800000e+002
  1.1970680e+003  8.7600000e+002
  1.1979280e+003  8.6000000e+002
  1.1987840e+003  8.5600000e+002
  1.1996560e+003  8.7200000e+002
  1.2002960e+003  6.4000000e+002
  1.2013520e+003  1.0560000e+003
  1.2022520e+003  9.0000000e+002
  1.2031360e+003  8.8400000e+002
  1.2040200e+003  8.8400000e+002
  1.2048880e+003  8.6800000e+002
  1.2057640e+003  8.7600000e+002
  1.2066160e+003  8.5200000e+002
  1.2074920e+003  8.7600000e+002
  1.2083600e+003  8.6800000e+002
  1.2091560e+003  7.9600000e+002
  1.2100800e+003  9.2400000e+002
  1.2109760e+003  8.9600000e+002
  1.2118360e+003  8.6000000e+002
  1.2127120e+003  8.7600000e+002
  1.2135760e+003  8.6400000e+002
  1.2144320e+003  8.5600000e+002
  1.2153000e+003  8.6800000e+002
  1.2161600e+003  8.6000000e+002
  1.2170120e+003  8.5200000e+002
  1.2178800e+003  8.6800000e+002
  1.2187400e+003  8.6000000e+002
  1.2195920e+003  8.5200000e+002
  1.2204480e+003  8.5600000e+002
  1.2213120e+003  8.6400000e+002
  1.2219520e+003  6.4000000e+002
  1.2225360e+003  5.8400000e+002
  1.2238440e+003  1.3080000e+003
  1.2248000e+003  9.5600000e+002
  1.2257760e+003  9.7600000e+002
  1.2267080e+003  9.3200000e+002
  1.2273720e+003  6.6400000e+002
  1.2284920e+003  1.1200000e+003
  1.2293960e+003  9.0400000e+002
  1.2302680e+003  8.7200000e+002
  1.2311480e+003  8.8000000e+002
  1.2320120e+003  8.6400000e+002
  1.2335440e+003  1.5320000e+003
  1.2345480e+003  1.0040000e+003
  1.2354600e+003  9.1200000e+002
  1.2361680e+003  7.0800000e+002
  1.2371640e+003  9.9600000e+002
  1.2380360e+003  8.7200000e+002
  1.2388960e+003  8.6000000e+002
  1.2397600e+003  8.6400000e+002
  1.2406080e+003  8.4800000e+002
  1.2414600e+003  8.5200000e+002
  1.2423160e+003  8.5600000e+002
  1.2431640e+003  8.4800000e+002
  1.2440080e+003  8.4400000e+002
  1.2448680e+003  8.6000000e+002
  1.2457200e+003  8.5200000e+002
  1.2465640e+003  8.4400000e+002
  1.2474200e+003  8.5600000e+002
  1.2482720e+003  8.5200000e+002
  1.2491280e+003  8.5600000e+002
  1.2499840e+003  8.5600000e+002
  1.2508480e+003  8.6400000e+002
  1.2517000e+003  8.5200000e+002
  1.2524600e+003  7.6000000e+002
  1.2534080e+003  9.4800000e+002
  1.2543120e+003  9.0400000e+002
  1.2551720e+003  8.6000000e+002
  1.2560440e+003  8.7200000e+002
  1.2569040e+003  8.6000000e+002
  1.2577640e+003  8.6000000e+002
  1.2586240e+003  8.6000000e+002
  1.2594800e+003  8.5600000e+002
  1.2603400e+003  8.6000000e+002
  1.2611880e+003  8.4800000e+002
  1.2620440e+003  8.5600000e+002
  1.2627080e+003  6.6400000e+002
  1.2637120e+003  1.0040000e+003
  1.2646280e+003  9.1600000e+002
  1.2654920e+003  8.6400000e+002
  1.2663680e+003  8.7600000e+002
  1.2672200e+003  8.5200000e+002
  1.2680840e+003  8.6400000e+002
  1.2689360e+003  8.5200000e+002
  1.2698000e+003  8.6400000e+002
  1.2706440e+003  8.4400000e+002
  1.2715080e+003  8.6400000e+002
  1.2723640e+003  8.5600000e+002
  1.2732200e+003  8.5600000e+002
  1.2740880e+003  8.6800000e+002
  1.2749400e+003  8.5200000e+002
  1.2758000e+003  8.6000000e+002
  1.2766520e+003  8.5200000e+002
  1.2775120e+003  8.6000000e+002
  1.2783800e+003  8.6800000e+002
  1.2792320e+003  8.5200000e+002
  1.2801000e+003  8.6800000e+002
  1.2809600e+003  8.6000000e+002
  1.2818160e+003  8.5600000e+002
  1.2826800e+003  8.6400000e+002
  1.2835360e+003  8.5600000e+002
  1.2843960e+003  8.6000000e+002
  1.2852640e+003  8.6800000e+002
  1.2861200e+003  8.5600000e+002
  1.2869800e+003  8.6000000e+002
  1.2878360e+003  8.5600000e+002
  1.2886880e+003  8.5200000e+002
  1.2895440e+003  8.5600000e+002
  1.2904040e+003  8.6000000e+002
  1.2912560e+003  8.5200000e+002
  1.2921160e+003  8.6000000e+002
  1.2929720e+003  8.5600000e+002
  1.2938240e+003  8.5200000e+002
  1.2946840e+003  8.6000000e+002
  1.2955440e+003  8.6000000e+002
  1.2963960e+003  8.5200000e+002
  1.2972560e+003  8.6000000e+002
  1.2981080e+003  8.5200000e+002
  1.2989600e+003  8.5200000e+002
  1.2998160e+003  8.5600000e+002
  1.3006760e+003  8.6000000e+002
  1.3015240e+003  8.4800000e+002
  1.3023840e+003  8.6000000e+002
  1.3032400e+003  8.5600000e+002
  1.3040960e+003  8.5600000e+002
  1.3049520e+003  8.5600000e+002
  1.3058200e+003  8.6800000e+002
  1.3066760e+003  8.5600000e+002
  1.3075240e+003  8.4800000e+002
  1.3083800e+003  8.5600000e+002
  1.3092440e+003  8.6400000e+002
  1.3101040e+003  8.6000000e+002
  1.3109600e+003  8.5600000e+002
  1.3118240e+003  8.6400000e+002
  1.3126800e+003  8.5600000e+002
  1.3135360e+003  8.5600000e+002
  1.3144000e+003  8.6400000e+002
  1.3152560e+003  8.5600000e+002
  1.3161200e+003  8.6400000e+002
  1.3169800e+003  8.6000000e+002
  1.3178360e+003  8.5600000e+002
  1.3186840e+003  8.4800000e+002
  1.3195400e+003  8.5600000e+002
  1.3204000e+003  8.6000000e+002
  1.3212560e+003  8.5600000e+002
  1.3221120e+003  8.5600000e+002
  1.3227480e+003  6.3600000e+002
  1.3238080e+003  1.0600000e+003
  1.3246920e+003  8.8400000e+002
  1.3255600e+003  8.6800000e+002
  1.3264400e+003  8.8000000e+002
  1.3272960e+003  8.5600000e+002
  1.3281520e+003  8.5600000e+002
  1.3290040e+003  8.5200000e+002
  1.3298640e+003  8.6000000e+002
  1.3307120e+003  8.4800000e+002
  1.3315640e+003  8.5200000e+002
  1.3324120e+003  8.4800000e+002
  1.3332560e+003  8.4400000e+002
  1.3341120e+003  8.5600000e+002
  1.3349600e+003  8.4800000e+002
  1.3358080e+003  8.4800000e+002
  1.3366640e+003  8.5600000e+002
  1.3375160e+003  8.5200000e+002
  1.3383680e+003  8.5200000e+002
  1.3392240e+003  8.5600000e+002
  1.3400760e+003  8.5200000e+002
  1.3409280e+003  8.5200000e+002
  1.3417840e+003  8.5600000e+002
  1.3426360e+003  8.5200000e+002
  1.3434840e+003  8.4800000e+002
  1.3443400e+003  8.5600000e+002
  1.3451880e+003  8.4800000e+002
  1.3460400e+003  8.5200000e+002
  1.3468920e+003  8.5200000e+002
  1.3475360e+003  6.4400000e+002
  1.3485800e+003  1.0440000e+003
  1.3494600e+003  8.8000000e+002
  1.3503160e+003  8.5600000e+002
  1.3511880e+003  8.7200000e+002
  1.3520360e+003  8.4800000e+002
  1.3528880e+003  8.5200000e+002
  1.3537400e+003  8.5200000e+002
  1.3545920e+003  8.5200000e+002
  1.3554440e+003  8.5200000e+002
  1.3562920e+003  8.4800000e+002
  1.3571480e+003  8.5600000e+002
  1.3579960e+003  8.4800000e+002
  1.3588480e+003  8.5200000e+002
  1.3597040e+003  8.5600000e+002
  1.3605560e+003  8.5200000e+002
  1.3614120e+003  8.5600000e+002
  1.3622720e+003  8.6000000e+002
  1.3631240e+003  8.5200000e+002
  1.3639800e+003  8.5600000e+002
  1.3648360e+003  8.5600000e+002
  1.3656880e+003  8.5200000e+002
  1.3665440e+003  8.5600000e+002
  1.3674080e+003  8.6400000e+002
  1.3682560e+003  8.4800000e+002
  1.3688920e+003  6.3600000e+002
  1.3699520e+003  1.0600000e+003
  1.3708520e+003  9.0000000e+002
  1.3717360e+003  8.8400000e+002
  1.3724200e+003  6.8400000e+002
  1.3734840e+003  1.0640000e+003
  1.3743680e+003  8.8400000e+002
  1.3750160e+003  6.4800000e+002
  1.3760880e+003  1.0720000e+003
  1.3769880e+003  9.0000000e+002
  1.3778400e+003  8.5200000e+002
  1.3787240e+003  8.8400000e+002
  1.3795440e+003  8.2000000e+002
  1.3804320e+003  8.8800000e+002
  1.3812880e+003  8.5600000e+002
  1.3821520e+003  8.6400000e+002
  1.3830040e+003  8.5200000e+002
  1.3838680e+003  8.6400000e+002
  1.3847200e+003  8.5200000e+002
  1.3855760e+003  8.5600000e+002
  1.3864400e+003  8.6400000e+002
  1.3871280e+003  6.8800000e+002
  1.3881160e+003  9.8800000e+002
  1.3890400e+003  9.2400000e+002
  1.3898960e+003  8.5600000e+002
  1.3907680e+003  8.7200000e+002
  1.3916320e+003  8.6400000e+002
  1.3924800e+003  8.4800000e+002
  1.3933440e+003  8.6400000e+002
  1.3942040e+003  8.6000000e+002
  1.3950560e+003  8.5200000e+002
  1.3959240e+003  8.6800000e+002
  1.3967840e+003  8.6000000e+002
  1.3976360e+003  8.5200000e+002
  1.3984960e+003  8.6000000e+002
  1.3993480e+003  8.5200000e+002
  1.4000240e+003  6.7600000e+002
  1.4010560e+003  1.0320000e+003
  1.4019280e+003  8.7200000e+002
  1.4027920e+003  8.6400000e+002
  1.4036760e+003  8.8400000e+002
  1.4045360e+003  8.6000000e+002
  1.4052160e+003  6.8000000e+002
  1.4062640e+003  1.0480000e+003
  1.4071440e+003  8.8000000e+002
  1.4080080e+003  8.6400000e+002
  1.4088880e+003  8.8000000e+002
  1.4097480e+003  8.6000000e+002
  1.4106160e+003  8.6800000e+002
  1.4114760e+003  8.6000000e+002
  1.4123320e+003  8.5600000e+002
  1.4132000e+003  8.6800000e+002
  1.4140600e+003  8.6000000e+002
  1.4149160e+003  8.5600000e+002
  1.4157880e+003  8.7200000e+002
  1.4166440e+003  8.5600000e+002
  1.4175120e+003  8.6800000e+002
  1.4183640e+003  8.5200000e+002
  1.4192320e+003  8.6800000e+002
  1.4200920e+003  8.6000000e+002
  1.4209480e+003  8.5600000e+002
  1.4218200e+003  8.7200000e+002
  1.4226720e+003  8.5200000e+002
  1.4235440e+003  8.7200000e+002
  1.4244040e+003  8.6000000e+002
  1.4252600e+003  8.5600000e+002
  1.4261280e+003  8.6800000e+002
  1.4269800e+003  8.5200000e+002
  1.4278320e+003  8.5200000e+002
  1.4286960e+003  8.6400000e+002
  1.4295440e+003  8.4800000e+002
  1.4303960e+003  8.5200000e+002
  1.4312520e+003  8.5600000e+002
  1.4321040e+003  8.5200000e+002
  1.4329600e+003  8.5600000e+002
  1.4338200e+003  8.6000000e+002
  1.4346720e+003  8.5200000e+002
  1.4355320e+003  8.6000000e+002
  1.4363800e+003  8.4800000e+002
  1.4372320e+003  8.5200000e+002
  1.4380920e+003  8.6000000e+002
  1.4389520e+003  8.6000000e+002
  1.4398040e+003  8.5200000e+002
  1.4406560e+003  8.5200000e+002
  1.4415120e+003  8.5600000e+002
  1.4423680e+003  8.5600000e+002
  1.4432160e+003  8.4800000e+002
  1.4440760e+003  8.6000000e+002
  1.4449320e+003  8.5600000e+002
  1.4457840e+003  8.5200000e+002
  1.4466360e+003  8.5200000e+002
  1.4473920e+003  7.5600000e+002
  1.4483360e+003  9.4400000e+002
  1.4492320e+003  8.9600000e+002
  1.4500880e+003  8.5600000e+002
  1.4509640e+003  8.7600000e+002
  1.4518160e+003  8.5200000e+002
  1.4526800e+003  8.6400000e+002
  1.4535320e+003  8.5200000e+002
  1.4542440e+003  7.1200000e+002
  1.4552200e+003  9.7600000e+002
  1.4561200e+003  9.0000000e+002
  1.4569680e+003  8.4800000e+002
  1.4578280e+003  8.6000000e+002
  1.4586720e+003  8.4400000e+002
  1.4595200e+003  8.4800000e+002
  1.4603640e+003  8.4400000e+002
  1.4612280e+003  8.6400000e+002
  1.4620680e+003  8.4000000e+002
  1.4629160e+003  8.4800000e+002
  1.4637600e+003  8.4400000e+002
  1.4646080e+003  8.4800000e+002
  1.4654680e+003  8.6000000e+002
  1.4663160e+003  8.4800000e+002
  1.4671600e+003  8.4400000e+002
  1.4677880e+003  6.2800000e+002
  1.4688440e+003  1.0560000e+003
  1.4697360e+003  8.9200000e+002
  1.4706080e+003  8.7200000e+002
  1.4714800e+003  8.7200000e+002
  1.4721200e+003  6.4000000e+002
  1.4731760e+003  1.0560000e+003
  1.4740600e+003  8.8400000e+002
  1.4749080e+003  8.4800000e+002
  1.4757800e+003  8.7200000e+002
  1.4766240e+003  8.4400000e+002
  1.4774800e+003  8.5600000e+002
  1.4783360e+003  8.5600000e+002
  1.4791920e+003  8.5600000e+002
  1.4800360e+003  8.4400000e+002
  1.4807520e+003  7.1600000e+002
  1.4813800e+003  6.2800000e+002
  1.4825840e+003  1.2040000e+003
  1.4834680e+003  8.8400000e+002
  1.4841080e+003  6.4000000e+002
  1.4851800e+003  1.0720000e+003
  1.4860800e+003  9.0000000e+002
  1.4869240e+003  8.4400000e+002
  1.4876040e+003  6.8000000e+002
  1.4886160e+003  1.0120000e+003
  1.4895280e+003  9.1200000e+002
  1.4903760e+003  8.4800000e+002
  1.4912360e+003  8.6000000e+002
  1.4920880e+003  8.5200000e+002
  1.4929440e+003  8.5600000e+002
  1.4937880e+003  8.4400000e+002
  1.4946480e+003  8.6000000e+002
  1.4954960e+003  8.4800000e+002
  1.4963400e+003  8.4400000e+002
  1.4972000e+003  8.6000000e+002
  1.4980440e+003  8.4400000e+002
  1.4988920e+003  8.4800000e+002
  1.4997560e+003  8.6400000e+002
  1.5006000e+003  8.4400000e+002
  1.5014520e+003  8.5200000e+002
  1.5023040e+003  8.5200000e+002
  1.5031480e+003  8.4400000e+002
  1.5039960e+003  8.4800000e+002
  1.5048520e+003  8.5600000e+002
  1.5056960e+003  8.4400000e+002
  1.5065480e+003  8.5200000e+002
  1.5074000e+003  8.5200000e+002
  1.5082400e+003  8.4000000e+002
  1.5090920e+003  8.5200000e+002
  1.5099440e+003  8.5200000e+002
  1.5107840e+003  8.4000000e+002
  1.5116280e+003  8.4400000e+002
  1.5124760e+003  8.4800000e+002
  1.5133200e+003  8.4400000e+002
  1.5141560e+003  8.3600000e+002
  1.5149960e+003  8.4000000e+002
  1.5158480e+003  8.5200000e+002
  1.5166880e+003  8.4000000e+002
  1.5175120e+003  8.2400000e+002
  1.5183600e+003  8.4800000e+002
  1.5192040e+003  8.4400000e+002
  1.5200400e+003  8.3600000e+002
  1.5207080e+003  6.6800000e+002
  1.5216920e+003  9.8400000e+002
  1.5226000e+003  9.0800000e+002
  1.5232360e+003  6.3600000e+002
  1.5242800e+003  1.0440000e+003
  1.5251600e+003  8.8000000e+002
  1.5260040e+003  8.4400000e+002
  1.5268680e+003  8.6400000e+002
  1.5277040e+003  8.3600000e+002
  1.5285560e+003  8.5200000e+002
  1.5294120e+003  8.5600000e+002
  1.5302600e+003  8.4800000e+002
  1.5311080e+003  8.4800000e+002
  1.5319640e+003  8.5600000e+002
  1.5328120e+003  8.4800000e+002
  1.5336640e+003  8.5200000e+002
  1.5345160e+003  8.5200000e+002
  1.5353720e+003  8.5600000e+002
  1.5362240e+003  8.5200000e+002
  1.5370680e+003  8.4400000e+002
  1.5379280e+003  8.6000000e+002
  1.5387800e+003  8.5200000e+002
  1.5396280e+003  8.4800000e+002
  1.5404760e+003  8.4800000e+002
  1.5413360e+003  8.6000000e+002
  1.5421840e+003  8.4800000e+002
  1.5430360e+003  8.5200000e+002
  1.5438880e+003  8.5200000e+002
  1.5447440e+003  8.5600000e+002
  1.5455880e+003  8.4400000e+002
  1.5464440e+003  8.5600000e+002
  1.5472920e+003  8.4800000e+002
  1.5481480e+003  8.5600000e+002
  1.5490000e+003  8.5200000e+002
  1.5498600e+003  8.6000000e+002
  1.5505640e+003  7.0400000e+002
  1.5515520e+003  9.8800000e+002
  1.5524360e+003  8.8400000e+002
  1.5532960e+003  8.6000000e+002
  1.5541840e+003  8.8800000e+002
  1.5550400e+003  8.5600000e+002
  1.5559080e+003  8.6800000e+002
  1.5567600e+003  8.5200000e+002
  1.5576160e+003  8.5600000e+002
  1.5584760e+003  8.6000000e+002
  1.5593240e+003  8.4800000e+002
  1.5601880e+003  8.6400000e+002
  1.5610480e+003  8.6000000e+002
  1.5619040e+003  8.5600000e+002
  1.5627640e+003  8.6000000e+002
  1.5636280e+003  8.6400000e+002
  1.5642640e+003  6.3600000e+002
  1.5653360e+003  1.0720000e+003
  1.5662320e+003  8.9600000e+002
  1.5671080e+003  8.7600000e+002
  1.5679880e+003  8.8000000e+002
  1.5688480e+003  8.6000000e+002
  1.5697120e+003  8.6400000e+002
  1.5705680e+003  8.5600000e+002
  1.5714280e+003  8.6000000e+002
  1.5722840e+003  8.5600000e+002
  1.5731360e+003  8.5200000e+002
  1.5739880e+003  8.5200000e+002
  1.5748440e+003  8.5600000e+002
  1.5754760e+003  6.3200000e+002
  1.5765280e+003  1.0520000e+003
  1.5774160e+003  8.8800000e+002
  1.5782680e+003  8.5200000e+002
  1.5791520e+003  8.8400000e+002
  1.5800040e+003  8.5200000e+002
  1.5807520e+003  7.4800000e+002
  1.5816960e+003  9.4400000e+002
  1.5825920e+003  8.9600000e+002
  1.5834400e+003  8.4800000e+002
  1.5843080e+003  8.6800000e+002
  1.5851560e+003  8.4800000e+002
  1.5860120e+003  8.5600000e+002
  1.5868640e+003  8.5200000e+002
  1.5877120e+003  8.4800000e+002
  1.5885680e+003  8.5600000e+002
  1.5894160e+003  8.4800000e+002
  1.5902640e+003  8.4800000e+002
  1.5911160e+003  8.5200000e+002
  1.5919680e+003  8.5200000e+002
  1.5928160e+003  8.4800000e+002
  1.5936680e+003  8.5200000e+002
  1.5945160e+003  8.4800000e+002
  1.5953640e+003  8.4800000e+002
  1.5962200e+003  8.5600000e+002
  1.5970680e+003  8.4800000e+002
  1.5979200e+003  8.5200000e+002
  1.5987680e+003  8.4800000e+002
  1.5996200e+003  8.5200000e+002
  1.6004760e+003  8.5600000e+002
  1.6013280e+003  8.5200000e+002
  1.6021800e+003  8.5200000e+002
  1.6030320e+003  8.5200000e+002
  1.6038800e+003  8.4800000e+002
  1.6047360e+003  8.5600000e+002
  1.6055840e+003  8.4800000e+002
  1.6064360e+003  8.5200000e+002
  1.6072880e+003  8.5200000e+002
  1.6081400e+003  8.5200000e+002
  1.6089920e+003  8.5200000e+002
  1.6098560e+003  8.6400000e+002
  1.6107200e+003  8.6400000e+002
  1.6115720e+003  8.5200000e+002
  1.6124320e+003  8.6000000e+002
  1.6132920e+003  8.6000000e+002
  1.6141520e+003  8.6000000e+002
  1.6150080e+003  8.5600000e+002
  1.6158680e+003  8.6000000e+002
  1.6167200e+003  8.5200000e+002
  1.6175720e+003  8.5200000e+002
  1.6184320e+003  8.6000000e+002
  1.6192920e+003  8.6000000e+002
  1.6199200e+003  6.2800000e+002
  1.6210000e+003  1.0800000e+003
  1.6218800e+003  8.8000000e+002
  1.6227400e+003  8.6000000e+002
  1.6236200e+003  8.8000000e+002
  1.6244920e+003  8.7200000e+002
  1.6253480e+003  8.5600000e+002
  1.6262120e+003  8.6400000e+002
  1.6270760e+003  8.6400000e+002
  1.6279280e+003  8.5200000e+002
  1.6287800e+003  8.5200000e+002
  1.6296360e+003  8.5600000e+002
  1.6304800e+003  8.4400000e+002
  1.6313320e+003  8.5200000e+002
  1.6321800e+003  8.4800000e+002
  1.6330320e+003  8.5200000e+002
  1.6338760e+003  8.4400000e+002
  1.6347280e+003  8.5200000e+002
  1.6355800e+003  8.5200000e+002
  1.6364280e+003  8.4800000e+002
  1.6372800e+003  8.5200000e+002
  1.6381240e+003  8.4400000e+002
  1.6389760e+003  8.5200000e+002
  1.6398240e+003  8.4800000e+002
  1.6406760e+003  8.5200000e+002
  1.6415240e+003  8.4800000e+002
  1.6423680e+003  8.4400000e+002
  1.6432160e+003  8.4800000e+002
  1.6440600e+003  8.4400000e+002
  1.6449040e+003  8.4400000e+002
  1.6457480e+003  8.4400000e+002
  1.6465920e+003  8.4400000e+002
  1.6474360e+003  8.4400000e+002
  1.6482800e+003  8.4400000e+002
  1.6491200e+003  8.4000000e+002
  1.6499680e+003  8.4800000e+002
  1.6508080e+003  8.4000000e+002
  1.6516560e+003  8.4800000e+002
  1.6524960e+003  8.4000000e+002
  1.6533480e+003  8.5200000e+002
  1.6541840e+003  8.3600000e+002
  1.6550280e+003  8.4400000e+002
  1.6558760e+003  8.4800000e+002
  1.6567240e+003  8.4800000e+002
  1.6575680e+003  8.4400000e+002
  1.6584160e+003  8.4800000e+002
  1.6592680e+003  8.5200000e+002
  1.6601120e+003  8.4400000e+002
  1.6609600e+003  8.4800000e+002
  1.6618080e+003  8.4800000e+002
  1.6626560e+003  8.4800000e+002
  1.6634920e+003  8.3600000e+002
  1.6643400e+003  8.4800000e+002
  1.6651880e+003  8.4800000e+002
  1.6660360e+003  8.4800000e+002
  1.6668840e+003  8.4800000e+002
  1.6677240e+003  8.4000000e+002
  1.6685760e+003  8.5200000e+002
  1.6694200e+003  8.4400000e+002
  1.6702640e+003  8.4400000e+002
  1.6711160e+003  8.5200000e+002
  1.6719600e+003  8.4400000e+002
  1.6728040e+003  8.4400000e+002
  1.6736560e+003  8.5200000e+002
  1.6745000e+003  8.4400000e+002
  1.6753440e+003  8.4400000e+002
  1.6761960e+003  8.5200000e+002
  1.6770360e+003  8.4000000e+002
  1.6778800e+003  8.4400000e+002
  1.6787320e+003  8.5200000e+002
  1.6795760e+003  8.4400000e+002
  1.6804320e+003  8.5600000e+002
  1.6812760e+003  8.4400000e+002
  1.6821200e+003  8.4400000e+002
  1.6829720e+003  8.5200000e+002
  1.6838200e+003  8.4800000e+002
  1.6846640e+003  8.4400000e+002
  1.6855120e+003  8.4800000e+002
  1.6863600e+003  8.4800000e+002
  1.6872000e+003  8.4000000e+002
  1.6880480e+003  8.4800000e+002
  1.6889000e+003  8.5200000e+002
  1.6897400e+003  8.4000000e+002
  1.6905920e+003  8.5200000e+002
  1.6914440e+003  8.5200000e+002
  1.6922880e+003  8.4400000e+002
  1.6931400e+003  8.5200000e+002
  1.6939880e+003  8.4800000e+002
  1.6948360e+003  8.4800000e+002
  1.6956920e+003  8.5600000e+002
  1.6965320e+003  8.4000000e+002
  1.6973920e+003  8.6000000e+002
  1.6982400e+003  8.4800000e+002
  1.6990960e+003  8.5600000e+002
  1.6997320e+003  6.3600000e+002
  1.7007880e+003  1.0560000e+003
  1.7016560e+003  8.6800000e+002
  1.7025040e+003  8.4800000e+002
  1.7033840e+003  8.8000000e+002
  1.7042360e+003  8.5200000e+002
  1.7051120e+003  8.7600000e+002
  1.7059560e+003  8.4400000e+002
  1.7068240e+003  8.6800000e+002
  1.7076720e+003  8.4800000e+002
  1.7085360e+003  8.6400000e+002
  1.7093800e+003  8.4400000e+002
  1.7102360e+003  8.5600000e+002
  1.7110800e+003  8.4400000e+002
  1.7119280e+003  8.4800000e+002
  1.7127880e+003  8.6000000e+002
  1.7136280e+003  8.4000000e+002
  1.7144840e+003  8.5600000e+002
  1.7153360e+003  8.5200000e+002
  1.7161840e+003  8.4800000e+002
  1.7170400e+003  8.5600000e+002
  1.7178800e+003  8.4000000e+002
  1.7187320e+003  8.5200000e+002
  1.7195840e+003  8.5200000e+002
  1.7204280e+003  8.4400000e+002
  1.7212760e+003  8.4800000e+002
  1.7221280e+003  8.5200000e+002
  1.7229800e+003  8.5200000e+002
  1.7238280e+003  8.4800000e+002
  1.7246800e+003  8.5200000e+002
  1.7255280e+003  8.4800000e+002
  1.7263760e+003  8.4800000e+002
  1.7272320e+003  8.5600000e+002
  1.7280800e+003  8.4800000e+002
  1.7289320e+003  8.5200000e+002
  1.7297840e+003  8.5200000e+002
  1.7306280e+003  8.4400000e+002
  1.7312680e+003  6.4000000e+002
  1.7323280e+003  1.0600000e+003
  1.7332120e+003  8.8400000e+002
  1.7340760e+003  8.6400000e+002
  1.7349520e+003  8.7600000e+002
  1.7358000e+003  8.4800000e+002
  1.7366640e+003  8.6400000e+002
  1.7375040e+003  8.4000000e+002
  1.7381320e+003  6.2800000e+002
  1.7391960e+003  1.0640000e+003
  1.7400720e+003  8.7600000e+002
  1.7409120e+003  8.4000000e+002
  1.7417760e+003  8.6400000e+002
  1.7426200e+003  8.4400000e+002
  1.7434800e+003  8.6000000e+002
  1.7443320e+003  8.5200000e+002
  1.7451880e+003  8.5600000e+002
  1.7460400e+003  8.5200000e+002
  1.7468880e+003  8.4800000e+002
  1.7477440e+003  8.5600000e+002
  1.7486000e+003  8.5600000e+002
  1.7494480e+003  8.4800000e+002
  1.7501040e+003  6.5600000e+002
  1.7511160e+003  1.0120000e+003
  1.7520240e+003  9.0800000e+002
  1.7528880e+003  8.6400000e+002
  1.7537640e+003  8.7600000e+002
  1.7546120e+003  8.4800000e+002
  1.7554720e+003  8.6000000e+002
  1.7563160e+003  8.4400000e+002
  1.7571640e+003  8.4800000e+002
  1.7580160e+003  8.5200000e+002
  1.7588600e+003  8.4400000e+002
  1.7597080e+003  8.4800000e+002
  1.7605520e+003  8.4400000e+002
  1.7611720e+003  6.2000000e+002
  1.7622360e+003  1.0640000e+003
  1.7631000e+003  8.6400000e+002
  1.7639400e+003  8.4000000e+002
  1.7648000e+003  8.6000000e+002
  1.7656480e+003  8.4800000e+002
  1.7665000e+003  8.5200000e+002
  1.7673400e+003  8.4000000e+002
  1.7681800e+003  8.4000000e+002
  1.7690320e+003  8.5200000e+002
  1.7698680e+003  8.3600000e+002
  1.7707200e+003  8.5200000e+002
  1.7715640e+003  8.4400000e+002
  1.7724080e+003  8.4400000e+002
  1.7732480e+003  8.4000000e+002
  1.7740840e+003  8.3600000e+002
  1.7749400e+003  8.5600000e+002
  1.7757760e+003  8.3600000e+002
  1.7766200e+003  8.4400000e+002
  1.7774680e+003  8.4800000e+002
  1.7783080e+003  8.4000000e+002
  1.7791560e+003  8.4800000e+002
  1.7799960e+003  8.4000000e+002
  1.7808360e+003  8.4000000e+002
  1.7815680e+003  7.3200000e+002
  1.7825000e+003  9.3200000e+002
  1.7833840e+003  8.8400000e+002
  1.7842200e+003  8.3600000e+002
  1.7850720e+003  8.5200000e+002
  1.7859160e+003  8.4400000e+002
  1.7867640e+003  8.4800000e+002
  1.7876080e+003  8.4400000e+002
  1.7884480e+003  8.4000000e+002
  1.7892960e+003  8.4800000e+002
  1.7901400e+003  8.4400000e+002
  1.7909720e+003  8.3200000e+002
  1.7918200e+003  8.4800000e+002
  1.7926640e+003  8.4400000e+002
  1.7935040e+003  8.4000000e+002
  1.7943400e+003  8.3600000e+002
  1.7951680e+003  8.2800000e+002
  1.7960080e+003  8.4000000e+002
  1.7968480e+003  8.4000000e+002
  1.7976800e+003  8.3200000e+002
