  1.6560000e+000  8.4000000e+002
  2.2920000e+000  6.3600000e+002
  3.0240000e+000  7.3200000e+002
  3.6400000e+000  6.1600000e+002
  4.2240000e+000  5.8400000e+002
  4.9640000e+000  7.4000000e+002
  5.6600000e+000  6.9600000e+002
  6.3960000e+000  7.3600000e+002
  6.9200000e+000  5.2400000e+002
  7.7760000e+000  8.5600000e+002
  8.5800000e+000  8.0400000e+002
  9.1560000e+000  5.7600000e+002
  9.7960000e+000  6.4000000e+002
  1.0444000e+001  6.4800000e+002
  1.1132000e+001  6.8800000e+002
  1.1804000e+001  6.7200000e+002
  1.2432000e+001  6.2800000e+002
  1.3144000e+001  7.1200000e+002
  1.3780000e+001  6.3600000e+002
  1.4624000e+001  8.4400000e+002
  1.5272000e+001  6.4800000e+002
  1.5864000e+001  5.9200000e+002
  1.6512000e+001  6.4800000e+002
  1.7356000e+001  8.4400000e+002
  1.7948000e+001  5.9200000e+002
  1.8612000e+001  6.6400000e+002
  1.9448000e+001  8.3600000e+002
  2.0228000e+001  7.8000000e+002
  2.0820000e+001  5.9200000e+002
  2.1708000e+001  8.8800000e+002
  2.2472000e+001  7.6400000e+002
  2.3376000e+001  9.0400000e+002
  2.3944000e+001  5.6800000e+002
  2.4500000e+001  5.5600000e+002
  2.5332000e+001  8.3200000e+002
  2.6020000e+001  6.8800000e+002
  2.6592000e+001  5.7200000e+002
  2.7260000e+001  6.6800000e+002
  2.7972000e+001  7.1200000e+002
  2.8864000e+001  8.9200000e+002
  2.9596000e+001  7.3200000e+002
  3.0260000e+001  6.6400000e+002
  3.1200000e+001  9.4000000e+002
  3.1972000e+001  7.7200000e+002
  3.2504000e+001  5.3200000e+002
  3.3272000e+001  7.6800000e+002
  3.3920000e+001  6.4800000e+002
  3.4708000e+001  7.8800000e+002
  3.5288000e+001  5.8000000e+002
  3.6036000e+001  7.4800000e+002
  3.6784000e+001  7.4800000e+002
  3.7380000e+001  5.9600000e+002
  3.7984000e+001  6.0400000e+002
  3.9028000e+001  1.0440000e+003
  3.9784000e+001  7.5600000e+002
  4.0540000e+001  7.5600000e+002
  4.1192000e+001  6.5200000e+002
  4.1912000e+001  7.2000000e+002
  4.2692000e+001  7.8000000e+002
  4.3400000e+001  7.0800000e+002
  4.4112000e+001  7.1200000e+002
  4.4660000e+001  5.4800000e+002
  4.5360000e+001  7.0000000e+002
  4.6200000e+001  8.4000000e+002
  4.6824000e+001  6.2400000e+002
  4.7504000e+001  6.8000000e+002
  4.8040000e+001  5.3600000e+002
  4.8612000e+001  5.7200000e+002
  4.9328000e+001  7.1600000e+002
  5.0212000e+001  8.8400000e+002
  5.0972000e+001  7.6000000e+002
  5.1556000e+001  5.8400000e+002
  5.2164000e+001  6.0800000e+002
  5.2788000e+001  6.2400000e+002
  5.3512000e+001  7.2400000e+002
  5.4448000e+001  9.3600000e+002
  5.5156000e+001  7.0800000e+002
  5.5644000e+001  4.8800000e+002
  5.6224000e+001  5.8000000e+002
  5.7064000e+001  8.4000000e+002
  5.7736000e+001  6.7200000e+002
  5.8380000e+001  6.4400000e+002
  5.9092000e+001  7.1200000e+002
  5.9764000e+001  6.7200000e+002
  6.0532000e+001  7.6800000e+002
  6.1288000e+001  7.5600000e+002
  6.2076000e+001  7.8800000e+002
  6.2728000e+001  6.5200000e+002
  6.3476000e+001  7.4800000e+002
  6.4108000e+001  6.3200000e+002
  6.4896000e+001  7.8800000e+002
  6.5636000e+001  7.4000000e+002
  6.6644000e+001  1.0080000e+003
  6.7424000e+001  7.8000000e+002
  6.8144000e+001  7.2000000e+002
  6.8752000e+001  6.0800000e+002
  6.9896000e+001  1.1440000e+003
  7.0856000e+001  9.6000000e+002
  7.1500000e+001  6.4400000e+002
  7.2132000e+001  6.3200000e+002
  7.2672000e+001  5.4000000e+002
  7.3512000e+001  8.4000000e+002
  7.4148000e+001  6.3600000e+002
  7.4744000e+001  5.9600000e+002
  7.5480000e+001  7.3600000e+002
  7.6060000e+001  5.8000000e+002
  7.6872000e+001  8.1200000e+002
  7.7612000e+001  7.4000000e+002
  7.8216000e+001  6.0400000e+002
  7.9116000e+001  9.0000000e+002
  7.9924000e+001  8.0800000e+002
  8.0724000e+001  8.0000000e+002
  8.1268000e+001  5.4400000e+002
  8.1724000e+001  4.5600000e+002
  8.2360000e+001  6.3600000e+002
  8.3136000e+001  7.7600000e+002
  8.3948000e+001  8.1200000e+002
  8.4672000e+001  7.2400000e+002
  8.5424000e+001  7.5200000e+002
  8.6368000e+001  9.4400000e+002
  8.7064000e+001  6.9600000e+002
  8.7820000e+001  7.5600000e+002
  8.8768000e+001  9.4800000e+002
  8.9556000e+001  7.8800000e+002
  9.0404000e+001  8.4800000e+002
  9.1032000e+001  6.2800000e+002
  9.1756000e+001  7.2400000e+002
  9.2428000e+001  6.7200000e+002
  9.3244000e+001  8.1600000e+002
  9.3740000e+001  4.9600000e+002
  9.4468000e+001  7.2800000e+002
  9.5348000e+001  8.8000000e+002
  9.6196000e+001  8.4800000e+002
  9.6796000e+001  6.0000000e+002
  9.7472000e+001  6.7600000e+002
  9.8200000e+001  7.2800000e+002
  9.8836000e+001  6.3600000e+002
  9.9528000e+001  6.9200000e+002
  1.0008800e+002  5.6000000e+002
  1.0068800e+002  6.0000000e+002
  1.0149200e+002  8.0400000e+002
  1.0218800e+002  6.9600000e+002
  1.0289200e+002  7.0400000e+002
  1.0359600e+002  7.0400000e+002
  1.0436800e+002  7.7200000e+002
  1.0504000e+002  6.7200000e+002
  1.0583200e+002  7.9200000e+002
  1.0657200e+002  7.4000000e+002
  1.0762400e+002  1.0520000e+003
  1.0835200e+002  7.2800000e+002
  1.0894400e+002  5.9200000e+002
  1.0959200e+002  6.4800000e+002
  1.1032400e+002  7.3200000e+002
  1.1100000e+002  6.7600000e+002
  1.1169600e+002  6.9600000e+002
  1.1240400e+002  7.0800000e+002
  1.1308400e+002  6.8000000e+002
  1.1363200e+002  5.4800000e+002
  1.1426000e+002  6.2800000e+002
  1.1513600e+002  8.7600000e+002
  1.1585200e+002  7.1600000e+002
  1.1660000e+002  7.4800000e+002
  1.1718800e+002  5.8800000e+002
  1.1788000e+002  6.9200000e+002
  1.1880000e+002  9.2000000e+002
  1.1944800e+002  6.4800000e+002
  1.1998400e+002  5.3600000e+002
  1.2067600e+002  6.9200000e+002
  1.2144800e+002  7.7200000e+002
  1.2200800e+002  5.6000000e+002
  1.2264800e+002  6.4000000e+002
  1.2350800e+002  8.6000000e+002
  1.2423200e+002  7.2400000e+002
  1.2491600e+002  6.8400000e+002
  1.2554800e+002  6.3200000e+002
  1.2607200e+002  5.2400000e+002
  1.2664800e+002  5.7600000e+002
  1.2732000e+002  6.7200000e+002
  1.2815600e+002  8.3600000e+002
  1.2884800e+002  6.9200000e+002
  1.2946800e+002  6.2000000e+002
  1.3003200e+002  5.6400000e+002
  1.3056800e+002  5.3600000e+002
  1.3120400e+002  6.3600000e+002
  1.3176000e+002  5.5600000e+002
  1.3240800e+002  6.4800000e+002
  1.3329600e+002  8.8800000e+002
  1.3386800e+002  5.7200000e+002
  1.3450000e+002  6.3200000e+002
  1.3541200e+002  9.1200000e+002
  1.3604800e+002  6.3600000e+002
  1.3667200e+002  6.2400000e+002
  1.3728000e+002  6.0800000e+002
  1.3800800e+002  7.2800000e+002
  1.3875200e+002  7.4400000e+002
  1.3940000e+002  6.4800000e+002
  1.4008000e+002  6.8000000e+002
  1.4090800e+002  8.2800000e+002
  1.4164800e+002  7.4000000e+002
  1.4226400e+002  6.1600000e+002
  1.4276400e+002  5.0000000e+002
  1.4348400e+002  7.2000000e+002
  1.4442000e+002  9.3600000e+002
  1.4495200e+002  5.3200000e+002
  1.4553200e+002  5.8000000e+002
  1.4615600e+002  6.2400000e+002
  1.4683600e+002  6.8000000e+002
  1.4760000e+002  7.6400000e+002
  1.4816800e+002  5.6800000e+002
  1.4876800e+002  6.0000000e+002
  1.4959200e+002  8.2400000e+002
  1.5030400e+002  7.1200000e+002
  1.5100400e+002  7.0000000e+002
  1.5160400e+002  6.0000000e+002
  1.5220400e+002  6.0000000e+002
  1.5290800e+002  7.0400000e+002
  1.5363600e+002  7.2800000e+002
  1.5447200e+002  8.3600000e+002
  1.5511600e+002  6.4400000e+002
  1.5566800e+002  5.5200000e+002
  1.5629600e+002  6.2800000e+002
  1.5698400e+002  6.8800000e+002
  1.5756800e+002  5.8400000e+002
  1.5825600e+002  6.8800000e+002
  1.5895200e+002  6.9600000e+002
  1.5962400e+002  6.7200000e+002
  1.6046000e+002  8.3600000e+002
  1.6103200e+002  5.7200000e+002
  1.6176800e+002  7.3600000e+002
  1.6248400e+002  7.1600000e+002
  1.6306000e+002  5.7600000e+002
  1.6384000e+002  7.8000000e+002
  1.6438400e+002  5.4400000e+002
  1.6501600e+002  6.3200000e+002
  1.6574400e+002  7.2800000e+002
  1.6635200e+002  6.0800000e+002
  1.6697200e+002  6.2000000e+002
  1.6756800e+002  5.9600000e+002
  1.6816400e+002  5.9600000e+002
  1.6871200e+002  5.4800000e+002
  1.6936000e+002  6.4800000e+002
  1.6998800e+002  6.2800000e+002
  1.7065600e+002  6.6800000e+002
  1.7141600e+002  7.6000000e+002
  1.7220400e+002  7.8800000e+002
  1.7292000e+002  7.1600000e+002
  1.7364000e+002  7.2000000e+002
  1.7440000e+002  7.6000000e+002
  1.7542000e+002  1.0200000e+003
  1.7622400e+002  8.0400000e+002
  1.7704000e+002  8.1600000e+002
  1.7776800e+002  7.2800000e+002
  1.7854000e+002  7.7200000e+002
  1.7937200e+002  8.3200000e+002
  1.8002000e+002  6.4800000e+002
  1.8081200e+002  7.9200000e+002
  1.8141200e+002  6.0000000e+002
  1.8205200e+002  6.4000000e+002
  1.8279600e+002  7.4400000e+002
  1.8357600e+002  7.8000000e+002
  1.8427200e+002  6.9600000e+002
  1.8505600e+002  7.8400000e+002
  1.8588000e+002  8.2400000e+002
  1.8653600e+002  6.5600000e+002
  1.8744800e+002  9.1200000e+002
  1.8822400e+002  7.7600000e+002
  1.8880000e+002  5.7600000e+002
  1.8958400e+002  7.8400000e+002
  1.9032800e+002  7.4400000e+002
  1.9115200e+002  8.2400000e+002
  1.9188800e+002  7.3600000e+002
  1.9246400e+002  5.7600000e+002
  1.9334800e+002  8.8400000e+002
  1.9391200e+002  5.6400000e+002
  1.9441600e+002  5.0400000e+002
  1.9510000e+002  6.8400000e+002
  1.9578800e+002  6.8800000e+002
  1.9651200e+002  7.2400000e+002
  1.9726000e+002  7.4800000e+002
  1.9782400e+002  5.6400000e+002
  1.9839600e+002  5.7200000e+002
  1.9893600e+002  5.4000000e+002
  1.9950400e+002  5.6800000e+002
  2.0008400e+002  5.8000000e+002
  2.0080800e+002  7.2400000e+002
  2.0148000e+002  6.7200000e+002
  2.0224800e+002  7.6800000e+002
  2.0296800e+002  7.2000000e+002
  2.0372800e+002  7.6000000e+002
  2.0438400e+002  6.5600000e+002
  2.0494000e+002  5.5600000e+002
  2.0549600e+002  5.5600000e+002
  2.0654400e+002  1.0480000e+003
  2.0722800e+002  6.8400000e+002
  2.0800400e+002  7.7600000e+002
  2.0881600e+002  8.1200000e+002
  2.0930000e+002  4.8400000e+002
  2.1016800e+002  8.6800000e+002
  2.1098800e+002  8.2000000e+002
  2.1173200e+002  7.4400000e+002
  2.1233200e+002  6.0000000e+002
  2.1287600e+002  5.4400000e+002
  2.1350800e+002  6.3200000e+002
  2.1411200e+002  6.0400000e+002
  2.1487200e+002  7.6000000e+002
  2.1581600e+002  9.4400000e+002
  2.1662000e+002  8.0400000e+002
  2.1719200e+002  5.7200000e+002
  2.1792000e+002  7.2800000e+002
  2.1861200e+002  6.9200000e+002
  2.1928800e+002  6.7600000e+002
  2.1990000e+002  6.1200000e+002
  2.2055200e+002  6.5200000e+002
  2.2092800e+002  3.7600000e+002
  2.2154000e+002  6.1200000e+002
  2.2217200e+002  6.3200000e+002
  2.2273600e+002  5.6400000e+002
  2.2365200e+002  9.1600000e+002
  2.2437600e+002  7.2400000e+002
  2.2502800e+002  6.5200000e+002
  2.2576000e+002  7.3200000e+002
  2.2653200e+002  7.7200000e+002
  2.2719600e+002  6.6400000e+002
  2.2771600e+002  5.2000000e+002
  2.2859600e+002  8.8000000e+002
  2.2931600e+002  7.2000000e+002
  2.3010000e+002  7.8400000e+002
  2.3076000e+002  6.6000000e+002
  2.3140800e+002  6.4800000e+002
  2.3209200e+002  6.8400000e+002
  2.3291600e+002  8.2400000e+002
  2.3351200e+002  5.9600000e+002
  2.3408400e+002  5.7200000e+002
  2.3468800e+002  6.0400000e+002
  2.3550800e+002  8.2000000e+002
  2.3639200e+002  8.8400000e+002
  2.3713600e+002  7.4400000e+002
  2.3786800e+002  7.3200000e+002
  2.3864800e+002  7.8000000e+002
  2.3943600e+002  7.8800000e+002
  2.4004800e+002  6.1200000e+002
  2.4085600e+002  8.0800000e+002
  2.4142800e+002  5.7200000e+002
  2.4204400e+002  6.1600000e+002
  2.4266400e+002  6.2000000e+002
  2.4338000e+002  7.1600000e+002
  2.4416000e+002  7.8000000e+002
  2.4472800e+002  5.6800000e+002
  2.4542000e+002  6.9200000e+002
  2.4614000e+002  7.2000000e+002
  2.4675200e+002  6.1200000e+002
  2.4732800e+002  5.7600000e+002
  2.4801200e+002  6.8400000e+002
  2.4891200e+002  9.0000000e+002
  2.4959200e+002  6.8000000e+002
  2.5030800e+002  7.1600000e+002
  2.5105200e+002  7.4400000e+002
  2.5182400e+002  7.7200000e+002
  2.5250400e+002  6.8000000e+002
  2.5314800e+002  6.4400000e+002
  2.5379200e+002  6.4400000e+002
  2.5440800e+002  6.1600000e+002
  2.5524800e+002  8.4000000e+002
  2.5577200e+002  5.2400000e+002
  2.5638400e+002  6.1200000e+002
  2.5694000e+002  5.5600000e+002
  2.5764000e+002  7.0000000e+002
  2.5827200e+002  6.3200000e+002
  2.5898400e+002  7.1200000e+002
  2.5958400e+002  6.0000000e+002
  2.6046800e+002  8.8400000e+002
  2.6110800e+002  6.4000000e+002
  2.6184000e+002  7.3200000e+002
  2.6260400e+002  7.6400000e+002
  2.6329200e+002  6.8800000e+002
  2.6405200e+002  7.6000000e+002
  2.6479200e+002  7.4000000e+002
  2.6570000e+002  9.0800000e+002
  2.6649600e+002  7.9600000e+002
  2.6719600e+002  7.0000000e+002
  2.6782000e+002  6.2400000e+002
  2.6836000e+002  5.4000000e+002
  2.6908400e+002  7.2400000e+002
  2.6977200e+002  6.8800000e+002
  2.7036400e+002  5.9200000e+002
  2.7127200e+002  9.0800000e+002
  2.7201600e+002  7.4400000e+002
  2.7265600e+002  6.4000000e+002
  2.7319200e+002  5.3600000e+002
  2.7374800e+002  5.5600000e+002
  2.7443200e+002  6.8400000e+002
  2.7527200e+002  8.4000000e+002
  2.7611200e+002  8.4000000e+002
  2.7684800e+002  7.3600000e+002
  2.7743200e+002  5.8400000e+002
  2.7797200e+002  5.4000000e+002
  2.7853200e+002  5.6000000e+002
  2.7926800e+002  7.3600000e+002
  2.7997200e+002  7.0400000e+002
  2.8090800e+002  9.3600000e+002
  2.8188000e+002  9.7200000e+002
  2.8255600e+002  6.7600000e+002
  2.8338000e+002  8.2400000e+002
  2.8412000e+002  7.4000000e+002
  2.8481200e+002  6.9200000e+002
  2.8548000e+002  6.6800000e+002
  2.8621200e+002  7.3200000e+002
  2.8688000e+002  6.6800000e+002
  2.8739600e+002  5.1600000e+002
  2.8798800e+002  5.9200000e+002
  2.8863600e+002  6.4800000e+002
  2.8918400e+002  5.4800000e+002
  2.8993600e+002  7.5200000e+002
  2.9057600e+002  6.4000000e+002
  2.9140800e+002  8.3200000e+002
  2.9204000e+002  6.3200000e+002
  2.9280800e+002  7.6800000e+002
  2.9369600e+002  8.8800000e+002
  2.9439600e+002  7.0000000e+002
  2.9500000e+002  6.0400000e+002
  2.9562800e+002  6.2800000e+002
  2.9647200e+002  8.4400000e+002
  2.9718000e+002  7.0800000e+002
  2.9811200e+002  9.3200000e+002
  2.9884800e+002  7.3600000e+002
  2.9964000e+002  7.9200000e+002
  3.0033200e+002  6.9200000e+002
  3.0088000e+002  5.4800000e+002
  3.0142400e+002  5.4400000e+002
  3.0198400e+002  5.6000000e+002
  3.0268800e+002  7.0400000e+002
  3.0341200e+002  7.2400000e+002
  3.0407600e+002  6.6400000e+002
  3.0482400e+002  7.4800000e+002
  3.0550400e+002  6.8000000e+002
  3.0628800e+002  7.8400000e+002
  3.0686400e+002  5.7600000e+002
  3.0744400e+002  5.8000000e+002
  3.0828000e+002  8.3600000e+002
  3.0890400e+002  6.2400000e+002
  3.0953200e+002  6.2800000e+002
  3.1010800e+002  5.7600000e+002
  3.1072800e+002  6.2000000e+002
  3.1154000e+002  8.1200000e+002
  3.1228800e+002  7.4800000e+002
  3.1289200e+002  6.0400000e+002
  3.1371200e+002  8.2000000e+002
  3.1440000e+002  6.8800000e+002
  3.1514800e+002  7.4800000e+002
  3.1568400e+002  5.3600000e+002
  3.1632400e+002  6.4000000e+002
  3.1719200e+002  8.6800000e+002
  3.1784400e+002  6.5200000e+002
  3.1853600e+002  6.9200000e+002
  3.1915200e+002  6.1600000e+002
  3.1977200e+002  6.2000000e+002
  3.2032400e+002  5.5200000e+002
  3.2089600e+002  5.7200000e+002
  3.2160800e+002  7.1200000e+002
  3.2210000e+002  4.9200000e+002
  3.2276800e+002  6.6800000e+002
  3.2330000e+002  5.3200000e+002
  3.2420800e+002  9.0800000e+002
  3.2485200e+002  6.4400000e+002
  3.2556000e+002  7.0800000e+002
  3.2628000e+002  7.2000000e+002
  3.2709200e+002  8.1200000e+002
  3.2814400e+002  1.0520000e+003
  3.2871600e+002  5.7200000e+002
  3.2935200e+002  6.3600000e+002
  3.3015200e+002  8.0000000e+002
  3.3067200e+002  5.2000000e+002
  3.3134400e+002  6.7200000e+002
  3.3212800e+002  7.8400000e+002
  3.3283600e+002  7.0800000e+002
  3.3358400e+002  7.4800000e+002
  3.3455200e+002  9.6800000e+002
  3.3562000e+002  1.0680000e+003
  3.3627600e+002  6.5600000e+002
  3.3695600e+002  6.8000000e+002
  3.3777200e+002  8.1600000e+002
  3.3840000e+002  6.2800000e+002
  3.3917600e+002  7.7600000e+002
  3.4004800e+002  8.7200000e+002
  3.4078000e+002  7.3200000e+002
  3.4137200e+002  5.9200000e+002
  3.4202400e+002  6.5200000e+002
  3.4265600e+002  6.3200000e+002
  3.4320800e+002  5.5200000e+002
  3.4384800e+002  6.4000000e+002
  3.4464400e+002  7.9600000e+002
  3.4521200e+002  5.6800000e+002
  3.4574400e+002  5.3200000e+002
  3.4637200e+002  6.2800000e+002
  3.4724000e+002  8.6800000e+002
  3.4790000e+002  6.6000000e+002
  3.4850400e+002  6.0400000e+002
  3.4911200e+002  6.0800000e+002
  3.4972400e+002  6.1200000e+002
  3.5029200e+002  5.6800000e+002
  3.5089200e+002  6.0000000e+002
  3.5145200e+002  5.6000000e+002
  3.5200800e+002  5.5600000e+002
  3.5267200e+002  6.6400000e+002
  3.5344000e+002  7.6800000e+002
  3.5418000e+002  7.4000000e+002
  3.5487600e+002  6.9600000e+002
  3.5560400e+002  7.2800000e+002
  3.5618000e+002  5.7600000e+002
  3.5687200e+002  6.9200000e+002
  3.5755600e+002  6.8400000e+002
  3.5813600e+002  5.8000000e+002
  3.5891200e+002  7.7600000e+002
  3.5979600e+002  8.8400000e+002
  3.6054000e+002  7.4400000e+002
  3.6130800e+002  7.6800000e+002
  3.6204000e+002  7.3200000e+002
  3.6256800e+002  5.2800000e+002
  3.6316800e+002  6.0000000e+002
  3.6376800e+002  6.0000000e+002
  3.6475200e+002  9.8400000e+002
  3.6552000e+002  7.6800000e+002
  3.6624000e+002  7.2000000e+002
  3.6700400e+002  7.6400000e+002
  3.6772800e+002  7.2400000e+002
  3.6850800e+002  7.8000000e+002
  3.6929600e+002  7.8800000e+002
  3.6992800e+002  6.3200000e+002
  3.7050000e+002  5.7200000e+002
  3.7110800e+002  6.0800000e+002
  3.7178000e+002  6.7200000e+002
  3.7245200e+002  6.7200000e+002
  3.7312800e+002  6.7600000e+002
  3.7400400e+002  8.7600000e+002
  3.7477200e+002  7.6800000e+002
  3.7531200e+002  5.4000000e+002
  3.7591200e+002  6.0000000e+002
  3.7670000e+002  7.8800000e+002
  3.7731200e+002  6.1200000e+002
  3.7812400e+002  8.1200000e+002
  3.7890800e+002  7.8400000e+002
  3.7952000e+002  6.1200000e+002
  3.8050800e+002  9.8800000e+002
  3.8116000e+002  6.5200000e+002
  3.8182000e+002  6.6000000e+002
  3.8241200e+002  5.9200000e+002
  3.8299200e+002  5.8000000e+002
  3.8356400e+002  5.7200000e+002
  3.8431200e+002  7.4800000e+002
  3.8506400e+002  7.5200000e+002
  3.8591600e+002  8.5200000e+002
  3.8649200e+002  5.7600000e+002
  3.8738400e+002  8.9200000e+002
  3.8814800e+002  7.6400000e+002
  3.8871200e+002  5.6400000e+002
  3.8959600e+002  8.8400000e+002
  3.9030000e+002  7.0400000e+002
  3.9112400e+002  8.2400000e+002
  3.9187200e+002  7.4800000e+002
  3.9245600e+002  5.8400000e+002
  3.9336400e+002  9.0800000e+002
  3.9397200e+002  6.0800000e+002
  3.9488400e+002  9.1200000e+002
  3.9544800e+002  5.6400000e+002
  3.9614800e+002  7.0000000e+002
  3.9685600e+002  7.0800000e+002
  3.9759200e+002  7.3600000e+002
  3.9840800e+002  8.1600000e+002
  3.9919600e+002  7.8800000e+002
  3.9982400e+002  6.2800000e+002
  4.0081200e+002  9.8800000e+002
  4.0186800e+002  1.0560000e+003
  4.0259600e+002  7.2800000e+002
  4.0324800e+002  6.5200000e+002
  4.0402800e+002  7.8000000e+002
  4.0492800e+002  9.0000000e+002
  4.0575200e+002  8.2400000e+002
  4.0638000e+002  6.2800000e+002
  4.0722400e+002  8.4400000e+002
  4.0786400e+002  6.4000000e+002
  4.0834000e+002  4.7600000e+002
  4.0916000e+002  8.2000000e+002
  4.0980800e+002  6.4800000e+002
  4.1060800e+002  8.0000000e+002
  4.1127600e+002  6.6800000e+002
  4.1194000e+002  6.6400000e+002
  4.1252000e+002  5.8000000e+002
  4.1337600e+002  8.5600000e+002
  4.1401200e+002  6.3600000e+002
  4.1495600e+002  9.4400000e+002
  4.1547200e+002  5.1600000e+002
  4.1627600e+002  8.0400000e+002
  4.1688400e+002  6.0800000e+002
  4.1746800e+002  5.8400000e+002
  4.1795600e+002  4.8800000e+002
  4.1876800e+002  8.1200000e+002
  4.1941600e+002  6.4800000e+002
  4.2008800e+002  6.7200000e+002
  4.2065600e+002  5.6800000e+002
  4.2138400e+002  7.2800000e+002
  4.2187200e+002  4.8800000e+002
  4.2262000e+002  7.4800000e+002
  4.2315600e+002  5.3600000e+002
  4.2389200e+002  7.3600000e+002
  4.2449200e+002  6.0000000e+002
  4.2512800e+002  6.3600000e+002
  4.2578800e+002  6.6000000e+002
  4.2634400e+002  5.5600000e+002
  4.2689600e+002  5.5200000e+002
  4.2746000e+002  5.6400000e+002
  4.2831600e+002  8.5600000e+002
  4.2898800e+002  6.7200000e+002
  4.2979200e+002  8.0400000e+002
  4.3044000e+002  6.4800000e+002
  4.3114800e+002  7.0800000e+002
  4.3176400e+002  6.1600000e+002
  4.3276800e+002  1.0040000e+003
  4.3325200e+002  4.8400000e+002
  4.3393600e+002  6.8400000e+002
  4.3449600e+002  5.6000000e+002
  4.3523200e+002  7.3600000e+002
  4.3593600e+002  7.0400000e+002
  4.3659200e+002  6.5600000e+002
  4.3752800e+002  9.3600000e+002
  4.3820400e+002  6.7600000e+002
  4.3885200e+002  6.4800000e+002
  4.3961600e+002  7.6400000e+002
  4.4045200e+002  8.3600000e+002
  4.4108000e+002  6.2800000e+002
  4.4166400e+002  5.8400000e+002
  4.4238800e+002  7.2400000e+002
  4.4301200e+002  6.2400000e+002
  4.4362400e+002  6.1200000e+002
  4.4420000e+002  5.7600000e+002
  4.4480800e+002  6.0800000e+002
  4.4550400e+002  6.9600000e+002
  4.4642800e+002  9.2400000e+002
  4.4700800e+002  5.8000000e+002
  4.4757600e+002  5.6800000e+002
  4.4821200e+002  6.3600000e+002
  4.4891600e+002  7.0400000e+002
  4.4954800e+002  6.3200000e+002
  4.5007600e+002  5.2800000e+002
  4.5093200e+002  8.5600000e+002
  4.5158000e+002  6.4800000e+002
  4.5223200e+002  6.5200000e+002
  4.5299600e+002  7.6400000e+002
  4.5369600e+002  7.0000000e+002
  4.5442800e+002  7.3200000e+002
  4.5508000e+002  6.5200000e+002
  4.5563600e+002  5.5600000e+002
  4.5643200e+002  7.9600000e+002
  4.5714000e+002  7.0800000e+002
  4.5790000e+002  7.6000000e+002
  4.5847600e+002  5.7600000e+002
  4.5908000e+002  6.0400000e+002
  4.5959600e+002  5.1600000e+002
  4.6033600e+002  7.4000000e+002
  4.6100800e+002  6.7200000e+002
  4.6169600e+002  6.8800000e+002
  4.6230800e+002  6.1200000e+002
  4.6306800e+002  7.6000000e+002
  4.6388800e+002  8.2000000e+002
  4.6462000e+002  7.3200000e+002
  4.6524800e+002  6.2800000e+002
  4.6588000e+002  6.3200000e+002
  4.6648800e+002  6.0800000e+002
  4.6725600e+002  7.6800000e+002
  4.6780800e+002  5.5200000e+002
  4.6858000e+002  7.7200000e+002
  4.6942400e+002  8.4400000e+002
  4.7004000e+002  6.1600000e+002
  4.7056800e+002  5.2800000e+002
  4.7126000e+002  6.9200000e+002
  4.7185200e+002  5.9200000e+002
  4.7264800e+002  7.9600000e+002
  4.7333200e+002  6.8400000e+002
  4.7400800e+002  6.7600000e+002
  4.7455600e+002  5.4800000e+002
  4.7545600e+002  9.0000000e+002
  4.7606000e+002  6.0400000e+002
  4.7666400e+002  6.0400000e+002
  4.7729200e+002  6.2800000e+002
  4.7803200e+002  7.4000000e+002
  4.7868000e+002  6.4800000e+002
  4.7928400e+002  6.0400000e+002
  4.7983600e+002  5.5200000e+002
  4.8041600e+002  5.8000000e+002
  4.8144400e+002  1.0280000e+003
  4.8215600e+002  7.1200000e+002
  4.8285600e+002  7.0000000e+002
  4.8355600e+002  7.0000000e+002
  4.8418800e+002  6.3200000e+002
  4.8480000e+002  6.1200000e+002
  4.8561200e+002  8.1200000e+002
  4.8624800e+002  6.3600000e+002
  4.8702400e+002  7.7600000e+002
  4.8772400e+002  7.0000000e+002
  4.8858400e+002  8.6000000e+002
  4.8920400e+002  6.2000000e+002
  4.8986000e+002  6.5600000e+002
  4.9056400e+002  7.0400000e+002
  4.9125200e+002  6.8800000e+002
  4.9196800e+002  7.1600000e+002
  4.9263600e+002  6.6800000e+002
  4.9334000e+002  7.0400000e+002
  4.9420000e+002  8.6000000e+002
  4.9489600e+002  6.9600000e+002
  4.9556400e+002  6.6800000e+002
  4.9614400e+002  5.8000000e+002
  4.9672000e+002  5.7600000e+002
  4.9749200e+002  7.7200000e+002
  4.9817600e+002  6.8400000e+002
  4.9916800e+002  9.9200000e+002
  4.9973200e+002  5.6400000e+002
  5.0043200e+002  7.0000000e+002
  5.0106400e+002  6.3200000e+002
  5.0184000e+002  7.7600000e+002
  5.0239200e+002  5.5200000e+002
  5.0298400e+002  5.9200000e+002
  5.0362000e+002  6.3600000e+002
  5.0424800e+002  6.2800000e+002
  5.0479600e+002  5.4800000e+002
  5.0562800e+002  8.3200000e+002
  5.0658800e+002  9.6000000e+002
  5.0731200e+002  7.2400000e+002
  5.0795200e+002  6.4000000e+002
  5.0883600e+002  8.8400000e+002
  5.0946800e+002  6.3200000e+002
  5.1025600e+002  7.8800000e+002
  5.1100000e+002  7.4400000e+002
  5.1156400e+002  5.6400000e+002
  5.1235200e+002  7.8800000e+002
  5.1309600e+002  7.4400000e+002
  5.1375600e+002  6.6000000e+002
  5.1442400e+002  6.6800000e+002
  5.1508800e+002  6.6400000e+002
  5.1560000e+002  5.1200000e+002
  5.1638400e+002  7.8400000e+002
  5.1712000e+002  7.3600000e+002
  5.1784400e+002  7.2400000e+002
  5.1835200e+002  5.0800000e+002
  5.1910800e+002  7.5600000e+002
  5.2013600e+002  1.0280000e+003
  5.2077600e+002  6.4000000e+002
  5.2137200e+002  5.9600000e+002
  5.2213200e+002  7.6000000e+002
  5.2287600e+002  7.4400000e+002
  5.2394000e+002  1.0640000e+003
  5.2449600e+002  5.5600000e+002
  5.2508400e+002  5.8800000e+002
  5.2557200e+002  4.8800000e+002
  5.2610000e+002  5.2800000e+002
  5.2687200e+002  7.7200000e+002
  5.2745200e+002  5.8000000e+002
  5.2826800e+002  8.1600000e+002
  5.2880800e+002  5.4000000e+002
  5.2960800e+002  8.0000000e+002
  5.3039600e+002  7.8800000e+002
  5.3110400e+002  7.0800000e+002
  5.3178400e+002  6.8000000e+002
  5.3240000e+002  6.1600000e+002
  5.3313600e+002  7.3600000e+002
  5.3367200e+002  5.3600000e+002
  5.3420800e+002  5.3600000e+002
  5.3481200e+002  6.0400000e+002
  5.3551200e+002  7.0000000e+002
  5.3631200e+002  8.0000000e+002
  5.3692400e+002  6.1200000e+002
  5.3762400e+002  7.0000000e+002
  5.3820000e+002  5.7600000e+002
  5.3882000e+002  6.2000000e+002
  5.3938000e+002  5.6000000e+002
  5.4043200e+002  1.0520000e+003
  5.4103600e+002  6.0400000e+002
  5.4179600e+002  7.6000000e+002
  5.4239600e+002  6.0000000e+002
  5.4314400e+002  7.4800000e+002
  5.4394800e+002  8.0400000e+002
  5.4462800e+002  6.8000000e+002
  5.4516800e+002  5.4000000e+002
  5.4600000e+002  8.3200000e+002
  5.4684400e+002  8.4400000e+002
  5.4753600e+002  6.9200000e+002
  5.4828000e+002  7.4400000e+002
  5.4899600e+002  7.1600000e+002
  5.4976400e+002  7.6800000e+002
  5.5045600e+002  6.9200000e+002
  5.5109600e+002  6.4000000e+002
  5.5184400e+002  7.4800000e+002
  5.5274400e+002  9.0000000e+002
  5.5326800e+002  5.2400000e+002
  5.5404800e+002  7.8000000e+002
  5.5469600e+002  6.4800000e+002
  5.5516800e+002  4.7200000e+002
  5.5593200e+002  7.6400000e+002
  5.5675600e+002  8.2400000e+002
  5.5748000e+002  7.2400000e+002
  5.5829200e+002  8.1200000e+002
  5.5886800e+002  5.7600000e+002
  5.5948400e+002  6.1600000e+002
  5.6021600e+002  7.3200000e+002
  5.6086000e+002  6.4400000e+002
  5.6163200e+002  7.7200000e+002
  5.6213600e+002  5.0400000e+002
  5.6272000e+002  5.8400000e+002
  5.6320800e+002  4.8800000e+002
  5.6396400e+002  7.5600000e+002
  5.6460800e+002  6.4400000e+002
  5.6514000e+002  5.3200000e+002
  5.6581600e+002  6.7600000e+002
  5.6633200e+002  5.1600000e+002
  5.6704400e+002  7.1200000e+002
  5.6786400e+002  8.2000000e+002
  5.6868400e+002  8.2000000e+002
  5.6922400e+002  5.4000000e+002
  5.7010800e+002  8.8400000e+002
  5.7079600e+002  6.8800000e+002
  5.7133600e+002  5.4000000e+002
  5.7193600e+002  6.0000000e+002
  5.7262800e+002  6.9200000e+002
  5.7321600e+002  5.8800000e+002
  5.7389600e+002  6.8000000e+002
  5.7450400e+002  6.0800000e+002
  5.7518400e+002  6.8000000e+002
  5.7578800e+002  6.0400000e+002
  5.7646400e+002  6.7600000e+002
  5.7707600e+002  6.1200000e+002
  5.7791200e+002  8.3600000e+002
  5.7862000e+002  7.0800000e+002
  5.7947200e+002  8.5200000e+002
  5.8050400e+002  1.0320000e+003
  5.8119600e+002  6.9200000e+002
  5.8175200e+002  5.5600000e+002
  5.8238000e+002  6.2800000e+002
  5.8294400e+002  5.6400000e+002
  5.8374000e+002  7.9600000e+002
  5.8429600e+002  5.5600000e+002
  5.8511200e+002  8.1600000e+002
  5.8563200e+002  5.2000000e+002
  5.8625600e+002  6.2400000e+002
  5.8686000e+002  6.0400000e+002
  5.8747200e+002  6.1200000e+002
  5.8820400e+002  7.3200000e+002
  5.8887200e+002  6.6800000e+002
  5.8950400e+002  6.3200000e+002
  5.9009600e+002  5.9200000e+002
  5.9068800e+002  5.9200000e+002
  5.9127600e+002  5.8800000e+002
  5.9183600e+002  5.6000000e+002
  5.9249200e+002  6.5600000e+002
  5.9315200e+002  6.6000000e+002
  5.9379600e+002  6.4400000e+002
  5.9450800e+002  7.1200000e+002
  5.9522400e+002  7.1600000e+002
  5.9576400e+002  5.4000000e+002
  5.9642000e+002  6.5600000e+002
  5.9698800e+002  5.6800000e+002
  5.9771600e+002  7.2800000e+002
  5.9899600e+002  1.2800000e+003
  5.9975200e+002  7.5600000e+002
  6.0040400e+002  6.5200000e+002
  6.0089200e+002  4.8800000e+002
  6.0157600e+002  6.8400000e+002
  6.0223200e+002  6.5600000e+002
  6.0287200e+002  6.4000000e+002
  6.0358400e+002  7.1200000e+002
  6.0440800e+002  8.2400000e+002
  6.0507600e+002  6.6800000e+002
  6.0570000e+002  6.2400000e+002
  6.0620400e+002  5.0400000e+002
  6.0690800e+002  7.0400000e+002
  6.0740400e+002  4.9600000e+002
  6.0842800e+002  1.0240000e+003
  6.0916800e+002  7.4000000e+002
  6.0976000e+002  5.9200000e+002
  6.1026800e+002  5.0800000e+002
  6.1092800e+002  6.6000000e+002
  6.1174400e+002  8.1600000e+002
  6.1238400e+002  6.4000000e+002
  6.1304800e+002  6.6400000e+002
  6.1389200e+002  8.4400000e+002
  6.1445200e+002  5.6000000e+002
  6.1534400e+002  8.9200000e+002
  6.1609200e+002  7.4800000e+002
  6.1665200e+002  5.6000000e+002
  6.1742400e+002  7.7200000e+002
  6.1804000e+002  6.1600000e+002
  6.1878800e+002  7.4800000e+002
  6.1950800e+002  7.2000000e+002
  6.2008400e+002  5.7600000e+002
  6.2093600e+002  8.5200000e+002
  6.2158000e+002  6.4400000e+002
  6.2238000e+002  8.0000000e+002
  6.2332400e+002  9.4400000e+002
  6.2398400e+002  6.6000000e+002
  6.2462000e+002  6.3600000e+002
  6.2532000e+002  7.0000000e+002
  6.2585200e+002  5.3200000e+002
  6.2645200e+002  6.0000000e+002
  6.2722400e+002  7.7200000e+002
  6.2787200e+002  6.4800000e+002
  6.2855600e+002  6.8400000e+002
  6.2914000e+002  5.8400000e+002
  6.2974000e+002  6.0000000e+002
  6.3026400e+002  5.2400000e+002
  6.3149200e+002  1.2280000e+003
  6.3215600e+002  6.6400000e+002
  6.3271600e+002  5.6000000e+002
  6.3330400e+002  5.8800000e+002
  6.3389200e+002  5.8800000e+002
  6.3451600e+002  6.2400000e+002
  6.3536800e+002  8.5200000e+002
  6.3620800e+002  8.4000000e+002
  6.3686000e+002  6.5200000e+002
  6.3760800e+002  7.4800000e+002
  6.3817200e+002  5.6400000e+002
  6.3886800e+002  6.9600000e+002
  6.3935600e+002  4.8800000e+002
  6.3997600e+002  6.2000000e+002
  6.4060000e+002  6.2400000e+002
  6.4138400e+002  7.8400000e+002
  6.4220800e+002  8.2400000e+002
  6.4292800e+002  7.2000000e+002
  6.4344400e+002  5.1600000e+002
  6.4409200e+002  6.4800000e+002
  6.4463600e+002  5.4400000e+002
  6.4540800e+002  7.7200000e+002
  6.4601600e+002  6.0800000e+002
  6.4659600e+002  5.8000000e+002
  6.4711200e+002  5.1600000e+002
  6.4778800e+002  6.7600000e+002
  6.4840000e+002  6.1200000e+002
  6.4896800e+002  5.6800000e+002
  6.4971600e+002  7.4800000e+002
  6.5053200e+002  8.1600000e+002
  6.5116000e+002  6.2800000e+002
  6.5185600e+002  6.9600000e+002
  6.5263600e+002  7.8000000e+002
  6.5329200e+002  6.5600000e+002
  6.5396800e+002  6.7600000e+002
  6.5460400e+002  6.3600000e+002
  6.5533600e+002  7.3200000e+002
  6.5604400e+002  7.0800000e+002
  6.5676400e+002  7.2000000e+002
  6.5759200e+002  8.2800000e+002
  6.5828400e+002  6.9200000e+002
  6.5889200e+002  6.0800000e+002
  6.5956000e+002  6.6800000e+002
  6.6044800e+002  8.8800000e+002
  6.6120400e+002  7.5600000e+002
  6.6179200e+002  5.8800000e+002
  6.6233200e+002  5.4000000e+002
  6.6306000e+002  7.2800000e+002
  6.6387600e+002  8.1600000e+002
  6.6446800e+002  5.9200000e+002
  6.6507200e+002  6.0400000e+002
  6.6572800e+002  6.5600000e+002
  6.6652400e+002  7.9600000e+002
  6.6738400e+002  8.6000000e+002
  6.6793200e+002  5.4800000e+002
  6.6848000e+002  5.4800000e+002
  6.6913600e+002  6.5600000e+002
  6.6986800e+002  7.3200000e+002
  6.7061600e+002  7.4800000e+002
  6.7132800e+002  7.1200000e+002
  6.7213200e+002  8.0400000e+002
  6.7283200e+002  7.0000000e+002
  6.7378400e+002  9.5200000e+002
  6.7434800e+002  5.6400000e+002
  6.7494000e+002  5.9200000e+002
  6.7545200e+002  5.1200000e+002
  6.7622400e+002  7.7200000e+002
  6.7672400e+002  5.0000000e+002
  6.7740000e+002  6.7600000e+002
  6.7811600e+002  7.1600000e+002
  6.7855600e+002  4.4000000e+002
  6.7925600e+002  7.0000000e+002
  6.7987200e+002  6.1600000e+002
  6.8047200e+002  6.0000000e+002
  6.8106000e+002  5.8800000e+002
  6.8169200e+002  6.3200000e+002
  6.8232400e+002  6.3200000e+002
  6.8304800e+002  7.2400000e+002
  6.8374000e+002  6.9200000e+002
  6.8424800e+002  5.0800000e+002
  6.8498800e+002  7.4000000e+002
  6.8565600e+002  6.6800000e+002
  6.8646800e+002  8.1200000e+002
  6.8708400e+002  6.1600000e+002
  6.8772800e+002  6.4400000e+002
  6.8837600e+002  6.4800000e+002
  6.8914800e+002  7.7200000e+002
  6.8984400e+002  6.9600000e+002
  6.9059600e+002  7.5200000e+002
  6.9125600e+002  6.6000000e+002
  6.9201200e+002  7.5600000e+002
  6.9261200e+002  6.0000000e+002
  6.9320800e+002  5.9600000e+002
  6.9393200e+002  7.2400000e+002
  6.9466000e+002  7.2800000e+002
  6.9544400e+002  7.8400000e+002
  6.9593200e+002  4.8800000e+002
  6.9691200e+002  9.8000000e+002
  6.9742800e+002  5.1600000e+002
  6.9800000e+002  5.7200000e+002
  6.9848800e+002  4.8800000e+002
  6.9912000e+002  6.3200000e+002
  6.9968800e+002  5.6800000e+002
  7.0025200e+002  5.6400000e+002
  7.0106400e+002  8.1200000e+002
  7.0181600e+002  7.5200000e+002
  7.0255600e+002  7.4000000e+002
  7.0346000e+002  9.0400000e+002
  7.0426400e+002  8.0400000e+002
  7.0496000e+002  6.9600000e+002
  7.0551200e+002  5.5200000e+002
  7.0614400e+002  6.3200000e+002
  7.0681600e+002  6.7200000e+002
  7.0746800e+002  6.5200000e+002
  7.0805600e+002  5.8800000e+002
  7.0878400e+002  7.2800000e+002
  7.0940400e+002  6.2000000e+002
  7.1003600e+002  6.3200000e+002
  7.1064000e+002  6.0400000e+002
  7.1137600e+002  7.3600000e+002
  7.1225200e+002  8.7600000e+002
  7.1297600e+002  7.2400000e+002
  7.1374400e+002  7.6800000e+002
  7.1438800e+002  6.4400000e+002
  7.1497600e+002  5.8800000e+002
  7.1562800e+002  6.5200000e+002
  7.1661600e+002  9.8800000e+002
  7.1728000e+002  6.6400000e+002
  7.1809600e+002  8.1600000e+002
  7.1882400e+002  7.2800000e+002
  7.1951200e+002  6.8800000e+002
  7.2007200e+002  5.6000000e+002
  7.2068000e+002  6.0800000e+002
  7.2150800e+002  8.2800000e+002
  7.2212000e+002  6.1200000e+002
  7.2276000e+002  6.4000000e+002
  7.2348000e+002  7.2000000e+002
  7.2432800e+002  8.4800000e+002
  7.2499600e+002  6.6800000e+002
  7.2569600e+002  7.0000000e+002
  7.2654800e+002  8.5200000e+002
  7.2717200e+002  6.2400000e+002
  7.2791600e+002  7.4400000e+002
  7.2859600e+002  6.8000000e+002
  7.2918400e+002  5.8800000e+002
  7.2989200e+002  7.0800000e+002
  7.3062400e+002  7.3200000e+002
  7.3112400e+002  5.0000000e+002
  7.3179600e+002  6.7200000e+002
  7.3245600e+002  6.6000000e+002
  7.3310000e+002  6.4400000e+002
  7.3365200e+002  5.5200000e+002
  7.3443600e+002  7.8400000e+002
  7.3511600e+002  6.8000000e+002
  7.3568000e+002  5.6400000e+002
  7.3632000e+002  6.4000000e+002
  7.3690000e+002  5.8000000e+002
  7.3759200e+002  6.9200000e+002
  7.3803600e+002  4.4400000e+002
  7.3881600e+002  7.8000000e+002
  7.3945600e+002  6.4000000e+002
  7.4012800e+002  6.7200000e+002
  7.4071600e+002  5.8800000e+002
  7.4138800e+002  6.7200000e+002
  7.4212400e+002  7.3600000e+002
  7.4303600e+002  9.1200000e+002
  7.4371200e+002  6.7600000e+002
  7.4430000e+002  5.8800000e+002
  7.4487200e+002  5.7200000e+002
  7.4552400e+002  6.5200000e+002
  7.4627600e+002  7.5200000e+002
  7.4697200e+002  6.9600000e+002
  7.4745600e+002  4.8400000e+002
  7.4804800e+002  5.9200000e+002
  7.4870400e+002  6.5600000e+002
  7.4942000e+002  7.1600000e+002
  7.5008000e+002  6.6000000e+002
  7.5063200e+002  5.5200000e+002
  7.5122400e+002  5.9200000e+002
  7.5196000e+002  7.3600000e+002
  7.5262400e+002  6.6400000e+002
  7.5319600e+002  5.7200000e+002
  7.5415200e+002  9.5600000e+002
  7.5479600e+002  6.4400000e+002
  7.5544000e+002  6.4400000e+002
  7.5617600e+002  7.3600000e+002
  7.5709200e+002  9.1600000e+002
  7.5765200e+002  5.6000000e+002
  7.5838000e+002  7.2800000e+002
  7.5898800e+002  6.0800000e+002
  7.5999600e+002  1.0080000e+003
  7.6050400e+002  5.0800000e+002
  7.6140800e+002  9.0400000e+002
  7.6210400e+002  6.9600000e+002
  7.6283600e+002  7.3200000e+002
  7.6345600e+002  6.2000000e+002
  7.6441200e+002  9.5600000e+002
  7.6498400e+002  5.7200000e+002
  7.6565200e+002  6.6800000e+002
  7.6618000e+002  5.2800000e+002
  7.6681200e+002  6.3200000e+002
  7.6753600e+002  7.2400000e+002
  7.6822000e+002  6.8400000e+002
  7.6894400e+002  7.2400000e+002
  7.6956400e+002  6.2000000e+002
  7.7060400e+002  1.0400000e+003
  7.7120800e+002  6.0400000e+002
  7.7196000e+002  7.5200000e+002
  7.7276000e+002  8.0000000e+002
  7.7368400e+002  9.2400000e+002
  7.7432000e+002  6.3600000e+002
  7.7513600e+002  8.1600000e+002
  7.7584400e+002  7.0800000e+002
  7.7670800e+002  8.6400000e+002
  7.7728800e+002  5.8000000e+002
  7.7816800e+002  8.8000000e+002
  7.7873200e+002  5.6400000e+002
  7.7944800e+002  7.1600000e+002
  7.8015600e+002  7.0800000e+002
  7.8094000e+002  7.8400000e+002
  7.8166000e+002  7.2000000e+002
  7.8222400e+002  5.6400000e+002
  7.8286400e+002  6.4000000e+002
  7.8369200e+002  8.2800000e+002
  7.8435600e+002  6.6400000e+002
  7.8508800e+002  7.3200000e+002
  7.8563200e+002  5.4400000e+002
  7.8643600e+002  8.0400000e+002
  7.8708400e+002  6.4800000e+002
  7.8782000e+002  7.3600000e+002
  7.8854800e+002  7.2800000e+002
  7.8916000e+002  6.1200000e+002
  7.8966400e+002  5.0400000e+002
  7.9054000e+002  8.7600000e+002
  7.9117600e+002  6.3600000e+002
  7.9184400e+002  6.6800000e+002
  7.9253600e+002  6.9200000e+002
  7.9310000e+002  5.6400000e+002
  7.9385600e+002  7.5600000e+002
  7.9440400e+002  5.4800000e+002
  7.9506000e+002  6.5600000e+002
  7.9577600e+002  7.1600000e+002
  7.9636000e+002  5.8400000e+002
  7.9701200e+002  6.5200000e+002
  7.9769600e+002  6.8400000e+002
  7.9838000e+002  6.8400000e+002
  7.9904000e+002  6.6000000e+002
  7.9976400e+002  7.2400000e+002
  8.0033600e+002  5.7200000e+002
  8.0107600e+002  7.4000000e+002
  8.0182800e+002  7.5200000e+002
  8.0252400e+002  6.9600000e+002
  8.0324000e+002  7.1600000e+002
  8.0399200e+002  7.5200000e+002
  8.0460000e+002  6.0800000e+002
  8.0509200e+002  4.9200000e+002
  8.0573600e+002  6.4400000e+002
  8.0640800e+002  6.7200000e+002
  8.0708800e+002  6.8000000e+002
  8.0782800e+002  7.4000000e+002
  8.0864400e+002  8.1600000e+002
  8.0937600e+002  7.3200000e+002
  8.1006400e+002  6.8800000e+002
  8.1070000e+002  6.3600000e+002
  8.1122000e+002  5.2000000e+002
  8.1217600e+002  9.5600000e+002
  8.1295200e+002  7.7600000e+002
  8.1363200e+002  6.8000000e+002
  8.1427600e+002  6.4400000e+002
  8.1484000e+002  5.6400000e+002
  8.1534400e+002  5.0400000e+002
  8.1588400e+002  5.4000000e+002
  8.1685600e+002  9.7200000e+002
  8.1760000e+002  7.4400000e+002
  8.1824800e+002  6.4800000e+002
  8.1902800e+002  7.8000000e+002
  8.1972400e+002  6.9600000e+002
  8.2013200e+002  4.0800000e+002
  8.2086400e+002  7.3200000e+002
  8.2141200e+002  5.4800000e+002
  8.2205200e+002  6.4000000e+002
  8.2255600e+002  5.0400000e+002
  8.2353200e+002  9.7600000e+002
  8.2406400e+002  5.3200000e+002
  8.2492000e+002  8.5600000e+002
  8.2574400e+002  8.2400000e+002
  8.2644800e+002  7.0400000e+002
  8.2699200e+002  5.4400000e+002
  8.2763200e+002  6.4000000e+002
  8.2814400e+002  5.1200000e+002
  8.2871200e+002  5.6800000e+002
  8.2966800e+002  9.5600000e+002
  8.3031200e+002  6.4400000e+002
  8.3118000e+002  8.6800000e+002
  8.3173600e+002  5.5600000e+002
  8.3246800e+002  7.3200000e+002
  8.3301200e+002  5.4400000e+002
  8.3398800e+002  9.7600000e+002
  8.3462000e+002  6.3200000e+002
  8.3528400e+002  6.6400000e+002
  8.3590000e+002  6.1600000e+002
  8.3647600e+002  5.7600000e+002
  8.3734000e+002  8.6400000e+002
  8.3796800e+002  6.2800000e+002
  8.3854800e+002  5.8000000e+002
  8.3936400e+002  8.1600000e+002
  8.4008400e+002  7.2000000e+002
  8.4053200e+002  4.4800000e+002
  8.4128800e+002  7.5600000e+002
  8.4192800e+002  6.4000000e+002
  8.4257600e+002  6.4800000e+002
  8.4337200e+002  7.9600000e+002
  8.4402000e+002  6.4800000e+002
  8.4458400e+002  5.6400000e+002
  8.4532400e+002  7.4000000e+002
  8.4604400e+002  7.2000000e+002
  8.4657200e+002  5.2800000e+002
  8.4712400e+002  5.5200000e+002
  8.4788000e+002  7.5600000e+002
  8.4855600e+002  6.7600000e+002
  8.4922400e+002  6.6800000e+002
  8.4975200e+002  5.2800000e+002
  8.5028000e+002  5.2800000e+002
  8.5105600e+002  7.7600000e+002
  8.5196400e+002  9.0800000e+002
  8.5267600e+002  7.1200000e+002
  8.5334400e+002  6.6800000e+002
  8.5387600e+002  5.3200000e+002
  8.5440800e+002  5.3200000e+002
  8.5533200e+002  9.2400000e+002
  8.5599600e+002  6.6400000e+002
  8.5656400e+002  5.6800000e+002
  8.5736800e+002  8.0400000e+002
  8.5800000e+002  6.3200000e+002
  8.5884800e+002  8.4800000e+002
  8.5948800e+002  6.4000000e+002
  8.5997200e+002  4.8400000e+002
  8.6071600e+002  7.4400000e+002
  8.6125200e+002  5.3600000e+002
  8.6180000e+002  5.4800000e+002
  8.6252400e+002  7.2400000e+002
  8.6330800e+002  7.8400000e+002
  8.6382800e+002  5.2000000e+002
  8.6457600e+002  7.4800000e+002
  8.6530400e+002  7.2800000e+002
  8.6591600e+002  6.1200000e+002
  8.6640800e+002  4.9200000e+002
  8.6700400e+002  5.9600000e+002
  8.6759200e+002  5.8800000e+002
  8.6820400e+002  6.1200000e+002
  8.6920400e+002  1.0000000e+003
  8.6966800e+002  4.6400000e+002
  8.7053600e+002  8.6800000e+002
  8.7163200e+002  1.0960000e+003
  8.7230000e+002  6.6800000e+002
  8.7298400e+002  6.8400000e+002
  8.7358800e+002  6.0400000e+002
  8.7417600e+002  5.8800000e+002
  8.7498800e+002  8.1200000e+002
  8.7575600e+002  7.6800000e+002
  8.7640000e+002  6.4400000e+002
  8.7700800e+002  6.0800000e+002
  8.7762800e+002  6.2000000e+002
  8.7830400e+002  6.7600000e+002
  8.7897600e+002  6.7200000e+002
  8.7965600e+002  6.8000000e+002
  8.8038400e+002  7.2800000e+002
  8.8096000e+002  5.7600000e+002
  8.8192400e+002  9.6400000e+002
  8.8261200e+002  6.8800000e+002
  8.8320000e+002  5.8800000e+002
  8.8392800e+002  7.2800000e+002
  8.8457600e+002  6.4800000e+002
  8.8511200e+002  5.3600000e+002
  8.8588000e+002  7.6800000e+002
  8.8682000e+002  9.4000000e+002
  8.8745200e+002  6.3200000e+002
  8.8816400e+002  7.1200000e+002
  8.8867600e+002  5.1200000e+002
  8.8926400e+002  5.8800000e+002
  8.8993200e+002  6.6800000e+002
  8.9070400e+002  7.7200000e+002
  8.9155600e+002  8.5200000e+002
  8.9207200e+002  5.1600000e+002
  8.9272400e+002  6.5200000e+002
  8.9346800e+002  7.4400000e+002
  8.9416400e+002  6.9600000e+002
  8.9484800e+002  6.8400000e+002
  8.9549600e+002  6.4800000e+002
  8.9626400e+002  7.6800000e+002
  8.9689600e+002  6.3200000e+002
  8.9746800e+002  5.7200000e+002
  8.9824400e+002  7.7600000e+002
  8.9899600e+002  7.5200000e+002
  8.9952400e+002  5.2800000e+002
  9.0017200e+002  6.4800000e+002
  9.0069200e+002  5.2000000e+002
  9.0136800e+002  6.7600000e+002
  9.0196000e+002  5.9200000e+002
  9.0238400e+002  4.2400000e+002
  9.0318400e+002  8.0000000e+002
  9.0402800e+002  8.4400000e+002
  9.0451200e+002  4.8400000e+002
  9.0511200e+002  6.0000000e+002
  9.0584800e+002  7.3600000e+002
  9.0664000e+002  7.9200000e+002
  9.0728400e+002  6.4400000e+002
  9.0806800e+002  7.8400000e+002
  9.0901200e+002  9.4400000e+002
  9.0974800e+002  7.3600000e+002
  9.1040000e+002  6.5200000e+002
  9.1112000e+002  7.2000000e+002
  9.1195600e+002  8.3600000e+002
  9.1259600e+002  6.4000000e+002
  9.1333600e+002  7.4000000e+002
  9.1404400e+002  7.0800000e+002
  9.1474400e+002  7.0000000e+002
  9.1547600e+002  7.3200000e+002
  9.1616800e+002  6.9200000e+002
  9.1670000e+002  5.3200000e+002
  9.1740400e+002  7.0400000e+002
  9.1797200e+002  5.6800000e+002
  9.1850800e+002  5.3600000e+002
  9.1910400e+002  5.9600000e+002
  9.1992400e+002  8.2000000e+002
  9.2081200e+002  8.8800000e+002
  9.2148800e+002  6.7600000e+002
  9.2258400e+002  1.0960000e+003
  9.2326800e+002  6.8400000e+002
  9.2390800e+002  6.4000000e+002
  9.2464800e+002  7.4000000e+002
  9.2527600e+002  6.2800000e+002
  9.2588400e+002  6.0800000e+002
  9.2648000e+002  5.9600000e+002
  9.2739600e+002  9.1600000e+002
  9.2810400e+002  7.0800000e+002
  9.2865600e+002  5.5200000e+002
  9.2916000e+002  5.0400000e+002
  9.2975600e+002  5.9600000e+002
  9.3034000e+002  5.8400000e+002
  9.3090000e+002  5.6000000e+002
  9.3157200e+002  6.7200000e+002
  9.3231600e+002  7.4400000e+002
  9.3292800e+002  6.1200000e+002
  9.3342400e+002  4.9600000e+002
  9.3424800e+002  8.2400000e+002
  9.3496400e+002  7.1600000e+002
  9.3565600e+002  6.9200000e+002
  9.3616400e+002  5.0800000e+002
  9.3677200e+002  6.0800000e+002
  9.3755200e+002  7.8000000e+002
  9.3810000e+002  5.4800000e+002
  9.3891200e+002  8.1200000e+002
  9.3950800e+002  5.9600000e+002
  9.4034400e+002  8.3600000e+002
  9.4103200e+002  6.8800000e+002
  9.4153200e+002  5.0000000e+002
  9.4220800e+002  6.7600000e+002
  9.4287600e+002  6.6800000e+002
  9.4379600e+002  9.2000000e+002
  9.4451600e+002  7.2000000e+002
  9.4511600e+002  6.0000000e+002
  9.4593200e+002  8.1600000e+002
  9.4648400e+002  5.5200000e+002
  9.4734800e+002  8.6400000e+002
  9.4806800e+002  7.2000000e+002
  9.4864000e+002  5.7200000e+002
  9.4920400e+002  5.6400000e+002
  9.4990400e+002  7.0000000e+002
  9.5059600e+002  6.9200000e+002
  9.5116800e+002  5.7200000e+002
  9.5161600e+002  4.4800000e+002
  9.5216400e+002  5.4800000e+002
  9.5280400e+002  6.4000000e+002
  9.5356000e+002  7.5600000e+002
  9.5404800e+002  4.8800000e+002
  9.5470000e+002  6.5200000e+002
  9.5564000e+002  9.4000000e+002
  9.5638000e+002  7.4000000e+002
  9.5707200e+002  6.9200000e+002
  9.5797200e+002  9.0000000e+002
  9.5858800e+002  6.1600000e+002
  9.5933200e+002  7.4400000e+002
  9.5999200e+002  6.6000000e+002
  9.6070000e+002  7.0800000e+002
  9.6125200e+002  5.5200000e+002
  9.6197200e+002  7.2000000e+002
  9.6274000e+002  7.6800000e+002
  9.6352000e+002  7.8000000e+002
  9.6403200e+002  5.1200000e+002
  9.6478800e+002  7.5600000e+002
  9.6538000e+002  5.9200000e+002
  9.6624800e+002  8.6800000e+002
  9.6698400e+002  7.3600000e+002
  9.6761200e+002  6.2800000e+002
  9.6838400e+002  7.7200000e+002
  9.6900800e+002  6.2400000e+002
  9.6950400e+002  4.9600000e+002
  9.7016000e+002  6.5600000e+002
  9.7079200e+002  6.3200000e+002
  9.7128400e+002  4.9200000e+002
  9.7194800e+002  6.6400000e+002
  9.7267200e+002  7.2400000e+002
  9.7348000e+002  8.0800000e+002
  9.7405200e+002  5.7200000e+002
  9.7478400e+002  7.3200000e+002
  9.7532800e+002  5.4400000e+002
  9.7585200e+002  5.2400000e+002
  9.7639200e+002  5.4000000e+002
  9.7712000e+002  7.2800000e+002
  9.7768800e+002  5.6800000e+002
  9.7829600e+002  6.0800000e+002
  9.7886800e+002  5.7200000e+002
  9.7976000e+002  8.9200000e+002
  9.8044400e+002  6.8400000e+002
  9.8107200e+002  6.2800000e+002
  9.8186000e+002  7.8800000e+002
  9.8257600e+002  7.1600000e+002
  9.8336400e+002  7.8800000e+002
  9.8393600e+002  5.7200000e+002
  9.8450400e+002  5.6800000e+002
  9.8520800e+002  7.0400000e+002
  9.8582800e+002  6.2000000e+002
  9.8639600e+002  5.6800000e+002
  9.8690800e+002  5.1200000e+002
  9.8757600e+002  6.6800000e+002
  9.8831600e+002  7.4000000e+002
  9.8922800e+002  9.1200000e+002
  9.8998400e+002  7.5600000e+002
  9.9060400e+002  6.2000000e+002
  9.9118400e+002  5.8000000e+002
  9.9176000e+002  5.7600000e+002
  9.9237600e+002  6.1600000e+002
  9.9309600e+002  7.2000000e+002
  9.9378400e+002  6.8800000e+002
  9.9428000e+002  4.9600000e+002
  9.9493600e+002  6.5600000e+002
  9.9551600e+002  5.8000000e+002
  9.9604800e+002  5.3200000e+002
  9.9669600e+002  6.4800000e+002
  9.9734000e+002  6.4400000e+002
  9.9827200e+002  9.3200000e+002
  9.9898800e+002  7.1600000e+002
  9.9992800e+002  9.4000000e+002
  1.0008720e+003  9.4400000e+002
  1.0015720e+003  7.0000000e+002
  1.0023200e+003  7.4800000e+002
  1.0029000e+003  5.8000000e+002
  1.0036720e+003  7.7200000e+002
  1.0042000e+003  5.2800000e+002
  1.0049160e+003  7.1600000e+002
  1.0054720e+003  5.5600000e+002
  1.0059720e+003  5.0000000e+002
  1.0066440e+003  6.7200000e+002
  1.0071160e+003  4.7200000e+002
  1.0078600e+003  7.4400000e+002
  1.0083920e+003  5.3200000e+002
  1.0091200e+003  7.2800000e+002
  1.0097800e+003  6.6000000e+002
  1.0105240e+003  7.4400000e+002
  1.0112240e+003  7.0000000e+002
  1.0118360e+003  6.1200000e+002
  1.0125800e+003  7.4400000e+002
  1.0131120e+003  5.3200000e+002
  1.0139200e+003  8.0800000e+002
  1.0145080e+003  5.8800000e+002
  1.0151840e+003  6.7600000e+002
  1.0156720e+003  4.8800000e+002
  1.0163280e+003  6.5600000e+002
  1.0169680e+003  6.4000000e+002
  1.0175920e+003  6.2400000e+002
  1.0181520e+003  5.6000000e+002
  1.0189160e+003  7.6400000e+002
  1.0197040e+003  7.8800000e+002
  1.0205280e+003  8.2400000e+002
  1.0212040e+003  6.7600000e+002
  1.0218680e+003  6.6400000e+002
  1.0225360e+003  6.6800000e+002
  1.0231360e+003  6.0000000e+002
  1.0237240e+003  5.8800000e+002
  1.0244040e+003  6.8000000e+002
  1.0250920e+003  6.8800000e+002
  1.0257600e+003  6.6800000e+002
  1.0266120e+003  8.5200000e+002
  1.0272920e+003  6.8000000e+002
  1.0278960e+003  6.0400000e+002
  1.0286400e+003  7.4400000e+002
  1.0292760e+003  6.3600000e+002
  1.0299320e+003  6.5600000e+002
  1.0307400e+003  8.0800000e+002
  1.0314440e+003  7.0400000e+002
  1.0320080e+003  5.6400000e+002
  1.0326280e+003  6.2000000e+002
  1.0333880e+003  7.6000000e+002
  1.0340520e+003  6.6400000e+002
  1.0345600e+003  5.0800000e+002
  1.0351640e+003  6.0400000e+002
  1.0359600e+003  7.9600000e+002
  1.0368040e+003  8.4400000e+002
  1.0374280e+003  6.2400000e+002
  1.0382160e+003  7.8800000e+002
  1.0388360e+003  6.2000000e+002
  1.0393680e+003  5.3200000e+002
  1.0400080e+003  6.4000000e+002
  1.0406040e+003  5.9600000e+002
  1.0412360e+003  6.3200000e+002
  1.0418960e+003  6.6000000e+002
  1.0424320e+003  5.3600000e+002
  1.0429800e+003  5.4800000e+002
  1.0435040e+003  5.2400000e+002
  1.0442960e+003  7.9200000e+002
  1.0451160e+003  8.2000000e+002
  1.0457360e+003  6.2000000e+002
  1.0464400e+003  7.0400000e+002
  1.0471440e+003  7.0400000e+002
  1.0478760e+003  7.3200000e+002
  1.0484960e+003  6.2000000e+002
  1.0492000e+003  7.0400000e+002
  1.0498320e+003  6.3200000e+002
  1.0504080e+003  5.7600000e+002
  1.0509760e+003  5.6800000e+002
  1.0516200e+003  6.4400000e+002
  1.0524440e+003  8.2400000e+002
  1.0532000e+003  7.5600000e+002
  1.0539480e+003  7.4800000e+002
  1.0544280e+003  4.8000000e+002
  1.0551280e+003  7.0000000e+002
  1.0555800e+003  4.5200000e+002
  1.0562040e+003  6.2400000e+002
  1.0567760e+003  5.7200000e+002
  1.0573400e+003  5.6400000e+002
  1.0579400e+003  6.0000000e+002
  1.0586360e+003  6.9600000e+002
  1.0591520e+003  5.1600000e+002
  1.0597360e+003  5.8400000e+002
  1.0604760e+003  7.4000000e+002
  1.0610120e+003  5.3600000e+002
  1.0617440e+003  7.3200000e+002
  1.0623680e+003  6.2400000e+002
  1.0632520e+003  8.8400000e+002
  1.0638720e+003  6.2000000e+002
  1.0644200e+003  5.4800000e+002
  1.0651640e+003  7.4400000e+002
  1.0658560e+003  6.9200000e+002
  1.0663840e+003  5.2800000e+002
  1.0671720e+003  7.8800000e+002
  1.0678080e+003  6.3600000e+002
  1.0683600e+003  5.5200000e+002
  1.0690320e+003  6.7200000e+002
  1.0697000e+003  6.6800000e+002
  1.0704280e+003  7.2800000e+002
  1.0710120e+003  5.8400000e+002
  1.0717760e+003  7.6400000e+002
  1.0725800e+003  8.0400000e+002
  1.0731080e+003  5.2800000e+002
  1.0737280e+003  6.2000000e+002
  1.0745160e+003  7.8800000e+002
  1.0750720e+003  5.5600000e+002
  1.0756160e+003  5.4400000e+002
  1.0760600e+003  4.4400000e+002
  1.0767760e+003  7.1600000e+002
  1.0774880e+003  7.1200000e+002
  1.0780040e+003  5.1600000e+002
  1.0785840e+003  5.8000000e+002
  1.0790960e+003  5.1200000e+002
  1.0797080e+003  6.1200000e+002
  1.0804320e+003  7.2400000e+002
  1.0809720e+003  5.4000000e+002
  1.0815480e+003  5.7600000e+002
  1.0821400e+003  5.9200000e+002
  1.0829360e+003  7.9600000e+002
  1.0834480e+003  5.1200000e+002
  1.0840760e+003  6.2800000e+002
  1.0848400e+003  7.6400000e+002
  1.0854640e+003  6.2400000e+002
  1.0859880e+003  5.2400000e+002
  1.0867880e+003  8.0000000e+002
  1.0874680e+003  6.8000000e+002
  1.0880440e+003  5.7600000e+002
  1.0887560e+003  7.1200000e+002
  1.0892920e+003  5.3600000e+002
  1.0898800e+003  5.8800000e+002
  1.0904120e+003  5.3200000e+002
  1.0912040e+003  7.9200000e+002
  1.0917560e+003  5.5200000e+002
  1.0924680e+003  7.1200000e+002
  1.0931240e+003  6.5600000e+002
  1.0936960e+003  5.7200000e+002
  1.0945680e+003  8.7200000e+002
  1.0951440e+003  5.7600000e+002
  1.0957240e+003  5.8000000e+002
  1.0964200e+003  6.9600000e+002
  1.0971680e+003  7.4800000e+002
  1.0977720e+003  6.0400000e+002
  1.0983080e+003  5.3600000e+002
  1.0988880e+003  5.8000000e+002
  1.0996160e+003  7.2800000e+002
  1.1002480e+003  6.3200000e+002
  1.1009280e+003  6.8000000e+002
  1.1017080e+003  7.8000000e+002
  1.1023800e+003  6.7200000e+002
  1.1028880e+003  5.0800000e+002
  1.1035560e+003  6.6800000e+002
  1.1044760e+003  9.2000000e+002
  1.1051320e+003  6.5600000e+002
  1.1056280e+003  4.9600000e+002
  1.1060880e+003  4.6000000e+002
  1.1066840e+003  5.9600000e+002
  1.1072760e+003  5.9200000e+002
  1.1077240e+003  4.4800000e+002
  1.1085160e+003  7.9200000e+002
  1.1089720e+003  4.5600000e+002
  1.1096000e+003  6.2800000e+002
  1.1102360e+003  6.3600000e+002
  1.1108040e+003  5.6800000e+002
  1.1114160e+003  6.1200000e+002
  1.1126440e+003  1.2280000e+003
  1.1131760e+003  5.3200000e+002
  1.1139200e+003  7.4400000e+002
  1.1144560e+003  5.3600000e+002
  1.1150160e+003  5.6000000e+002
  1.1155560e+003  5.4000000e+002
  1.1160680e+003  5.1200000e+002
  1.1166760e+003  6.0800000e+002
  1.1173800e+003  7.0400000e+002
  1.1180480e+003  6.6800000e+002
  1.1188320e+003  7.8400000e+002
  1.1194000e+003  5.6800000e+002
  1.1200480e+003  6.4800000e+002
  1.1207240e+003  6.7600000e+002
  1.1214080e+003  6.8400000e+002
  1.1221080e+003  7.0000000e+002
  1.1228320e+003  7.2400000e+002
  1.1233840e+003  5.5200000e+002
  1.1239720e+003  5.8800000e+002
  1.1247240e+003  7.5200000e+002
  1.1254080e+003  6.8400000e+002
  1.1262160e+003  8.0800000e+002
  1.1269120e+003  6.9600000e+002
  1.1277880e+003  8.7600000e+002
  1.1284680e+003  6.8000000e+002
  1.1292840e+003  8.1600000e+002
  1.1298760e+003  5.9200000e+002
  1.1304280e+003  5.5200000e+002
  1.1310160e+003  5.8800000e+002
  1.1316120e+003  5.9600000e+002
  1.1323160e+003  7.0400000e+002
  1.1329720e+003  6.5600000e+002
  1.1336160e+003  6.4400000e+002
  1.1343040e+003  6.8800000e+002
  1.1348640e+003  5.6000000e+002
  1.1354240e+003  5.6000000e+002
  1.1360680e+003  6.4400000e+002
  1.1366640e+003  5.9600000e+002
  1.1374640e+003  8.0000000e+002
  1.1381440e+003  6.8000000e+002
  1.1387640e+003  6.2000000e+002
  1.1393120e+003  5.4800000e+002
  1.1399800e+003  6.6800000e+002
  1.1406160e+003  6.3600000e+002
  1.1411680e+003  5.5200000e+002
  1.1420400e+003  8.7200000e+002
  1.1426920e+003  6.5200000e+002
  1.1434480e+003  7.5600000e+002
  1.1441600e+003  7.1200000e+002
  1.1448800e+003  7.2000000e+002
  1.1456720e+003  7.9200000e+002
  1.1463480e+003  6.7600000e+002
  1.1471680e+003  8.2000000e+002
  1.1478080e+003  6.4000000e+002
  1.1485760e+003  7.6800000e+002
  1.1494440e+003  8.6800000e+002
  1.1500600e+003  6.1600000e+002
  1.1508880e+003  8.2800000e+002
  1.1515520e+003  6.6400000e+002
  1.1522080e+003  6.5600000e+002
  1.1532600e+003  1.0520000e+003
  1.1540560e+003  7.9600000e+002
  1.1548520e+003  7.9600000e+002
  1.1554280e+003  5.7600000e+002
  1.1562680e+003  8.4000000e+002
  1.1569480e+003  6.8000000e+002
  1.1577320e+003  7.8400000e+002
  1.1583640e+003  6.3200000e+002
  1.1590920e+003  7.2800000e+002
  1.1597160e+003  6.2400000e+002
  1.1604240e+003  7.0800000e+002
  1.1611640e+003  7.4000000e+002
  1.1618320e+003  6.6800000e+002
  1.1624880e+003  6.5600000e+002
  1.1630520e+003  5.6400000e+002
  1.1636000e+003  5.4800000e+002
  1.1644000e+003  8.0000000e+002
  1.1651680e+003  7.6800000e+002
  1.1658520e+003  6.8400000e+002
  1.1666000e+003  7.4800000e+002
  1.1672520e+003  6.5200000e+002
  1.1677520e+003  5.0000000e+002
  1.1683600e+003  6.0800000e+002
  1.1689360e+003  5.7600000e+002
  1.1696320e+003  6.9600000e+002
  1.1700840e+003  4.5200000e+002
  1.1708880e+003  8.0400000e+002
  1.1715320e+003  6.4400000e+002
  1.1721760e+003  6.4400000e+002
  1.1728640e+003  6.8800000e+002
  1.1736320e+003  7.6800000e+002
  1.1743280e+003  6.9600000e+002
  1.1750760e+003  7.4800000e+002
  1.1756880e+003  6.1200000e+002
  1.1764200e+003  7.3200000e+002
  1.1769440e+003  5.2400000e+002
  1.1776240e+003  6.8000000e+002
  1.1782200e+003  5.9600000e+002
  1.1790560e+003  8.3600000e+002
  1.1797280e+003  6.7200000e+002
  1.1803280e+003  6.0000000e+002
  1.1809960e+003  6.6800000e+002
  1.1815600e+003  5.6400000e+002
  1.1820160e+003  4.5600000e+002
  1.1826400e+003  6.2400000e+002
  1.1831920e+003  5.5200000e+002
  1.1838320e+003  6.4000000e+002
  1.1846360e+003  8.0400000e+002
  1.1853960e+003  7.6000000e+002
  1.1860360e+003  6.4000000e+002
  1.1867200e+003  6.8400000e+002
  1.1874840e+003  7.6400000e+002
  1.1880880e+003  6.0400000e+002
  1.1888600e+003  7.7200000e+002
  1.1895760e+003  7.1600000e+002
  1.1904160e+003  8.4000000e+002
  1.1909360e+003  5.2000000e+002
  1.1917440e+003  8.0800000e+002
  1.1924160e+003  6.7200000e+002
  1.1929480e+003  5.3200000e+002
  1.1934640e+003  5.1600000e+002
  1.1940760e+003  6.1200000e+002
  1.1948200e+003  7.4400000e+002
  1.1952720e+003  4.5200000e+002
  1.1959920e+003  7.2000000e+002
  1.1967960e+003  8.0400000e+002
  1.1977160e+003  9.2000000e+002
  1.1985400e+003  8.2400000e+002
  1.1993200e+003  7.8000000e+002
  1.2000200e+003  7.0000000e+002
  1.2007200e+003  7.0000000e+002
  1.2013520e+003  6.3200000e+002
  1.2019280e+003  5.7600000e+002
  1.2026280e+003  7.0000000e+002
  1.2033280e+003  7.0000000e+002
  1.2038320e+003  5.0400000e+002
  1.2045000e+003  6.6800000e+002
  1.2051200e+003  6.2000000e+002
  1.2059400e+003  8.2000000e+002
  1.2066560e+003  7.1600000e+002
  1.2072800e+003  6.2400000e+002
  1.2077720e+003  4.9200000e+002
  1.2084520e+003  6.8000000e+002
  1.2090320e+003  5.8000000e+002
  1.2096600e+003  6.2800000e+002
  1.2103000e+003  6.4000000e+002
  1.2109320e+003  6.3200000e+002
  1.2116120e+003  6.8000000e+002
  1.2120960e+003  4.8400000e+002
  1.2127000e+003  6.0400000e+002
  1.2134320e+003  7.3200000e+002
  1.2141160e+003  6.8400000e+002
  1.2147480e+003  6.3200000e+002
  1.2152640e+003  5.1600000e+002
  1.2159840e+003  7.2000000e+002
  1.2168080e+003  8.2400000e+002
  1.2174720e+003  6.6400000e+002
  1.2181240e+003  6.5200000e+002
  1.2187320e+003  6.0800000e+002
  1.2193800e+003  6.4800000e+002
  1.2199680e+003  5.8800000e+002
  1.2206320e+003  6.6400000e+002
  1.2211800e+003  5.4800000e+002
  1.2219640e+003  7.8400000e+002
  1.2224720e+003  5.0800000e+002
  1.2232520e+003  7.8000000e+002
  1.2240320e+003  7.8000000e+002
  1.2248200e+003  7.8800000e+002
  1.2255720e+003  7.5200000e+002
  1.2261800e+003  6.0800000e+002
  1.2267440e+003  5.6400000e+002
  1.2275200e+003  7.7600000e+002
  1.2281520e+003  6.3200000e+002
  1.2287200e+003  5.6800000e+002
  1.2293680e+003  6.4800000e+002
  1.2299200e+003  5.5200000e+002
  1.2307400e+003  8.2000000e+002
  1.2314800e+003  7.4000000e+002
  1.2321320e+003  6.5200000e+002
  1.2326240e+003  4.9200000e+002
  1.2334320e+003  8.0800000e+002
  1.2342520e+003  8.2000000e+002
  1.2349800e+003  7.2800000e+002
  1.2356000e+003  6.2000000e+002
  1.2363400e+003  7.4000000e+002
  1.2368520e+003  5.1200000e+002
  1.2374400e+003  5.8800000e+002
  1.2381400e+003  7.0000000e+002
  1.2387480e+003  6.0800000e+002
  1.2392920e+003  5.4400000e+002
  1.2398520e+003  5.6000000e+002
  1.2405720e+003  7.2000000e+002
  1.2412200e+003  6.4800000e+002
  1.2418840e+003  6.6400000e+002
  1.2424760e+003  5.9200000e+002
  1.2429880e+003  5.1200000e+002
  1.2436640e+003  6.7600000e+002
  1.2443080e+003  6.4400000e+002
  1.2449880e+003  6.8000000e+002
  1.2455160e+003  5.2800000e+002
  1.2461440e+003  6.2800000e+002
  1.2468400e+003  6.9600000e+002
  1.2473760e+003  5.3600000e+002
  1.2480680e+003  6.9200000e+002
  1.2486760e+003  6.0800000e+002
  1.2493360e+003  6.6000000e+002
  1.2499360e+003  6.0000000e+002
  1.2505360e+003  6.0000000e+002
  1.2513280e+003  7.9200000e+002
  1.2518160e+003  4.8800000e+002
  1.2525040e+003  6.8800000e+002
  1.2530520e+003  5.4800000e+002
  1.2538680e+003  8.1600000e+002
  1.2544920e+003  6.2400000e+002
  1.2550560e+003  5.6400000e+002
  1.2557680e+003  7.1200000e+002
  1.2564760e+003  7.0800000e+002
  1.2571440e+003  6.6800000e+002
  1.2578560e+003  7.1200000e+002
  1.2587960e+003  9.4000000e+002
  1.2593960e+003  6.0000000e+002
  1.2600800e+003  6.8400000e+002
  1.2607360e+003  6.5600000e+002
  1.2614640e+003  7.2800000e+002
  1.2621120e+003  6.4800000e+002
  1.2628480e+003  7.3600000e+002
  1.2636160e+003  7.6800000e+002
  1.2643640e+003  7.4800000e+002
  1.2651680e+003  8.0400000e+002
  1.2659280e+003  7.6000000e+002
  1.2666040e+003  6.7600000e+002
  1.2673120e+003  7.0800000e+002
  1.2679400e+003  6.2800000e+002
  1.2685000e+003  5.6000000e+002
  1.2691480e+003  6.4800000e+002
  1.2698120e+003  6.6400000e+002
  1.2705120e+003  7.0000000e+002
  1.2713880e+003  8.7600000e+002
  1.2720080e+003  6.2000000e+002
  1.2727880e+003  7.8000000e+002
  1.2734840e+003  6.9600000e+002
  1.2743320e+003  8.4800000e+002
  1.2750600e+003  7.2800000e+002
  1.2755840e+003  5.2400000e+002
  1.2763480e+003  7.6400000e+002
  1.2769640e+003  6.1600000e+002
  1.2775160e+003  5.5200000e+002
  1.2786760e+003  1.1600000e+003
  1.2794360e+003  7.6000000e+002
  1.2800560e+003  6.2000000e+002
  1.2807160e+003  6.6000000e+002
  1.2812720e+003  5.5600000e+002
  1.2819880e+003  7.1600000e+002
  1.2826360e+003  6.4800000e+002
  1.2833520e+003  7.1600000e+002
  1.2840960e+003  7.4400000e+002
  1.2851080e+003  1.0120000e+003
  1.2858320e+003  7.2400000e+002
  1.2864680e+003  6.3600000e+002
  1.2871600e+003  6.9200000e+002
  1.2877000e+003  5.4000000e+002
  1.2882680e+003  5.6800000e+002
  1.2888080e+003  5.4000000e+002
  1.2895120e+003  7.0400000e+002
  1.2902800e+003  7.6800000e+002
  1.2909640e+003  6.8400000e+002
  1.2919240e+003  9.6000000e+002
  1.2925480e+003  6.2400000e+002
  1.2931480e+003  6.0000000e+002
  1.2939800e+003  8.3200000e+002
  1.2945320e+003  5.5200000e+002
  1.2952760e+003  7.4400000e+002
  1.2958680e+003  5.9200000e+002
  1.2965320e+003  6.6400000e+002
  1.2970080e+003  4.7600000e+002
  1.2976160e+003  6.0800000e+002
  1.2984480e+003  8.3200000e+002
  1.2991960e+003  7.4800000e+002
  1.2998960e+003  7.0000000e+002
  1.3005760e+003  6.8000000e+002
  1.3012040e+003  6.2800000e+002
  1.3018280e+003  6.2400000e+002
  1.3023320e+003  5.0400000e+002
  1.3029320e+003  6.0000000e+002
  1.3037720e+003  8.4000000e+002
  1.3042880e+003  5.1600000e+002
  1.3050000e+003  7.1200000e+002
  1.3056480e+003  6.4800000e+002
  1.3064040e+003  7.5600000e+002
  1.3071720e+003  7.6800000e+002
  1.3079040e+003  7.3200000e+002
  1.3084280e+003  5.2400000e+002
  1.3090400e+003  6.1200000e+002
  1.3096680e+003  6.2800000e+002
  1.3102120e+003  5.4400000e+002
  1.3113640e+003  1.1520000e+003
  1.3120240e+003  6.6000000e+002
  1.3127080e+003  6.8400000e+002
  1.3133600e+003  6.5200000e+002
  1.3139760e+003  6.1600000e+002
  1.3146680e+003  6.9200000e+002
  1.3152840e+003  6.1600000e+002
  1.3158840e+003  6.0000000e+002
  1.3166640e+003  7.8000000e+002
  1.3174200e+003  7.5600000e+002
  1.3181560e+003  7.3600000e+002
  1.3189480e+003  7.9200000e+002
  1.3195640e+003  6.1600000e+002
  1.3201120e+003  5.4800000e+002
  1.3207800e+003  6.6800000e+002
  1.3214320e+003  6.5200000e+002
  1.3222640e+003  8.3200000e+002
  1.3229000e+003  6.3600000e+002
  1.3236480e+003  7.4800000e+002
  1.3242840e+003  6.3600000e+002
  1.3251000e+003  8.1600000e+002
  1.3257880e+003  6.8800000e+002
  1.3263760e+003  5.8800000e+002
  1.3269840e+003  6.0800000e+002
  1.3277280e+003  7.4400000e+002
  1.3284400e+003  7.1200000e+002
  1.3290400e+003  6.0000000e+002
  1.3295960e+003  5.5600000e+002
  1.3303360e+003  7.4000000e+002
  1.3309480e+003  6.1200000e+002
  1.3317560e+003  8.0800000e+002
  1.3326840e+003  9.2800000e+002
  1.3332520e+003  5.6800000e+002
  1.3337680e+003  5.1600000e+002
  1.3344000e+003  6.3200000e+002
  1.3349640e+003  5.6400000e+002
  1.3355320e+003  5.6800000e+002
  1.3362480e+003  7.1600000e+002
  1.3368040e+003  5.5600000e+002
  1.3373280e+003  5.2400000e+002
  1.3379400e+003  6.1200000e+002
  1.3387800e+003  8.4000000e+002
  1.3395080e+003  7.2800000e+002
  1.3405440e+003  1.0360000e+003
  1.3415440e+003  1.0000000e+003
  1.3422520e+003  7.0800000e+002
  1.3429680e+003  7.1600000e+002
  1.3435040e+003  5.3600000e+002
  1.3443400e+003  8.3600000e+002
  1.3447720e+003  4.3200000e+002
  1.3454640e+003  6.9200000e+002
  1.3461360e+003  6.7200000e+002
  1.3468520e+003  7.1600000e+002
  1.3475360e+003  6.8400000e+002
  1.3481160e+003  5.8000000e+002
  1.3487600e+003  6.4400000e+002
  1.3494760e+003  7.1600000e+002
  1.3501040e+003  6.2800000e+002
  1.3509320e+003  8.2800000e+002
  1.3513920e+003  4.6000000e+002
  1.3521160e+003  7.2400000e+002
  1.3528040e+003  6.8800000e+002
  1.3534760e+003  6.7200000e+002
  1.3541840e+003  7.0800000e+002
  1.3548440e+003  6.6000000e+002
  1.3554160e+003  5.7200000e+002
  1.3562720e+003  8.5600000e+002
  1.3569960e+003  7.2400000e+002
  1.3577800e+003  7.8400000e+002
  1.3582160e+003  4.3600000e+002
  1.3589880e+003  7.7200000e+002
  1.3597480e+003  7.6000000e+002
  1.3604200e+003  6.7200000e+002
  1.3609440e+003  5.2400000e+002
  1.3614760e+003  5.3200000e+002
  1.3620880e+003  6.1200000e+002
  1.3627400e+003  6.5200000e+002
  1.3634560e+003  7.1600000e+002
  1.3640920e+003  6.3600000e+002
  1.3646400e+003  5.4800000e+002
  1.3653560e+003  7.1600000e+002
  1.3659160e+003  5.6000000e+002
  1.3666680e+003  7.5200000e+002
  1.3674520e+003  7.8400000e+002
  1.3680880e+003  6.3600000e+002
  1.3689120e+003  8.2400000e+002
  1.3696120e+003  7.0000000e+002
  1.3701240e+003  5.1200000e+002
  1.3709720e+003  8.4800000e+002
  1.3717800e+003  8.0800000e+002
  1.3723560e+003  5.7600000e+002
  1.3730920e+003  7.3600000e+002
  1.3737840e+003  6.9200000e+002
  1.3744320e+003  6.4800000e+002
  1.3749440e+003  5.1200000e+002
  1.3755920e+003  6.4800000e+002
  1.3763080e+003  7.1600000e+002
  1.3770160e+003  7.0800000e+002
  1.3776160e+003  6.0000000e+002
  1.3782560e+003  6.4000000e+002
  1.3790880e+003  8.3200000e+002
  1.3799400e+003  8.5200000e+002
  1.3806360e+003  6.9600000e+002
  1.3813880e+003  7.5200000e+002
  1.3819720e+003  5.8400000e+002
  1.3827080e+003  7.3600000e+002
  1.3834720e+003  7.6400000e+002
  1.3843560e+003  8.8400000e+002
  1.3850200e+003  6.6400000e+002
  1.3856960e+003  6.7600000e+002
  1.3862440e+003  5.4800000e+002
  1.3869920e+003  7.4800000e+002
  1.3875480e+003  5.5600000e+002
  1.3883440e+003  7.9600000e+002
  1.3889040e+003  5.6000000e+002
  1.3895520e+003  6.4800000e+002
  1.3901280e+003  5.7600000e+002
  1.3905880e+003  4.6000000e+002
  1.3912280e+003  6.4000000e+002
  1.3917000e+003  4.7200000e+002
  1.3924240e+003  7.2400000e+002
  1.3930400e+003  6.1600000e+002
  1.3938400e+003  8.0000000e+002
  1.3942760e+003  4.3600000e+002
  1.3949160e+003  6.4000000e+002
  1.3956720e+003  7.5600000e+002
  1.3963560e+003  6.8400000e+002
  1.3968320e+003  4.7600000e+002
  1.3975160e+003  6.8400000e+002
  1.3979880e+003  4.7200000e+002
  1.3985560e+003  5.6800000e+002
  1.3990600e+003  5.0400000e+002
  1.3996840e+003  6.2400000e+002
  1.4001240e+003  4.4000000e+002
  1.4009880e+003  8.6400000e+002
  1.4017800e+003  7.9200000e+002
  1.4025120e+003  7.3200000e+002
  1.4032680e+003  7.5600000e+002
  1.4041560e+003  8.8800000e+002
  1.4051240e+003  9.6800000e+002
  1.4057120e+003  5.8800000e+002
  1.4065680e+003  8.5600000e+002
  1.4070480e+003  4.8000000e+002
  1.4076760e+003  6.2800000e+002
  1.4084040e+003  7.2800000e+002
  1.4091400e+003  7.3600000e+002
  1.4096640e+003  5.2400000e+002
  1.4102680e+003  6.0400000e+002
  1.4110680e+003  8.0000000e+002
  1.4117760e+003  7.0800000e+002
  1.4123880e+003  6.1200000e+002
  1.4131240e+003  7.3600000e+002
  1.4137680e+003  6.4400000e+002
  1.4143040e+003  5.3600000e+002
  1.4151240e+003  8.2000000e+002
  1.4158160e+003  6.9200000e+002
  1.4164920e+003  6.7600000e+002
  1.4170440e+003  5.5200000e+002
  1.4178200e+003  7.7600000e+002
  1.4183520e+003  5.3200000e+002
  1.4189120e+003  5.6000000e+002
  1.4196560e+003  7.4400000e+002
  1.4201680e+003  5.1200000e+002
  1.4207880e+003  6.2000000e+002
  1.4213720e+003  5.8400000e+002
  1.4220560e+003  6.8400000e+002
  1.4229400e+003  8.8400000e+002
  1.4235240e+003  5.8400000e+002
  1.4244600e+003  9.3600000e+002
  1.4250960e+003  6.3600000e+002
  1.4256880e+003  5.9200000e+002
  1.4264400e+003  7.5200000e+002
  1.4270400e+003  6.0000000e+002
  1.4277280e+003  6.8800000e+002
  1.4283480e+003  6.2000000e+002
  1.4289040e+003  5.5600000e+002
  1.4295880e+003  6.8400000e+002
  1.4303800e+003  7.9200000e+002
  1.4310320e+003  6.5200000e+002
  1.4315800e+003  5.4800000e+002
  1.4321560e+003  5.7600000e+002
  1.4327600e+003  6.0400000e+002
  1.4333640e+003  6.0400000e+002
  1.4340880e+003  7.2400000e+002
  1.4347760e+003  6.8800000e+002
  1.4354880e+003  7.1200000e+002
  1.4359800e+003  4.9200000e+002
  1.4366880e+003  7.0800000e+002
  1.4372920e+003  6.0400000e+002
  1.4378840e+003  5.9200000e+002
  1.4385120e+003  6.2800000e+002
  1.4393360e+003  8.2400000e+002
  1.4399240e+003  5.8800000e+002
  1.4404040e+003  4.8000000e+002
  1.4413760e+003  9.7200000e+002
  1.4421400e+003  7.6400000e+002
  1.4426600e+003  5.2000000e+002
  1.4431800e+003  5.2000000e+002
  1.4437320e+003  5.5200000e+002
  1.4443560e+003  6.2400000e+002
  1.4450880e+003  7.3200000e+002
  1.4456560e+003  5.6800000e+002
  1.4464000e+003  7.4400000e+002
  1.4469440e+003  5.4400000e+002
  1.4477200e+003  7.7600000e+002
  1.4483600e+003  6.4000000e+002
  1.4489880e+003  6.2800000e+002
  1.4497840e+003  7.9600000e+002
  1.4505320e+003  7.4800000e+002
  1.4511960e+003  6.6400000e+002
  1.4517720e+003  5.7600000e+002
  1.4525200e+003  7.4800000e+002
  1.4531400e+003  6.2000000e+002
  1.4538480e+003  7.0800000e+002
  1.4545840e+003  7.3600000e+002
  1.4552000e+003  6.1600000e+002
  1.4559200e+003  7.2000000e+002
  1.4564040e+003  4.8400000e+002
  1.4571280e+003  7.2400000e+002
  1.4575800e+003  4.5200000e+002
  1.4581440e+003  5.6400000e+002
  1.4587480e+003  6.0400000e+002
  1.4593880e+003  6.4000000e+002
  1.4599080e+003  5.2000000e+002
  1.4606280e+003  7.2000000e+002
  1.4616000e+003  9.7200000e+002
  1.4622160e+003  6.1600000e+002
  1.4627320e+003  5.1600000e+002
  1.4633960e+003  6.6400000e+002
  1.4639920e+003  5.9600000e+002
  1.4647080e+003  7.1600000e+002
  1.4653680e+003  6.6000000e+002
  1.4658520e+003  4.8400000e+002
  1.4666880e+003  8.3600000e+002
  1.4674120e+003  7.2400000e+002
  1.4680560e+003  6.4400000e+002
  1.4688280e+003  7.7200000e+002
  1.4695600e+003  7.3200000e+002
  1.4701200e+003  5.6000000e+002
  1.4708360e+003  7.1600000e+002
  1.4715200e+003  6.8400000e+002
  1.4723960e+003  8.7600000e+002
  1.4732280e+003  8.3200000e+002
  1.4738400e+003  6.1200000e+002
  1.4745000e+003  6.6000000e+002
  1.4751320e+003  6.3200000e+002
  1.4757240e+003  5.9200000e+002
  1.4762240e+003  5.0000000e+002
  1.4768920e+003  6.6800000e+002
  1.4773520e+003  4.6000000e+002
  1.4781160e+003  7.6400000e+002
  1.4786600e+003  5.4400000e+002
  1.4793040e+003  6.4400000e+002
  1.4798120e+003  5.0800000e+002
  1.4804440e+003  6.3200000e+002
  1.4811040e+003  6.6000000e+002
  1.4815800e+003  4.7600000e+002
  1.4821000e+003  5.2000000e+002
  1.4830680e+003  9.6800000e+002
  1.4837520e+003  6.8400000e+002
  1.4845000e+003  7.4800000e+002
  1.4851760e+003  6.7600000e+002
  1.4857680e+003  5.9200000e+002
  1.4866880e+003  9.2000000e+002
  1.4872320e+003  5.4400000e+002
  1.4878520e+003  6.2000000e+002
  1.4885280e+003  6.7600000e+002
  1.4891720e+003  6.4400000e+002
  1.4896440e+003  4.7200000e+002
  1.4904000e+003  7.5600000e+002
  1.4911160e+003  7.1600000e+002
  1.4918520e+003  7.3600000e+002
  1.4924440e+003  5.9200000e+002
  1.4930240e+003  5.8000000e+002
  1.4935960e+003  5.7200000e+002
  1.4942560e+003  6.6000000e+002
  1.4950520e+003  7.9600000e+002
  1.4956680e+003  6.1600000e+002
  1.4963720e+003  7.0400000e+002
  1.4969240e+003  5.5200000e+002
  1.4974440e+003  5.2000000e+002
  1.4982200e+003  7.7600000e+002
  1.4988080e+003  5.8800000e+002
  1.4995400e+003  7.3200000e+002
  1.5002240e+003  6.8400000e+002
  1.5007640e+003  5.4000000e+002
  1.5012520e+003  4.8800000e+002
  1.5019480e+003  6.9600000e+002
  1.5026800e+003  7.3200000e+002
  1.5033040e+003  6.2400000e+002
  1.5041760e+003  8.7200000e+002
  1.5050640e+003  8.8800000e+002
  1.5056680e+003  6.0400000e+002
  1.5063000e+003  6.3200000e+002
  1.5069800e+003  6.8000000e+002
  1.5075960e+003  6.1600000e+002
  1.5080640e+003  4.6800000e+002
  1.5089480e+003  8.8400000e+002
  1.5095520e+003  6.0400000e+002
  1.5102120e+003  6.6000000e+002
  1.5109280e+003  7.1600000e+002
  1.5116920e+003  7.6400000e+002
  1.5123520e+003  6.6000000e+002
  1.5130600e+003  7.0800000e+002
  1.5136480e+003  5.8800000e+002
  1.5144240e+003  7.7600000e+002
  1.5151040e+003  6.8000000e+002
  1.5156280e+003  5.2400000e+002
  1.5161320e+003  5.0400000e+002
  1.5167600e+003  6.2800000e+002
  1.5174600e+003  7.0000000e+002
  1.5181000e+003  6.4000000e+002
  1.5186200e+003  5.2000000e+002
  1.5192040e+003  5.8400000e+002
  1.5199280e+003  7.2400000e+002
  1.5205400e+003  6.1200000e+002
  1.5212240e+003  6.8400000e+002
  1.5217440e+003  5.2000000e+002
  1.5225800e+003  8.3600000e+002
  1.5235160e+003  9.3600000e+002
  1.5239920e+003  4.7600000e+002
  1.5246560e+003  6.6400000e+002
  1.5253560e+003  7.0000000e+002
  1.5259360e+003  5.8000000e+002
  1.5267400e+003  8.0400000e+002
  1.5276640e+003  9.2400000e+002
  1.5284160e+003  7.5200000e+002
  1.5290520e+003  6.3600000e+002
  1.5295360e+003  4.8400000e+002
  1.5302720e+003  7.3600000e+002
  1.5308360e+003  5.6400000e+002
  1.5314400e+003  6.0400000e+002
  1.5321840e+003  7.4400000e+002
  1.5329560e+003  7.7200000e+002
  1.5337360e+003  7.8000000e+002
  1.5345040e+003  7.6800000e+002
  1.5352200e+003  7.1600000e+002
  1.5359560e+003  7.3600000e+002
  1.5366360e+003  6.8000000e+002
  1.5372200e+003  5.8400000e+002
  1.5377400e+003  5.2000000e+002
  1.5383120e+003  5.7200000e+002
  1.5389520e+003  6.4000000e+002
  1.5397280e+003  7.7600000e+002
  1.5402640e+003  5.3600000e+002
  1.5408480e+003  5.8400000e+002
  1.5414600e+003  6.1200000e+002
  1.5419800e+003  5.2000000e+002
  1.5428200e+003  8.4000000e+002
  1.5435040e+003  6.8400000e+002
  1.5443240e+003  8.2000000e+002
  1.5450400e+003  7.1600000e+002
  1.5456160e+003  5.7600000e+002
  1.5463360e+003  7.2000000e+002
  1.5469400e+003  6.0400000e+002
  1.5477080e+003  7.6800000e+002
  1.5483640e+003  6.5600000e+002
  1.5491240e+003  7.6000000e+002
  1.5497480e+003  6.2400000e+002
  1.5504360e+003  6.8800000e+002
  1.5510880e+003  6.5200000e+002
  1.5517360e+003  6.4800000e+002
  1.5524360e+003  7.0000000e+002
  1.5530040e+003  5.6800000e+002
  1.5535400e+003  5.3600000e+002
  1.5540440e+003  5.0400000e+002
  1.5547320e+003  6.8800000e+002
  1.5555080e+003  7.7600000e+002
  1.5562600e+003  7.5200000e+002
  1.5569280e+003  6.6800000e+002
  1.5575040e+003  5.7600000e+002
  1.5581760e+003  6.7200000e+002
  1.5588560e+003  6.8000000e+002
  1.5593720e+003  5.1600000e+002
  1.5599760e+003  6.0400000e+002
  1.5606640e+003  6.8800000e+002
  1.5612320e+003  5.6800000e+002
  1.5619080e+003  6.7600000e+002
  1.5626640e+003  7.5600000e+002
  1.5632680e+003  6.0400000e+002
  1.5638560e+003  5.8800000e+002
  1.5645000e+003  6.4400000e+002
  1.5651440e+003  6.4400000e+002
  1.5658160e+003  6.7200000e+002
  1.5664760e+003  6.6000000e+002
  1.5672640e+003  7.8800000e+002
  1.5682320e+003  9.6800000e+002
  1.5689280e+003  6.9600000e+002
  1.5696320e+003  7.0400000e+002
  1.5703040e+003  6.7200000e+002
  1.5712520e+003  9.4800000e+002
  1.5719080e+003  6.5600000e+002
  1.5725120e+003  6.0400000e+002
  1.5730160e+003  5.0400000e+002
  1.5737840e+003  7.6800000e+002
  1.5744080e+003  6.2400000e+002
  1.5752480e+003  8.4000000e+002
  1.5757640e+003  5.1600000e+002
  1.5764840e+003  7.2000000e+002
  1.5771760e+003  6.9200000e+002
  1.5777040e+003  5.2800000e+002
  1.5782920e+003  5.8800000e+002
  1.5787800e+003  4.8800000e+002
  1.5795880e+003  8.0800000e+002
  1.5802760e+003  6.8800000e+002
  1.5810520e+003  7.7600000e+002
  1.5817680e+003  7.1600000e+002
  1.5823160e+003  5.4800000e+002
  1.5828600e+003  5.4400000e+002
  1.5835280e+003  6.6800000e+002
  1.5840840e+003  5.5600000e+002
  1.5848120e+003  7.2800000e+002
  1.5853560e+003  5.4400000e+002
  1.5859480e+003  5.9200000e+002
  1.5865280e+003  5.8000000e+002
  1.5870840e+003  5.5600000e+002
  1.5878440e+003  7.6000000e+002
  1.5883880e+003  5.4400000e+002
  1.5890360e+003  6.4800000e+002
  1.5897320e+003  6.9600000e+002
  1.5904760e+003  7.4400000e+002
  1.5910240e+003  5.4800000e+002
  1.5915840e+003  5.6000000e+002
  1.5921680e+003  5.8400000e+002
  1.5929680e+003  8.0000000e+002
  1.5935600e+003  5.9200000e+002
  1.5941560e+003  5.9600000e+002
  1.5948160e+003  6.6000000e+002
  1.5956240e+003  8.0800000e+002
  1.5961320e+003  5.0800000e+002
  1.5968680e+003  7.3600000e+002
  1.5976280e+003  7.6000000e+002
  1.5983600e+003  7.3200000e+002
  1.5989680e+003  6.0800000e+002
  1.5995560e+003  5.8800000e+002
  1.6003480e+003  7.9200000e+002
  1.6009480e+003  6.0000000e+002
  1.6017560e+003  8.0800000e+002
  1.6024160e+003  6.6000000e+002
  1.6032880e+003  8.7200000e+002
  1.6039120e+003  6.2400000e+002
  1.6045800e+003  6.6800000e+002
  1.6053440e+003  7.6400000e+002
  1.6058520e+003  5.0800000e+002
  1.6065680e+003  7.1600000e+002
  1.6073000e+003  7.3200000e+002
  1.6079800e+003  6.8000000e+002
  1.6086240e+003  6.4400000e+002
  1.6093000e+003  6.7600000e+002
  1.6099360e+003  6.3600000e+002
  1.6104800e+003  5.4400000e+002
  1.6112920e+003  8.1200000e+002
  1.6120680e+003  7.7600000e+002
  1.6127240e+003  6.5600000e+002
  1.6138640e+003  1.1400000e+003
  1.6147280e+003  8.6400000e+002
  1.6153040e+003  5.7600000e+002
  1.6159720e+003  6.6800000e+002
  1.6169920e+003  1.0200000e+003
  1.6176840e+003  6.9200000e+002
  1.6184400e+003  7.5600000e+002
  1.6191320e+003  6.9200000e+002
  1.6196560e+003  5.2400000e+002
  1.6202480e+003  5.9200000e+002
  1.6209120e+003  6.6400000e+002
  1.6214600e+003  5.4800000e+002
  1.6220080e+003  5.4800000e+002
  1.6227120e+003  7.0400000e+002
  1.6235880e+003  8.7600000e+002
  1.6242040e+003  6.1600000e+002
  1.6247720e+003  5.6800000e+002
  1.6256320e+003  8.6000000e+002
  1.6262160e+003  5.8400000e+002
  1.6267960e+003  5.8000000e+002
  1.6273440e+003  5.4800000e+002
  1.6280640e+003  7.2000000e+002
  1.6285600e+003  4.9600000e+002
  1.6293120e+003  7.5200000e+002
  1.6299000e+003  5.8800000e+002
  1.6305640e+003  6.6400000e+002
  1.6311960e+003  6.3200000e+002
  1.6317800e+003  5.8400000e+002
  1.6325920e+003  8.1200000e+002
  1.6332880e+003  6.9600000e+002
  1.6339240e+003  6.3600000e+002
  1.6344040e+003  4.8000000e+002
  1.6349880e+003  5.8400000e+002
  1.6355880e+003  6.0000000e+002
  1.6361320e+003  5.4400000e+002
  1.6370560e+003  9.2400000e+002
  1.6376320e+003  5.7600000e+002
  1.6382120e+003  5.8000000e+002
  1.6388160e+003  6.0400000e+002
  1.6395840e+003  7.6800000e+002
  1.6401800e+003  5.9600000e+002
  1.6409560e+003  7.7600000e+002
  1.6413280e+003  3.7200000e+002
  1.6419920e+003  6.6400000e+002
  1.6425920e+003  6.0000000e+002
  1.6432680e+003  6.7600000e+002
  1.6439480e+003  6.8000000e+002
  1.6444560e+003  5.0800000e+002
  1.6449360e+003  4.8000000e+002
  1.6455720e+003  6.3600000e+002
  1.6462240e+003  6.5200000e+002
  1.6469840e+003  7.6000000e+002
  1.6475160e+003  5.3200000e+002
  1.6482520e+003  7.3600000e+002
  1.6490120e+003  7.6000000e+002
  1.6496560e+003  6.4400000e+002
  1.6501440e+003  4.8800000e+002
  1.6509080e+003  7.6400000e+002
  1.6517400e+003  8.3200000e+002
  1.6524080e+003  6.6800000e+002
  1.6528760e+003  4.6800000e+002
  1.6537360e+003  8.6000000e+002
  1.6543040e+003  5.6800000e+002
  1.6548440e+003  5.4000000e+002
  1.6554080e+003  5.6400000e+002
  1.6561240e+003  7.1600000e+002
  1.6566560e+003  5.3200000e+002
  1.6573520e+003  6.9600000e+002
  1.6578200e+003  4.6800000e+002
  1.6584160e+003  5.9600000e+002
  1.6591040e+003  6.8800000e+002
  1.6597440e+003  6.4000000e+002
  1.6603680e+003  6.2400000e+002
  1.6612000e+003  8.3200000e+002
  1.6617760e+003  5.7600000e+002
  1.6624440e+003  6.6800000e+002
  1.6631520e+003  7.0800000e+002
  1.6637080e+003  5.5600000e+002
  1.6646640e+003  9.5600000e+002
  1.6654120e+003  7.4800000e+002
  1.6659400e+003  5.2800000e+002
  1.6664640e+003  5.2400000e+002
  1.6670360e+003  5.7200000e+002
  1.6676080e+003  5.7200000e+002
  1.6683600e+003  7.5200000e+002
  1.6690800e+003  7.2000000e+002
  1.6696560e+003  5.7600000e+002
  1.6702120e+003  5.5600000e+002
  1.6708400e+003  6.2800000e+002
  1.6715480e+003  7.0800000e+002
  1.6722000e+003  6.5200000e+002
  1.6728520e+003  6.5200000e+002
  1.6734840e+003  6.3200000e+002
  1.6741960e+003  7.1200000e+002
  1.6748560e+003  6.6000000e+002
  1.6752920e+003  4.3600000e+002
  1.6759640e+003  6.7200000e+002
  1.6765200e+003  5.5600000e+002
  1.6770360e+003  5.1600000e+002
  1.6775120e+003  4.7600000e+002
  1.6781680e+003  6.5600000e+002
  1.6786080e+003  4.4000000e+002
  1.6792560e+003  6.4800000e+002
  1.6799920e+003  7.3600000e+002
  1.6806240e+003  6.3200000e+002
  1.6812680e+003  6.4400000e+002
  1.6820960e+003  8.2800000e+002
  1.6828200e+003  7.2400000e+002
  1.6833440e+003  5.2400000e+002
  1.6839040e+003  5.6000000e+002
  1.6846560e+003  7.5200000e+002
  1.6851640e+003  5.0800000e+002
  1.6857360e+003  5.7200000e+002
  1.6862440e+003  5.0800000e+002
  1.6869440e+003  7.0000000e+002
  1.6875440e+003  6.0000000e+002
  1.6880800e+003  5.3600000e+002
  1.6886600e+003  5.8000000e+002
  1.6893760e+003  7.1600000e+002
  1.6900760e+003  7.0000000e+002
  1.6908880e+003  8.1200000e+002
  1.6916720e+003  7.8400000e+002
  1.6921760e+003  5.0400000e+002
  1.6926880e+003  5.1200000e+002
  1.6934280e+003  7.4000000e+002
  1.6939200e+003  4.9200000e+002
  1.6945520e+003  6.3200000e+002
  1.6952000e+003  6.4800000e+002
  1.6958120e+003  6.1200000e+002
  1.6963560e+003  5.4400000e+002
  1.6969000e+003  5.4400000e+002
  1.6974920e+003  5.9200000e+002
  1.6982920e+003  8.0000000e+002
  1.6988960e+003  6.0400000e+002
  1.6995040e+003  6.0800000e+002
  1.7001240e+003  6.2000000e+002
  1.7009720e+003  8.4800000e+002
  1.7017040e+003  7.3200000e+002
  1.7022160e+003  5.1200000e+002
  1.7029160e+003  7.0000000e+002
  1.7034200e+003  5.0400000e+002
  1.7039440e+003  5.2400000e+002
  1.7045840e+003  6.4000000e+002
  1.7052800e+003  6.9600000e+002
  1.7060360e+003  7.5600000e+002
  1.7065440e+003  5.0800000e+002
  1.7072960e+003  7.5200000e+002
  1.7078640e+003  5.6800000e+002
  1.7084040e+003  5.4000000e+002
  1.7089680e+003  5.6400000e+002
  1.7095400e+003  5.7200000e+002
  1.7102960e+003  7.5600000e+002
  1.7110080e+003  7.1200000e+002
  1.7116480e+003  6.4000000e+002
  1.7124960e+003  8.4800000e+002
  1.7130560e+003  5.6000000e+002
  1.7138480e+003  7.9200000e+002
  1.7146800e+003  8.3200000e+002
  1.7153120e+003  6.3200000e+002
  1.7159680e+003  6.5600000e+002
  1.7165000e+003  5.3200000e+002
  1.7170160e+003  5.1600000e+002
  1.7175120e+003  4.9600000e+002
  1.7181400e+003  6.2800000e+002
  1.7189040e+003  7.6400000e+002
  1.7198440e+003  9.4000000e+002
  1.7204760e+003  6.3200000e+002
  1.7213160e+003  8.4000000e+002
  1.7218440e+003  5.2800000e+002
  1.7224280e+003  5.8400000e+002
  1.7229760e+003  5.4800000e+002
  1.7235880e+003  6.1200000e+002
  1.7242040e+003  6.1600000e+002
  1.7248720e+003  6.6800000e+002
  1.7254880e+003  6.1600000e+002
  1.7262680e+003  7.8000000e+002
  1.7269280e+003  6.6000000e+002
  1.7276240e+003  6.9600000e+002
  1.7281440e+003  5.2000000e+002
  1.7288520e+003  7.0800000e+002
  1.7294920e+003  6.4000000e+002
  1.7300440e+003  5.5200000e+002
  1.7307840e+003  7.4000000e+002
  1.7314800e+003  6.9600000e+002
  1.7319360e+003  4.5600000e+002
  1.7325320e+003  5.9600000e+002
  1.7330920e+003  5.6000000e+002
  1.7335800e+003  4.8800000e+002
  1.7341840e+003  6.0400000e+002
  1.7346680e+003  4.8400000e+002
  1.7351800e+003  5.1200000e+002
  1.7358880e+003  7.0800000e+002
  1.7363440e+003  4.5600000e+002
  1.7370840e+003  7.4000000e+002
  1.7375560e+003  4.7200000e+002
  1.7380320e+003  4.7600000e+002
  1.7386440e+003  6.1200000e+002
  1.7391440e+003  5.0000000e+002
  1.7396240e+003  4.8000000e+002
  1.7401040e+003  4.8000000e+002
  1.7407400e+003  6.3600000e+002
  1.7412600e+003  5.2000000e+002
  1.7418160e+003  5.5600000e+002
  1.7424160e+003  6.0000000e+002
  1.7429920e+003  5.7600000e+002
  1.7433920e+003  4.0000000e+002
  1.7439840e+003  5.9200000e+002
  1.7445000e+003  5.1600000e+002
  1.7450400e+003  5.4000000e+002
  1.7455280e+003  4.8800000e+002
  1.7461040e+003  5.7600000e+002
  1.7465960e+003  4.9200000e+002
  1.7472200e+003  6.2400000e+002
  1.7477960e+003  5.7600000e+002
  1.7482760e+003  4.8000000e+002
  1.7487480e+003  4.7200000e+002
  1.7493040e+003  5.5600000e+002
  1.7498560e+003  5.5200000e+002
  1.7502800e+003  4.2400000e+002
  1.7508600e+003  5.8000000e+002
  1.7515920e+003  7.3200000e+002
  1.7522440e+003  6.5200000e+002
  1.7527280e+003  4.8400000e+002
  1.7532920e+003  5.6400000e+002
  1.7538440e+003  5.5200000e+002
  1.7544840e+003  6.4000000e+002
  1.7551600e+003  6.7600000e+002
  1.7558880e+003  7.2800000e+002
  1.7564040e+003  5.1600000e+002
  1.7569920e+003  5.8800000e+002
  1.7575600e+003  5.6800000e+002
  1.7580880e+003  5.2800000e+002
  1.7586680e+003  5.8000000e+002
  1.7591720e+003  5.0400000e+002
  1.7596880e+003  5.1600000e+002
  1.7602080e+003  5.2000000e+002
  1.7607160e+003  5.0800000e+002
  1.7612760e+003  5.6000000e+002
  1.7620040e+003  7.2800000e+002
  1.7626320e+003  6.2800000e+002
  1.7631000e+003  4.6800000e+002
  1.7637160e+003  6.1600000e+002
  1.7643880e+003  6.7200000e+002
  1.7651360e+003  7.4800000e+002
  1.7657280e+003  5.9200000e+002
  1.7662640e+003  5.3600000e+002
  1.7669040e+003  6.4000000e+002
  1.7676720e+003  7.6800000e+002
  1.7683320e+003  6.6000000e+002
  1.7688560e+003  5.2400000e+002
  1.7693240e+003  4.6800000e+002
  1.7698400e+003  5.1600000e+002
  1.7704160e+003  5.7600000e+002
  1.7710520e+003  6.3600000e+002
  1.7717120e+003  6.6000000e+002
  1.7722000e+003  4.8800000e+002
  1.7727440e+003  5.4400000e+002
  1.7734200e+003  6.7600000e+002
  1.7739320e+003  5.1200000e+002
  1.7744680e+003  5.3600000e+002
  1.7751400e+003  6.7200000e+002
  1.7758800e+003  7.4000000e+002
  1.7765000e+003  6.2000000e+002
  1.7771400e+003  6.4000000e+002
  1.7775440e+003  4.0400000e+002
  1.7783600e+003  8.1600000e+002
  1.7789280e+003  5.6800000e+002
  1.7796120e+003  6.8400000e+002
  1.7803400e+003  7.2800000e+002
  1.7809800e+003  6.4000000e+002
  1.7815880e+003  6.0800000e+002
  1.7822480e+003  6.6000000e+002
  1.7827680e+003  5.2000000e+002
  1.7835640e+003  7.9600000e+002
  1.7840760e+003  5.1200000e+002
  1.7845760e+003  5.0000000e+002
  1.7850960e+003  5.2000000e+002
  1.7858600e+003  7.6400000e+002
  1.7865400e+003  6.8000000e+002
  1.7871080e+003  5.6800000e+002
  1.7877280e+003  6.2000000e+002
  1.7883280e+003  6.0000000e+002
  1.7889040e+003  5.7600000e+002
  1.7895040e+003  6.0000000e+002
  1.7902200e+003  7.1600000e+002
  1.7906920e+003  4.7200000e+002
  1.7912160e+003  5.2400000e+002
  1.7920680e+003  8.5200000e+002
  1.7925480e+003  4.8000000e+002
  1.7932520e+003  7.0400000e+002
  1.7937640e+003  5.1200000e+002
  1.7942040e+003  4.4000000e+002
  1.7948040e+003  6.0000000e+002
  1.7955200e+003  7.1600000e+002
  1.7959160e+003  3.9600000e+002
  1.7964440e+003  5.2800000e+002
  1.7971040e+003  6.6000000e+002
  1.7976800e+003  5.7600000e+002
  1.7982240e+003  5.4400000e+002
  1.7988080e+003  5.8400000e+002
  1.7993480e+003  5.4000000e+002
