  1.1400000e+000  6.5200000e+002
  1.7640000e+000  6.2400000e+002
  2.4000000e+000  6.3600000e+002
  3.0080000e+000  6.0800000e+002
  3.6720000e+000  6.6400000e+002
  4.3040000e+000  6.3200000e+002
  4.9200000e+000  6.1600000e+002
  5.5640000e+000  6.4400000e+002
  6.2360000e+000  6.7200000e+002
  6.8680000e+000  6.3200000e+002
  7.5160000e+000  6.4800000e+002
  8.1440000e+000  6.2800000e+002
  8.8000000e+000  6.5600000e+002
  9.4440000e+000  6.4400000e+002
  1.0096000e+001  6.5200000e+002
  1.0744000e+001  6.4800000e+002
  1.1420000e+001  6.7600000e+002
  1.2100000e+001  6.8000000e+002
  1.2804000e+001  7.0400000e+002
  1.3508000e+001  7.0400000e+002
  1.4180000e+001  6.7200000e+002
  1.4876000e+001  6.9600000e+002
  1.5540000e+001  6.6400000e+002
  1.6244000e+001  7.0400000e+002
  1.6932000e+001  6.8800000e+002
  1.7632000e+001  7.0000000e+002
  1.8340000e+001  7.0800000e+002
  1.9024000e+001  6.8400000e+002
  1.9720000e+001  6.9600000e+002
  2.0392000e+001  6.7200000e+002
  2.1052000e+001  6.6000000e+002
  2.1716000e+001  6.6400000e+002
  2.2360000e+001  6.4400000e+002
  2.3008000e+001  6.4800000e+002
  2.3644000e+001  6.3600000e+002
  2.4252000e+001  6.0800000e+002
  2.4872000e+001  6.2000000e+002
  2.5516000e+001  6.4400000e+002
  2.6104000e+001  5.8800000e+002
  2.6708000e+001  6.0400000e+002
  2.7336000e+001  6.2800000e+002
  2.7912000e+001  5.7600000e+002
  2.8520000e+001  6.0800000e+002
  2.9152000e+001  6.3200000e+002
  2.9760000e+001  6.0800000e+002
  3.0360000e+001  6.0000000e+002
  3.0980000e+001  6.2000000e+002
  3.1632000e+001  6.5200000e+002
  3.2244000e+001  6.1200000e+002
  3.2840000e+001  5.9600000e+002
  3.3476000e+001  6.3600000e+002
  3.4048000e+001  5.7200000e+002
  3.4656000e+001  6.0800000e+002
  3.5256000e+001  6.0000000e+002
  3.5852000e+001  5.9600000e+002
  3.6472000e+001  6.2000000e+002
  3.7060000e+001  5.8800000e+002
  3.7632000e+001  5.7200000e+002
  3.8232000e+001  6.0000000e+002
  3.8864000e+001  6.3200000e+002
  3.9464000e+001  6.0000000e+002
  4.0048000e+001  5.8400000e+002
  4.0656000e+001  6.0800000e+002
  4.1288000e+001  6.3200000e+002
  4.1896000e+001  6.0800000e+002
  4.2480000e+001  5.8400000e+002
  4.3084000e+001  6.0400000e+002
  4.3720000e+001  6.3600000e+002
  4.4316000e+001  5.9600000e+002
  4.4900000e+001  5.8400000e+002
  4.5504000e+001  6.0400000e+002
  4.6140000e+001  6.3600000e+002
  4.6740000e+001  6.0000000e+002
  4.7324000e+001  5.8400000e+002
  4.7936000e+001  6.1200000e+002
  4.8572000e+001  6.3600000e+002
  4.9176000e+001  6.0400000e+002
  4.9784000e+001  6.0800000e+002
  5.0396000e+001  6.1200000e+002
  5.1012000e+001  6.1600000e+002
  5.1620000e+001  6.0800000e+002
  5.2244000e+001  6.2400000e+002
  5.2864000e+001  6.2000000e+002
  5.3484000e+001  6.2000000e+002
  5.4100000e+001  6.1600000e+002
  5.4708000e+001  6.0800000e+002
  5.5328000e+001  6.2000000e+002
  5.5924000e+001  5.9600000e+002
  5.6572000e+001  6.4800000e+002
  5.7188000e+001  6.1600000e+002
  5.7788000e+001  6.0000000e+002
  5.8436000e+001  6.4800000e+002
  5.9028000e+001  5.9200000e+002
  5.9640000e+001  6.1200000e+002
  6.0268000e+001  6.2800000e+002
  6.0868000e+001  6.0000000e+002
  6.1476000e+001  6.0800000e+002
  6.2076000e+001  6.0000000e+002
  6.2636000e+001  5.6000000e+002
  6.3260000e+001  6.2400000e+002
  6.3824000e+001  5.6400000e+002
  6.4416000e+001  5.9200000e+002
  6.5024000e+001  6.0800000e+002
  6.5604000e+001  5.8000000e+002
  6.6192000e+001  5.8800000e+002
  6.6748000e+001  5.5600000e+002
  6.7328000e+001  5.8000000e+002
  6.7896000e+001  5.6800000e+002
  6.8472000e+001  5.7600000e+002
  6.9040000e+001  5.6800000e+002
  6.9604000e+001  5.6400000e+002
  7.0172000e+001  5.6800000e+002
  7.0736000e+001  5.6400000e+002
  7.1300000e+001  5.6400000e+002
  7.1872000e+001  5.7200000e+002
  7.2476000e+001  6.0400000e+002
  7.3056000e+001  5.8000000e+002
  7.3620000e+001  5.6400000e+002
  7.4216000e+001  5.9600000e+002
  7.4808000e+001  5.9200000e+002
  7.5408000e+001  6.0000000e+002
  7.6036000e+001  6.2800000e+002
  7.6628000e+001  5.9200000e+002
  7.7232000e+001  6.0400000e+002
  7.7832000e+001  6.0000000e+002
  7.8444000e+001  6.1200000e+002
  7.9048000e+001  6.0400000e+002
  7.9668000e+001  6.2000000e+002
  8.0284000e+001  6.1600000e+002
  8.0900000e+001  6.1600000e+002
  8.1516000e+001  6.1600000e+002
  8.2144000e+001  6.2800000e+002
  8.2764000e+001  6.2000000e+002
  8.3376000e+001  6.1200000e+002
  8.4000000e+001  6.2400000e+002
  8.4620000e+001  6.2000000e+002
  8.5236000e+001  6.1600000e+002
  8.5860000e+001  6.2400000e+002
  8.6476000e+001  6.1600000e+002
  8.7084000e+001  6.0800000e+002
  8.7708000e+001  6.2400000e+002
  8.8324000e+001  6.1600000e+002
  8.8936000e+001  6.1200000e+002
  8.9552000e+001  6.1600000e+002
  9.0164000e+001  6.1200000e+002
  9.0772000e+001  6.0800000e+002
  9.1392000e+001  6.2000000e+002
  9.1996000e+001  6.0400000e+002
  9.2600000e+001  6.0400000e+002
  9.3200000e+001  6.0000000e+002
  9.3788000e+001  5.8800000e+002
  9.4376000e+001  5.8800000e+002
  9.4936000e+001  5.6000000e+002
  9.5548000e+001  6.1200000e+002
  9.6132000e+001  5.8400000e+002
  9.6720000e+001  5.8800000e+002
  9.7288000e+001  5.6800000e+002
  9.7884000e+001  5.9600000e+002
  9.8492000e+001  6.0800000e+002
  9.9124000e+001  6.3200000e+002
  9.9728000e+001  6.0400000e+002
  1.0033200e+002  6.0400000e+002
  1.0093600e+002  6.0400000e+002
  1.0153200e+002  5.9600000e+002
  1.0210400e+002  5.7200000e+002
  1.0270000e+002  5.9600000e+002
  1.0329200e+002  5.9200000e+002
  1.0390800e+002  6.1600000e+002
  1.0449200e+002  5.8400000e+002
  1.0508400e+002  5.9200000e+002
  1.0568800e+002  6.0400000e+002
  1.0629200e+002  6.0400000e+002
  1.0690800e+002  6.1600000e+002
  1.0754000e+002  6.3200000e+002
  1.0816800e+002  6.2800000e+002
  1.0882400e+002  6.5600000e+002
  1.0946800e+002  6.4400000e+002
  1.1010800e+002  6.4000000e+002
  1.1075600e+002  6.4800000e+002
  1.1138800e+002  6.3200000e+002
  1.1202400e+002  6.3600000e+002
  1.1265200e+002  6.2800000e+002
  1.1327200e+002  6.2000000e+002
  1.1388400e+002  6.1200000e+002
  1.1449600e+002  6.1200000e+002
  1.1509600e+002  6.0000000e+002
  1.1569600e+002  6.0000000e+002
  1.1629600e+002  6.0000000e+002
  1.1689600e+002  6.0000000e+002
  1.1748800e+002  5.9200000e+002
  1.1808800e+002  6.0000000e+002
  1.1869200e+002  6.0400000e+002
  1.1928800e+002  5.9600000e+002
  1.1989600e+002  6.0800000e+002
  1.2050400e+002  6.0800000e+002
  1.2110000e+002  5.9600000e+002
  1.2170400e+002  6.0400000e+002
  1.2230000e+002  5.9600000e+002
  1.2289600e+002  5.9600000e+002
  1.2349200e+002  5.9600000e+002
  1.2408400e+002  5.9200000e+002
  1.2467600e+002  5.9200000e+002
  1.2526400e+002  5.8800000e+002
  1.2584800e+002  5.8400000e+002
  1.2643200e+002  5.8400000e+002
  1.2702000e+002  5.8800000e+002
  1.2760000e+002  5.8000000e+002
  1.2818400e+002  5.8400000e+002
  1.2876800e+002  5.8400000e+002
  1.2935600e+002  5.8800000e+002
  1.2994000e+002  5.8400000e+002
  1.3052800e+002  5.8800000e+002
  1.3111200e+002  5.8400000e+002
  1.3170000e+002  5.8800000e+002
  1.3226400e+002  5.6400000e+002
  1.3288400e+002  6.2000000e+002
  1.3347200e+002  5.8800000e+002
  1.3407600e+002  6.0400000e+002
  1.3467200e+002  5.9600000e+002
  1.3525200e+002  5.8000000e+002
  1.3585600e+002  6.0400000e+002
  1.3648800e+002  6.3200000e+002
  1.3709200e+002  6.0400000e+002
  1.3767600e+002  5.8400000e+002
  1.3828400e+002  6.0800000e+002
  1.3892400e+002  6.4000000e+002
  1.3953200e+002  6.0800000e+002
  1.4012800e+002  5.9600000e+002
  1.4074800e+002  6.2000000e+002
  1.4139200e+002  6.4400000e+002
  1.4200800e+002  6.1600000e+002
  1.4260000e+002  5.9200000e+002
  1.4324000e+002  6.4000000e+002
  1.4385200e+002  6.1200000e+002
  1.4446000e+002  6.0800000e+002
  1.4504400e+002  5.8400000e+002
  1.4568000e+002  6.3600000e+002
  1.4628400e+002  6.0400000e+002
  1.4689200e+002  6.0800000e+002
  1.4750000e+002  6.0800000e+002
  1.4810800e+002  6.0800000e+002
  1.4872000e+002  6.1200000e+002
  1.4933200e+002  6.1200000e+002
  1.4995200e+002  6.2000000e+002
  1.5058000e+002  6.2800000e+002
  1.5120400e+002  6.2400000e+002
  1.5184000e+002  6.3600000e+002
  1.5247600e+002  6.3600000e+002
  1.5310800e+002  6.3200000e+002
  1.5375600e+002  6.4800000e+002
  1.5439200e+002  6.3600000e+002
  1.5503200e+002  6.4000000e+002
  1.5563200e+002  6.0000000e+002
  1.5628400e+002  6.5200000e+002
  1.5690000e+002  6.1600000e+002
  1.5752000e+002  6.2000000e+002
  1.5812800e+002  6.0800000e+002
  1.5873600e+002  6.0800000e+002
  1.5935200e+002  6.1600000e+002
  1.5996000e+002  6.0800000e+002
  1.6058000e+002  6.2000000e+002
  1.6120400e+002  6.2400000e+002
  1.6183200e+002  6.2800000e+002
  1.6247600e+002  6.4400000e+002
  1.6312800e+002  6.5200000e+002
  1.6378000e+002  6.5200000e+002
  1.6444000e+002  6.6000000e+002
  1.6510400e+002  6.6400000e+002
  1.6576000e+002  6.5600000e+002
  1.6642000e+002  6.6000000e+002
  1.6707600e+002  6.5600000e+002
  1.6772000e+002  6.4400000e+002
  1.6837200e+002  6.5200000e+002
  1.6901600e+002  6.4400000e+002
  1.6964000e+002  6.2400000e+002
  1.7027200e+002  6.3200000e+002
  1.7090000e+002  6.2800000e+002
  1.7150800e+002  6.0800000e+002
  1.7211600e+002  6.0800000e+002
  1.7272000e+002  6.0400000e+002
  1.7332800e+002  6.0800000e+002
  1.7392800e+002  6.0000000e+002
  1.7453200e+002  6.0400000e+002
  1.7511200e+002  5.8000000e+002
  1.7572400e+002  6.1200000e+002
  1.7636400e+002  6.4000000e+002
  1.7696800e+002  6.0400000e+002
  1.7755600e+002  5.8800000e+002
  1.7817200e+002  6.1600000e+002
  1.7879200e+002  6.2000000e+002
  1.7944400e+002  6.5200000e+002
  1.8005600e+002  6.1200000e+002
  1.8064800e+002  5.9200000e+002
  1.8126400e+002  6.1600000e+002
  1.8191200e+002  6.4800000e+002
  1.8252000e+002  6.0800000e+002
  1.8313200e+002  6.1200000e+002
  1.8374400e+002  6.1200000e+002
  1.8434800e+002  6.0400000e+002
  1.8495600e+002  6.0800000e+002
  1.8556400e+002  6.0800000e+002
  1.8616800e+002  6.0400000e+002
  1.8677600e+002  6.0800000e+002
  1.8739600e+002  6.2000000e+002
  1.8801200e+002  6.1600000e+002
  1.8862800e+002  6.1600000e+002
  1.8925200e+002  6.2400000e+002
  1.8987600e+002  6.2400000e+002
  1.9047200e+002  5.9600000e+002
  1.9112800e+002  6.5600000e+002
  1.9174400e+002  6.1600000e+002
  1.9237200e+002  6.2800000e+002
  1.9299200e+002  6.2000000e+002
  1.9360800e+002  6.1600000e+002
  1.9423200e+002  6.2400000e+002
  1.9484400e+002  6.1200000e+002
  1.9547200e+002  6.2800000e+002
  1.9608800e+002  6.1600000e+002
  1.9669600e+002  6.0800000e+002
  1.9730000e+002  6.0400000e+002
  1.9790800e+002  6.0800000e+002
  1.9851200e+002  6.0400000e+002
  1.9911200e+002  6.0000000e+002
  1.9972000e+002  6.0800000e+002
  2.0030000e+002  5.8000000e+002
  2.0094400e+002  6.4400000e+002
  2.0154800e+002  6.0400000e+002
  2.0213200e+002  5.8400000e+002
  2.0274400e+002  6.1200000e+002
  2.0338400e+002  6.4000000e+002
  2.0398800e+002  6.0400000e+002
  2.0457200e+002  5.8400000e+002
  2.0519200e+002  6.2000000e+002
  2.0584800e+002  6.5600000e+002
  2.0643600e+002  5.8800000e+002
  2.0706400e+002  6.2800000e+002
  2.0772000e+002  6.5600000e+002
  2.0834800e+002  6.2800000e+002
  2.0898000e+002  6.3200000e+002
  2.0961600e+002  6.3600000e+002
  2.1025200e+002  6.3600000e+002
  2.1090000e+002  6.4800000e+002
  2.1154000e+002  6.4000000e+002
  2.1218000e+002  6.4000000e+002
  2.1282800e+002  6.4800000e+002
  2.1346800e+002  6.4000000e+002
  2.1409600e+002  6.2800000e+002
  2.1473200e+002  6.3600000e+002
  2.1536000e+002  6.2800000e+002
  2.1598800e+002  6.2800000e+002
  2.1662400e+002  6.3600000e+002
  2.1726000e+002  6.3600000e+002
  2.1789600e+002  6.3600000e+002
  2.1853600e+002  6.4000000e+002
  2.1917600e+002  6.4000000e+002
  2.1982400e+002  6.4800000e+002
  2.2047200e+002  6.4800000e+002
  2.2111200e+002  6.4000000e+002
  2.2175200e+002  6.4000000e+002
  2.2238800e+002  6.3600000e+002
  2.2301200e+002  6.2400000e+002
  2.2363600e+002  6.2400000e+002
  2.2425200e+002  6.1600000e+002
  2.2485600e+002  6.0400000e+002
  2.2546400e+002  6.0800000e+002
  2.2606000e+002  5.9600000e+002
  2.2663200e+002  5.7200000e+002
  2.2722800e+002  5.9600000e+002
  2.2785200e+002  6.2400000e+002
  2.2842000e+002  5.6800000e+002
  2.2901200e+002  5.9200000e+002
  2.2963600e+002  6.2400000e+002
  2.3023600e+002  6.0000000e+002
  2.3082000e+002  5.8400000e+002
  2.3140800e+002  5.8800000e+002
  2.3200000e+002  5.9200000e+002
  2.3256400e+002  5.6400000e+002
  2.3317600e+002  6.1200000e+002
  2.3375200e+002  5.7600000e+002
  2.3432800e+002  5.7600000e+002
  2.3490800e+002  5.8000000e+002
  2.3547600e+002  5.6800000e+002
  2.3602400e+002  5.4800000e+002
  2.3658800e+002  5.6400000e+002
  2.3715200e+002  5.6400000e+002
  2.3771600e+002  5.6400000e+002
  2.3828000e+002  5.6400000e+002
  2.3884400e+002  5.6400000e+002
  2.3944000e+002  5.9600000e+002
  2.4000800e+002  5.6800000e+002
  2.4058800e+002  5.8000000e+002
  2.4116800e+002  5.8000000e+002
  2.4176400e+002  5.9600000e+002
  2.4237200e+002  6.0800000e+002
  2.4299200e+002  6.2000000e+002
  2.4361200e+002  6.2000000e+002
  2.4423200e+002  6.2000000e+002
  2.4485200e+002  6.2000000e+002
  2.4546800e+002  6.1600000e+002
  2.4608800e+002  6.2000000e+002
  2.4670400e+002  6.1600000e+002
  2.4731600e+002  6.1200000e+002
  2.4794000e+002  6.2400000e+002
  2.4856000e+002  6.2000000e+002
  2.4918400e+002  6.2400000e+002
  2.4981200e+002  6.2800000e+002
  2.5043600e+002  6.2400000e+002
  2.5106400e+002  6.2800000e+002
  2.5168000e+002  6.1600000e+002
  2.5229600e+002  6.1600000e+002
  2.5291200e+002  6.1600000e+002
  2.5352400e+002  6.1200000e+002
  2.5413600e+002  6.1200000e+002
  2.5474800e+002  6.1200000e+002
  2.5535600e+002  6.0800000e+002
  2.5597200e+002  6.1600000e+002
  2.5658000e+002  6.0800000e+002
  2.5718400e+002  6.0400000e+002
  2.5779200e+002  6.0800000e+002
  2.5839600e+002  6.0400000e+002
  2.5899600e+002  6.0000000e+002
  2.5960000e+002  6.0400000e+002
  2.6019200e+002  5.9200000e+002
  2.6077200e+002  5.7600000e+002
  2.6136800e+002  5.9600000e+002
  2.6196400e+002  5.9600000e+002
  2.6259200e+002  6.2800000e+002
  2.6315200e+002  5.6000000e+002
  2.6377600e+002  6.2400000e+002
  2.6436400e+002  5.8800000e+002
  2.6493600e+002  5.7200000e+002
  2.6552800e+002  5.9200000e+002
  2.6612400e+002  5.9600000e+002
  2.6674800e+002  6.2400000e+002
  2.6734400e+002  5.9600000e+002
  2.6794400e+002  6.0000000e+002
  2.6855200e+002  6.0800000e+002
  2.6916800e+002  6.1600000e+002
  2.6978000e+002  6.1200000e+002
  2.7040400e+002  6.2400000e+002
  2.7102800e+002  6.2400000e+002
  2.7165600e+002  6.2800000e+002
  2.7229200e+002  6.3600000e+002
  2.7292400e+002  6.3200000e+002
  2.7354400e+002  6.2000000e+002
  2.7417200e+002  6.2800000e+002
  2.7478800e+002  6.1600000e+002
  2.7540000e+002  6.1200000e+002
  2.7601200e+002  6.1200000e+002
  2.7661200e+002  6.0000000e+002
  2.7721600e+002  6.0400000e+002
  2.7782000e+002  6.0400000e+002
  2.7842000e+002  6.0000000e+002
  2.7902400e+002  6.0400000e+002
  2.7962400e+002  6.0000000e+002
  2.8022400e+002  6.0000000e+002
  2.8082800e+002  6.0400000e+002
  2.8142800e+002  6.0000000e+002
  2.8202800e+002  6.0000000e+002
  2.8264000e+002  6.1200000e+002
  2.8324400e+002  6.0400000e+002
  2.8384000e+002  5.9600000e+002
  2.8444800e+002  6.0800000e+002
  2.8504000e+002  5.9200000e+002
  2.8563600e+002  5.9600000e+002
  2.8623200e+002  5.9600000e+002
  2.8682000e+002  5.8800000e+002
  2.8741200e+002  5.9200000e+002
  2.8800800e+002  5.9600000e+002
  2.8860000e+002  5.9200000e+002
  2.8918800e+002  5.8800000e+002
  2.8978000e+002  5.9200000e+002
  2.9036400e+002  5.8400000e+002
  2.9094400e+002  5.8000000e+002
  2.9152800e+002  5.8400000e+002
  2.9210400e+002  5.7600000e+002
  2.9267600e+002  5.7200000e+002
  2.9324800e+002  5.7200000e+002
  2.9381600e+002  5.6800000e+002
  2.9438000e+002  5.6400000e+002
  2.9494800e+002  5.6800000e+002
  2.9551600e+002  5.6800000e+002
  2.9608000e+002  5.6400000e+002
  2.9664400e+002  5.6400000e+002
  2.9721200e+002  5.6800000e+002
  2.9777200e+002  5.6000000e+002
  2.9833600e+002  5.6400000e+002
  2.9890400e+002  5.6800000e+002
  2.9946800e+002  5.6400000e+002
  3.0004000e+002  5.7200000e+002
  3.0061200e+002  5.7200000e+002
  3.0118400e+002  5.7200000e+002
  3.0176800e+002  5.8400000e+002
  3.0235200e+002  5.8400000e+002
  3.0293600e+002  5.8400000e+002
  3.0353200e+002  5.9600000e+002
  3.0412000e+002  5.8800000e+002
  3.0472000e+002  6.0000000e+002
  3.0532000e+002  6.0000000e+002
  3.0592000e+002  6.0000000e+002
  3.0652000e+002  6.0000000e+002
  3.0712800e+002  6.0800000e+002
  3.0772800e+002  6.0000000e+002
  3.0833600e+002  6.0800000e+002
  3.0894000e+002  6.0400000e+002
  3.0953600e+002  5.9600000e+002
  3.1014000e+002  6.0400000e+002
  3.1074400e+002  6.0400000e+002
  3.1134000e+002  5.9600000e+002
  3.1195600e+002  6.1600000e+002
  3.1254800e+002  5.9200000e+002
  3.1320400e+002  6.5600000e+002
  3.1382000e+002  6.1600000e+002
  3.1444400e+002  6.2400000e+002
  3.1503600e+002  5.9200000e+002
  3.1568000e+002  6.4400000e+002
  3.1628000e+002  6.0000000e+002
  3.1685600e+002  5.7600000e+002
  3.1745200e+002  5.9600000e+002
  3.1804400e+002  5.9200000e+002
  3.1866000e+002  6.1600000e+002
  3.1924000e+002  5.8000000e+002
  3.1982400e+002  5.8400000e+002
  3.2040400e+002  5.8000000e+002
  3.2098800e+002  5.8400000e+002
  3.2157600e+002  5.8800000e+002
  3.2216800e+002  5.9200000e+002
  3.2275600e+002  5.8800000e+002
  3.2334400e+002  5.8800000e+002
  3.2393600e+002  5.9200000e+002
  3.2452000e+002  5.8400000e+002
  3.2510800e+002  5.8800000e+002
  3.2568800e+002  5.8000000e+002
  3.2626400e+002  5.7600000e+002
  3.2683600e+002  5.7200000e+002
  3.2740800e+002  5.7200000e+002
  3.2797600e+002  5.6800000e+002
  3.2854800e+002  5.7200000e+002
  3.2912000e+002  5.7200000e+002
  3.2969200e+002  5.7200000e+002
  3.3027600e+002  5.8400000e+002
  3.3086400e+002  5.8800000e+002
  3.3144800e+002  5.8400000e+002
  3.3202400e+002  5.7600000e+002
  3.3265600e+002  6.3200000e+002
  3.3326400e+002  6.0800000e+002
  3.3386800e+002  6.0400000e+002
  3.3448000e+002  6.1200000e+002
  3.3508400e+002  6.0400000e+002
  3.3568400e+002  6.0000000e+002
  3.3628400e+002  6.0000000e+002
  3.3688000e+002  5.9600000e+002
  3.3747600e+002  5.9600000e+002
  3.3806400e+002  5.8800000e+002
  3.3864800e+002  5.8400000e+002
  3.3924000e+002  5.9200000e+002
  3.3982800e+002  5.8800000e+002
  3.4041200e+002  5.8400000e+002
  3.4100800e+002  5.9600000e+002
  3.4160000e+002  5.9200000e+002
  3.4219600e+002  5.9600000e+002
  3.4280000e+002  6.0400000e+002
  3.4340400e+002  6.0400000e+002
  3.4401200e+002  6.0800000e+002
  3.4462000e+002  6.0800000e+002
  3.4522800e+002  6.0800000e+002
  3.4584400e+002  6.1600000e+002
  3.4646000e+002  6.1600000e+002
  3.4707600e+002  6.1600000e+002
  3.4768800e+002  6.1200000e+002
  3.4830800e+002  6.2000000e+002
  3.4892400e+002  6.1600000e+002
  3.4953600e+002  6.1200000e+002
  3.5014400e+002  6.0800000e+002
  3.5075600e+002  6.1200000e+002
  3.5136800e+002  6.1200000e+002
  3.5196800e+002  6.0000000e+002
  3.5257600e+002  6.0800000e+002
  3.5318000e+002  6.0400000e+002
  3.5378400e+002  6.0400000e+002
  3.5439600e+002  6.1200000e+002
  3.5500400e+002  6.0800000e+002
  3.5562000e+002  6.1600000e+002
  3.5623600e+002  6.1600000e+002
  3.5684800e+002  6.1200000e+002
  3.5746000e+002  6.1200000e+002
  3.5806400e+002  6.0400000e+002
  3.5866000e+002  5.9600000e+002
  3.5926000e+002  6.0000000e+002
  3.5985600e+002  5.9600000e+002
  3.6044800e+002  5.9200000e+002
  3.6102000e+002  5.7200000e+002
  3.6161600e+002  5.9600000e+002
  3.6221600e+002  6.0000000e+002
  3.6284400e+002  6.2800000e+002
  3.6344000e+002  5.9600000e+002
  3.6404400e+002  6.0400000e+002
  3.6465200e+002  6.0800000e+002
  3.6525200e+002  6.0000000e+002
  3.6586400e+002  6.1200000e+002
  3.6647600e+002  6.1200000e+002
  3.6709600e+002  6.2000000e+002
  3.6772000e+002  6.2400000e+002
  3.6833200e+002  6.1200000e+002
  3.6895200e+002  6.2000000e+002
  3.6956800e+002  6.1600000e+002
  3.7017200e+002  6.0400000e+002
  3.7078400e+002  6.1200000e+002
  3.7138400e+002  6.0000000e+002
  3.7199200e+002  6.0800000e+002
  3.7260800e+002  6.1600000e+002
  3.7321600e+002  6.0800000e+002
  3.7383200e+002  6.1600000e+002
  3.7445200e+002  6.2000000e+002
  3.7506000e+002  6.0800000e+002
  3.7568000e+002  6.2000000e+002
  3.7628800e+002  6.0800000e+002
  3.7689200e+002  6.0400000e+002
  3.7750000e+002  6.0800000e+002
  3.7810000e+002  6.0000000e+002
  3.7870000e+002  6.0000000e+002
  3.7929600e+002  5.9600000e+002
  3.7988800e+002  5.9200000e+002
  3.8048000e+002  5.9200000e+002
  3.8106800e+002  5.8800000e+002
  3.8165200e+002  5.8400000e+002
  3.8220800e+002  5.5600000e+002
  3.8282400e+002  6.1600000e+002
  3.8341200e+002  5.8800000e+002
  3.8400000e+002  5.8800000e+002
  3.8458400e+002  5.8400000e+002
  3.8517200e+002  5.8800000e+002
  3.8576400e+002  5.9200000e+002
  3.8635600e+002  5.9200000e+002
  3.8695200e+002  5.9600000e+002
  3.8754800e+002  5.9600000e+002
  3.8814400e+002  5.9600000e+002
  3.8874400e+002  6.0000000e+002
  3.8934400e+002  6.0000000e+002
  3.8993200e+002  5.8800000e+002
  3.9052800e+002  5.9600000e+002
  3.9112400e+002  5.9600000e+002
  3.9171600e+002  5.9200000e+002
  3.9230400e+002  5.8800000e+002
  3.9289600e+002  5.9200000e+002
  3.9348000e+002  5.8400000e+002
  3.9406000e+002  5.8000000e+002
  3.9464400e+002  5.8400000e+002
  3.9522400e+002  5.8000000e+002
  3.9581200e+002  5.8800000e+002
  3.9640400e+002  5.9200000e+002
  3.9700800e+002  6.0400000e+002
  3.9760800e+002  6.0000000e+002
  3.9822000e+002  6.1200000e+002
  3.9883600e+002  6.1600000e+002
  3.9945200e+002  6.1600000e+002
  4.0006800e+002  6.1600000e+002
  4.0067600e+002  6.0800000e+002
  4.0127600e+002  6.0000000e+002
  4.0187600e+002  6.0000000e+002
  4.0247200e+002  5.9600000e+002
  4.0306400e+002  5.9200000e+002
  4.0362400e+002  5.6000000e+002
  4.0423200e+002  6.0800000e+002
  4.0480400e+002  5.7200000e+002
  4.0538400e+002  5.8000000e+002
  4.0596000e+002  5.7600000e+002
  4.0652400e+002  5.6400000e+002
  4.0709200e+002  5.6800000e+002
  4.0765600e+002  5.6400000e+002
  4.0822000e+002  5.6400000e+002
  4.0878800e+002  5.6800000e+002
  4.0933200e+002  5.4400000e+002
  4.0990400e+002  5.7200000e+002
  4.1048000e+002  5.7600000e+002
  4.1108000e+002  6.0000000e+002
  4.1165200e+002  5.7200000e+002
  4.1222400e+002  5.7200000e+002
  4.1279200e+002  5.6800000e+002
  4.1336800e+002  5.7600000e+002
  4.1395200e+002  5.8400000e+002
  4.1453600e+002  5.8400000e+002
  4.1512800e+002  5.9200000e+002
  4.1572800e+002  6.0000000e+002
  4.1633200e+002  6.0400000e+002
  4.1693200e+002  6.0000000e+002
  4.1754400e+002  6.1200000e+002
  4.1815200e+002  6.0800000e+002
  4.1875600e+002  6.0400000e+002
  4.1936800e+002  6.1200000e+002
  4.1996800e+002  6.0000000e+002
  4.2056800e+002  6.0000000e+002
  4.2116400e+002  5.9600000e+002
  4.2174800e+002  5.8400000e+002
  4.2233600e+002  5.8800000e+002
  4.2292000e+002  5.8400000e+002
  4.2349600e+002  5.7600000e+002
  4.2408000e+002  5.8400000e+002
  4.2466400e+002  5.8400000e+002
  4.2524800e+002  5.8400000e+002
  4.2583600e+002  5.8800000e+002
  4.2643200e+002  5.9600000e+002
  4.2702800e+002  5.9600000e+002
  4.2764000e+002  6.1200000e+002
  4.2824800e+002  6.0800000e+002
  4.2885600e+002  6.0800000e+002
  4.2947200e+002  6.1600000e+002
  4.3009200e+002  6.2000000e+002
  4.3070000e+002  6.0800000e+002
  4.3131600e+002  6.1600000e+002
  4.3192000e+002  6.0400000e+002
  4.3253200e+002  6.1200000e+002
  4.3314400e+002  6.1200000e+002
  4.3374800e+002  6.0400000e+002
  4.3436000e+002  6.1200000e+002
  4.3498400e+002  6.2400000e+002
  4.3560400e+002  6.2000000e+002
  4.3624000e+002  6.3600000e+002
  4.3687200e+002  6.3200000e+002
  4.3750000e+002  6.2800000e+002
  4.3813600e+002  6.3600000e+002
  4.3877200e+002  6.3600000e+002
  4.3940000e+002  6.2800000e+002
  4.4003600e+002  6.3600000e+002
  4.4066000e+002  6.2400000e+002
  4.4128400e+002  6.2400000e+002
  4.4190400e+002  6.2000000e+002
  4.4252000e+002  6.1600000e+002
  4.4314000e+002  6.2000000e+002
  4.4375600e+002  6.1600000e+002
  4.4438000e+002  6.2400000e+002
  4.4500400e+002  6.2400000e+002
  4.4562400e+002  6.2000000e+002
  4.4625600e+002  6.3200000e+002
  4.4687200e+002  6.1600000e+002
  4.4750400e+002  6.3200000e+002
  4.4812800e+002  6.2400000e+002
  4.4875600e+002  6.2800000e+002
  4.4939200e+002  6.3600000e+002
  4.5002000e+002  6.2800000e+002
  4.5065600e+002  6.3600000e+002
  4.5128000e+002  6.2400000e+002
  4.5190400e+002  6.2400000e+002
  4.5253200e+002  6.2800000e+002
  4.5315600e+002  6.2400000e+002
  4.5378800e+002  6.3200000e+002
  4.5441600e+002  6.2800000e+002
  4.5503600e+002  6.2000000e+002
  4.5566800e+002  6.3200000e+002
  4.5630400e+002  6.3600000e+002
  4.5692800e+002  6.2400000e+002
  4.5756000e+002  6.3200000e+002
  4.5818400e+002  6.2400000e+002
  4.5881200e+002  6.2800000e+002
  4.5943600e+002  6.2400000e+002
  4.6004400e+002  6.0800000e+002
  4.6065600e+002  6.1200000e+002
  4.6127200e+002  6.1600000e+002
  4.6187200e+002  6.0000000e+002
  4.6248400e+002  6.1200000e+002
  4.6309200e+002  6.0800000e+002
  4.6369600e+002  6.0400000e+002
  4.6430800e+002  6.1200000e+002
  4.6491600e+002  6.0800000e+002
  4.6552400e+002  6.0800000e+002
  4.6613200e+002  6.0800000e+002
  4.6673200e+002  6.0000000e+002
  4.6733600e+002  6.0400000e+002
  4.6793200e+002  5.9600000e+002
  4.6852000e+002  5.8800000e+002
  4.6911200e+002  5.9200000e+002
  4.6970400e+002  5.9200000e+002
  4.7028800e+002  5.8400000e+002
  4.7088000e+002  5.9200000e+002
  4.7146400e+002  5.8400000e+002
  4.7205600e+002  5.9200000e+002
  4.7264400e+002  5.8800000e+002
  4.7322400e+002  5.8000000e+002
  4.7382000e+002  5.9600000e+002
  4.7441200e+002  5.9200000e+002
  4.7500800e+002  5.9600000e+002
  4.7561200e+002  6.0400000e+002
  4.7621200e+002  6.0000000e+002
  4.7681600e+002  6.0400000e+002
  4.7742400e+002  6.0800000e+002
  4.7802000e+002  5.9600000e+002
  4.7862800e+002  6.0800000e+002
  4.7923200e+002  6.0400000e+002
  4.7983200e+002  6.0000000e+002
  4.8044000e+002  6.0800000e+002
  4.8104000e+002  6.0000000e+002
  4.8164800e+002  6.0800000e+002
  4.8226000e+002  6.1200000e+002
  4.8285600e+002  5.9600000e+002
  4.8346800e+002  6.1200000e+002
  4.8407600e+002  6.0800000e+002
  4.8468000e+002  6.0400000e+002
  4.8529200e+002  6.1200000e+002
  4.8590400e+002  6.1200000e+002
  4.8651200e+002  6.0800000e+002
  4.8713600e+002  6.2400000e+002
  4.8775600e+002  6.2000000e+002
  4.8838800e+002  6.3200000e+002
  4.8901200e+002  6.2400000e+002
  4.8963200e+002  6.2000000e+002
  4.9026000e+002  6.2800000e+002
  4.9088400e+002  6.2400000e+002
  4.9150800e+002  6.2400000e+002
  4.9212000e+002  6.1200000e+002
  4.9274000e+002  6.2000000e+002
  4.9335600e+002  6.1600000e+002
  4.9396400e+002  6.0800000e+002
  4.9457600e+002  6.1200000e+002
  4.9518800e+002  6.1200000e+002
  4.9579200e+002  6.0400000e+002
  4.9640800e+002  6.1600000e+002
  4.9702000e+002  6.1200000e+002
  4.9762400e+002  6.0400000e+002
  4.9824000e+002  6.1600000e+002
  4.9884800e+002  6.0800000e+002
  4.9945200e+002  6.0400000e+002
  5.0006000e+002  6.0800000e+002
  5.0065600e+002  5.9600000e+002
  5.0125600e+002  6.0000000e+002
  5.0186000e+002  6.0400000e+002
  5.0245600e+002  5.9600000e+002
  5.0306000e+002  6.0400000e+002
  5.0366000e+002  6.0000000e+002
  5.0425600e+002  5.9600000e+002
  5.0485600e+002  6.0000000e+002
  5.0544400e+002  5.8800000e+002
  5.0604400e+002  6.0000000e+002
  5.0663600e+002  5.9200000e+002
  5.0722000e+002  5.8400000e+002
  5.0780800e+002  5.8800000e+002
  5.0839600e+002  5.8800000e+002
  5.0898000e+002  5.8400000e+002
  5.0956400e+002  5.8400000e+002
  5.1014800e+002  5.8400000e+002
  5.1073200e+002  5.8400000e+002
  5.1132400e+002  5.9200000e+002
  5.1191200e+002  5.8800000e+002
  5.1250000e+002  5.8800000e+002
  5.1309600e+002  5.9600000e+002
  5.1369200e+002  5.9600000e+002
  5.1428000e+002  5.8800000e+002
  5.1487600e+002  5.9600000e+002
  5.1546800e+002  5.9200000e+002
  5.1605600e+002  5.8800000e+002
  5.1664400e+002  5.8800000e+002
  5.1722800e+002  5.8400000e+002
  5.1782000e+002  5.9200000e+002
  5.1841200e+002  5.9200000e+002
  5.1899600e+002  5.8400000e+002
  5.1958800e+002  5.9200000e+002
  5.2018000e+002  5.9200000e+002
  5.2077600e+002  5.9600000e+002
  5.2137600e+002  6.0000000e+002
  5.2196400e+002  5.8800000e+002
  5.2256400e+002  6.0000000e+002
  5.2316400e+002  6.0000000e+002
  5.2375600e+002  5.9200000e+002
  5.2435600e+002  6.0000000e+002
  5.2495200e+002  5.9600000e+002
  5.2554800e+002  5.9600000e+002
  5.2614800e+002  6.0000000e+002
  5.2674400e+002  5.9600000e+002
  5.2734400e+002  6.0000000e+002
  5.2794400e+002  6.0000000e+002
  5.2854800e+002  6.0400000e+002
  5.2914800e+002  6.0000000e+002
  5.2974400e+002  5.9600000e+002
  5.3034400e+002  6.0000000e+002
  5.3094800e+002  6.0400000e+002
  5.3154800e+002  6.0000000e+002
  5.3215200e+002  6.0400000e+002
  5.3275600e+002  6.0400000e+002
  5.3335200e+002  5.9600000e+002
  5.3396000e+002  6.0800000e+002
  5.3456400e+002  6.0400000e+002
  5.3517600e+002  6.1200000e+002
  5.3579200e+002  6.1600000e+002
  5.3640000e+002  6.0800000e+002
  5.3702000e+002  6.2000000e+002
  5.3763600e+002  6.1600000e+002
  5.3825600e+002  6.2000000e+002
  5.3887600e+002  6.2000000e+002
  5.3949200e+002  6.1600000e+002
  5.4011600e+002  6.2400000e+002
  5.4074000e+002  6.2400000e+002
  5.4136000e+002  6.2000000e+002
  5.4198800e+002  6.2800000e+002
  5.4261600e+002  6.2800000e+002
  5.4326000e+002  6.4400000e+002
  5.4391600e+002  6.5600000e+002
  5.4456400e+002  6.4800000e+002
  5.4521600e+002  6.5200000e+002
  5.4586000e+002  6.4400000e+002
  5.4651200e+002  6.5200000e+002
  5.4716400e+002  6.5200000e+002
  5.4780400e+002  6.4000000e+002
  5.4845200e+002  6.4800000e+002
  5.4908400e+002  6.3200000e+002
  5.4972400e+002  6.4000000e+002
  5.5035200e+002  6.2800000e+002
  5.5097200e+002  6.2000000e+002
  5.5159600e+002  6.2400000e+002
  5.5221200e+002  6.1600000e+002
  5.5282800e+002  6.1600000e+002
  5.5344800e+002  6.2000000e+002
  5.5406000e+002  6.1200000e+002
  5.5468400e+002  6.2400000e+002
  5.5530400e+002  6.2000000e+002
  5.5592000e+002  6.1600000e+002
  5.5654400e+002  6.2400000e+002
  5.5716000e+002  6.1600000e+002
  5.5777200e+002  6.1200000e+002
  5.5838400e+002  6.1200000e+002
  5.5898800e+002  6.0400000e+002
  5.5959200e+002  6.0400000e+002
  5.6020400e+002  6.1200000e+002
  5.6081200e+002  6.0800000e+002
  5.6143200e+002  6.2000000e+002
  5.6204400e+002  6.1200000e+002
  5.6266000e+002  6.1600000e+002
  5.6328000e+002  6.2000000e+002
  5.6388400e+002  6.0400000e+002
  5.6449600e+002  6.1200000e+002
  5.6509600e+002  6.0000000e+002
  5.6569200e+002  5.9600000e+002
  5.6628400e+002  5.9200000e+002
  5.6686800e+002  5.8400000e+002
  5.6745200e+002  5.8400000e+002
  5.6803600e+002  5.8400000e+002
  5.6861600e+002  5.8000000e+002
  5.6921200e+002  5.9600000e+002
  5.6980400e+002  5.9200000e+002
  5.7039200e+002  5.8800000e+002
  5.7099600e+002  6.0400000e+002
  5.7159600e+002  6.0000000e+002
  5.7220000e+002  6.0400000e+002
  5.7281200e+002  6.1200000e+002
  5.7341600e+002  6.0400000e+002
  5.7403200e+002  6.1600000e+002
  5.7464000e+002  6.0800000e+002
  5.7524400e+002  6.0400000e+002
  5.7585600e+002  6.1200000e+002
  5.7646000e+002  6.0400000e+002
  5.7707200e+002  6.1200000e+002
  5.7767600e+002  6.0400000e+002
  5.7827600e+002  6.0000000e+002
  5.7888400e+002  6.0800000e+002
  5.7948400e+002  6.0000000e+002
  5.8008400e+002  6.0000000e+002
  5.8068800e+002  6.0400000e+002
  5.8128400e+002  5.9600000e+002
  5.8188400e+002  6.0000000e+002
  5.8248000e+002  5.9600000e+002
  5.8306000e+002  5.8000000e+002
  5.8364800e+002  5.8800000e+002
  5.8422800e+002  5.8000000e+002
  5.8480800e+002  5.8000000e+002
  5.8539200e+002  5.8400000e+002
  5.8597200e+002  5.8000000e+002
  5.8656000e+002  5.8800000e+002
  5.8715600e+002  5.9600000e+002
  5.8774400e+002  5.8800000e+002
  5.8834400e+002  6.0000000e+002
  5.8894000e+002  5.9600000e+002
  5.8953200e+002  5.9200000e+002
  5.9013600e+002  6.0400000e+002
  5.9074000e+002  6.0400000e+002
  5.9133200e+002  5.9200000e+002
  5.9192800e+002  5.9600000e+002
  5.9252000e+002  5.9200000e+002
  5.9310400e+002  5.8400000e+002
  5.9368800e+002  5.8400000e+002
  5.9426800e+002  5.8000000e+002
  5.9484400e+002  5.7600000e+002
  5.9541200e+002  5.6800000e+002
  5.9598400e+002  5.7200000e+002
  5.9655200e+002  5.6800000e+002
  5.9712400e+002  5.7200000e+002
  5.9770400e+002  5.8000000e+002
  5.9828000e+002  5.7600000e+002
  5.9886000e+002  5.8000000e+002
  5.9944800e+002  5.8800000e+002
  6.0002800e+002  5.8000000e+002
  6.0061600e+002  5.8800000e+002
  6.0120400e+002  5.8800000e+002
  6.0179200e+002  5.8800000e+002
  6.0238400e+002  5.9200000e+002
  6.0297600e+002  5.9200000e+002
  6.0356800e+002  5.9200000e+002
  6.0417200e+002  6.0400000e+002
  6.0476800e+002  5.9600000e+002
  6.0536800e+002  6.0000000e+002
  6.0597200e+002  6.0400000e+002
  6.0657200e+002  6.0000000e+002
  6.0716400e+002  5.9200000e+002
  6.0776000e+002  5.9600000e+002
  6.0835200e+002  5.9200000e+002
  6.0894000e+002  5.8800000e+002
  6.0953200e+002  5.9200000e+002
  6.1011200e+002  5.8000000e+002
  6.1069600e+002  5.8400000e+002
  6.1128400e+002  5.8800000e+002
  6.1186800e+002  5.8400000e+002
  6.1244800e+002  5.8000000e+002
  6.1303600e+002  5.8800000e+002
  6.1362800e+002  5.9200000e+002
  6.1422400e+002  5.9600000e+002
  6.1482800e+002  6.0400000e+002
  6.1544800e+002  6.2000000e+002
  6.1606800e+002  6.2000000e+002
  6.1670000e+002  6.3200000e+002
  6.1732000e+002  6.2000000e+002
  6.1793600e+002  6.1600000e+002
  6.1855200e+002  6.1600000e+002
  6.1915600e+002  6.0400000e+002
  6.1976400e+002  6.0800000e+002
  6.2036800e+002  6.0400000e+002
  6.2096800e+002  6.0000000e+002
  6.2157200e+002  6.0400000e+002
  6.2216800e+002  5.9600000e+002
  6.2276400e+002  5.9600000e+002
  6.2336400e+002  6.0000000e+002
  6.2395600e+002  5.9200000e+002
  6.2455600e+002  6.0000000e+002
  6.2515200e+002  5.9600000e+002
  6.2574000e+002  5.8800000e+002
  6.2633600e+002  5.9600000e+002
  6.2692800e+002  5.9200000e+002
  6.2752000e+002  5.9200000e+002
  6.2812000e+002  6.0000000e+002
  6.2871600e+002  5.9600000e+002
  6.2931600e+002  6.0000000e+002
  6.2992400e+002  6.0800000e+002
  6.3052400e+002  6.0000000e+002
  6.3112800e+002  6.0400000e+002
  6.3173200e+002  6.0400000e+002
  6.3232000e+002  5.8800000e+002
  6.3291200e+002  5.9200000e+002
  6.3350000e+002  5.8800000e+002
  6.3407600e+002  5.7600000e+002
  6.3465600e+002  5.8000000e+002
  6.3523600e+002  5.8000000e+002
  6.3581600e+002  5.8000000e+002
  6.3639600e+002  5.8000000e+002
  6.3696800e+002  5.7200000e+002
  6.3754800e+002  5.8000000e+002
  6.3812400e+002  5.7600000e+002
  6.3870000e+002  5.7600000e+002
  6.3927600e+002  5.7600000e+002
  6.3985600e+002  5.8000000e+002
  6.4043600e+002  5.8000000e+002
  6.4100800e+002  5.7200000e+002
  6.4158000e+002  5.7200000e+002
  6.4215600e+002  5.7600000e+002
  6.4272800e+002  5.7200000e+002
  6.4330000e+002  5.7200000e+002
  6.4387200e+002  5.7200000e+002
  6.4443600e+002  5.6400000e+002
  6.4500400e+002  5.6800000e+002
  6.4556800e+002  5.6400000e+002
  6.4612800e+002  5.6000000e+002
  6.4669200e+002  5.6400000e+002
  6.4726000e+002  5.6800000e+002
  6.4782000e+002  5.6000000e+002
  6.4839200e+002  5.7200000e+002
  6.4896000e+002  5.6800000e+002
  6.4952800e+002  5.6800000e+002
  6.5010000e+002  5.7200000e+002
  6.5066800e+002  5.6800000e+002
  6.5124000e+002  5.7200000e+002
  6.5181200e+002  5.7200000e+002
  6.5237200e+002  5.6000000e+002
  6.5294000e+002  5.6800000e+002
  6.5350800e+002  5.6800000e+002
  6.5407200e+002  5.6400000e+002
  6.5463200e+002  5.6000000e+002
  6.5520000e+002  5.6800000e+002
  6.5576800e+002  5.6800000e+002
  6.5633200e+002  5.6400000e+002
  6.5689600e+002  5.6400000e+002
  6.5746400e+002  5.6800000e+002
  6.5803200e+002  5.6800000e+002
  6.5860400e+002  5.7200000e+002
  6.5918000e+002  5.7600000e+002
  6.5975600e+002  5.7600000e+002
  6.6033600e+002  5.8000000e+002
  6.6092000e+002  5.8400000e+002
  6.6150400e+002  5.8400000e+002
  6.6209200e+002  5.8800000e+002
  6.6267600e+002  5.8400000e+002
  6.6325200e+002  5.7600000e+002
  6.6382800e+002  5.7600000e+002
  6.6440400e+002  5.7600000e+002
  6.6496800e+002  5.6400000e+002
  6.6553600e+002  5.6800000e+002
  6.6610400e+002  5.6800000e+002
  6.6666800e+002  5.6400000e+002
  6.6723600e+002  5.6800000e+002
  6.6779600e+002  5.6000000e+002
  6.6836400e+002  5.6800000e+002
  6.6893600e+002  5.7200000e+002
  6.6950400e+002  5.6800000e+002
  6.7008000e+002  5.7600000e+002
  6.7065600e+002  5.7600000e+002
  6.7122400e+002  5.6800000e+002
  6.7180400e+002  5.8000000e+002
  6.7238000e+002  5.7600000e+002
  6.7295600e+002  5.7600000e+002
  6.7353600e+002  5.8000000e+002
  6.7411600e+002  5.8000000e+002
  6.7469600e+002  5.8000000e+002
  6.7528000e+002  5.8400000e+002
  6.7586000e+002  5.8000000e+002
  6.7645200e+002  5.9200000e+002
  6.7704400e+002  5.9200000e+002
  6.7763600e+002  5.9200000e+002
  6.7824000e+002  6.0400000e+002
  6.7884000e+002  6.0000000e+002
  6.7944000e+002  6.0000000e+002
  6.8004400e+002  6.0400000e+002
  6.8063200e+002  5.8800000e+002
  6.8122800e+002  5.9600000e+002
  6.8181200e+002  5.8400000e+002
  6.8239200e+002  5.8000000e+002
  6.8298000e+002  5.8800000e+002
  6.8355600e+002  5.7600000e+002
  6.8413200e+002  5.7600000e+002
  6.8471200e+002  5.8000000e+002
  6.8529200e+002  5.8000000e+002
  6.8586800e+002  5.7600000e+002
  6.8644000e+002  5.7200000e+002
  6.8701600e+002  5.7600000e+002
  6.8759600e+002  5.8000000e+002
  6.8817200e+002  5.7600000e+002
  6.8875200e+002  5.8000000e+002
  6.8932800e+002  5.7600000e+002
  6.8990800e+002  5.8000000e+002
  6.9048800e+002  5.8000000e+002
  6.9106400e+002  5.7600000e+002
  6.9164400e+002  5.8000000e+002
  6.9222000e+002  5.7600000e+002
  6.9279200e+002  5.7200000e+002
  6.9336800e+002  5.7600000e+002
  6.9394400e+002  5.7600000e+002
  6.9452000e+002  5.7600000e+002
  6.9509600e+002  5.7600000e+002
  6.9567200e+002  5.7600000e+002
  6.9625200e+002  5.8000000e+002
  6.9682400e+002  5.7200000e+002
  6.9740000e+002  5.7600000e+002
  6.9797600e+002  5.7600000e+002
  6.9854400e+002  5.6800000e+002
  6.9912000e+002  5.7600000e+002
  6.9969200e+002  5.7200000e+002
  7.0026400e+002  5.7200000e+002
  7.0080800e+002  5.4400000e+002
  7.0138400e+002  5.7600000e+002
  7.0198400e+002  6.0000000e+002
  7.0253200e+002  5.4800000e+002
  7.0313600e+002  6.0400000e+002
  7.0371200e+002  5.7600000e+002
  7.0428800e+002  5.7600000e+002
  7.0486800e+002  5.8000000e+002
  7.0545200e+002  5.8400000e+002
  7.0603200e+002  5.8000000e+002
  7.0662400e+002  5.9200000e+002
  7.0721600e+002  5.9200000e+002
  7.0780800e+002  5.9200000e+002
  7.0839600e+002  5.8800000e+002
  7.0899200e+002  5.9600000e+002
  7.0958400e+002  5.9200000e+002
  7.1017600e+002  5.9200000e+002
  7.1076800e+002  5.9200000e+002
  7.1136000e+002  5.9200000e+002
  7.1195200e+002  5.9200000e+002
  7.1254400e+002  5.9200000e+002
  7.1312800e+002  5.8400000e+002
  7.1371200e+002  5.8400000e+002
  7.1429600e+002  5.8400000e+002
  7.1488000e+002  5.8400000e+002
  7.1546000e+002  5.8000000e+002
  7.1601600e+002  5.5600000e+002
  7.1662400e+002  6.0800000e+002
  7.1720400e+002  5.8000000e+002
  7.1778800e+002  5.8400000e+002
  7.1837200e+002  5.8400000e+002
  7.1895600e+002  5.8400000e+002
  7.1954400e+002  5.8800000e+002
  7.2012800e+002  5.8400000e+002
  7.2070800e+002  5.8000000e+002
  7.2129200e+002  5.8400000e+002
  7.2187600e+002  5.8400000e+002
  7.2246000e+002  5.8400000e+002
  7.2305200e+002  5.9200000e+002
  7.2364800e+002  5.9600000e+002
  7.2424800e+002  6.0000000e+002
  7.2486400e+002  6.1600000e+002
  7.2547600e+002  6.1200000e+002
  7.2609200e+002  6.1600000e+002
  7.2671200e+002  6.2000000e+002
  7.2732400e+002  6.1200000e+002
  7.2794400e+002  6.2000000e+002
  7.2854800e+002  6.0400000e+002
  7.2915200e+002  6.0400000e+002
  7.2975600e+002  6.0400000e+002
  7.3034800e+002  5.9200000e+002
  7.3095200e+002  6.0400000e+002
  7.3154400e+002  5.9200000e+002
  7.3214400e+002  6.0000000e+002
  7.3274000e+002  5.9600000e+002
  7.3333600e+002  5.9600000e+002
  7.3393600e+002  6.0000000e+002
  7.3453200e+002  5.9600000e+002
  7.3512400e+002  5.9200000e+002
  7.3572400e+002  6.0000000e+002
  7.3630000e+002  5.7600000e+002
  7.3692000e+002  6.2000000e+002
  7.3748800e+002  5.6800000e+002
  7.3810800e+002  6.2000000e+002
  7.3869200e+002  5.8400000e+002
  7.3925600e+002  5.6400000e+002
  7.3987200e+002  6.1600000e+002
  7.4046000e+002  5.8800000e+002
  7.4104400e+002  5.8400000e+002
  7.4163200e+002  5.8800000e+002
  7.4222400e+002  5.9200000e+002
  7.4282000e+002  5.9600000e+002
  7.4340800e+002  5.8800000e+002
  7.4400400e+002  5.9600000e+002
  7.4460400e+002  6.0000000e+002
  7.4520400e+002  6.0000000e+002
  7.4582000e+002  6.1600000e+002
  7.4643200e+002  6.1200000e+002
  7.4704800e+002  6.1600000e+002
  7.4767200e+002  6.2400000e+002
  7.4829600e+002  6.2400000e+002
  7.4890800e+002  6.1200000e+002
  7.4952800e+002  6.2000000e+002
  7.5014000e+002  6.1200000e+002
  7.5074400e+002  6.0400000e+002
  7.5135200e+002  6.0800000e+002
  7.5195600e+002  6.0400000e+002
  7.5255600e+002  6.0000000e+002
  7.5316400e+002  6.0800000e+002
  7.5376400e+002  6.0000000e+002
  7.5436000e+002  5.9600000e+002
  7.5496400e+002  6.0400000e+002
  7.5557200e+002  6.0800000e+002
  7.5618400e+002  6.1200000e+002
  7.5680400e+002  6.2000000e+002
  7.5742000e+002  6.1600000e+002
  7.5804800e+002  6.2800000e+002
  7.5868400e+002  6.3600000e+002
  7.5931200e+002  6.2800000e+002
  7.5994800e+002  6.3600000e+002
  7.6058000e+002  6.3200000e+002
  7.6120800e+002  6.2800000e+002
  7.6184800e+002  6.4000000e+002
  7.6248000e+002  6.3200000e+002
  7.6312000e+002  6.4000000e+002
  7.6376000e+002  6.4000000e+002
  7.6439600e+002  6.3600000e+002
  7.6504000e+002  6.4400000e+002
  7.6567200e+002  6.3200000e+002
  7.6630000e+002  6.2800000e+002
  7.6693600e+002  6.3600000e+002
  7.6756800e+002  6.3200000e+002
  7.6819600e+002  6.2800000e+002
  7.6883600e+002  6.4000000e+002
  7.6946800e+002  6.3200000e+002
  7.7010400e+002  6.3600000e+002
  7.7073600e+002  6.3200000e+002
  7.7135600e+002  6.2000000e+002
  7.7198400e+002  6.2800000e+002
  7.7260000e+002  6.1600000e+002
  7.7322400e+002  6.2400000e+002
  7.7384000e+002  6.1600000e+002
  7.7444800e+002  6.0800000e+002
  7.7506400e+002  6.1600000e+002
  7.7567200e+002  6.0800000e+002
  7.7627200e+002  6.0000000e+002
  7.7688000e+002  6.0800000e+002
  7.7747600e+002  5.9600000e+002
  7.7808000e+002  6.0400000e+002
  7.7867600e+002  5.9600000e+002
  7.7926800e+002  5.9200000e+002
  7.7986400e+002  5.9600000e+002
  7.8044800e+002  5.8400000e+002
  7.8101200e+002  5.6400000e+002
  7.8159600e+002  5.8400000e+002
  7.8220800e+002  6.1200000e+002
  7.8278400e+002  5.7600000e+002
  7.8336400e+002  5.8000000e+002
  7.8393600e+002  5.7200000e+002
  7.8448400e+002  5.4800000e+002
  7.8505600e+002  5.7200000e+002
  7.8565600e+002  6.0000000e+002
  7.8622400e+002  5.6800000e+002
  7.8678800e+002  5.6400000e+002
  7.8735600e+002  5.6800000e+002
  7.8792000e+002  5.6400000e+002
  7.8848400e+002  5.6400000e+002
  7.8905200e+002  5.6800000e+002
  7.8962400e+002  5.7200000e+002
  7.9019600e+002  5.7200000e+002
  7.9077600e+002  5.8000000e+002
  7.9136800e+002  5.9200000e+002
  7.9195200e+002  5.8400000e+002
  7.9254800e+002  5.9600000e+002
  7.9314800e+002  6.0000000e+002
  7.9374000e+002  5.9200000e+002
  7.9433600e+002  5.9600000e+002
  7.9492800e+002  5.9200000e+002
  7.9551200e+002  5.8400000e+002
  7.9609600e+002  5.8400000e+002
  7.9667600e+002  5.8000000e+002
  7.9725200e+002  5.7600000e+002
  7.9782800e+002  5.7600000e+002
  7.9840400e+002  5.7600000e+002
  7.9897600e+002  5.7200000e+002
  7.9955200e+002  5.7600000e+002
  8.0012800e+002  5.7600000e+002
  8.0070800e+002  5.8000000e+002
  8.0128000e+002  5.7200000e+002
  8.0183200e+002  5.5200000e+002
  8.0241200e+002  5.8000000e+002
  8.0302000e+002  6.0800000e+002
  8.0360000e+002  5.8000000e+002
  8.0419200e+002  5.9200000e+002
  8.0478800e+002  5.9600000e+002
  8.0538800e+002  6.0000000e+002
  8.0598000e+002  5.9200000e+002
  8.0658400e+002  6.0400000e+002
  8.0718800e+002  6.0400000e+002
  8.0778800e+002  6.0000000e+002
  8.0839200e+002  6.0400000e+002
  8.0898800e+002  5.9600000e+002
  8.0958000e+002  5.9200000e+002
  8.1017200e+002  5.9200000e+002
  8.1076400e+002  5.9200000e+002
  8.1135200e+002  5.8800000e+002
  8.1194800e+002  5.9600000e+002
  8.1254400e+002  5.9600000e+002
  8.1314000e+002  5.9600000e+002
  8.1373600e+002  5.9600000e+002
  8.1432800e+002  5.9200000e+002
  8.1490000e+002  5.7200000e+002
  8.1549200e+002  5.9200000e+002
  8.1608400e+002  5.9200000e+002
  8.1670400e+002  6.2000000e+002
  8.1729200e+002  5.8800000e+002
  8.1786000e+002  5.6800000e+002
  8.1846000e+002  6.0000000e+002
  8.1906800e+002  6.0800000e+002
  8.1970000e+002  6.3200000e+002
  8.2030000e+002  6.0000000e+002
  8.2088400e+002  5.8400000e+002
  8.2151600e+002  6.3200000e+002
  8.2212400e+002  6.0800000e+002
  8.2272800e+002  6.0400000e+002
  8.2334000e+002  6.1200000e+002
  8.2395600e+002  6.1600000e+002
  8.2458000e+002  6.2400000e+002
  8.2521600e+002  6.3600000e+002
  8.2585200e+002  6.3600000e+002
  8.2649600e+002  6.4400000e+002
  8.2714000e+002  6.4400000e+002
  8.2776800e+002  6.2800000e+002
  8.2839600e+002  6.2800000e+002
  8.2899200e+002  5.9600000e+002
  8.2963200e+002  6.4000000e+002
  8.3024000e+002  6.0800000e+002
  8.3081600e+002  5.7600000e+002
  8.3141600e+002  6.0000000e+002
  8.3201200e+002  5.9600000e+002
  8.3263200e+002  6.2000000e+002
  8.3322400e+002  5.9200000e+002
  8.3381600e+002  5.9200000e+002
  8.3442000e+002  6.0400000e+002
  8.3502400e+002  6.0400000e+002
  8.3564400e+002  6.2000000e+002
  8.3626800e+002  6.2400000e+002
  8.3688800e+002  6.2000000e+002
  8.3752800e+002  6.4000000e+002
  8.3816000e+002  6.3200000e+002
  8.3879200e+002  6.3200000e+002
  8.3942800e+002  6.3600000e+002
  8.4006000e+002  6.3200000e+002
  8.4069200e+002  6.3200000e+002
  8.4132400e+002  6.3200000e+002
  8.4194800e+002  6.2400000e+002
  8.4257600e+002  6.2800000e+002
  8.4320000e+002  6.2400000e+002
  8.4381200e+002  6.1200000e+002
  8.4443600e+002  6.2400000e+002
  8.4505200e+002  6.1600000e+002
  8.4566800e+002  6.1600000e+002
  8.4628800e+002  6.2000000e+002
  8.4690000e+002  6.1200000e+002
  8.4752400e+002  6.2400000e+002
  8.4814800e+002  6.2400000e+002
  8.4876800e+002  6.2000000e+002
  8.4939200e+002  6.2400000e+002
  8.5002400e+002  6.3200000e+002
  8.5064800e+002  6.2400000e+002
  8.5128000e+002  6.3200000e+002
  8.5190400e+002  6.2400000e+002
  8.5253600e+002  6.3200000e+002
  8.5316000e+002  6.2400000e+002
  8.5377600e+002  6.1600000e+002
  8.5439600e+002  6.2000000e+002
  8.5501200e+002  6.1600000e+002
  8.5563200e+002  6.2000000e+002
  8.5624800e+002  6.1600000e+002
  8.5686400e+002  6.1600000e+002
  8.5748800e+002  6.2400000e+002
  8.5811200e+002  6.2400000e+002
  8.5874000e+002  6.2800000e+002
  8.5937600e+002  6.3600000e+002
  8.6000400e+002  6.2800000e+002
  8.6064000e+002  6.3600000e+002
  8.6128400e+002  6.4400000e+002
  8.6191600e+002  6.3200000e+002
  8.6255600e+002  6.4000000e+002
  8.6319200e+002  6.3600000e+002
  8.6381600e+002  6.2400000e+002
  8.6444400e+002  6.2800000e+002
  8.6506400e+002  6.2000000e+002
  8.6568400e+002  6.2000000e+002
  8.6630400e+002  6.2000000e+002
  8.6691200e+002  6.0800000e+002
  8.6752800e+002  6.1600000e+002
  8.6814000e+002  6.1200000e+002
  8.6874800e+002  6.0800000e+002
  8.6936000e+002  6.1200000e+002
  8.6996800e+002  6.0800000e+002
  8.7057600e+002  6.0800000e+002
  8.7118800e+002  6.1200000e+002
  8.7179200e+002  6.0400000e+002
  8.7241200e+002  6.2000000e+002
  8.7302400e+002  6.1200000e+002
  8.7363600e+002  6.1200000e+002
  8.7425200e+002  6.1600000e+002
  8.7485200e+002  6.0000000e+002
  8.7546000e+002  6.0800000e+002
  8.7606000e+002  6.0000000e+002
  8.7665200e+002  5.9200000e+002
  8.7725200e+002  6.0000000e+002
  8.7784400e+002  5.9200000e+002
  8.7844000e+002  5.9600000e+002
  8.7903600e+002  5.9600000e+002
  8.7962400e+002  5.8800000e+002
  8.8021600e+002  5.9200000e+002
  8.8080800e+002  5.9200000e+002
  8.8139200e+002  5.8400000e+002
  8.8198000e+002  5.8800000e+002
  8.8256400e+002  5.8400000e+002
  8.8314800e+002  5.8400000e+002
  8.8373600e+002  5.8800000e+002
  8.8432000e+002  5.8400000e+002
  8.8490800e+002  5.8800000e+002
  8.8549600e+002  5.8800000e+002
  8.8608400e+002  5.8800000e+002
  8.8664400e+002  5.6000000e+002
  8.8725600e+002  6.1200000e+002
  8.8785200e+002  5.9600000e+002
  8.8843600e+002  5.8400000e+002
  8.8900000e+002  5.6400000e+002
  8.8958400e+002  5.8400000e+002
  8.9019600e+002  6.1200000e+002
  8.9077600e+002  5.8000000e+002
  8.9136000e+002  5.8400000e+002
  8.9194800e+002  5.8800000e+002
  8.9252800e+002  5.8000000e+002
  8.9311200e+002  5.8400000e+002
  8.9369200e+002  5.8000000e+002
  8.9426800e+002  5.7600000e+002
  8.9485200e+002  5.8400000e+002
  8.9543600e+002  5.8400000e+002
  8.9601200e+002  5.7600000e+002
  8.9659600e+002  5.8400000e+002
  8.9718800e+002  5.9200000e+002
  8.9777600e+002  5.8800000e+002
  8.9837600e+002  6.0000000e+002
  8.9897600e+002  6.0000000e+002
  8.9957600e+002  6.0000000e+002
  9.0014800e+002  5.7200000e+002
  9.0077600e+002  6.2800000e+002
  9.0134000e+002  5.6400000e+002
  9.0193600e+002  5.9600000e+002
  9.0252400e+002  5.8800000e+002
  9.0314000e+002  6.1600000e+002
  9.0372400e+002  5.8400000e+002
  9.0428400e+002  5.6000000e+002
  9.0487600e+002  5.9200000e+002
  9.0546800e+002  5.9200000e+002
  9.0608800e+002  6.2000000e+002
  9.0667200e+002  5.8400000e+002
  9.0726800e+002  5.9600000e+002
  9.0786000e+002  5.9200000e+002
  9.0844800e+002  5.8800000e+002
  9.0904400e+002  5.9600000e+002
  9.0964400e+002  6.0000000e+002
  9.1024400e+002  6.0000000e+002
  9.1085200e+002  6.0800000e+002
  9.1146000e+002  6.0800000e+002
  9.1206000e+002  6.0000000e+002
  9.1266400e+002  6.0400000e+002
  9.1326400e+002  6.0000000e+002
  9.1386400e+002  6.0000000e+002
  9.1446800e+002  6.0400000e+002
  9.1506400e+002  5.9600000e+002
  9.1566000e+002  5.9600000e+002
  9.1625600e+002  5.9600000e+002
  9.1684000e+002  5.8400000e+002
  9.1742400e+002  5.8400000e+002
  9.1800800e+002  5.8400000e+002
  9.1858800e+002  5.8000000e+002
  9.1917200e+002  5.8400000e+002
  9.1976000e+002  5.8800000e+002
  9.2035200e+002  5.9200000e+002
  9.2095200e+002  6.0000000e+002
  9.2155200e+002  6.0000000e+002
  9.2214400e+002  5.9200000e+002
  9.2274800e+002  6.0400000e+002
  9.2334400e+002  5.9600000e+002
  9.2393600e+002  5.9200000e+002
  9.2453200e+002  5.9600000e+002
  9.2511600e+002  5.8400000e+002
  9.2570000e+002  5.8400000e+002
  9.2628400e+002  5.8400000e+002
  9.2685600e+002  5.7200000e+002
  9.2743200e+002  5.7600000e+002
  9.2800800e+002  5.7600000e+002
  9.2857600e+002  5.6800000e+002
  9.2912400e+002  5.4800000e+002
  9.2970400e+002  5.8000000e+002
  9.3030800e+002  6.0400000e+002
  9.3086400e+002  5.5600000e+002
  9.3144400e+002  5.8000000e+002
  9.3205200e+002  6.0800000e+002
  9.3262800e+002  5.7600000e+002
  9.3320800e+002  5.8000000e+002
  9.3379200e+002  5.8400000e+002
  9.3436800e+002  5.7600000e+002
  9.3494800e+002  5.8000000e+002
  9.3552800e+002  5.8000000e+002
  9.3610800e+002  5.8000000e+002
  9.3668400e+002  5.7600000e+002
  9.3725200e+002  5.6800000e+002
  9.3782400e+002  5.7200000e+002
  9.3840400e+002  5.8000000e+002
  9.3897600e+002  5.7200000e+002
  9.3955600e+002  5.8000000e+002
  9.4013600e+002  5.8000000e+002
  9.4071200e+002  5.7600000e+002
  9.4129600e+002  5.8400000e+002
  9.4188000e+002  5.8400000e+002
  9.4244000e+002  5.6000000e+002
  9.4302800e+002  5.8800000e+002
  9.4364800e+002  6.2000000e+002
  9.4423600e+002  5.8800000e+002
  9.4483200e+002  5.9600000e+002
  9.4542400e+002  5.9200000e+002
  9.4601600e+002  5.9200000e+002
  9.4661600e+002  6.0000000e+002
  9.4721600e+002  6.0000000e+002
  9.4781600e+002  6.0000000e+002
  9.4842400e+002  6.0800000e+002
  9.4903200e+002  6.0800000e+002
  9.4963600e+002  6.0400000e+002
  9.5025200e+002  6.1600000e+002
  9.5086000e+002  6.0800000e+002
  9.5147200e+002  6.1200000e+002
  9.5208400e+002  6.1200000e+002
  9.5269200e+002  6.0800000e+002
  9.5330400e+002  6.1200000e+002
  9.5391600e+002  6.1200000e+002
  9.5452400e+002  6.0800000e+002
  9.5514000e+002  6.1600000e+002
  9.5575200e+002  6.1200000e+002
  9.5636800e+002  6.1600000e+002
  9.5698400e+002  6.1600000e+002
  9.5760000e+002  6.1600000e+002
  9.5821600e+002  6.1600000e+002
  9.5882800e+002  6.1200000e+002
  9.5942800e+002  6.0000000e+002
  9.6003600e+002  6.0800000e+002
  9.6061200e+002  5.7600000e+002
  9.6123600e+002  6.2400000e+002
  9.6183200e+002  5.9600000e+002
  9.6240000e+002  5.6800000e+002
  9.6302400e+002  6.2400000e+002
  9.6361200e+002  5.8800000e+002
  9.6418000e+002  5.6800000e+002
  9.6480000e+002  6.2000000e+002
  9.6536000e+002  5.6000000e+002
  9.6595200e+002  5.9200000e+002
  9.6653200e+002  5.8000000e+002
  9.6715200e+002  6.2000000e+002
  9.6773600e+002  5.8400000e+002
  9.6829600e+002  5.6000000e+002
  9.6888800e+002  5.9200000e+002
  9.6948000e+002  5.9200000e+002
  9.7010400e+002  6.2400000e+002
  9.7070000e+002  5.9600000e+002
  9.7128800e+002  5.8800000e+002
  9.7185200e+002  5.6400000e+002
  9.7247600e+002  6.2400000e+002
  9.7305200e+002  5.7600000e+002
  9.7364000e+002  5.8800000e+002
  9.7422800e+002  5.8800000e+002
  9.7478400e+002  5.5600000e+002
  9.7536400e+002  5.8000000e+002
  9.7594400e+002  5.8000000e+002
  9.7654400e+002  6.0000000e+002
  9.7711600e+002  5.7200000e+002
  9.7768800e+002  5.7200000e+002
  9.7825200e+002  5.6400000e+002
  9.7881600e+002  5.6400000e+002
  9.7938000e+002  5.6400000e+002
  9.7994400e+002  5.6400000e+002
  9.8050800e+002  5.6400000e+002
  9.8107600e+002  5.6800000e+002
  9.8165200e+002  5.7600000e+002
  9.8222800e+002  5.7600000e+002
  9.8280800e+002  5.8000000e+002
  9.8338800e+002  5.8000000e+002
  9.8397200e+002  5.8400000e+002
  9.8455600e+002  5.8400000e+002
  9.8514800e+002  5.9200000e+002
  9.8573600e+002  5.8800000e+002
  9.8632800e+002  5.9200000e+002
  9.8692800e+002  6.0000000e+002
  9.8752000e+002  5.9200000e+002
  9.8811600e+002  5.9600000e+002
  9.8871600e+002  6.0000000e+002
  9.8931200e+002  5.9600000e+002
  9.8991200e+002  6.0000000e+002
  9.9050400e+002  5.9200000e+002
  9.9109600e+002  5.9200000e+002
  9.9168800e+002  5.9200000e+002
  9.9227600e+002  5.8800000e+002
  9.9287200e+002  5.9600000e+002
  9.9347200e+002  6.0000000e+002
  9.9407200e+002  6.0000000e+002
  9.9468000e+002  6.0800000e+002
  9.9529200e+002  6.1200000e+002
  9.9590000e+002  6.0800000e+002
  9.9651600e+002  6.1600000e+002
  9.9713200e+002  6.1600000e+002
  9.9774800e+002  6.1600000e+002
  9.9836000e+002  6.1200000e+002
  9.9896400e+002  6.0400000e+002
  9.9957200e+002  6.0800000e+002
  1.0001720e+003  6.0000000e+002
  1.0007680e+003  5.9600000e+002
  1.0013680e+003  6.0000000e+002
  1.0019600e+003  5.9200000e+002
  1.0025600e+003  6.0000000e+002
  1.0031520e+003  5.9200000e+002
  1.0037440e+003  5.9200000e+002
  1.0043040e+003  5.6000000e+002
  1.0048920e+003  5.8800000e+002
  1.0055040e+003  6.1200000e+002
  1.0060800e+003  5.7600000e+002
  1.0066600e+003  5.8000000e+002
  1.0072400e+003  5.8000000e+002
  1.0078120e+003  5.7200000e+002
  1.0083920e+003  5.8000000e+002
  1.0089640e+003  5.7200000e+002
  1.0095320e+003  5.6800000e+002
  1.0101040e+003  5.7200000e+002
  1.0106680e+003  5.6400000e+002
  1.0112320e+003  5.6400000e+002
  1.0117960e+003  5.6400000e+002
  1.0123560e+003  5.6000000e+002
  1.0129120e+003  5.5600000e+002
  1.0134640e+003  5.5200000e+002
  1.0140200e+003  5.5600000e+002
  1.0145760e+003  5.5600000e+002
  1.0151280e+003  5.5200000e+002
  1.0156800e+003  5.5200000e+002
  1.0162320e+003  5.5200000e+002
  1.0167800e+003  5.4800000e+002
  1.0173320e+003  5.5200000e+002
  1.0178840e+003  5.5200000e+002
  1.0184360e+003  5.5200000e+002
  1.0189920e+003  5.5600000e+002
  1.0195480e+003  5.5600000e+002
  1.0201080e+003  5.6000000e+002
  1.0206720e+003  5.6400000e+002
  1.0212280e+003  5.5600000e+002
  1.0217920e+003  5.6400000e+002
  1.0223560e+003  5.6400000e+002
  1.0229240e+003  5.6800000e+002
  1.0234920e+003  5.6800000e+002
  1.0240640e+003  5.7200000e+002
  1.0246360e+003  5.7200000e+002
  1.0252160e+003  5.8000000e+002
  1.0258040e+003  5.8800000e+002
  1.0263840e+003  5.8000000e+002
  1.0269720e+003  5.8800000e+002
  1.0275600e+003  5.8800000e+002
  1.0281440e+003  5.8400000e+002
  1.0287320e+003  5.8800000e+002
  1.0293120e+003  5.8000000e+002
  1.0298960e+003  5.8400000e+002
  1.0304760e+003  5.8000000e+002
  1.0310520e+003  5.7600000e+002
  1.0316320e+003  5.8000000e+002
  1.0322080e+003  5.7600000e+002
  1.0327800e+003  5.7200000e+002
  1.0333600e+003  5.8000000e+002
  1.0339360e+003  5.7600000e+002
  1.0345160e+003  5.8000000e+002
  1.0351000e+003  5.8400000e+002
  1.0356800e+003  5.8000000e+002
  1.0362560e+003  5.7600000e+002
  1.0368400e+003  5.8400000e+002
  1.0374160e+003  5.7600000e+002
  1.0379920e+003  5.7600000e+002
  1.0385680e+003  5.7600000e+002
  1.0391400e+003  5.7200000e+002
  1.0397080e+003  5.6800000e+002
  1.0402800e+003  5.7200000e+002
  1.0408440e+003  5.6400000e+002
  1.0414160e+003  5.7200000e+002
  1.0419840e+003  5.6800000e+002
  1.0425520e+003  5.6800000e+002
  1.0431240e+003  5.7200000e+002
  1.0437000e+003  5.7600000e+002
  1.0442760e+003  5.7600000e+002
  1.0448640e+003  5.8800000e+002
  1.0454480e+003  5.8400000e+002
  1.0460360e+003  5.8800000e+002
  1.0466280e+003  5.9200000e+002
  1.0472160e+003  5.8800000e+002
  1.0478120e+003  5.9600000e+002
  1.0484120e+003  6.0000000e+002
  1.0490080e+003  5.9600000e+002
  1.0496040e+003  5.9600000e+002
  1.0502000e+003  5.9600000e+002
  1.0507880e+003  5.8800000e+002
  1.0513800e+003  5.9200000e+002
  1.0519640e+003  5.8400000e+002
  1.0525560e+003  5.9200000e+002
  1.0531440e+003  5.8800000e+002
  1.0537240e+003  5.8000000e+002
  1.0543080e+003  5.8400000e+002
  1.0548920e+003  5.8400000e+002
  1.0554800e+003  5.8800000e+002
  1.0560600e+003  5.8000000e+002
  1.0566240e+003  5.6400000e+002
  1.0572360e+003  6.1200000e+002
  1.0578240e+003  5.8800000e+002
  1.0584120e+003  5.8800000e+002
  1.0590000e+003  5.8800000e+002
  1.0595840e+003  5.8400000e+002
  1.0601760e+003  5.9200000e+002
  1.0607440e+003  5.6800000e+002
  1.0613640e+003  6.2000000e+002
  1.0619280e+003  5.6400000e+002
  1.0625480e+003  6.2000000e+002
  1.0631400e+003  5.9200000e+002
  1.0637280e+003  5.8800000e+002
  1.0643200e+003  5.9200000e+002
  1.0649120e+003  5.9200000e+002
  1.0655040e+003  5.9200000e+002
  1.0660960e+003  5.9200000e+002
  1.0666880e+003  5.9200000e+002
  1.0672560e+003  5.6800000e+002
  1.0678840e+003  6.2800000e+002
  1.0684720e+003  5.8800000e+002
  1.0690720e+003  6.0000000e+002
  1.0696640e+003  5.9200000e+002
  1.0702320e+003  5.6800000e+002
  1.0708320e+003  6.0000000e+002
  1.0714280e+003  5.9600000e+002
  1.0720560e+003  6.2800000e+002
  1.0726480e+003  5.9200000e+002
  1.0732440e+003  5.9600000e+002
  1.0738360e+003  5.9200000e+002
  1.0744280e+003  5.9200000e+002
  1.0750240e+003  5.9600000e+002
  1.0756200e+003  5.9600000e+002
  1.0762160e+003  5.9600000e+002
  1.0768120e+003  5.9600000e+002
  1.0774160e+003  6.0400000e+002
  1.0780240e+003  6.0800000e+002
  1.0786360e+003  6.1200000e+002
  1.0792600e+003  6.2400000e+002
  1.0798800e+003  6.2000000e+002
  1.0804960e+003  6.1600000e+002
  1.0811200e+003  6.2400000e+002
  1.0817320e+003  6.1200000e+002
  1.0823320e+003  6.0000000e+002
  1.0829360e+003  6.0400000e+002
  1.0835280e+003  5.9200000e+002
  1.0841160e+003  5.8800000e+002
  1.0847000e+003  5.8400000e+002
  1.0852840e+003  5.8400000e+002
  1.0858680e+003  5.8400000e+002
  1.0864480e+003  5.8000000e+002
  1.0870320e+003  5.8400000e+002
  1.0876120e+003  5.8000000e+002
  1.0882040e+003  5.9200000e+002
  1.0887880e+003  5.8400000e+002
  1.0893800e+003  5.9200000e+002
  1.0899680e+003  5.8800000e+002
  1.0905560e+003  5.8800000e+002
  1.0911480e+003  5.9200000e+002
  1.0917320e+003  5.8400000e+002
  1.0923200e+003  5.8800000e+002
  1.0929120e+003  5.9200000e+002
  1.0934960e+003  5.8400000e+002
  1.0940800e+003  5.8400000e+002
  1.0946360e+003  5.5600000e+002
  1.0952160e+003  5.8000000e+002
  1.0957960e+003  5.8000000e+002
  1.0963960e+003  6.0000000e+002
  1.0969720e+003  5.7600000e+002
  1.0975200e+003  5.4800000e+002
  1.0981240e+003  6.0400000e+002
  1.0987000e+003  5.7600000e+002
  1.0992720e+003  5.7200000e+002
  1.0998560e+003  5.8400000e+002
  1.1004480e+003  5.9200000e+002
  1.1010400e+003  5.9200000e+002
  1.1016440e+003  6.0400000e+002
  1.1022480e+003  6.0400000e+002
  1.1028640e+003  6.1600000e+002
  1.1034920e+003  6.2800000e+002
  1.1041160e+003  6.2400000e+002
  1.1047480e+003  6.3200000e+002
  1.1053760e+003  6.2800000e+002
  1.1060000e+003  6.2400000e+002
  1.1066280e+003  6.2800000e+002
  1.1072480e+003  6.2000000e+002
  1.1078680e+003  6.2000000e+002
  1.1084840e+003  6.1600000e+002
  1.1090880e+003  6.0400000e+002
  1.1096960e+003  6.0800000e+002
  1.1103000e+003  6.0400000e+002
  1.1109000e+003  6.0000000e+002
  1.1115080e+003  6.0800000e+002
  1.1121080e+003  6.0000000e+002
  1.1127160e+003  6.0800000e+002
  1.1133240e+003  6.0800000e+002
  1.1139280e+003  6.0400000e+002
  1.1145400e+003  6.1200000e+002
  1.1151480e+003  6.0800000e+002
  1.1157480e+003  6.0000000e+002
  1.1163560e+003  6.0800000e+002
  1.1169560e+003  6.0000000e+002
  1.1175440e+003  5.8800000e+002
  1.1181320e+003  5.8800000e+002
  1.1187200e+003  5.8800000e+002
  1.1192960e+003  5.7600000e+002
  1.1198800e+003  5.8400000e+002
  1.1204360e+003  5.5600000e+002
  1.1210440e+003  6.0800000e+002
  1.1216240e+003  5.8000000e+002
  1.1222120e+003  5.8800000e+002
  1.1228040e+003  5.9200000e+002
  1.1233920e+003  5.8800000e+002
  1.1239880e+003  5.9600000e+002
  1.1245800e+003  5.9200000e+002
  1.1251680e+003  5.8800000e+002
  1.1257600e+003  5.9200000e+002
  1.1263520e+003  5.9200000e+002
  1.1269400e+003  5.8800000e+002
  1.1275280e+003  5.8800000e+002
  1.1281200e+003  5.9200000e+002
  1.1287080e+003  5.8800000e+002
  1.1293000e+003  5.9200000e+002
  1.1298920e+003  5.9200000e+002
  1.1304880e+003  5.9600000e+002
  1.1310880e+003  6.0000000e+002
  1.1316920e+003  6.0400000e+002
  1.1322920e+003  6.0000000e+002
  1.1329000e+003  6.0800000e+002
  1.1335040e+003  6.0400000e+002
  1.1341200e+003  6.1600000e+002
  1.1347360e+003  6.1600000e+002
  1.1353400e+003  6.0400000e+002
  1.1359480e+003  6.0800000e+002
  1.1365560e+003  6.0800000e+002
  1.1371560e+003  6.0000000e+002
  1.1377680e+003  6.1200000e+002
  1.1383760e+003  6.0800000e+002
  1.1389800e+003  6.0400000e+002
  1.1395880e+003  6.0800000e+002
  1.1401960e+003  6.0800000e+002
  1.1408000e+003  6.0400000e+002
  1.1414080e+003  6.0800000e+002
  1.1420120e+003  6.0400000e+002
  1.1426160e+003  6.0400000e+002
  1.1432280e+003  6.1200000e+002
  1.1438320e+003  6.0400000e+002
  1.1444400e+003  6.0800000e+002
  1.1450400e+003  6.0000000e+002
  1.1456120e+003  5.7200000e+002
  1.1462280e+003  6.1600000e+002
  1.1468120e+003  5.8400000e+002
  1.1474000e+003  5.8800000e+002
  1.1479800e+003  5.8000000e+002
  1.1485640e+003  5.8400000e+002
  1.1491520e+003  5.8800000e+002
  1.1497320e+003  5.8000000e+002
  1.1503160e+003  5.8400000e+002
  1.1509080e+003  5.9200000e+002
  1.1514920e+003  5.8400000e+002
  1.1520840e+003  5.9200000e+002
  1.1526760e+003  5.9200000e+002
  1.1532600e+003  5.8400000e+002
  1.1538560e+003  5.9600000e+002
  1.1544440e+003  5.8800000e+002
  1.1550280e+003  5.8400000e+002
  1.1556160e+003  5.8800000e+002
  1.1562040e+003  5.8800000e+002
  1.1567920e+003  5.8800000e+002
  1.1573880e+003  5.9600000e+002
  1.1579800e+003  5.9200000e+002
  1.1585760e+003  5.9600000e+002
  1.1591800e+003  6.0400000e+002
  1.1597720e+003  5.9200000e+002
  1.1603800e+003  6.0800000e+002
  1.1609800e+003  6.0000000e+002
  1.1616040e+003  6.2400000e+002
  1.1622240e+003  6.2000000e+002
  1.1628480e+003  6.2400000e+002
  1.1634800e+003  6.3200000e+002
  1.1641120e+003  6.3200000e+002
  1.1647560e+003  6.4400000e+002
  1.1653880e+003  6.3200000e+002
  1.1660240e+003  6.3600000e+002
  1.1666520e+003  6.2800000e+002
  1.1672720e+003  6.2000000e+002
  1.1678960e+003  6.2400000e+002
  1.1685120e+003  6.1600000e+002
  1.1691160e+003  6.0400000e+002
  1.1697160e+003  6.0000000e+002
  1.1703120e+003  5.9600000e+002
  1.1709040e+003  5.9200000e+002
  1.1714880e+003  5.8400000e+002
  1.1720440e+003  5.5600000e+002
  1.1726520e+003  6.0800000e+002
  1.1732040e+003  5.5200000e+002
  1.1738120e+003  6.0800000e+002
  1.1743600e+003  5.4800000e+002
  1.1749680e+003  6.0800000e+002
  1.1755400e+003  5.7200000e+002
  1.1760880e+003  5.4800000e+002
  1.1766640e+003  5.7600000e+002
  1.1772720e+003  6.0800000e+002
  1.1778400e+003  5.6800000e+002
  1.1784160e+003  5.7600000e+002
  1.1789880e+003  5.7200000e+002
  1.1795600e+003  5.7200000e+002
  1.1801000e+003  5.4000000e+002
  1.1807000e+003  6.0000000e+002
  1.1812400e+003  5.4000000e+002
  1.1818120e+003  5.7200000e+002
  1.1824080e+003  5.9600000e+002
  1.1829760e+003  5.6800000e+002
  1.1835160e+003  5.4000000e+002
  1.1841120e+003  5.9600000e+002
  1.1846800e+003  5.6800000e+002
  1.1852480e+003  5.6800000e+002
  1.1858160e+003  5.6800000e+002
  1.1863760e+003  5.6000000e+002
  1.1869440e+003  5.6800000e+002
  1.1875120e+003  5.6800000e+002
  1.1880800e+003  5.6800000e+002
  1.1886480e+003  5.6800000e+002
  1.1892200e+003  5.7200000e+002
  1.1898000e+003  5.8000000e+002
  1.1903880e+003  5.8800000e+002
  1.1909720e+003  5.8400000e+002
  1.1915680e+003  5.9600000e+002
  1.1921680e+003  6.0000000e+002
  1.1927720e+003  6.0400000e+002
  1.1933720e+003  6.0000000e+002
  1.1939720e+003  6.0000000e+002
  1.1945720e+003  6.0000000e+002
  1.1951400e+003  5.6800000e+002
  1.1957320e+003  5.9200000e+002
  1.1963440e+003  6.1200000e+002
  1.1969280e+003  5.8400000e+002
  1.1975080e+003  5.8000000e+002
  1.1980840e+003  5.7600000e+002
  1.1986560e+003  5.7200000e+002
  1.1992240e+003  5.6800000e+002
  1.1997920e+003  5.6800000e+002
  1.2003600e+003  5.6800000e+002
  1.2009200e+003  5.6000000e+002
  1.2014840e+003  5.6400000e+002
  1.2020520e+003  5.6800000e+002
  1.2026160e+003  5.6400000e+002
  1.2031800e+003  5.6400000e+002
  1.2037520e+003  5.7200000e+002
  1.2043360e+003  5.8400000e+002
  1.2049240e+003  5.8800000e+002
  1.2055200e+003  5.9600000e+002
  1.2061200e+003  6.0000000e+002
  1.2067200e+003  6.0000000e+002
  1.2073000e+003  5.8000000e+002
  1.2079000e+003  6.0000000e+002
  1.2085280e+003  6.2800000e+002
  1.2090920e+003  5.6400000e+002
  1.2096760e+003  5.8400000e+002
  1.2102960e+003  6.2000000e+002
  1.2108440e+003  5.4800000e+002
  1.2114240e+003  5.8000000e+002
  1.2120280e+003  6.0400000e+002
  1.2125760e+003  5.4800000e+002
  1.2131760e+003  6.0000000e+002
  1.2137200e+003  5.4400000e+002
  1.2142880e+003  5.6800000e+002
  1.2148600e+003  5.7200000e+002
  1.2154280e+003  5.6800000e+002
  1.2160240e+003  5.9600000e+002
  1.2165640e+003  5.4000000e+002
  1.2171600e+003  5.9600000e+002
  1.2177000e+003  5.4000000e+002
  1.2182920e+003  5.9200000e+002
  1.2188280e+003  5.3600000e+002
  1.2194160e+003  5.8800000e+002
  1.2199520e+003  5.3600000e+002
  1.2205360e+003  5.8400000e+002
  1.2210840e+003  5.4800000e+002
  1.2216400e+003  5.5600000e+002
  1.2222000e+003  5.6000000e+002
  1.2227560e+003  5.5600000e+002
  1.2232720e+003  5.1600000e+002
  1.2238200e+003  5.4800000e+002
  1.2243640e+003  5.4400000e+002
  1.2249080e+003  5.4400000e+002
  1.2254480e+003  5.4000000e+002
  1.2260120e+003  5.6400000e+002
  1.2265440e+003  5.3200000e+002
  1.2270560e+003  5.1200000e+002
  1.2275920e+003  5.3600000e+002
  1.2281280e+003  5.3600000e+002
  1.2286680e+003  5.4000000e+002
  1.2292080e+003  5.4000000e+002
  1.2297720e+003  5.6400000e+002
  1.2303120e+003  5.4000000e+002
  1.2308560e+003  5.4400000e+002
  1.2313760e+003  5.2000000e+002
  1.2319560e+003  5.8000000e+002
  1.2324840e+003  5.2800000e+002
  1.2330720e+003  5.8800000e+002
  1.2336360e+003  5.6400000e+002
  1.2341960e+003  5.6000000e+002
  1.2347680e+003  5.7200000e+002
  1.2353360e+003  5.6800000e+002
  1.2359120e+003  5.7600000e+002
  1.2364800e+003  5.6800000e+002
  1.2370560e+003  5.7600000e+002
  1.2376360e+003  5.8000000e+002
  1.2382120e+003  5.7600000e+002
  1.2387920e+003  5.8000000e+002
  1.2393720e+003  5.8000000e+002
  1.2399520e+003  5.8000000e+002
  1.2405360e+003  5.8400000e+002
  1.2411160e+003  5.8000000e+002
  1.2417000e+003  5.8400000e+002
  1.2422840e+003  5.8400000e+002
  1.2428720e+003  5.8800000e+002
  1.2434560e+003  5.8400000e+002
  1.2440480e+003  5.9200000e+002
  1.2446400e+003  5.9200000e+002
  1.2452320e+003  5.9200000e+002
  1.2458280e+003  5.9600000e+002
  1.2464240e+003  5.9600000e+002
  1.2470160e+003  5.9200000e+002
  1.2476120e+003  5.9600000e+002
  1.2482080e+003  5.9600000e+002
  1.2488080e+003  6.0000000e+002
  1.2494200e+003  6.1200000e+002
  1.2500240e+003  6.0400000e+002
  1.2506240e+003  6.0000000e+002
  1.2512320e+003  6.0800000e+002
  1.2518280e+003  5.9600000e+002
  1.2524200e+003  5.9200000e+002
  1.2530160e+003  5.9600000e+002
  1.2536080e+003  5.9200000e+002
  1.2541920e+003  5.8400000e+002
  1.2547840e+003  5.9200000e+002
  1.2553680e+003  5.8400000e+002
  1.2559520e+003  5.8400000e+002
  1.2565080e+003  5.5600000e+002
  1.2571120e+003  6.0400000e+002
  1.2576840e+003  5.7200000e+002
  1.2582240e+003  5.4000000e+002
  1.2587960e+003  5.7200000e+002
  1.2593640e+003  5.6800000e+002
  1.2599560e+003  5.9200000e+002
  1.2605160e+003  5.6000000e+002
  1.2610520e+003  5.3600000e+002
  1.2616480e+003  5.9600000e+002
  1.2622120e+003  5.6400000e+002
  1.2627800e+003  5.6800000e+002
  1.2633520e+003  5.7200000e+002
  1.2639160e+003  5.6400000e+002
  1.2644880e+003  5.7200000e+002
  1.2650560e+003  5.6800000e+002
  1.2656200e+003  5.6400000e+002
  1.2661640e+003  5.4400000e+002
  1.2667320e+003  5.6800000e+002
  1.2673200e+003  5.8800000e+002
  1.2678600e+003  5.4000000e+002
  1.2684520e+003  5.9200000e+002
  1.2689880e+003  5.3600000e+002
  1.2695760e+003  5.8800000e+002
  1.2701320e+003  5.5600000e+002
  1.2706640e+003  5.3200000e+002
  1.2712200e+003  5.5600000e+002
  1.2718040e+003  5.8400000e+002
  1.2723600e+003  5.5600000e+002
  1.2728960e+003  5.3600000e+002
  1.2734920e+003  5.9600000e+002
  1.2740280e+003  5.3600000e+002
  1.2746000e+003  5.7200000e+002
  1.2752000e+003  6.0000000e+002
  1.2757680e+003  5.6800000e+002
  1.2763160e+003  5.4800000e+002
  1.2769200e+003  6.0400000e+002
  1.2774960e+003  5.7600000e+002
  1.2780720e+003  5.7600000e+002
  1.2786520e+003  5.8000000e+002
  1.2792320e+003  5.8000000e+002
  1.2798120e+003  5.8000000e+002
  1.2804000e+003  5.8800000e+002
  1.2809840e+003  5.8400000e+002
  1.2815680e+003  5.8400000e+002
  1.2821640e+003  5.9600000e+002
  1.2827600e+003  5.9600000e+002
  1.2833520e+003  5.9200000e+002
  1.2839520e+003  6.0000000e+002
  1.2845480e+003  5.9600000e+002
  1.2851400e+003  5.9200000e+002
  1.2857440e+003  6.0400000e+002
  1.2863400e+003  5.9600000e+002
  1.2869320e+003  5.9200000e+002
  1.2875320e+003  6.0000000e+002
  1.2881320e+003  6.0000000e+002
  1.2887200e+003  5.8800000e+002
  1.2893160e+003  5.9600000e+002
  1.2899000e+003  5.8400000e+002
  1.2904800e+003  5.8000000e+002
  1.2910600e+003  5.8000000e+002
  1.2916360e+003  5.7600000e+002
  1.2922160e+003  5.8000000e+002
  1.2927680e+003  5.5200000e+002
  1.2933800e+003  6.1200000e+002
  1.2939600e+003  5.8000000e+002
  1.2945440e+003  5.8400000e+002
  1.2951240e+003  5.8000000e+002
  1.2957040e+003  5.8000000e+002
  1.2962800e+003  5.7600000e+002
  1.2968600e+003  5.8000000e+002
  1.2974360e+003  5.7600000e+002
  1.2980160e+003  5.8000000e+002
  1.2985960e+003  5.8000000e+002
  1.2991720e+003  5.7600000e+002
  1.2997560e+003  5.8400000e+002
  1.3003160e+003  5.6000000e+002
  1.3009320e+003  6.1600000e+002
  1.3014840e+003  5.5200000e+002
  1.3021000e+003  6.1600000e+002
  1.3026840e+003  5.8400000e+002
  1.3032640e+003  5.8000000e+002
  1.3038520e+003  5.8800000e+002
  1.3044360e+003  5.8400000e+002
  1.3050280e+003  5.9200000e+002
  1.3056240e+003  5.9600000e+002
  1.3062240e+003  6.0000000e+002
  1.3068200e+003  5.9600000e+002
  1.3074200e+003  6.0000000e+002
  1.3080200e+003  6.0000000e+002
  1.3086120e+003  5.9200000e+002
  1.3092120e+003  6.0000000e+002
  1.3098120e+003  6.0000000e+002
  1.3104040e+003  5.9200000e+002
  1.3109720e+003  5.6800000e+002
  1.3115960e+003  6.2400000e+002
  1.3121880e+003  5.9200000e+002
  1.3127520e+003  5.6400000e+002
  1.3133400e+003  5.8800000e+002
  1.3139520e+003  6.1200000e+002
  1.3145320e+003  5.8000000e+002
  1.3151160e+003  5.8400000e+002
  1.3156960e+003  5.8000000e+002
  1.3162720e+003  5.7600000e+002
  1.3168200e+003  5.4800000e+002
  1.3174280e+003  6.0800000e+002
  1.3180040e+003  5.7600000e+002
  1.3185720e+003  5.6800000e+002
  1.3191200e+003  5.4800000e+002
  1.3197200e+003  6.0000000e+002
  1.3202880e+003  5.6800000e+002
  1.3208280e+003  5.4000000e+002
  1.3214200e+003  5.9200000e+002
  1.3219880e+003  5.6800000e+002
  1.3225240e+003  5.3600000e+002
  1.3230920e+003  5.6800000e+002
  1.3236640e+003  5.7200000e+002
  1.3242680e+003  6.0400000e+002
  1.3248360e+003  5.6800000e+002
  1.3254160e+003  5.8000000e+002
  1.3260000e+003  5.8400000e+002
  1.3265880e+003  5.8800000e+002
  1.3271840e+003  5.9600000e+002
  1.3277840e+003  6.0000000e+002
  1.3283840e+003  6.0000000e+002
  1.3289880e+003  6.0400000e+002
  1.3295880e+003  6.0000000e+002
  1.3301840e+003  5.9600000e+002
  1.3307840e+003  6.0000000e+002
  1.3313800e+003  5.9600000e+002
  1.3319800e+003  6.0000000e+002
  1.3325880e+003  6.0800000e+002
  1.3331880e+003  6.0000000e+002
  1.3337920e+003  6.0400000e+002
  1.3343920e+003  6.0000000e+002
  1.3349840e+003  5.9200000e+002
  1.3355840e+003  6.0000000e+002
  1.3361800e+003  5.9600000e+002
  1.3367680e+003  5.8800000e+002
  1.3373640e+003  5.9600000e+002
  1.3379520e+003  5.8800000e+002
  1.3385440e+003  5.9200000e+002
  1.3391280e+003  5.8400000e+002
  1.3397120e+003  5.8400000e+002
  1.3403000e+003  5.8800000e+002
  1.3408840e+003  5.8400000e+002
  1.3414720e+003  5.8800000e+002
  1.3420600e+003  5.8800000e+002
  1.3426440e+003  5.8400000e+002
  1.3432280e+003  5.8400000e+002
  1.3438120e+003  5.8400000e+002
  1.3443880e+003  5.7600000e+002
  1.3449360e+003  5.4800000e+002
  1.3455360e+003  6.0000000e+002
  1.3461080e+003  5.7200000e+002
  1.3466800e+003  5.7200000e+002
  1.3472520e+003  5.7200000e+002
  1.3478280e+003  5.7600000e+002
  1.3484040e+003  5.7600000e+002
  1.3489760e+003  5.7200000e+002
  1.3495520e+003  5.7600000e+002
  1.3501320e+003  5.8000000e+002
  1.3507080e+003  5.7600000e+002
  1.3512840e+003  5.7600000e+002
  1.3518600e+003  5.7600000e+002
  1.3524280e+003  5.6800000e+002
  1.3530000e+003  5.7200000e+002
  1.3535720e+003  5.7200000e+002
  1.3541400e+003  5.6800000e+002
  1.3547080e+003  5.6800000e+002
  1.3552720e+003  5.6400000e+002
  1.3558320e+003  5.6000000e+002
  1.3564000e+003  5.6800000e+002
  1.3569640e+003  5.6400000e+002
  1.3575280e+003  5.6400000e+002
  1.3580960e+003  5.6800000e+002
  1.3586600e+003  5.6400000e+002
  1.3592320e+003  5.7200000e+002
  1.3598080e+003  5.7600000e+002
  1.3603760e+003  5.6800000e+002
  1.3609560e+003  5.8000000e+002
  1.3615320e+003  5.7600000e+002
  1.3621120e+003  5.8000000e+002
  1.3626680e+003  5.5600000e+002
  1.3632520e+003  5.8400000e+002
  1.3638600e+003  6.0800000e+002
  1.3644360e+003  5.7600000e+002
  1.3649880e+003  5.5200000e+002
  1.3655960e+003  6.0800000e+002
  1.3661720e+003  5.7600000e+002
  1.3667480e+003  5.7600000e+002
  1.3673200e+003  5.7200000e+002
  1.3678960e+003  5.7600000e+002
  1.3684760e+003  5.8000000e+002
  1.3690560e+003  5.8000000e+002
  1.3696360e+003  5.8000000e+002
  1.3702160e+003  5.8000000e+002
  1.3707640e+003  5.4800000e+002
  1.3713440e+003  5.8000000e+002
  1.3719480e+003  6.0400000e+002
  1.3725000e+003  5.5200000e+002
  1.3731000e+003  6.0000000e+002
  1.3736520e+003  5.5200000e+002
  1.3742520e+003  6.0000000e+002
  1.3748200e+003  5.6800000e+002
  1.3753680e+003  5.4800000e+002
  1.3759640e+003  5.9600000e+002
  1.3765360e+003  5.7200000e+002
  1.3771040e+003  5.6800000e+002
  1.3776800e+003  5.7600000e+002
  1.3782520e+003  5.7200000e+002
  1.3788000e+003  5.4800000e+002
  1.3793840e+003  5.8400000e+002
  1.3799960e+003  6.1200000e+002
  1.3805680e+003  5.7200000e+002
  1.3811120e+003  5.4400000e+002
  1.3817200e+003  6.0800000e+002
  1.3822960e+003  5.7600000e+002
  1.3828440e+003  5.4800000e+002
  1.3834200e+003  5.7600000e+002
  1.3839920e+003  5.7200000e+002
  1.3845680e+003  5.7600000e+002
  1.3851680e+003  6.0000000e+002
  1.3857400e+003  5.7200000e+002
  1.3863080e+003  5.6800000e+002
  1.3868720e+003  5.6400000e+002
  1.3874400e+003  5.6800000e+002
  1.3880080e+003  5.6800000e+002
  1.3885760e+003  5.6800000e+002
  1.3891520e+003  5.7600000e+002
  1.3897240e+003  5.7200000e+002
  1.3903040e+003  5.8000000e+002
  1.3908920e+003  5.8800000e+002
  1.3914800e+003  5.8800000e+002
  1.3920720e+003  5.9200000e+002
  1.3926640e+003  5.9200000e+002
  1.3932640e+003  6.0000000e+002
  1.3938640e+003  6.0000000e+002
  1.3944600e+003  5.9600000e+002
  1.3950680e+003  6.0800000e+002
  1.3956760e+003  6.0800000e+002
  1.3962760e+003  6.0000000e+002
  1.3968840e+003  6.0800000e+002
  1.3974840e+003  6.0000000e+002
  1.3980880e+003  6.0400000e+002
  1.3986920e+003  6.0400000e+002
  1.3992880e+003  5.9600000e+002
  1.3998880e+003  6.0000000e+002
  1.4004920e+003  6.0400000e+002
  1.4010880e+003  5.9600000e+002
  1.4016920e+003  6.0400000e+002
  1.4022920e+003  6.0000000e+002
  1.4028960e+003  6.0400000e+002
  1.4035000e+003  6.0400000e+002
  1.4040720e+003  5.7200000e+002
  1.4047000e+003  6.2800000e+002
  1.4052880e+003  5.8800000e+002
  1.4058840e+003  5.9600000e+002
  1.4064800e+003  5.9600000e+002
  1.4070760e+003  5.9600000e+002
  1.4076720e+003  5.9600000e+002
  1.4082640e+003  5.9200000e+002
  1.4088640e+003  6.0000000e+002
  1.4094680e+003  6.0400000e+002
  1.4100640e+003  5.9600000e+002
  1.4106680e+003  6.0400000e+002
  1.4112640e+003  5.9600000e+002
  1.4118600e+003  5.9600000e+002
  1.4124560e+003  5.9600000e+002
  1.4130440e+003  5.8800000e+002
  1.4136400e+003  5.9600000e+002
  1.4142240e+003  5.8400000e+002
  1.4148120e+003  5.8800000e+002
  1.4154000e+003  5.8800000e+002
  1.4159880e+003  5.8800000e+002
  1.4165800e+003  5.9200000e+002
  1.4171720e+003  5.9200000e+002
  1.4177640e+003  5.9200000e+002
  1.4183600e+003  5.9600000e+002
  1.4189520e+003  5.9200000e+002
  1.4195440e+003  5.9200000e+002
  1.4201360e+003  5.9200000e+002
  1.4207200e+003  5.8400000e+002
  1.4213080e+003  5.8800000e+002
  1.4218920e+003  5.8400000e+002
  1.4224720e+003  5.8000000e+002
  1.4230560e+003  5.8400000e+002
  1.4236440e+003  5.8800000e+002
  1.4242280e+003  5.8400000e+002
  1.4248080e+003  5.8000000e+002
  1.4253920e+003  5.8400000e+002
  1.4259800e+003  5.8800000e+002
  1.4265640e+003  5.8400000e+002
  1.4271600e+003  5.9600000e+002
  1.4277600e+003  6.0000000e+002
  1.4283600e+003  6.0000000e+002
  1.4289680e+003  6.0800000e+002
  1.4295680e+003  6.0000000e+002
  1.4301680e+003  6.0000000e+002
  1.4307680e+003  6.0000000e+002
  1.4313560e+003  5.8800000e+002
  1.4319520e+003  5.9600000e+002
  1.4325440e+003  5.9200000e+002
  1.4331320e+003  5.8800000e+002
  1.4337200e+003  5.8800000e+002
  1.4343080e+003  5.8800000e+002
  1.4349000e+003  5.9200000e+002
  1.4354920e+003  5.9200000e+002
  1.4360800e+003  5.8800000e+002
  1.4366720e+003  5.9200000e+002
  1.4372640e+003  5.9200000e+002
  1.4378600e+003  5.9600000e+002
  1.4384560e+003  5.9600000e+002
  1.4390440e+003  5.8800000e+002
  1.4396360e+003  5.9200000e+002
  1.4402240e+003  5.8800000e+002
  1.4408080e+003  5.8400000e+002
  1.4414000e+003  5.9200000e+002
  1.4419880e+003  5.8800000e+002
  1.4425800e+003  5.9200000e+002
  1.4431680e+003  5.8800000e+002
  1.4437560e+003  5.8800000e+002
  1.4443440e+003  5.8800000e+002
  1.4449320e+003  5.8800000e+002
  1.4455240e+003  5.9200000e+002
  1.4461160e+003  5.9200000e+002
  1.4467000e+003  5.8400000e+002
  1.4472920e+003  5.9200000e+002
  1.4478800e+003  5.8800000e+002
  1.4484680e+003  5.8800000e+002
  1.4490560e+003  5.8800000e+002
  1.4496560e+003  6.0000000e+002
  1.4502520e+003  5.9600000e+002
  1.4508480e+003  5.9600000e+002
  1.4514440e+003  5.9600000e+002
  1.4520400e+003  5.9600000e+002
  1.4526400e+003  6.0000000e+002
  1.4532360e+003  5.9600000e+002
  1.4538240e+003  5.8800000e+002
  1.4544160e+003  5.9200000e+002
  1.4550120e+003  5.9600000e+002
  1.4556000e+003  5.8800000e+002
  1.4561920e+003  5.9200000e+002
  1.4567840e+003  5.9200000e+002
  1.4573720e+003  5.8800000e+002
  1.4579600e+003  5.8800000e+002
  1.4585440e+003  5.8400000e+002
  1.4591320e+003  5.8800000e+002
  1.4597160e+003  5.8400000e+002
  1.4602960e+003  5.8000000e+002
  1.4608800e+003  5.8400000e+002
  1.4614640e+003  5.8400000e+002
  1.4620480e+003  5.8400000e+002
  1.4626320e+003  5.8400000e+002
  1.4632200e+003  5.8800000e+002
  1.4638120e+003  5.9200000e+002
  1.4644000e+003  5.8800000e+002
  1.4649960e+003  5.9600000e+002
  1.4655920e+003  5.9600000e+002
  1.4661920e+003  6.0000000e+002
  1.4667840e+003  5.9200000e+002
  1.4673840e+003  6.0000000e+002
  1.4679880e+003  6.0400000e+002
  1.4685880e+003  6.0000000e+002
  1.4691960e+003  6.0800000e+002
  1.4697960e+003  6.0000000e+002
  1.4704040e+003  6.0800000e+002
  1.4710080e+003  6.0400000e+002
  1.4716120e+003  6.0400000e+002
  1.4722200e+003  6.0800000e+002
  1.4728200e+003  6.0000000e+002
  1.4734240e+003  6.0400000e+002
  1.4740320e+003  6.0800000e+002
  1.4746320e+003  6.0000000e+002
  1.4752400e+003  6.0800000e+002
  1.4758400e+003  6.0000000e+002
  1.4764440e+003  6.0400000e+002
  1.4770440e+003  6.0000000e+002
  1.4776360e+003  5.9200000e+002
  1.4782320e+003  5.9600000e+002
  1.4788200e+003  5.8800000e+002
  1.4794160e+003  5.9600000e+002
  1.4800040e+003  5.8800000e+002
  1.4805880e+003  5.8400000e+002
  1.4811760e+003  5.8800000e+002
  1.4817600e+003  5.8400000e+002
  1.4823440e+003  5.8400000e+002
  1.4829320e+003  5.8800000e+002
  1.4835160e+003  5.8400000e+002
  1.4841000e+003  5.8400000e+002
  1.4846920e+003  5.9200000e+002
  1.4852760e+003  5.8400000e+002
  1.4858640e+003  5.8800000e+002
  1.4864480e+003  5.8400000e+002
  1.4870320e+003  5.8400000e+002
  1.4876160e+003  5.8400000e+002
  1.4881680e+003  5.5200000e+002
  1.4887800e+003  6.1200000e+002
  1.4893520e+003  5.7200000e+002
  1.4899320e+003  5.8000000e+002
  1.4904840e+003  5.5200000e+002
  1.4910880e+003  6.0400000e+002
  1.4916680e+003  5.8000000e+002
  1.4922480e+003  5.8000000e+002
  1.4928280e+003  5.8000000e+002
  1.4934160e+003  5.8800000e+002
  1.4940040e+003  5.8800000e+002
  1.4945920e+003  5.8800000e+002
  1.4951800e+003  5.8800000e+002
  1.4957680e+003  5.8800000e+002
  1.4963560e+003  5.8800000e+002
  1.4969480e+003  5.9200000e+002
  1.4975400e+003  5.9200000e+002
  1.4981240e+003  5.8400000e+002
  1.4987120e+003  5.8800000e+002
  1.4992960e+003  5.8400000e+002
  1.4998840e+003  5.8800000e+002
  1.5004720e+003  5.8800000e+002
  1.5010560e+003  5.8400000e+002
  1.5016440e+003  5.8800000e+002
  1.5022360e+003  5.9200000e+002
  1.5028280e+003  5.9200000e+002
  1.5034200e+003  5.9200000e+002
  1.5040080e+003  5.8800000e+002
  1.5046000e+003  5.9200000e+002
  1.5051840e+003  5.8400000e+002
  1.5057680e+003  5.8400000e+002
  1.5063560e+003  5.8800000e+002
  1.5069400e+003  5.8400000e+002
  1.5075240e+003  5.8400000e+002
  1.5081120e+003  5.8800000e+002
  1.5087000e+003  5.8800000e+002
  1.5092880e+003  5.8800000e+002
  1.5098880e+003  6.0000000e+002
  1.5104800e+003  5.9200000e+002
  1.5110800e+003  6.0000000e+002
  1.5116760e+003  5.9600000e+002
  1.5122680e+003  5.9200000e+002
  1.5128600e+003  5.9200000e+002
  1.5134560e+003  5.9600000e+002
  1.5140480e+003  5.9200000e+002
  1.5146440e+003  5.9600000e+002
  1.5152320e+003  5.8800000e+002
  1.5157960e+003  5.6400000e+002
  1.5164120e+003  6.1600000e+002
  1.5169600e+003  5.4800000e+002
  1.5175640e+003  6.0400000e+002
  1.5181400e+003  5.7600000e+002
  1.5187080e+003  5.6800000e+002
  1.5192760e+003  5.6800000e+002
  1.5198440e+003  5.6800000e+002
  1.5204080e+003  5.6400000e+002
  1.5209760e+003  5.6800000e+002
  1.5215480e+003  5.7200000e+002
  1.5221160e+003  5.6800000e+002
  1.5226920e+003  5.7600000e+002
  1.5232640e+003  5.7200000e+002
  1.5238400e+003  5.7600000e+002
  1.5244120e+003  5.7200000e+002
  1.5249880e+003  5.7600000e+002
  1.5255560e+003  5.6800000e+002
  1.5261240e+003  5.6800000e+002
  1.5266920e+003  5.6800000e+002
  1.5272600e+003  5.6800000e+002
  1.5278240e+003  5.6400000e+002
  1.5283880e+003  5.6400000e+002
  1.5289560e+003  5.6800000e+002
  1.5295240e+003  5.6800000e+002
  1.5300880e+003  5.6400000e+002
  1.5306560e+003  5.6800000e+002
  1.5312280e+003  5.7200000e+002
  1.5318040e+003  5.7600000e+002
  1.5323840e+003  5.8000000e+002
  1.5329640e+003  5.8000000e+002
  1.5335520e+003  5.8800000e+002
  1.5341400e+003  5.8800000e+002
  1.5347360e+003  5.9600000e+002
  1.5353360e+003  6.0000000e+002
  1.5359360e+003  6.0000000e+002
  1.5365440e+003  6.0800000e+002
  1.5371480e+003  6.0400000e+002
  1.5377480e+003  6.0000000e+002
  1.5383560e+003  6.0800000e+002
  1.5389520e+003  5.9600000e+002
  1.5395480e+003  5.9600000e+002
  1.5401480e+003  6.0000000e+002
  1.5407360e+003  5.8800000e+002
  1.5413360e+003  6.0000000e+002
  1.5419280e+003  5.9200000e+002
  1.5425240e+003  5.9600000e+002
  1.5431200e+003  5.9600000e+002
  1.5437120e+003  5.9200000e+002
  1.5443080e+003  5.9600000e+002
  1.5449000e+003  5.9200000e+002
  1.5454920e+003  5.9200000e+002
  1.5460880e+003  5.9600000e+002
  1.5466760e+003  5.8800000e+002
  1.5472760e+003  6.0000000e+002
  1.5478720e+003  5.9600000e+002
  1.5484720e+003  6.0000000e+002
  1.5490720e+003  6.0000000e+002
  1.5496600e+003  5.8800000e+002
  1.5502280e+003  5.6800000e+002
  1.5508200e+003  5.9200000e+002
  1.5514400e+003  6.2000000e+002
  1.5520240e+003  5.8400000e+002
  1.5526080e+003  5.8400000e+002
  1.5531640e+003  5.5600000e+002
  1.5537480e+003  5.8400000e+002
  1.5543280e+003  5.8000000e+002
  1.5549080e+003  5.8000000e+002
  1.5554840e+003  5.7600000e+002
  1.5560920e+003  6.0800000e+002
  1.5566400e+003  5.4800000e+002
  1.5572160e+003  5.7600000e+002
  1.5577880e+003  5.7200000e+002
  1.5583680e+003  5.8000000e+002
  1.5589720e+003  6.0400000e+002
  1.5595480e+003  5.7600000e+002
  1.5601280e+003  5.8000000e+002
  1.5607040e+003  5.7600000e+002
  1.5612760e+003  5.7200000e+002
  1.5618480e+003  5.7200000e+002
  1.5624240e+003  5.7600000e+002
  1.5629960e+003  5.7200000e+002
  1.5635640e+003  5.6800000e+002
  1.5641120e+003  5.4800000e+002
  1.5646920e+003  5.8000000e+002
  1.5653000e+003  6.0800000e+002
  1.5658760e+003  5.7600000e+002
  1.5664600e+003  5.8400000e+002
  1.5670440e+003  5.8400000e+002
  1.5676000e+003  5.5600000e+002
  1.5681920e+003  5.9200000e+002
  1.5688120e+003  6.2000000e+002
  1.5694000e+003  5.8800000e+002
  1.5700000e+003  6.0000000e+002
  1.5705920e+003  5.9200000e+002
  1.5711800e+003  5.8800000e+002
  1.5717720e+003  5.9200000e+002
  1.5723640e+003  5.9200000e+002
  1.5729520e+003  5.8800000e+002
  1.5735480e+003  5.9600000e+002
  1.5741400e+003  5.9200000e+002
  1.5747440e+003  6.0400000e+002
  1.5753520e+003  6.0800000e+002
  1.5759600e+003  6.0800000e+002
  1.5765760e+003  6.1600000e+002
  1.5771960e+003  6.2000000e+002
  1.5778120e+003  6.1600000e+002
  1.5784360e+003  6.2400000e+002
  1.5790520e+003  6.1600000e+002
  1.5796600e+003  6.0800000e+002
  1.5802800e+003  6.2000000e+002
  1.5809000e+003  6.2000000e+002
  1.5815160e+003  6.1600000e+002
  1.5821360e+003  6.2000000e+002
  1.5827480e+003  6.1200000e+002
  1.5833640e+003  6.1600000e+002
  1.5839840e+003  6.2000000e+002
  1.5846000e+003  6.1600000e+002
  1.5852160e+003  6.1600000e+002
  1.5858320e+003  6.1600000e+002
  1.5864520e+003  6.2000000e+002
  1.5870680e+003  6.1600000e+002
  1.5876760e+003  6.0800000e+002
  1.5882960e+003  6.2000000e+002
  1.5889040e+003  6.0800000e+002
  1.5895160e+003  6.1200000e+002
  1.5901200e+003  6.0400000e+002
  1.5907200e+003  6.0000000e+002
  1.5912920e+003  5.7200000e+002
  1.5919240e+003  6.3200000e+002
  1.5925200e+003  5.9600000e+002
  1.5931320e+003  6.1200000e+002
  1.5937400e+003  6.0800000e+002
  1.5943600e+003  6.2000000e+002
  1.5949840e+003  6.2400000e+002
  1.5956000e+003  6.1600000e+002
  1.5962280e+003  6.2800000e+002
  1.5968480e+003  6.2000000e+002
  1.5974680e+003  6.2000000e+002
  1.5980920e+003  6.2400000e+002
  1.5987040e+003  6.1200000e+002
  1.5993240e+003  6.2000000e+002
  1.5999440e+003  6.2000000e+002
  1.6005600e+003  6.1600000e+002
  1.6011800e+003  6.2000000e+002
  1.6017920e+003  6.1200000e+002
  1.6024160e+003  6.2400000e+002
  1.6030360e+003  6.2000000e+002
  1.6036560e+003  6.2000000e+002
  1.6042800e+003  6.2400000e+002
  1.6049000e+003  6.2000000e+002
  1.6055280e+003  6.2800000e+002
  1.6061480e+003  6.2000000e+002
  1.6067720e+003  6.2400000e+002
  1.6074000e+003  6.2800000e+002
  1.6080240e+003  6.2400000e+002
  1.6086520e+003  6.2800000e+002
  1.6092720e+003  6.2000000e+002
  1.6098920e+003  6.2000000e+002
  1.6105080e+003  6.1600000e+002
  1.6111200e+003  6.1200000e+002
  1.6117360e+003  6.1600000e+002
  1.6123480e+003  6.1200000e+002
  1.6129560e+003  6.0800000e+002
  1.6135680e+003  6.1200000e+002
  1.6141480e+003  5.8000000e+002
  1.6147640e+003  6.1600000e+002
  1.6153760e+003  6.1200000e+002
  1.6159800e+003  6.0400000e+002
  1.6165880e+003  6.0800000e+002
  1.6171960e+003  6.0800000e+002
  1.6178280e+003  6.3200000e+002
  1.6184280e+003  6.0000000e+002
  1.6190040e+003  5.7600000e+002
  1.6196320e+003  6.2800000e+002
  1.6202280e+003  5.9600000e+002
  1.6208320e+003  6.0400000e+002
  1.6214280e+003  5.9600000e+002
  1.6220280e+003  6.0000000e+002
  1.6226320e+003  6.0400000e+002
  1.6232280e+003  5.9600000e+002
  1.6238160e+003  5.8800000e+002
  1.6244080e+003  5.9200000e+002
  1.6250000e+003  5.9200000e+002
  1.6255840e+003  5.8400000e+002
  1.6261720e+003  5.8800000e+002
  1.6267600e+003  5.8800000e+002
  1.6273440e+003  5.8400000e+002
  1.6279320e+003  5.8800000e+002
  1.6285240e+003  5.9200000e+002
  1.6291240e+003  6.0000000e+002
  1.6297280e+003  6.0400000e+002
  1.6303240e+003  5.9600000e+002
  1.6309000e+003  5.7600000e+002
  1.6315240e+003  6.2400000e+002
  1.6321160e+003  5.9200000e+002
  1.6327080e+003  5.9200000e+002
  1.6333040e+003  5.9600000e+002
  1.6338920e+003  5.8800000e+002
  1.6344840e+003  5.9200000e+002
  1.6350760e+003  5.9200000e+002
  1.6356640e+003  5.8800000e+002
  1.6362600e+003  5.9600000e+002
  1.6368520e+003  5.9200000e+002
  1.6374440e+003  5.9200000e+002
  1.6380440e+003  6.0000000e+002
  1.6386400e+003  5.9600000e+002
  1.6392440e+003  6.0400000e+002
  1.6398520e+003  6.0800000e+002
  1.6404520e+003  6.0000000e+002
  1.6410280e+003  5.7600000e+002
  1.6416560e+003  6.2800000e+002
  1.6422480e+003  5.9200000e+002
  1.6428480e+003  6.0000000e+002
  1.6434440e+003  5.9600000e+002
  1.6440080e+003  5.6400000e+002
  1.6446320e+003  6.2400000e+002
  1.6452160e+003  5.8400000e+002
  1.6458040e+003  5.8800000e+002
  1.6463880e+003  5.8400000e+002
  1.6469720e+003  5.8400000e+002
  1.6475600e+003  5.8800000e+002
  1.6481400e+003  5.8000000e+002
  1.6487240e+003  5.8400000e+002
  1.6493080e+003  5.8400000e+002
  1.6498880e+003  5.8000000e+002
  1.6504680e+003  5.8000000e+002
  1.6510480e+003  5.8000000e+002
  1.6516280e+003  5.8000000e+002
  1.6522120e+003  5.8400000e+002
  1.6527840e+003  5.7200000e+002
  1.6533600e+003  5.7600000e+002
  1.6539400e+003  5.8000000e+002
  1.6545160e+003  5.7600000e+002
  1.6551000e+003  5.8400000e+002
  1.6556760e+003  5.7600000e+002
  1.6562600e+003  5.8400000e+002
  1.6568480e+003  5.8800000e+002
  1.6574280e+003  5.8000000e+002
  1.6579880e+003  5.6000000e+002
  1.6586080e+003  6.2000000e+002
  1.6591920e+003  5.8400000e+002
  1.6597840e+003  5.9200000e+002
  1.6603800e+003  5.9600000e+002
  1.6609720e+003  5.9200000e+002
  1.6615760e+003  6.0400000e+002
  1.6621760e+003  6.0000000e+002
  1.6627720e+003  5.9600000e+002
  1.6633760e+003  6.0400000e+002
  1.6639840e+003  6.0800000e+002
  1.6645920e+003  6.0800000e+002
  1.6652080e+003  6.1600000e+002
  1.6658160e+003  6.0800000e+002
  1.6664360e+003  6.2000000e+002
  1.6670520e+003  6.1600000e+002
  1.6676640e+003  6.1200000e+002
  1.6682880e+003  6.2400000e+002
  1.6689040e+003  6.1600000e+002
  1.6695160e+003  6.1200000e+002
  1.6701360e+003  6.2000000e+002
  1.6707480e+003  6.1200000e+002
  1.6713720e+003  6.2400000e+002
  1.6719880e+003  6.1600000e+002
  1.6725680e+003  5.8000000e+002
  1.6731840e+003  6.1600000e+002
  1.6737960e+003  6.1200000e+002
  1.6744040e+003  6.0800000e+002
  1.6750320e+003  6.2800000e+002
  1.6756280e+003  5.9600000e+002
  1.6762320e+003  6.0400000e+002
  1.6768280e+003  5.9600000e+002
  1.6774040e+003  5.7600000e+002
  1.6780360e+003  6.3200000e+002
  1.6786320e+003  5.9600000e+002
  1.6792400e+003  6.0800000e+002
  1.6798520e+003  6.1200000e+002
  1.6804640e+003  6.1200000e+002
  1.6810840e+003  6.2000000e+002
  1.6816920e+003  6.0800000e+002
  1.6823120e+003  6.2000000e+002
  1.6829240e+003  6.1200000e+002
  1.6835400e+003  6.1600000e+002
  1.6841560e+003  6.1600000e+002
  1.6847600e+003  6.0400000e+002
  1.6853440e+003  5.8400000e+002
  1.6859760e+003  6.3200000e+002
  1.6865800e+003  6.0400000e+002
  1.6871880e+003  6.0800000e+002
  1.6877920e+003  6.0400000e+002
  1.6884040e+003  6.1200000e+002
  1.6890160e+003  6.1200000e+002
  1.6896240e+003  6.0800000e+002
  1.6902360e+003  6.1200000e+002
  1.6908400e+003  6.0400000e+002
  1.6914120e+003  5.7200000e+002
  1.6920440e+003  6.3200000e+002
  1.6926440e+003  6.0000000e+002
  1.6932200e+003  5.7600000e+002
  1.6938520e+003  6.3200000e+002
  1.6944520e+003  6.0000000e+002
  1.6950560e+003  6.0400000e+002
  1.6956560e+003  6.0000000e+002
  1.6962560e+003  6.0000000e+002
  1.6968480e+003  5.9200000e+002
  1.6974360e+003  5.8800000e+002
  1.6980280e+003  5.9200000e+002
  1.6986160e+003  5.8800000e+002
  1.6991800e+003  5.6400000e+002
  1.6997960e+003  6.1600000e+002
  1.7003760e+003  5.8000000e+002
  1.7009600e+003  5.8400000e+002
  1.7015400e+003  5.8000000e+002
  1.7021200e+003  5.8000000e+002
  1.7027000e+003  5.8000000e+002
  1.7032760e+003  5.7600000e+002
  1.7038520e+003  5.7600000e+002
  1.7044320e+003  5.8000000e+002
  1.7050080e+003  5.7600000e+002
  1.7055840e+003  5.7600000e+002
  1.7061600e+003  5.7600000e+002
  1.7067360e+003  5.7600000e+002
  1.7073160e+003  5.8000000e+002
  1.7078880e+003  5.7200000e+002
  1.7084680e+003  5.8000000e+002
  1.7090480e+003  5.8000000e+002
  1.7096200e+003  5.7200000e+002
  1.7102080e+003  5.8800000e+002
  1.7107920e+003  5.8400000e+002
  1.7113840e+003  5.9200000e+002
  1.7119760e+003  5.9200000e+002
  1.7125680e+003  5.9200000e+002
  1.7131400e+003  5.7200000e+002
  1.7137680e+003  6.2800000e+002
  1.7143680e+003  6.0000000e+002
  1.7149600e+003  5.9200000e+002
  1.7155280e+003  5.6800000e+002
  1.7161480e+003  6.2000000e+002
  1.7167320e+003  5.8400000e+002
  1.7173160e+003  5.8400000e+002
  1.7179000e+003  5.8400000e+002
  1.7184880e+003  5.8800000e+002
  1.7190800e+003  5.9200000e+002
  1.7196600e+003  5.8000000e+002
  1.7202440e+003  5.8400000e+002
  1.7208280e+003  5.8400000e+002
  1.7214040e+003  5.7600000e+002
  1.7219880e+003  5.8400000e+002
  1.7225680e+003  5.8000000e+002
  1.7231520e+003  5.8400000e+002
  1.7237440e+003  5.9200000e+002
  1.7243360e+003  5.9200000e+002
  1.7249360e+003  6.0000000e+002
  1.7255360e+003  6.0000000e+002
  1.7261280e+003  5.9200000e+002
  1.7267280e+003  6.0000000e+002
  1.7273240e+003  5.9600000e+002
  1.7279200e+003  5.9600000e+002
  1.7285240e+003  6.0400000e+002
  1.7291200e+003  5.9600000e+002
  1.7296920e+003  5.7200000e+002
  1.7303200e+003  6.2800000e+002
  1.7309160e+003  5.9600000e+002
  1.7315160e+003  6.0000000e+002
  1.7321160e+003  6.0000000e+002
  1.7327160e+003  6.0000000e+002
  1.7333200e+003  6.0400000e+002
  1.7339160e+003  5.9600000e+002
  1.7344880e+003  5.7200000e+002
  1.7350880e+003  6.0000000e+002
  1.7357120e+003  6.2400000e+002
  1.7363040e+003  5.9200000e+002
  1.7368720e+003  5.6800000e+002
  1.7374640e+003  5.9200000e+002
  1.7380880e+003  6.2400000e+002
  1.7386560e+003  5.6800000e+002
  1.7392440e+003  5.8800000e+002
  1.7398600e+003  6.1600000e+002
  1.7404440e+003  5.8400000e+002
  1.7410040e+003  5.6000000e+002
  1.7416160e+003  6.1200000e+002
  1.7421960e+003  5.8000000e+002
  1.7427800e+003  5.8400000e+002
  1.7433600e+003  5.8000000e+002
  1.7439440e+003  5.8400000e+002
  1.7445320e+003  5.8800000e+002
  1.7451200e+003  5.8800000e+002
  1.7457200e+003  6.0000000e+002
  1.7463240e+003  6.0400000e+002
  1.7469200e+003  5.9600000e+002
  1.7475320e+003  6.1200000e+002
  1.7481400e+003  6.0800000e+002
  1.7487440e+003  6.0400000e+002
  1.7493520e+003  6.0800000e+002
  1.7499600e+003  6.0800000e+002
  1.7505680e+003  6.0800000e+002
  1.7511800e+003  6.1200000e+002
  1.7517800e+003  6.0000000e+002
  1.7523840e+003  6.0400000e+002
  1.7529800e+003  5.9600000e+002
  1.7535720e+003  5.9200000e+002
  1.7541720e+003  6.0000000e+002
  1.7547720e+003  6.0000000e+002
  1.7553720e+003  6.0000000e+002
  1.7559800e+003  6.0800000e+002
  1.7565800e+003  6.0000000e+002
  1.7571600e+003  5.8000000e+002
  1.7577960e+003  6.3600000e+002
  1.7584040e+003  6.0800000e+002
  1.7590200e+003  6.1600000e+002
  1.7596360e+003  6.1600000e+002
  1.7602560e+003  6.2000000e+002
  1.7608760e+003  6.2000000e+002
  1.7614880e+003  6.1200000e+002
  1.7621040e+003  6.1600000e+002
  1.7627200e+003  6.1600000e+002
  1.7633360e+003  6.1600000e+002
  1.7639560e+003  6.2000000e+002
  1.7645680e+003  6.1200000e+002
  1.7651840e+003  6.1600000e+002
  1.7658040e+003  6.2000000e+002
  1.7664240e+003  6.2000000e+002
  1.7670440e+003  6.2000000e+002
  1.7676600e+003  6.1600000e+002
  1.7682760e+003  6.1600000e+002
  1.7688920e+003  6.1600000e+002
  1.7695080e+003  6.1600000e+002
  1.7701320e+003  6.2400000e+002
  1.7707520e+003  6.2000000e+002
  1.7713760e+003  6.2400000e+002
  1.7720000e+003  6.2400000e+002
  1.7726160e+003  6.1600000e+002
  1.7732360e+003  6.2000000e+002
  1.7738520e+003  6.1600000e+002
  1.7744640e+003  6.1200000e+002
  1.7750760e+003  6.1200000e+002
  1.7756920e+003  6.1600000e+002
  1.7763040e+003  6.1200000e+002
  1.7769160e+003  6.1200000e+002
  1.7774880e+003  5.7200000e+002
  1.7780920e+003  6.0400000e+002
  1.7786920e+003  6.0000000e+002
  1.7793120e+003  6.2000000e+002
  1.7799000e+003  5.8800000e+002
  1.7804920e+003  5.9200000e+002
  1.7810480e+003  5.5600000e+002
  1.7816360e+003  5.8800000e+002
  1.7822520e+003  6.1600000e+002
  1.7828360e+003  5.8400000e+002
  1.7833920e+003  5.5600000e+002
  1.7840040e+003  6.1200000e+002
  1.7845840e+003  5.8000000e+002
  1.7851640e+003  5.8000000e+002
  1.7857440e+003  5.8000000e+002
  1.7863200e+003  5.7600000e+002
  1.7868960e+003  5.7600000e+002
  1.7874720e+003  5.7600000e+002
  1.7880480e+003  5.7600000e+002
  1.7886240e+003  5.7600000e+002
  1.7892000e+003  5.7600000e+002
  1.7897720e+003  5.7200000e+002
  1.7903480e+003  5.7600000e+002
  1.7909200e+003  5.7200000e+002
  1.7914920e+003  5.7200000e+002
  1.7920680e+003  5.7600000e+002
  1.7926400e+003  5.7200000e+002
  1.7932160e+003  5.7600000e+002
  1.7937920e+003  5.7600000e+002
  1.7943680e+003  5.7600000e+002
  1.7949480e+003  5.8000000e+002
  1.7955240e+003  5.7600000e+002
  1.7960960e+003  5.7200000e+002
  1.7966680e+003  5.7200000e+002
  1.7972400e+003  5.7200000e+002
  1.7978040e+003  5.6400000e+002
