1.396	752.00
2.228	832.00
3.000	772.00
3.732	732.00
4.520	788.00
5.248	728.00
6.020	772.00
6.748	728.00
7.536	788.00
8.312	776.00
9.072	760.00
9.824	752.00
10.552	728.00
11.296	744.00
12.048	752.00
12.880	832.00
13.652	772.00
14.440	788.00
15.172	732.00
15.920	748.00
16.680	760.00
17.448	768.00
18.224	776.00
19.012	788.00
19.792	780.00
20.592	800.00
21.332	740.00
22.088	756.00
22.864	776.00
23.656	792.00
24.416	760.00
25.208	792.00
25.976	768.00
26.724	748.00
27.480	756.00
28.224	744.00
29.004	780.00
29.792	788.00
30.532	740.00
31.296	764.00
32.116	820.00
32.868	752.00
33.640	772.00
34.412	772.00
35.232	820.00
36.016	784.00
36.784	768.00
37.572	788.00
38.356	784.00
39.112	756.00
39.884	772.00
40.628	744.00
41.400	772.00
42.176	776.00
42.928	752.00
43.692	764.00
44.460	768.00
45.212	752.00
45.988	776.00
46.728	740.00
47.496	768.00
48.224	728.00
48.972	748.00
49.724	752.00
50.464	740.00
51.200	736.00
51.952	752.00
52.696	744.00
53.428	732.00
54.152	724.00
54.908	756.00
55.612	704.00
56.348	736.00
57.096	748.00
57.840	744.00
58.572	732.00
59.324	752.00
60.060	736.00
60.784	724.00
61.480	696.00
62.236	756.00
62.948	712.00
63.660	712.00
64.396	736.00
65.148	752.00
65.892	744.00
66.604	712.00
67.336	732.00
68.064	728.00
68.812	748.00
69.544	732.00
70.256	712.00
70.972	716.00
71.712	740.00
72.416	704.00
73.140	724.00
73.872	732.00
74.600	728.00
75.312	712.00
76.060	748.00
76.796	736.00
77.524	728.00
78.272	748.00
79.016	744.00
79.764	748.00
80.512	748.00
81.260	748.00
82.020	760.00
82.760	740.00
83.508	748.00
84.260	752.00
85.016	756.00
85.748	732.00
86.468	720.00
87.192	724.00
87.932	740.00
88.640	708.00
89.344	704.00
90.056	712.00
90.780	724.00
91.504	724.00
92.212	708.00
92.912	700.00
93.624	712.00
94.332	708.00
95.056	724.00
95.792	736.00
96.544	752.00
97.260	716.00
98.004	744.00
98.732	728.00
99.468	736.00
100.160	692.00
100.904	744.00
101.632	728.00
102.368	736.00
103.084	716.00
103.824	740.00
104.564	740.00
105.320	756.00
106.076	756.00
106.832	756.00
107.456	624.00
108.324	868.00
109.072	748.00
109.816	744.00
110.540	724.00
111.288	748.00
112.028	740.00
112.780	752.00
113.500	720.00
114.236	736.00
114.976	740.00
115.728	752.00
116.476	748.00
117.228	752.00
117.996	768.00
118.728	732.00
119.492	764.00
120.224	732.00
120.960	736.00
121.724	764.00
122.516	792.00
123.276	760.00
124.036	760.00
124.772	736.00
125.544	772.00
126.280	736.00
127.036	756.00
127.740	704.00
128.496	756.00
129.244	748.00
129.996	752.00
130.724	728.00
131.484	760.00
132.248	764.00
133.028	780.00
133.764	736.00
134.528	764.00
135.292	764.00
136.068	776.00
136.824	756.00
137.564	740.00
138.316	752.00
139.096	780.00
139.832	736.00
140.572	740.00
141.352	780.00
142.120	768.00
142.880	760.00
143.640	760.00
144.356	716.00
145.116	760.00
145.880	764.00
146.648	768.00
147.400	752.00
148.164	764.00
148.904	740.00
149.660	756.00
150.432	772.00
151.196	764.00
151.948	752.00
152.676	728.00
153.412	736.00
154.160	748.00
154.932	772.00
155.692	760.00
156.456	764.00
157.248	792.00
158.028	780.00
158.772	744.00
159.536	764.00
160.312	776.00
161.072	760.00
161.840	768.00
162.604	764.00
163.356	752.00
164.108	752.00
164.860	752.00
165.596	736.00
166.348	752.00
167.092	744.00
167.848	756.00
168.576	728.00
169.328	752.00
170.096	768.00
170.856	760.00
171.612	756.00
172.392	780.00
173.140	748.00
173.892	752.00
174.648	756.00
175.388	740.00
176.112	724.00
176.704	592.00
177.580	876.00
178.264	684.00
178.992	728.00
179.788	796.00
180.564	776.00
181.360	796.00
182.120	760.00
182.892	772.00
183.652	760.00
184.428	776.00
185.188	760.00
185.932	744.00
186.692	760.00
187.428	736.00
188.216	788.00
189.004	788.00
189.768	764.00
190.560	792.00
191.300	740.00
192.048	748.00
192.832	784.00
193.556	724.00
194.324	768.00
195.108	784.00
195.856	748.00
196.592	736.00
197.328	736.00
198.196	868.00
198.920	724.00
199.652	732.00
200.380	728.00
201.112	732.00
201.880	768.00
202.616	736.00
203.356	740.00
204.108	752.00
204.896	788.00
205.656	760.00
206.416	760.00
207.184	768.00
207.932	748.00
208.712	780.00
209.484	772.00
210.284	800.00
211.020	736.00
211.788	768.00
212.568	780.00
213.376	808.00
214.140	764.00
214.956	816.00
215.732	776.00
216.508	776.00
217.260	752.00
218.028	768.00
218.836	808.00
219.584	748.00
220.332	748.00
221.100	768.00
221.860	760.00
222.688	828.00
223.464	776.00
224.232	768.00
225.024	792.00
225.800	776.00
226.564	764.00
227.316	752.00
228.096	780.00
228.976	880.00
229.748	772.00
230.536	788.00
231.284	748.00
232.056	772.00
232.832	776.00
233.672	840.00
234.444	772.00
235.208	764.00
235.956	748.00
236.724	768.00
237.464	740.00
238.232	768.00
238.968	736.00
239.760	792.00
240.488	728.00
241.244	756.00
242.020	776.00
242.828	808.00
243.644	816.00
244.440	796.00
245.212	772.00
245.968	756.00
246.704	736.00
247.460	756.00
248.280	820.00
249.024	744.00
249.760	736.00
250.504	744.00
251.308	804.00
252.044	736.00
252.832	788.00
253.580	748.00
254.348	768.00
255.092	744.00
255.840	748.00
256.584	744.00
257.348	764.00
258.112	764.00
258.864	752.00
259.608	744.00
260.372	764.00
261.156	784.00
261.912	756.00
262.692	780.00
263.452	760.00
264.220	768.00
264.980	760.00
265.756	776.00
266.516	760.00
267.280	764.00
268.076	796.00
268.872	796.00
269.616	744.00
270.372	756.00
271.148	776.00
271.928	780.00
272.700	772.00
273.452	752.00
274.200	748.00
274.972	772.00
275.728	756.00
276.480	752.00
277.212	732.00
277.976	764.00
278.728	752.00
279.464	736.00
280.204	740.00
280.960	756.00
281.740	780.00
282.496	756.00
283.280	784.00
284.044	764.00
284.808	764.00
285.568	760.00
286.356	788.00
287.116	760.00
287.812	696.00
288.636	824.00
289.420	784.00
290.188	768.00
290.960	772.00
291.724	764.00
292.508	784.00
293.264	756.00
294.060	796.00
294.808	748.00
295.600	792.00
296.344	744.00
297.188	844.00
297.932	744.00
298.656	724.00
299.432	776.00
300.224	792.00
300.988	764.00
301.744	756.00
302.540	796.00
303.348	808.00
304.140	792.00
304.892	752.00
305.668	776.00
306.452	784.00
307.236	784.00
307.984	748.00
308.748	764.00
309.508	760.00
310.116	608.00
310.976	860.00
311.736	760.00
312.508	772.00
313.280	772.00
313.996	716.00
314.752	756.00
315.536	784.00
316.308	772.00
317.076	768.00
317.804	728.00
318.552	748.00
319.308	756.00
320.072	764.00
320.812	740.00
321.568	756.00
322.328	760.00
323.096	768.00
323.860	764.00
324.624	764.00
325.372	748.00
326.132	760.00
326.876	744.00
327.624	748.00
328.360	736.00
329.116	756.00
329.864	748.00
330.596	732.00
331.332	736.00
332.096	764.00
332.840	744.00
333.608	768.00
334.348	740.00
335.108	760.00
335.876	768.00
336.660	784.00
337.428	768.00
338.188	760.00
338.952	764.00
339.736	784.00
340.500	764.00
341.268	768.00
342.072	804.00
342.864	792.00
343.612	748.00
344.364	752.00
345.156	792.00
345.936	780.00
346.716	780.00
347.492	776.00
348.276	784.00
349.052	776.00
349.836	784.00
350.588	752.00
351.332	744.00
352.100	768.00
352.876	776.00
353.632	756.00
354.408	776.00
355.172	764.00
355.956	784.00
356.708	752.00
357.476	768.00
358.260	784.00
359.048	788.00
359.828	780.00
360.612	784.00
361.408	796.00
362.196	788.00
362.968	772.00
363.756	788.00
364.560	804.00
365.172	612.00
366.068	896.00
366.820	752.00
367.580	760.00
368.420	840.00
369.184	764.00
369.964	780.00
370.768	804.00
371.556	788.00
372.332	776.00
373.108	776.00
373.864	756.00
374.636	772.00
375.388	752.00
376.156	768.00
376.892	736.00
377.624	732.00
378.368	744.00
379.128	760.00
379.880	752.00
380.640	760.00
381.412	772.00
382.180	768.00
382.976	796.00
383.736	760.00
384.504	768.00
385.272	768.00
386.048	776.00
386.688	640.00
387.600	912.00
388.348	748.00
389.116	768.00
389.920	804.00
390.668	748.00
391.440	772.00
392.240	800.00
393.008	768.00
393.784	776.00
394.568	784.00
395.344	776.00
396.120	776.00
396.908	788.00
397.728	820.00
398.532	804.00
399.296	764.00
400.052	756.00
400.828	776.00
401.612	784.00
402.396	784.00
403.172	776.00
403.924	752.00
404.708	784.00
405.468	760.00
406.224	756.00
407.004	780.00
407.796	792.00
408.576	780.00
409.376	800.00
410.144	768.00
410.936	792.00
411.716	780.00
412.492	776.00
413.276	784.00
414.036	760.00
414.868	832.00
415.672	804.00
416.456	784.00
417.268	812.00
418.052	784.00
418.840	788.00
419.632	792.00
420.396	764.00
421.156	760.00
421.988	832.00
422.776	788.00
423.532	756.00
424.360	828.00
425.156	796.00
425.948	792.00
426.700	752.00
427.464	764.00
428.248	784.00
429.016	768.00
429.788	772.00
430.560	772.00
431.312	752.00
432.092	780.00
432.852	760.00
433.612	760.00
434.368	756.00
435.136	768.00
435.872	736.00
436.640	768.00
437.396	756.00
438.152	756.00
438.908	756.00
439.656	748.00
440.408	752.00
441.160	752.00
441.912	752.00
442.664	752.00
443.404	740.00
444.152	748.00
444.888	736.00
445.632	744.00
446.352	720.00
447.088	736.00
447.816	728.00
448.568	752.00
449.284	716.00
450.004	720.00
450.728	724.00
451.472	744.00
452.212	740.00
452.924	712.00
453.644	720.00
454.396	752.00
455.120	724.00
455.844	724.00
456.572	728.00
457.336	764.00
458.072	736.00
458.808	736.00
459.544	736.00
460.300	756.00
461.036	736.00
461.776	740.00
462.512	736.00
463.264	752.00
464.000	736.00
464.748	748.00
465.492	744.00
466.232	740.00
466.960	728.00
467.708	748.00
468.444	736.00
469.204	760.00
469.952	748.00
470.684	732.00
471.412	728.00
472.164	752.00
472.908	744.00
473.652	744.00
474.412	760.00
475.180	768.00
475.940	760.00
476.684	744.00
477.432	748.00
478.180	748.00
478.908	728.00
479.636	728.00
480.368	732.00
481.116	748.00
481.836	720.00
482.568	732.00
483.296	728.00
484.028	732.00
484.740	712.00
485.464	724.00
486.184	720.00
486.924	740.00
487.652	728.00
488.360	708.00
489.052	692.00
489.768	716.00
490.480	712.00
491.216	736.00
491.948	732.00
492.680	732.00
493.412	732.00
494.180	768.00
494.920	740.00
495.668	748.00
496.396	728.00
497.144	748.00
497.868	724.00
498.608	740.00
499.360	752.00
500.116	756.00
500.832	716.00
501.580	748.00
502.348	768.00
503.120	772.00
503.896	776.00
504.668	772.00
505.424	756.00
506.180	756.00
506.928	748.00
507.688	760.00
508.432	744.00
509.184	752.00
509.904	720.00
510.652	748.00
511.296	644.00
512.160	864.00
512.904	744.00
513.668	764.00
514.420	752.00
515.188	768.00
515.956	768.00
516.712	756.00
517.488	776.00
518.260	772.00
519.020	760.00
519.784	764.00
520.548	764.00
521.316	768.00
522.080	764.00
522.864	784.00
523.620	756.00
524.392	772.00
525.172	780.00
525.944	772.00
526.696	752.00
527.464	768.00
528.236	772.00
529.020	784.00
529.800	780.00
530.584	784.00
531.340	756.00
532.092	752.00
532.864	772.00
533.656	792.00
534.440	784.00
535.212	772.00
535.980	768.00
536.760	780.00
537.528	768.00
538.304	776.00
539.044	740.00
539.800	756.00
540.528	728.00
541.264	736.00
542.016	752.00
542.768	752.00
543.520	752.00
544.284	764.00
545.008	724.00
545.760	752.00
546.496	736.00
547.252	756.00
547.984	732.00
548.724	740.00
549.460	736.00
550.088	628.00
550.952	864.00
551.656	704.00
552.404	748.00
553.172	768.00
553.944	772.00
554.716	772.00
555.496	780.00
556.256	760.00
557.016	760.00
557.776	760.00
558.532	756.00
559.292	760.00
560.020	728.00
560.764	744.00
561.508	744.00
562.264	756.00
562.996	732.00
563.748	752.00
564.476	728.00
565.216	740.00
565.952	736.00
566.688	736.00
567.416	728.00
568.156	740.00
568.872	716.00
569.592	720.00
570.316	724.00
571.060	744.00
571.756	696.00
572.500	744.00
573.236	736.00
573.960	724.00
574.688	728.00
575.440	752.00
576.196	756.00
576.944	748.00
577.688	744.00
578.452	764.00
579.220	768.00
579.996	776.00
580.748	752.00
581.508	760.00
582.288	780.00
583.068	780.00
583.836	768.00
584.600	764.00
585.376	776.00
586.132	756.00
586.900	768.00
587.660	760.00
588.420	760.00
589.196	776.00
589.976	780.00
590.748	772.00
591.536	788.00
592.296	760.00
593.068	772.00
593.832	764.00
594.588	756.00
595.332	744.00
596.076	744.00
596.832	756.00
597.596	764.00
598.368	772.00
599.124	756.00
599.908	784.00
600.680	772.00
601.456	776.00
602.232	776.00
602.996	764.00
603.764	768.00
604.528	764.00
605.252	724.00
606.016	764.00
606.764	748.00
607.508	744.00
608.256	748.00
609.012	756.00
609.760	748.00
610.508	748.00
611.260	752.00
612.016	756.00
612.752	736.00
613.520	768.00
614.284	764.00
615.052	768.00
615.796	744.00
616.532	736.00
617.260	728.00
618.012	752.00
618.760	748.00
619.520	760.00
620.272	752.00
621.024	752.00
621.760	736.00
622.500	740.00
623.220	720.00
623.952	732.00
624.680	728.00
625.416	736.00
626.132	716.00
626.864	732.00
627.584	720.00
628.316	732.00
629.044	728.00
629.800	756.00
630.504	704.00
631.248	744.00
631.984	736.00
632.716	732.00
633.460	744.00
634.236	776.00
635.004	768.00
635.776	772.00
636.528	752.00
637.276	748.00
638.004	728.00
638.764	760.00
639.508	744.00
640.268	760.00
641.020	752.00
641.772	752.00
642.508	736.00
643.284	776.00
644.048	764.00
644.804	756.00
645.572	768.00
646.336	764.00
647.088	752.00
647.844	756.00
648.592	748.00
649.356	764.00
650.132	776.00
650.896	764.00
651.664	768.00
652.436	772.00
653.176	740.00
653.932	756.00
654.684	752.00
655.424	740.00
656.168	744.00
656.908	740.00
657.648	740.00
658.404	756.00
659.144	740.00
659.876	732.00
660.624	748.00
661.364	740.00
662.096	732.00
662.848	752.00
663.612	764.00
664.328	716.00
665.084	756.00
665.856	772.00
666.612	756.00
667.360	748.00
668.112	752.00
668.856	744.00
669.628	772.00
670.376	748.00
671.132	756.00
671.876	744.00
672.636	760.00
673.380	744.00
674.156	776.00
674.920	764.00
675.672	752.00
676.416	744.00
677.192	776.00
677.936	744.00
678.708	772.00
679.432	724.00
680.184	752.00
680.940	756.00
681.736	796.00
682.500	764.00
683.272	772.00
684.012	740.00
684.768	756.00
685.512	744.00
686.272	760.00
687.032	760.00
687.792	760.00
688.528	736.00
689.272	744.00
690.020	748.00
690.780	760.00
691.516	736.00
692.268	752.00
693.012	744.00
693.760	748.00
694.492	732.00
695.256	764.00
695.980	724.00
696.732	752.00
697.484	752.00
698.260	776.00
699.024	764.00
699.804	780.00
700.548	744.00
701.320	772.00
702.092	772.00
702.864	772.00
703.612	748.00
704.372	760.00
705.144	772.00
705.920	776.00
706.716	796.00
707.484	768.00
708.248	764.00
708.844	596.00
709.720	876.00
710.488	768.00
711.268	780.00
712.060	792.00
712.828	768.00
713.608	780.00
714.368	760.00
715.132	764.00
715.904	772.00
716.664	760.00
717.412	748.00
718.160	748.00
718.916	756.00
719.644	728.00
720.388	744.00
721.128	740.00
721.872	744.00
722.600	728.00
723.348	748.00
724.080	732.00
724.844	764.00
725.576	732.00
726.312	736.00
727.064	752.00
727.856	792.00
728.628	772.00
729.380	752.00
730.160	780.00
730.908	748.00
731.656	748.00
732.436	780.00
733.192	756.00
733.948	756.00
734.736	788.00
735.504	768.00
736.260	756.00
737.044	784.00
737.784	740.00
738.544	760.00
739.288	744.00
740.040	752.00
740.780	740.00
741.524	744.00
742.260	736.00
742.988	728.00
743.724	736.00
744.476	752.00
745.228	752.00
745.956	728.00
746.684	728.00
747.424	740.00
748.160	736.00
748.892	732.00
749.640	748.00
750.400	760.00
750.996	596.00
751.864	868.00
752.660	796.00
753.428	768.00
754.192	764.00
754.956	764.00
755.696	740.00
756.460	764.00
757.220	760.00
757.972	752.00
758.708	736.00
759.456	748.00
760.196	740.00
760.956	760.00
761.744	788.00
762.504	760.00
763.256	752.00
764.000	744.00
764.724	724.00
765.476	752.00
766.256	780.00
767.028	772.00
767.788	760.00
768.528	740.00
769.272	744.00
770.028	756.00
770.796	768.00
771.560	764.00
772.312	752.00
773.064	752.00
773.816	752.00
774.568	752.00
775.316	748.00
776.076	760.00
776.812	736.00
777.548	736.00
778.276	728.00
779.024	748.00
779.768	744.00
780.516	748.00
781.244	728.00
781.984	740.00
782.740	756.00
783.452	712.00
784.204	752.00
784.944	740.00
785.688	744.00
786.416	728.00
787.156	740.00
787.912	756.00
788.680	768.00
789.428	748.00
790.192	764.00
790.924	732.00
791.652	728.00
792.404	752.00
793.168	764.00
793.932	764.00
794.684	752.00
795.464	780.00
796.240	776.00
797.012	772.00
797.776	764.00
798.532	756.00
799.272	740.00
800.032	760.00
800.772	740.00
801.548	776.00
802.328	780.00
803.088	760.00
803.840	752.00
804.600	760.00
805.352	752.00
806.100	748.00
806.864	764.00
807.616	752.00
808.344	728.00
809.104	760.00
809.832	728.00
810.592	760.00
811.356	764.00
812.108	752.00
812.836	728.00
813.588	752.00
814.336	748.00
815.072	736.00
815.808	736.00
816.564	756.00
817.272	708.00
818.024	752.00
818.760	736.00
819.520	760.00
820.248	728.00
820.988	740.00
821.748	760.00
822.504	756.00
823.252	748.00
824.020	768.00
824.760	740.00
825.516	756.00
826.284	768.00
827.048	764.00
827.788	740.00
828.528	740.00
829.276	748.00
830.048	772.00
830.816	768.00
831.580	764.00
832.328	748.00
833.080	752.00
833.856	776.00
834.632	776.00
835.444	812.00
836.224	780.00
837.000	776.00
837.756	756.00
838.472	716.00
839.244	772.00
840.048	804.00
840.840	792.00
841.608	768.00
842.360	752.00
843.132	772.00
843.904	772.00
844.692	788.00
845.476	784.00
846.240	764.00
847.028	788.00
847.788	760.00
848.560	772.00
849.364	804.00
850.148	784.00
850.904	756.00
851.644	740.00
852.436	792.00
853.244	808.00
854.032	788.00
854.816	784.00
855.600	784.00
856.352	752.00
857.128	776.00
857.908	780.00
858.732	824.00
859.540	808.00
860.272	732.00
861.024	752.00
861.804	780.00
862.592	788.00
863.400	808.00
864.188	788.00
864.960	772.00
865.764	804.00
866.528	764.00
867.296	768.00
868.080	784.00
868.848	768.00
869.628	780.00
870.404	776.00
871.164	760.00
871.928	764.00
872.664	736.00
873.432	768.00
874.216	784.00
874.992	776.00
875.776	784.00
876.556	780.00
877.312	756.00
878.076	764.00
878.848	772.00
879.616	768.00
880.372	756.00
881.144	772.00
881.904	760.00
882.680	776.00
883.456	776.00
884.232	776.00
885.000	768.00
885.764	764.00
886.504	740.00
887.096	592.00
887.968	872.00
888.716	748.00
889.468	752.00
890.228	760.00
890.984	756.00
891.732	748.00
892.468	736.00
893.240	772.00
893.988	748.00
894.728	740.00
895.464	736.00
896.208	744.00
896.936	728.00
897.684	748.00
898.424	740.00
899.148	724.00
899.884	736.00
900.632	748.00
901.372	740.00
902.088	716.00
902.824	736.00
903.564	740.00
904.288	724.00
905.044	756.00
905.776	732.00
906.528	752.00
907.268	740.00
908.008	740.00
908.756	748.00
909.500	744.00
910.260	760.00
911.024	764.00
911.784	760.00
912.548	764.00
913.312	764.00
914.060	748.00
914.812	752.00
915.580	768.00
916.332	752.00
917.104	772.00
917.868	764.00
918.620	752.00
919.372	752.00
920.124	752.00
920.864	740.00
921.612	748.00
922.372	760.00
923.108	736.00
923.852	744.00
924.604	752.00
925.348	744.00
926.108	760.00
926.868	760.00
927.624	756.00
928.368	744.00
929.104	736.00
929.880	776.00
930.648	768.00
931.420	772.00
932.164	744.00
932.928	764.00
933.656	728.00
934.404	748.00
935.172	768.00
935.960	788.00
936.720	760.00
937.520	800.00
938.428	908.00
939.360	932.00
940.296	936.00
941.164	868.00
941.964	800.00
942.840	876.00
943.672	832.00
944.436	764.00
945.192	756.00
946.068	876.00
946.860	792.00
947.616	756.00
948.364	748.00
949.240	876.00
950.024	784.00
950.904	880.00
951.748	844.00
952.720	972.00
953.680	960.00
954.548	868.00
955.436	888.00
956.316	880.00
957.176	860.00
958.064	888.00
958.928	864.00
959.788	860.00
960.660	872.00
961.516	856.00
962.384	868.00
963.256	872.00
964.108	852.00
964.972	864.00
965.840	868.00
966.692	852.00
967.568	876.00
968.428	860.00
969.284	856.00
970.148	864.00
971.000	852.00
971.840	840.00
972.684	844.00
973.528	844.00
974.352	824.00
975.200	848.00
976.036	836.00
976.856	820.00
977.696	840.00
978.524	828.00
979.340	816.00
980.148	808.00
980.972	824.00
981.788	816.00
982.584	796.00
983.396	812.00
984.212	816.00
985.004	792.00
985.812	808.00
986.620	808.00
987.416	796.00
988.224	808.00
989.032	808.00
989.828	796.00
990.636	808.00
991.444	808.00
992.240	796.00
993.060	820.00
993.872	812.00
994.676	804.00
995.484	808.00
996.296	812.00
997.108	812.00
997.904	796.00
998.720	816.00
999.532	812.00
1000.332	800.00
1001.152	820.00
1001.956	804.00
1002.756	800.00
1003.572	816.00
1004.376	804.00
1005.180	804.00
1005.992	812.00
1006.788	796.00
1007.592	804.00
1008.396	804.00
1009.192	796.00
1010.000	808.00
1010.804	804.00
1011.596	792.00
1012.408	812.00
1013.212	804.00
1014.008	796.00
1014.812	804.00
1015.616	804.00
1016.408	792.00
1017.216	808.00
1018.020	804.00
1018.812	792.00
1019.616	804.00
1020.420	804.00
1021.212	792.00
1022.024	812.00
1022.828	804.00
1023.616	788.00
1024.428	812.00
1025.228	800.00
1026.032	804.00
1026.824	792.00
1027.640	816.00
1028.432	792.00
1029.228	796.00
1030.036	808.00
1030.836	800.00
1031.624	788.00
1032.432	808.00
1033.224	792.00
1034.016	792.00
1034.816	800.00
1035.608	792.00
1036.408	800.00
1037.204	796.00
1037.992	788.00
1038.800	808.00
1039.604	804.00
1040.396	792.00
1041.212	816.00
1042.016	804.00
1042.808	792.00
1043.616	808.00
1044.412	796.00
1045.208	796.00
1046.008	800.00
1046.804	796.00
1047.588	784.00
1048.380	792.00
1049.156	776.00
1049.952	796.00
1050.740	788.00
1051.516	776.00
1052.304	788.00
1053.088	784.00
1053.856	768.00
1054.644	788.00
1055.424	780.00
1056.192	768.00
1056.988	796.00
1057.768	780.00
1058.532	764.00
1059.320	788.00
1060.092	772.00
1060.868	776.00
1061.644	776.00
1062.416	772.00
1063.196	780.00
1063.972	776.00
1064.748	776.00
1065.516	768.00
1066.304	788.00
1067.080	776.00
1067.852	772.00
1068.640	788.00
1069.420	780.00
1069.992	572.00
1070.956	964.00
1071.748	792.00
1072.528	780.00
1073.308	780.00
1074.100	792.00
1074.880	780.00
1075.664	784.00
1076.452	788.00
1077.240	788.00
1078.028	788.00
1078.808	780.00
1079.600	792.00
1080.388	788.00
1081.164	776.00
1081.960	796.00
1082.752	792.00
1083.536	784.00
1084.332	796.00
1085.128	796.00
1085.908	780.00
1086.712	804.00
1087.504	792.00
1088.288	784.00
1089.088	800.00
1089.856	768.00
1090.592	736.00
1091.312	720.00
1092.036	724.00
1092.800	764.00
1093.612	812.00
1094.356	744.00
1095.104	748.00
1095.880	776.00
1096.648	768.00
1097.400	752.00
1098.136	736.00
1098.892	756.00
1099.640	748.00
1100.388	748.00
1101.132	744.00
1101.900	768.00
1102.628	728.00
1103.376	748.00
1104.116	740.00
1104.852	736.00
1105.600	748.00
1106.360	760.00
1107.100	740.00
1107.868	768.00
1108.604	736.00
1109.340	736.00
1110.104	764.00
1110.836	732.00
1111.588	752.00
1112.368	780.00
1113.116	748.00
1113.872	756.00
1114.632	760.00
1115.372	740.00
1116.116	744.00
1116.896	780.00
1117.632	736.00
1118.388	756.00
1119.140	752.00
1119.888	748.00
1120.640	752.00
1121.396	756.00
1122.132	736.00
1122.872	740.00
1123.648	776.00
1124.392	744.00
1125.148	756.00
1125.904	756.00
1126.652	748.00
1127.408	756.00
1128.156	748.00
1128.912	756.00
1129.652	740.00
1130.404	752.00
1131.140	736.00
1131.872	732.00
1132.604	732.00
1133.340	736.00
1134.076	736.00
1134.816	740.00
1135.552	736.00
1136.288	736.00
1136.884	596.00
1137.768	884.00
1138.516	748.00
1139.272	756.00
1140.024	752.00
1140.780	756.00
1141.512	732.00
1142.256	744.00
1143.008	752.00
1143.772	764.00
1144.524	752.00
1145.280	756.00
1146.020	740.00
1146.764	744.00
1147.516	752.00
1148.272	756.00
1149.004	732.00
1149.760	756.00
1150.512	752.00
1151.260	748.00
1152.036	776.00
1152.792	756.00
1153.560	768.00
1154.300	740.00
1155.044	744.00
1155.760	716.00
1156.500	740.00
1157.244	744.00
1157.992	748.00
1158.736	744.00
1159.472	736.00
1160.212	740.00
1160.948	736.00
1161.676	728.00
1162.412	736.00
1163.140	728.00
1163.880	740.00
1164.604	724.00
1165.320	716.00
1166.044	724.00
1166.784	740.00
1167.500	716.00
1168.236	736.00
1168.940	704.00
1169.656	716.00
1170.360	704.00
1171.080	720.00
1171.804	724.00
1172.544	740.00
1173.284	740.00
1174.004	720.00
1174.728	724.00
1175.472	744.00
1176.204	732.00
1176.948	744.00
1177.704	756.00
1178.440	736.00
1179.176	736.00
1179.908	732.00
1180.652	744.00
1181.388	736.00
1182.152	764.00
1182.900	748.00
1183.656	756.00
1184.392	736.00
1185.116	724.00
1185.864	748.00
1186.616	752.00
1187.360	744.00
1188.100	740.00
1188.840	740.00
1189.592	752.00
1190.328	736.00
1191.056	728.00
1191.796	740.00
1192.540	744.00
1193.276	736.00
1194.012	736.00
1194.736	724.00
1195.476	740.00
1196.212	736.00
1196.932	720.00
1197.672	740.00
1198.416	744.00
1199.148	732.00
1199.868	720.00
1200.628	760.00
1201.380	752.00
1202.132	752.00
1202.872	740.00
1203.600	728.00
1204.332	732.00
1205.068	736.00
1205.800	732.00
1206.504	704.00
1207.252	748.00
1207.980	728.00
1208.744	764.00
1209.480	736.00
1210.208	728.00
1210.932	724.00
1211.676	744.00
1212.404	728.00
1213.172	768.00
1213.924	752.00
1214.672	748.00
1215.420	748.00
1216.144	724.00
1216.892	748.00
1217.648	756.00
1218.388	740.00
1219.132	744.00
1219.880	748.00
1220.632	752.00
1221.368	736.00
1222.104	736.00
1222.840	736.00
1223.584	744.00
1224.328	744.00
1225.072	744.00
1225.804	732.00
1226.536	732.00
1227.260	724.00
1228.004	744.00
1228.728	724.00
1229.476	748.00
1230.208	732.00
1230.936	728.00
1231.668	732.00
1232.440	772.00
1233.212	772.00
1233.956	744.00
1234.720	764.00
1235.456	736.00
1236.188	732.00
1236.940	752.00
1237.704	764.00
1238.456	752.00
1239.204	748.00
1239.956	752.00
1240.688	732.00
1241.436	748.00
1242.204	768.00
1242.944	740.00
1243.696	752.00
1244.472	776.00
1245.204	732.00
1245.948	744.00
1246.704	756.00
1247.460	756.00
1248.200	740.00
1248.936	736.00
1249.668	732.00
1250.392	724.00
1251.116	724.00
1251.824	708.00
1252.560	736.00
1253.312	752.00
1254.068	756.00
1254.804	736.00
1255.568	764.00
1256.288	720.00
1257.016	728.00
1257.772	756.00
1258.508	736.00
1259.244	736.00
1260.008	764.00
1260.736	728.00
1261.480	744.00
1262.232	752.00
1262.980	748.00
1263.736	756.00
1264.464	728.00
1265.196	732.00
1265.976	780.00
1266.740	764.00
1267.468	728.00
1268.212	744.00
1268.956	744.00
1269.700	744.00
1270.472	772.00
1271.244	772.00
1271.988	744.00
1272.748	760.00
1273.476	728.00
1274.204	728.00
1274.976	772.00
1275.736	760.00
1276.480	744.00
1277.256	776.00
1277.992	736.00
1278.732	740.00
1279.452	720.00
1280.184	732.00
1280.932	748.00
1281.644	712.00
1282.396	752.00
1283.128	732.00
1283.840	712.00
1284.548	708.00
1285.268	720.00
1285.996	728.00
1286.720	724.00
1287.448	728.00
1288.132	684.00
1288.848	716.00
1289.576	728.00
1290.296	720.00
1290.988	692.00
1291.668	680.00
1292.420	752.00
1293.116	696.00
1293.844	728.00
1294.540	696.00
1295.244	704.00
1295.948	704.00
1296.660	712.00
1297.360	700.00
1298.052	692.00
1298.756	704.00
1299.456	700.00
1300.144	688.00
1300.832	688.00
1301.528	696.00
1302.236	708.00
1302.948	712.00
1303.644	696.00
1304.340	696.00
1305.032	692.00
1305.712	680.00
1306.416	704.00
1307.108	692.00
1307.824	716.00
1308.496	672.00
1309.192	696.00
1309.872	680.00
1310.548	676.00
1311.216	668.00
1311.924	708.00
1312.604	680.00
1313.276	672.00
1313.960	684.00
1314.640	680.00
1315.308	668.00
1315.976	668.00
1316.660	684.00
1317.340	680.00
1318.020	680.00
1318.696	676.00
1319.356	660.00
1320.024	668.00
1320.708	684.00
1321.376	668.00
1322.032	656.00
1322.684	652.00
1323.328	644.00
1323.996	668.00
1324.680	684.00
1325.336	656.00
1325.992	656.00
1326.660	668.00
1327.320	660.00
1327.968	648.00
1328.620	652.00
1329.268	648.00
1329.904	636.00
1330.560	656.00
1331.196	636.00
1331.848	652.00
1332.496	648.00
1333.172	676.00
1333.816	644.00
1334.480	664.00
1335.128	648.00
1335.780	652.00
1336.420	640.00
1337.084	664.00
1337.764	680.00
1338.436	672.00
1339.084	648.00
1339.740	656.00
1340.392	652.00
1341.036	644.00
1341.680	644.00
1342.316	636.00
1342.964	648.00
1343.616	652.00
1344.256	640.00
1344.900	644.00
1345.556	656.00
1346.204	648.00
1346.832	628.00
1347.480	648.00
1348.116	636.00
1348.756	640.00
1349.420	664.00
1350.060	640.00
1350.708	648.00
1351.380	672.00
1352.040	660.00
1352.676	636.00
1353.328	652.00
1353.960	632.00
1354.612	652.00
1355.260	648.00
1355.936	676.00
1356.600	664.00
1357.236	636.00
1357.892	656.00
1358.556	664.00
1359.196	640.00
1359.872	676.00
1360.528	656.00
1361.176	648.00
1361.832	656.00
1362.496	664.00
1363.140	644.00
1363.808	668.00
1364.480	672.00
1365.132	652.00
1365.788	656.00
1366.440	652.00
1367.072	632.00
1367.748	676.00
1368.416	668.00
1369.072	656.00
1369.720	648.00
1370.404	684.00
1371.056	652.00
1371.708	652.00
1372.396	688.00
1373.052	656.00
1373.704	652.00
1374.376	672.00
1375.016	640.00
1375.688	672.00
1376.380	692.00
1377.036	656.00
1377.712	676.00
1378.404	692.00
1379.068	664.00
1379.756	688.00
1380.416	660.00
1381.092	676.00
1381.784	692.00
1382.476	692.00
1383.140	664.00
1383.836	696.00
1384.540	704.00
1385.220	680.00
1385.916	696.00
1386.604	688.00
1387.284	680.00
1387.988	704.00
1388.680	692.00
1389.368	688.00
1390.080	712.00
1390.772	692.00
1391.452	680.00
1392.148	696.00
1392.816	668.00
1393.496	680.00
1394.184	688.00
1394.876	692.00
1395.556	680.00
1396.264	708.00
1396.940	676.00
1397.592	652.00
1398.300	708.00
1398.988	688.00
1399.672	684.00
1400.360	688.00
1401.052	692.00
1401.736	684.00
1402.420	684.00
1403.100	680.00
1403.780	680.00
1404.452	672.00
1405.140	688.00
1405.832	692.00
1406.500	668.00
1407.212	712.00
1407.892	680.00
1408.584	692.00
1409.280	696.00
1409.968	688.00
1410.688	720.00
1411.352	664.00
1412.028	676.00
1412.704	676.00
1413.380	676.00
1414.068	688.00
1414.768	700.00
1415.476	708.00
1416.140	664.00
1416.840	700.00
1417.532	692.00
1418.208	676.00
1418.908	700.00
1419.576	668.00
1420.236	660.00
1420.924	688.00
1421.588	664.00
1422.268	680.00
1423.000	732.00
1423.696	696.00
1424.388	692.00
1425.084	696.00
1425.764	680.00
1426.488	724.00
1427.160	672.00
1427.864	704.00
1428.540	676.00
1429.236	696.00
1429.916	680.00
1430.604	688.00
1431.284	680.00
1431.976	692.00
1432.636	660.00
1433.312	676.00
1434.016	704.00
1434.700	684.00
1435.404	704.00
1436.124	720.00
1436.800	676.00
1437.492	692.00
1438.184	692.00
1438.880	696.00
1439.600	720.00
1440.284	684.00
1440.988	704.00
1441.716	728.00
1442.396	680.00
1443.096	700.00
1443.804	708.00
1444.484	680.00
1445.160	676.00
1445.872	712.00
1446.564	692.00
1447.276	712.00
1447.988	712.00
1448.672	684.00
1449.368	696.00
1450.064	696.00
1450.752	688.00
1451.456	704.00
1452.124	668.00
1452.812	688.00
1453.548	736.00
1454.236	688.00
1454.940	704.00
1455.648	708.00
1456.348	700.00
1457.032	684.00
1457.740	708.00
1458.412	672.00
1459.100	688.00
1459.796	696.00
1460.492	696.00
1461.192	700.00
1461.916	724.00
1462.620	704.00
1463.348	728.00
1464.024	676.00
1464.724	700.00
1465.444	720.00
1466.140	696.00
1466.848	708.00
1467.568	720.00
1468.268	700.00
1469.008	740.00
1469.696	688.00
1470.420	724.00
1471.132	712.00
1471.828	696.00
1472.544	716.00
1473.240	696.00
1473.944	704.00
1474.688	744.00
1475.392	704.00
1476.092	700.00
1476.804	712.00
1477.536	732.00
1478.232	696.00
1478.920	688.00
1479.652	732.00
1480.336	684.00
1481.032	696.00
1481.756	724.00
1482.456	700.00
1483.164	708.00
1483.864	700.00
1484.560	696.00
1485.284	724.00
1485.972	688.00
1486.692	720.00
1487.388	696.00
1488.076	688.00
1488.768	692.00
1489.472	704.00
1490.148	676.00
1490.876	728.00
1491.580	704.00
1492.288	708.00
1492.736	448.00
1493.712	976.00
1494.376	664.00
1495.076	700.00
1495.772	696.00
1496.480	708.00
1497.156	676.00
1497.852	696.00
1498.548	696.00
1499.220	672.00
1499.904	684.00
1500.600	696.00
1501.292	692.00
1501.984	692.00
1502.564	580.00
1503.344	780.00
1504.020	676.00
1504.692	672.00
1505.376	684.00
1506.064	688.00
1506.748	684.00
1507.432	684.00
1508.128	696.00
1508.812	684.00
1509.508	696.00
1510.164	656.00
1510.848	684.00
1511.524	676.00
1512.208	684.00
1512.880	672.00
1513.556	676.00
1514.228	672.00
1514.900	672.00
1515.560	660.00
1516.244	684.00
1516.908	664.00
1517.572	664.00
1518.244	672.00
1518.676	432.00
1519.580	904.00
1520.240	660.00
1520.904	664.00
1521.572	668.00
1522.236	664.00
1522.896	660.00
1523.468	572.00
1524.152	684.00
1524.820	668.00
1525.448	628.00
1526.096	648.00
1526.744	648.00
1527.396	652.00
1528.028	632.00
1528.668	640.00
1529.200	532.00
1529.956	756.00
1530.620	664.00
1531.276	656.00
1531.928	652.00
1532.572	644.00
1533.184	612.00
1533.812	628.00
1534.456	644.00
1535.100	644.00
1535.728	628.00
1536.368	640.00
1537.008	640.00
1537.632	624.00
1538.272	640.00
1538.916	644.00
1539.552	636.00
1540.192	640.00
1540.816	624.00
1541.444	628.00
1542.076	632.00
1542.720	644.00
1543.360	640.00
1543.972	612.00
1544.612	640.00
1545.252	640.00
1545.876	624.00
1546.516	640.00
1547.144	628.00
1547.768	624.00
1548.400	632.00
1549.036	636.00
1549.660	624.00
1550.284	624.00
1550.904	620.00
1551.528	624.00
1552.160	632.00
1552.796	636.00
1553.424	628.00
1554.040	616.00
1554.672	632.00
1555.296	624.00
1555.924	628.00
1556.556	632.00
1557.176	620.00
1557.792	616.00
1558.428	636.00
1559.052	624.00
1559.684	632.00
1560.308	624.00
1560.928	620.00
1561.556	628.00
1562.180	624.00
1562.812	632.00
1563.448	636.00
1564.072	624.00
1564.724	652.00
1565.356	632.00
1565.988	632.00
1566.620	632.00
1567.260	640.00
1567.912	652.00
1568.536	624.00
1569.184	648.00
1569.840	656.00
1570.492	652.00
1571.136	644.00
1571.772	636.00
1572.420	648.00
1573.088	668.00
1573.752	664.00
1574.408	656.00
1575.064	656.00
1575.700	636.00
1576.348	648.00
1577.008	660.00
1577.652	644.00
1578.328	676.00
1578.988	660.00
1579.640	652.00
1580.284	644.00
1580.912	628.00
1581.548	636.00
1582.204	656.00
1582.868	664.00
1583.572	704.00
1584.240	668.00
1584.920	680.00
1585.616	696.00
1586.296	680.00
1586.940	644.00
1587.596	656.00
1588.288	692.00
1588.940	652.00
1589.612	672.00
1590.288	676.00
1590.952	664.00
1591.632	680.00
1592.304	672.00
1592.968	664.00
1593.652	684.00
1594.324	672.00
1595.008	684.00
1595.664	656.00
1596.356	692.00
1597.044	688.00
1597.704	660.00
1598.388	684.00
1599.064	676.00
1599.748	684.00
1600.412	664.00
1601.088	676.00
1601.760	672.00
1602.416	656.00
1603.076	660.00
1603.764	688.00
1604.416	652.00
1605.112	696.00
1605.776	664.00
1606.444	668.00
1607.132	688.00
1607.808	676.00
1608.484	676.00
1609.172	688.00
1609.836	664.00
1610.516	680.00
1611.204	688.00
1611.888	684.00
1612.572	684.00
1613.240	668.00
1613.912	672.00
1614.612	700.00
1615.284	672.00
1615.972	688.00
1616.652	680.00
1617.328	676.00
1618.008	680.00
1618.656	648.00
1619.344	688.00
1620.020	676.00
1620.712	692.00
1621.388	676.00
1622.048	660.00
1622.732	684.00
1623.384	652.00
1624.056	672.00
1624.716	660.00
1625.364	648.00
1626.016	652.00
1626.688	672.00
1627.372	684.00
1628.068	696.00
1628.760	692.00
1629.436	676.00
1630.152	716.00
1630.820	668.00
1631.516	696.00
1632.208	692.00
1632.916	708.00
1633.632	716.00
1634.320	688.00
1635.004	684.00
1635.704	700.00
1636.404	700.00
1637.124	720.00
1637.820	696.00
1638.508	688.00
1639.216	708.00
1639.892	676.00
1640.588	696.00
1641.296	708.00
1642.020	724.00
1642.740	720.00
1643.436	696.00
1644.124	688.00
1644.824	700.00
1645.520	696.00
1646.204	684.00
1646.888	684.00
1647.572	684.00
1648.268	696.00
1648.948	680.00
1649.644	696.00
1650.348	704.00
1651.028	680.00
1651.704	676.00
1652.392	688.00
1653.084	692.00
1653.784	700.00
1654.484	700.00
1655.156	672.00
1655.836	680.00
1656.540	704.00
1657.236	696.00
1657.924	688.00
1658.596	672.00
1659.288	692.00
1659.972	684.00
1660.664	692.00
1661.336	672.00
1662.004	668.00
1662.696	692.00
1663.360	664.00
1664.040	680.00
1664.748	708.00
1665.436	688.00
1666.136	700.00
1666.808	672.00
1667.484	676.00
1668.140	656.00
1668.796	656.00
1669.500	704.00
1670.172	672.00
1670.864	692.00
1671.556	692.00
1672.232	676.00
1672.920	688.00
1673.604	684.00
1674.276	672.00
1675.000	724.00
1675.672	672.00
1676.356	684.00
1677.040	684.00
1677.616	576.00
1678.388	772.00
1679.076	688.00
1679.768	692.00
1680.448	680.00
1681.136	688.00
1681.812	676.00
1682.492	680.00
1683.196	704.00
1683.864	668.00
1684.532	668.00
1685.208	676.00
1685.736	528.00
1686.524	788.00
1687.236	712.00
1687.932	696.00
1688.628	696.00
1689.332	704.00
1690.016	684.00
1690.704	688.00
1691.384	680.00
1692.064	680.00
1692.756	692.00
1693.420	664.00
1694.108	688.00
1694.832	724.00
1695.496	664.00
1696.196	700.00
1696.884	688.00
1697.576	692.00
1698.260	684.00
1698.936	676.00
1699.636	700.00
1700.340	704.00
1701.028	688.00
1701.736	708.00
1702.448	712.00
1703.152	704.00
1703.848	696.00
1704.524	676.00
1705.204	680.00
1705.928	724.00
1706.624	696.00
1707.356	732.00
1708.060	704.00
1708.764	704.00
1709.448	684.00
1710.100	652.00
1710.804	704.00
1711.516	712.00
1712.224	708.00
1712.824	600.00
1713.620	796.00
1714.312	692.00
1715.008	696.00
1715.720	712.00
1716.428	708.00
1717.136	708.00
1717.848	712.00
1718.504	656.00
1719.260	756.00
1719.980	720.00
1720.680	700.00
1721.404	724.00
1722.084	680.00
1722.776	692.00
1723.500	724.00
1724.212	712.00
1724.916	704.00
1725.628	712.00
1726.332	704.00
1727.032	700.00
1727.720	688.00
1728.412	692.00
1729.124	712.00
1729.820	696.00
1730.548	728.00
1731.252	704.00
1731.956	704.00
1732.652	696.00
1733.324	672.00
1734.004	680.00
1734.712	708.00
1735.396	684.00
1736.132	736.00
1736.824	692.00
1737.556	732.00
1738.268	712.00
1738.976	708.00
1739.692	716.00
1740.380	688.00
1741.096	716.00
1741.812	716.00
1742.488	676.00
1743.232	744.00
1743.964	732.00
1744.676	712.00
1745.396	720.00
1745.980	584.00
1746.752	772.00
1747.456	704.00
1748.176	720.00
1748.920	744.00
1749.636	716.00
1750.344	708.00
1751.080	736.00
1751.776	696.00
1752.496	720.00
1753.208	712.00
1753.956	748.00
1754.696	740.00
1755.444	748.00
1756.168	724.00
1756.868	700.00
1757.592	724.00
1758.284	692.00
1759.000	716.00
1759.740	740.00
1760.456	716.00
1761.148	692.00
1761.896	748.00
1762.592	696.00
1763.320	728.00
1764.040	720.00
1764.736	696.00
1765.476	740.00
1766.184	708.00
1766.916	732.00
1767.648	732.00
1768.352	704.00
1769.080	728.00
1769.788	708.00
1770.516	728.00
1771.236	720.00
1771.936	700.00
1772.648	712.00
1773.368	720.00
1774.072	704.00
1774.788	716.00
1775.496	708.00
1776.224	728.00
1776.944	720.00
1777.632	688.00
1778.352	720.00
1779.092	740.00
1779.816	724.00
1780.540	724.00
1781.240	700.00
1781.920	680.00
1782.628	708.00
1783.332	704.00
1784.020	688.00
1784.740	720.00
1785.428	688.00
1786.124	696.00
1786.848	724.00
1787.544	696.00
1788.244	700.00
1788.976	732.00
1789.668	692.00
1790.408	740.00
1791.132	724.00
1791.840	708.00
1792.540	700.00
1793.248	708.00
1793.932	684.00
1794.616	684.00
1795.348	732.00
1796.076	728.00
1796.816	740.00
1797.520	704.00
1798.232	712.00
1798.944	712.00
