  1.8040000e+000  8.8800000e+002
  2.6880000e+000  8.8400000e+002
  3.5800000e+000  8.9200000e+002
  4.4640000e+000  8.8400000e+002
  5.3520000e+000  8.8800000e+002
  6.2480000e+000  8.9600000e+002
  7.1360000e+000  8.8800000e+002
  8.0200000e+000  8.8400000e+002
  8.8320000e+000  8.1200000e+002
  9.7600000e+000  9.2800000e+002
  1.0648000e+001  8.8800000e+002
  1.1548000e+001  9.0000000e+002
  1.2428000e+001  8.8000000e+002
  1.3320000e+001  8.9200000e+002
  1.4200000e+001  8.8000000e+002
  1.5080000e+001  8.8000000e+002
  1.5936000e+001  8.5600000e+002
  1.6828000e+001  8.9200000e+002
  1.7704000e+001  8.7600000e+002
  1.8592000e+001  8.8800000e+002
  1.9464000e+001  8.7200000e+002
  2.0332000e+001  8.6800000e+002
  2.1212000e+001  8.8000000e+002
  2.2076000e+001  8.6400000e+002
  2.2952000e+001  8.7600000e+002
  2.3812000e+001  8.6000000e+002
  2.4676000e+001  8.6400000e+002
  2.5556000e+001  8.8000000e+002
  2.6424000e+001  8.6800000e+002
  2.7292000e+001  8.6800000e+002
  2.8172000e+001  8.8000000e+002
  2.9032000e+001  8.6000000e+002
  2.9908000e+001  8.7600000e+002
  3.0768000e+001  8.6000000e+002
  3.1632000e+001  8.6400000e+002
  3.2488000e+001  8.5600000e+002
  3.3340000e+001  8.5200000e+002
  3.4204000e+001  8.6400000e+002
  3.5056000e+001  8.5200000e+002
  3.5904000e+001  8.4800000e+002
  3.6772000e+001  8.6800000e+002
  3.7620000e+001  8.4800000e+002
  3.8480000e+001  8.6000000e+002
  3.9340000e+001  8.6000000e+002
  4.0192000e+001  8.5200000e+002
  4.1056000e+001  8.6400000e+002
  4.1908000e+001  8.5200000e+002
  4.2760000e+001  8.5200000e+002
  4.3624000e+001  8.6400000e+002
  4.4476000e+001  8.5200000e+002
  4.5340000e+001  8.6400000e+002
  4.6192000e+001  8.5200000e+002
  4.7044000e+001  8.5200000e+002
  4.7912000e+001  8.6800000e+002
  4.8768000e+001  8.5600000e+002
  4.9624000e+001  8.5600000e+002
  5.0488000e+001  8.6400000e+002
  5.1344000e+001  8.5600000e+002
  5.2208000e+001  8.6400000e+002
  5.3064000e+001  8.5600000e+002
  5.3920000e+001  8.5600000e+002
  5.4784000e+001  8.6400000e+002
  5.5640000e+001  8.5600000e+002
  5.6500000e+001  8.6000000e+002
  5.7364000e+001  8.6400000e+002
  5.8220000e+001  8.5600000e+002
  5.9088000e+001  8.6800000e+002
  5.9948000e+001  8.6000000e+002
  6.0804000e+001  8.5600000e+002
  6.1668000e+001  8.6400000e+002
  6.2520000e+001  8.5200000e+002
  6.3372000e+001  8.5200000e+002
  6.4172000e+001  8.0000000e+002
  6.5056000e+001  8.8400000e+002
  6.5928000e+001  8.7200000e+002
  6.6784000e+001  8.5600000e+002
  6.7628000e+001  8.4400000e+002
  6.8492000e+001  8.6400000e+002
  6.9344000e+001  8.5200000e+002
  7.0196000e+001  8.5200000e+002
  7.1056000e+001  8.6000000e+002
  7.1908000e+001  8.5200000e+002
  7.2768000e+001  8.6000000e+002
  7.3624000e+001  8.5600000e+002
  7.4472000e+001  8.4800000e+002
  7.5332000e+001  8.6000000e+002
  7.6188000e+001  8.5600000e+002
  7.7036000e+001  8.4800000e+002
  7.7904000e+001  8.6800000e+002
  7.8752000e+001  8.4800000e+002
  7.9608000e+001  8.5600000e+002
  8.0472000e+001  8.6400000e+002
  8.1324000e+001  8.5200000e+002
  8.2188000e+001  8.6400000e+002
  8.3044000e+001  8.5600000e+002
  8.3896000e+001  8.5200000e+002
  8.4760000e+001  8.6400000e+002
  8.5612000e+001  8.5200000e+002
  8.6468000e+001  8.5600000e+002
  8.7336000e+001  8.6800000e+002
  8.8192000e+001  8.5600000e+002
  8.9048000e+001  8.5600000e+002
  8.9916000e+001  8.6800000e+002
  9.0772000e+001  8.5600000e+002
  9.1628000e+001  8.5600000e+002
  9.2500000e+001  8.7200000e+002
  9.3356000e+001  8.5600000e+002
  9.4216000e+001  8.6000000e+002
  9.5088000e+001  8.7200000e+002
  9.5952000e+001  8.6400000e+002
  9.6812000e+001  8.6000000e+002
  9.7688000e+001  8.7600000e+002
  9.8544000e+001  8.5600000e+002
  9.9408000e+001  8.6400000e+002
  1.0028400e+002  8.7600000e+002
  1.0114400e+002  8.6000000e+002
  1.0200800e+002  8.6400000e+002
  1.0289200e+002  8.8400000e+002
  1.0375600e+002  8.6400000e+002
  1.0462400e+002  8.6800000e+002
  1.0551200e+002  8.8800000e+002
  1.0637600e+002  8.6400000e+002
  1.0724400e+002  8.6800000e+002
  1.0812800e+002  8.8400000e+002
  1.0899200e+002  8.6400000e+002
  1.0986400e+002  8.7200000e+002
  1.1074400e+002  8.8000000e+002
  1.1160000e+002  8.5600000e+002
  1.1248000e+002  8.8000000e+002
  1.1334000e+002  8.6000000e+002
  1.1419600e+002  8.5600000e+002
  1.1507600e+002  8.8000000e+002
  1.1593600e+002  8.6000000e+002
  1.1680400e+002  8.6800000e+002
  1.1768000e+002  8.7600000e+002
  1.1854000e+002  8.6000000e+002
  1.1941600e+002  8.7600000e+002
  1.2028800e+002  8.7200000e+002
  1.2114800e+002  8.6000000e+002
  1.2202800e+002  8.8000000e+002
  1.2290000e+002  8.7200000e+002
  1.2376400e+002  8.6400000e+002
  1.2465200e+002  8.8800000e+002
  1.2552000e+002  8.6800000e+002
  1.2638800e+002  8.6800000e+002
  1.2726800e+002  8.8000000e+002
  1.2813200e+002  8.6400000e+002
  1.2899600e+002  8.6400000e+002
  1.2988000e+002  8.8400000e+002
  1.3074400e+002  8.6400000e+002
  1.3160800e+002  8.6400000e+002
  1.3249200e+002  8.8400000e+002
  1.3335600e+002  8.6400000e+002
  1.3423200e+002  8.7600000e+002
  1.3510800e+002  8.7600000e+002
  1.3596800e+002  8.6000000e+002
  1.3685200e+002  8.8400000e+002
  1.3771600e+002  8.6400000e+002
  1.3858000e+002  8.6400000e+002
  1.3945600e+002  8.7600000e+002
  1.4031200e+002  8.5600000e+002
  1.4118000e+002  8.6800000e+002
  1.4204000e+002  8.6000000e+002
  1.4289200e+002  8.5200000e+002
  1.4375600e+002  8.6400000e+002
  1.4460800e+002  8.5200000e+002
  1.4546000e+002  8.5200000e+002
  1.4633600e+002  8.7600000e+002
  1.4719200e+002  8.5600000e+002
  1.4804800e+002  8.5600000e+002
  1.4892800e+002  8.8000000e+002
  1.4978400e+002  8.5600000e+002
  1.5064400e+002  8.6000000e+002
  1.5152400e+002  8.8000000e+002
  1.5238000e+002  8.5600000e+002
  1.5324000e+002  8.6000000e+002
  1.5412000e+002  8.8000000e+002
  1.5498000e+002  8.6000000e+002
  1.5584000e+002  8.6000000e+002
  1.5672000e+002  8.8000000e+002
  1.5758000e+002  8.6000000e+002
  1.5843600e+002  8.5600000e+002
  1.5931600e+002  8.8000000e+002
  1.6017200e+002  8.5600000e+002
  1.6103600e+002  8.6400000e+002
  1.6190800e+002  8.7200000e+002
  1.6276400e+002  8.5600000e+002
  1.6364000e+002  8.7600000e+002
  1.6450800e+002  8.6800000e+002
  1.6536800e+002  8.6000000e+002
  1.6625200e+002  8.8400000e+002
  1.6711600e+002  8.6400000e+002
  1.6798000e+002  8.6400000e+002
  1.6886400e+002  8.8400000e+002
  1.6972800e+002  8.6400000e+002
  1.7058800e+002  8.6000000e+002
  1.7147200e+002  8.8400000e+002
  1.7233200e+002  8.6000000e+002
  1.7318800e+002  8.5600000e+002
  1.7407200e+002  8.8400000e+002
  1.7493200e+002  8.6000000e+002
  1.7580000e+002  8.6800000e+002
  1.7668000e+002  8.8000000e+002
  1.7754000e+002  8.6000000e+002
  1.7842000e+002  8.8000000e+002
  1.7928800e+002  8.6800000e+002
  1.8014800e+002  8.6000000e+002
  1.8102800e+002  8.8000000e+002
  1.8188800e+002  8.6000000e+002
  1.8274800e+002  8.6000000e+002
  1.8362800e+002  8.8000000e+002
  1.8448000e+002  8.5200000e+002
  1.8534400e+002  8.6400000e+002
  1.8618800e+002  8.4400000e+002
  1.8704000e+002  8.5200000e+002
  1.8790400e+002  8.6400000e+002
  1.8874400e+002  8.4000000e+002
  1.8960400e+002  8.6000000e+002
  1.9044800e+002  8.4400000e+002
  1.9130400e+002  8.5600000e+002
  1.9216000e+002  8.5600000e+002
  1.9300400e+002  8.4400000e+002
  1.9386400e+002  8.6000000e+002
  1.9470000e+002  8.3600000e+002
  1.9555200e+002  8.5200000e+002
  1.9640800e+002  8.5600000e+002
  1.9724800e+002  8.4000000e+002
  1.9810800e+002  8.6000000e+002
  1.9895200e+002  8.4400000e+002
  1.9979600e+002  8.4400000e+002
  2.0066400e+002  8.6800000e+002
  2.0150800e+002  8.4400000e+002
  2.0236800e+002  8.6000000e+002
  2.0322800e+002  8.6000000e+002
  2.0407200e+002  8.4400000e+002
  2.0493600e+002  8.6400000e+002
  2.0578400e+002  8.4800000e+002
  2.0662800e+002  8.4400000e+002
  2.0749200e+002  8.6400000e+002
  2.0833200e+002  8.4000000e+002
  2.0918000e+002  8.4800000e+002
  2.1004000e+002  8.6000000e+002
  2.1088400e+002  8.4400000e+002
  2.1173600e+002  8.5200000e+002
  2.1259600e+002  8.6000000e+002
  2.1344000e+002  8.4400000e+002
  2.1430000e+002  8.6000000e+002
  2.1515600e+002  8.5600000e+002
  2.1600400e+002  8.4800000e+002
  2.1686400e+002  8.6000000e+002
  2.1771600e+002  8.5200000e+002
  2.1856400e+002  8.4800000e+002
  2.1942400e+002  8.6000000e+002
  2.2027200e+002  8.4800000e+002
  2.2111600e+002  8.4400000e+002
  2.2197600e+002  8.6000000e+002
  2.2282400e+002  8.4800000e+002
  2.2368000e+002  8.5600000e+002
  2.2454000e+002  8.6000000e+002
  2.2538400e+002  8.4400000e+002
  2.2624400e+002  8.6000000e+002
  2.2709600e+002  8.5200000e+002
  2.2794000e+002  8.4400000e+002
  2.2880000e+002  8.6000000e+002
  2.2964400e+002  8.4400000e+002
  2.3048800e+002  8.4400000e+002
  2.3134800e+002  8.6000000e+002
  2.3218400e+002  8.3600000e+002
  2.3304000e+002  8.5600000e+002
  2.3389200e+002  8.5200000e+002
  2.3472400e+002  8.3200000e+002
  2.3558000e+002  8.5600000e+002
  2.3641600e+002  8.3600000e+002
  2.3724800e+002  8.3200000e+002
  2.3810400e+002  8.5600000e+002
  2.3894000e+002  8.3600000e+002
  2.3979200e+002  8.5200000e+002
  2.4064400e+002  8.5200000e+002
  2.4148400e+002  8.4000000e+002
  2.4234400e+002  8.6000000e+002
  2.4318800e+002  8.4400000e+002
  2.4402800e+002  8.4000000e+002
  2.4488400e+002  8.5600000e+002
  2.4572400e+002  8.4000000e+002
  2.4657200e+002  8.4800000e+002
  2.4741200e+002  8.4000000e+002
  2.4824400e+002  8.3200000e+002
  2.4908800e+002  8.4400000e+002
  2.4991600e+002  8.2800000e+002
  2.5074400e+002  8.2800000e+002
  2.5158800e+002  8.4400000e+002
  2.5240800e+002  8.2000000e+002
  2.5324800e+002  8.4000000e+002
  2.5407600e+002  8.2800000e+002
  2.5489600e+002  8.2000000e+002
  2.5573600e+002  8.4000000e+002
  2.5656400e+002  8.2800000e+002
  2.5740000e+002  8.3600000e+002
  2.5824400e+002  8.4400000e+002
  2.5907200e+002  8.2800000e+002
  2.5992000e+002  8.4800000e+002
  2.6075600e+002  8.3200000e+002
  2.6158800e+002  8.3200000e+002
  2.6244000e+002  8.5200000e+002
  2.6326800e+002  8.2800000e+002
  2.6412000e+002  8.5200000e+002
  2.6496000e+002  8.4000000e+002
  2.6578800e+002  8.2800000e+002
  2.6664000e+002  8.5200000e+002
  2.6747200e+002  8.3200000e+002
  2.6830400e+002  8.3200000e+002
  2.6915200e+002  8.4800000e+002
  2.6998000e+002  8.2800000e+002
  2.7082800e+002  8.4800000e+002
  2.7166400e+002  8.3600000e+002
  2.7248800e+002  8.2400000e+002
  2.7333600e+002  8.4800000e+002
  2.7416800e+002  8.3200000e+002
  2.7499200e+002  8.2400000e+002
  2.7583600e+002  8.4400000e+002
  2.7666400e+002  8.2800000e+002
  2.7750800e+002  8.4400000e+002
  2.7834400e+002  8.3600000e+002
  2.7916800e+002  8.2400000e+002
  2.8000400e+002  8.3600000e+002
  2.8082800e+002  8.2400000e+002
  2.8166000e+002  8.3200000e+002
  2.8250000e+002  8.4000000e+002
  2.8332400e+002  8.2400000e+002
  2.8416800e+002  8.4400000e+002
  2.8499600e+002  8.2800000e+002
  2.8582000e+002  8.2400000e+002
  2.8666400e+002  8.4400000e+002
  2.8749600e+002  8.3200000e+002
  2.8834000e+002  8.4400000e+002
  2.8917600e+002  8.3600000e+002
  2.9000400e+002  8.2800000e+002
  2.9085200e+002  8.4800000e+002
  2.9128800e+002  4.3600000e+002
  2.9166800e+002  3.8000000e+002
  2.9248800e+002  8.2000000e+002
  2.9332400e+002  8.3600000e+002
  2.9416400e+002  8.4000000e+002
  2.9499600e+002  8.3200000e+002
  2.9584800e+002  8.5200000e+002
  2.9672000e+002  8.7200000e+002
  2.9756000e+002  8.4000000e+002
  2.9840000e+002  8.4000000e+002
  2.9924800e+002  8.4800000e+002
  3.0006800e+002  8.2000000e+002
  3.0090400e+002  8.3600000e+002
  3.0172400e+002  8.2000000e+002
  3.0254800e+002  8.2400000e+002
  3.0337600e+002  8.2800000e+002
  3.0419200e+002  8.1600000e+002
  3.0502000e+002  8.2800000e+002
  3.0583200e+002  8.1200000e+002
  3.0666000e+002  8.2800000e+002
  3.0747600e+002  8.1600000e+002
  3.0828800e+002  8.1200000e+002
  3.0911200e+002  8.2400000e+002
  3.0992400e+002  8.1200000e+002
  3.1074800e+002  8.2400000e+002
  3.1155600e+002  8.0800000e+002
  3.1237600e+002  8.2000000e+002
  3.1318800e+002  8.1200000e+002
  3.1400000e+002  8.1200000e+002
  3.1482400e+002  8.2400000e+002
  3.1563200e+002  8.0800000e+002
  3.1645600e+002  8.2400000e+002
  3.1726000e+002  8.0400000e+002
  3.1808000e+002  8.2000000e+002
  3.1889200e+002  8.1200000e+002
  3.1970000e+002  8.0800000e+002
  3.2046400e+002  7.6400000e+002
  3.2130400e+002  8.4000000e+002
  3.2212800e+002  8.2400000e+002
  3.2293600e+002  8.0800000e+002
  3.2374800e+002  8.1200000e+002
  3.2455200e+002  8.0400000e+002
  3.2536400e+002  8.1200000e+002
  3.2617200e+002  8.0800000e+002
  3.2697200e+002  8.0000000e+002
  3.2778400e+002  8.1200000e+002
  3.2858000e+002  7.9600000e+002
  3.2939200e+002  8.1200000e+002
  3.3019200e+002  8.0000000e+002
  3.3100400e+002  8.1200000e+002
  3.3180800e+002  8.0400000e+002
  3.3260800e+002  8.0000000e+002
  3.3342800e+002  8.2000000e+002
  3.3422800e+002  8.0000000e+002
  3.3504400e+002  8.1600000e+002
  3.3584800e+002  8.0400000e+002
  3.3666400e+002  8.1600000e+002
  3.3748400e+002  8.2000000e+002
  3.3829200e+002  8.0800000e+002
  3.3905200e+002  7.6000000e+002
  3.3988800e+002  8.3600000e+002
  3.4069600e+002  8.0800000e+002
  3.4149200e+002  7.9600000e+002
  3.4230000e+002  8.0800000e+002
  3.4309200e+002  7.9200000e+002
  3.4389600e+002  8.0400000e+002
  3.4468800e+002  7.9200000e+002
  3.4548800e+002  8.0000000e+002
  3.4628000e+002  7.9200000e+002
  3.4708400e+002  8.0400000e+002
  3.4787200e+002  7.8800000e+002
  3.4866800e+002  7.9600000e+002
  3.4946800e+002  8.0000000e+002
  3.5025200e+002  7.8400000e+002
  3.5104800e+002  7.9600000e+002
  3.5186400e+002  8.1600000e+002
  3.5265600e+002  7.9200000e+002
  3.5344800e+002  7.9200000e+002
  3.5426800e+002  8.2000000e+002
  3.5508400e+002  8.1600000e+002
  3.5588800e+002  8.0400000e+002
  3.5670800e+002  8.2000000e+002
  3.5750400e+002  7.9600000e+002
  3.5831200e+002  8.0800000e+002
  3.5910800e+002  7.9600000e+002
  3.5991600e+002  8.0800000e+002
  3.6072800e+002  8.1200000e+002
  3.6152000e+002  7.9200000e+002
  3.6232800e+002  8.0800000e+002
  3.6311200e+002  7.8400000e+002
  3.6391200e+002  8.0000000e+002
  3.6469600e+002  7.8400000e+002
  3.6549200e+002  7.9600000e+002
  3.6628000e+002  7.8800000e+002
  3.6707600e+002  7.9600000e+002
  3.6786000e+002  7.8400000e+002
  3.6865600e+002  7.9600000e+002
  3.6944800e+002  7.9200000e+002
  3.7024000e+002  7.9200000e+002
  3.7104000e+002  8.0000000e+002
  3.7181600e+002  7.7600000e+002
  3.7260400e+002  7.8800000e+002
  3.7340400e+002  8.0000000e+002
  3.7419600e+002  7.9200000e+002
  3.7499200e+002  7.9600000e+002
  3.7577600e+002  7.8400000e+002
  3.7657200e+002  7.9600000e+002
  3.7735600e+002  7.8400000e+002
  3.7814000e+002  7.8400000e+002
  3.7891600e+002  7.7600000e+002
  3.7968400e+002  7.6800000e+002
  3.8046400e+002  7.8000000e+002
  3.8126800e+002  8.0400000e+002
  3.8205600e+002  7.8800000e+002
  3.8283600e+002  7.8000000e+002
  3.8362000e+002  7.8400000e+002
  3.8440000e+002  7.8000000e+002
  3.8519600e+002  7.9600000e+002
  3.8600400e+002  8.0800000e+002
  3.8680800e+002  8.0400000e+002
  3.8760400e+002  7.9600000e+002
  3.8839600e+002  7.9200000e+002
  3.8917600e+002  7.8000000e+002
  3.8995600e+002  7.8000000e+002
  3.9072000e+002  7.6400000e+002
  3.9150000e+002  7.8000000e+002
  3.9226400e+002  7.6400000e+002
  3.9304000e+002  7.7600000e+002
  3.9380800e+002  7.6800000e+002
  3.9458400e+002  7.7600000e+002
  3.9536000e+002  7.7600000e+002
  3.9588000e+002  5.2000000e+002
  3.9680400e+002  9.2400000e+002
  3.9762000e+002  8.1600000e+002
  3.9840800e+002  7.8800000e+002
  3.9918400e+002  7.7600000e+002
  3.9994800e+002  7.6400000e+002
  4.0070800e+002  7.6000000e+002
  4.0146400e+002  7.5600000e+002
  4.0222400e+002  7.6000000e+002
  4.0297600e+002  7.5200000e+002
  4.0374000e+002  7.6400000e+002
  4.0449600e+002  7.5600000e+002
  4.0526000e+002  7.6400000e+002
  4.0601600e+002  7.5600000e+002
  4.0678800e+002  7.7200000e+002
  4.0756400e+002  7.7600000e+002
  4.0832800e+002  7.6400000e+002
  4.0910400e+002  7.7600000e+002
  4.0986800e+002  7.6400000e+002
  4.1064000e+002  7.7200000e+002
  4.1140400e+002  7.6400000e+002
  4.1217200e+002  7.6800000e+002
  4.1293200e+002  7.6000000e+002
  4.1370400e+002  7.7200000e+002
  4.1445200e+002  7.4800000e+002
  4.1522400e+002  7.7200000e+002
  4.1597600e+002  7.5200000e+002
  4.1674400e+002  7.6800000e+002
  4.1750000e+002  7.5600000e+002
  4.1826400e+002  7.6400000e+002
  4.1902400e+002  7.6000000e+002
  4.1979200e+002  7.6800000e+002
  4.2055200e+002  7.6000000e+002
  4.2132400e+002  7.7200000e+002
  4.2209200e+002  7.6800000e+002
  4.2285600e+002  7.6400000e+002
  4.2363200e+002  7.7600000e+002
  4.2440000e+002  7.6800000e+002
  4.2515600e+002  7.5600000e+002
  4.2589200e+002  7.3600000e+002
  4.2670000e+002  8.0800000e+002
  4.2746400e+002  7.6400000e+002
  4.2824000e+002  7.7600000e+002
  4.2900400e+002  7.6400000e+002
  4.2974400e+002  7.4000000e+002
  4.3053200e+002  7.8800000e+002
  4.3130800e+002  7.7600000e+002
  4.3207200e+002  7.6400000e+002
  4.3284400e+002  7.7200000e+002
  4.3360800e+002  7.6400000e+002
  4.3438000e+002  7.7200000e+002
  4.3514800e+002  7.6800000e+002
  4.3592400e+002  7.7600000e+002
  4.3669200e+002  7.6800000e+002
  4.3747200e+002  7.8000000e+002
  4.3824400e+002  7.7200000e+002
  4.3902400e+002  7.8000000e+002
  4.3980400e+002  7.8000000e+002
  4.4057600e+002  7.7200000e+002
  4.4132800e+002  7.5200000e+002
  4.4211600e+002  7.8800000e+002
  4.4290000e+002  7.8400000e+002
  4.4366000e+002  7.6000000e+002
  4.4442000e+002  7.6000000e+002
  4.4520400e+002  7.8400000e+002
  4.4598000e+002  7.7600000e+002
  4.4674800e+002  7.6800000e+002
  4.4752800e+002  7.8000000e+002
  4.4830000e+002  7.7200000e+002
  4.4908000e+002  7.8000000e+002
  4.4986400e+002  7.8400000e+002
  4.5064400e+002  7.8000000e+002
  4.5142400e+002  7.8000000e+002
  4.5219600e+002  7.7200000e+002
  4.5298000e+002  7.8400000e+002
  4.5374400e+002  7.6400000e+002
  4.5452400e+002  7.8000000e+002
  4.5528800e+002  7.6400000e+002
  4.5602000e+002  7.3200000e+002
  4.5682000e+002  8.0000000e+002
  4.5760400e+002  7.8400000e+002
  4.5837200e+002  7.6800000e+002
  4.5915600e+002  7.8400000e+002
  4.5992800e+002  7.7200000e+002
  4.6070800e+002  7.8000000e+002
  4.6149600e+002  7.8800000e+002
  4.6226800e+002  7.7200000e+002
  4.6305200e+002  7.8400000e+002
  4.6382000e+002  7.6800000e+002
  4.6460000e+002  7.8000000e+002
  4.6536800e+002  7.6800000e+002
  4.6614400e+002  7.7600000e+002
  4.6691200e+002  7.6800000e+002
  4.6768800e+002  7.7600000e+002
  4.6846400e+002  7.7600000e+002
  4.6923200e+002  7.6800000e+002
  4.7001200e+002  7.8000000e+002
  4.7078000e+002  7.6800000e+002
  4.7156000e+002  7.8000000e+002
  4.7232400e+002  7.6400000e+002
  4.7310400e+002  7.8000000e+002
  4.7387200e+002  7.6800000e+002
  4.7464800e+002  7.7600000e+002
  4.7542800e+002  7.8000000e+002
  4.7619200e+002  7.6400000e+002
  4.7694000e+002  7.4800000e+002
  4.7774000e+002  8.0000000e+002
  4.7852000e+002  7.8000000e+002
  4.7929200e+002  7.7200000e+002
  4.8006800e+002  7.7600000e+002
  4.8083200e+002  7.6400000e+002
  4.8156400e+002  7.3200000e+002
  4.8235600e+002  7.9200000e+002
  4.8312800e+002  7.7200000e+002
  4.8388400e+002  7.5600000e+002
  4.8465600e+002  7.7200000e+002
  4.8541200e+002  7.5600000e+002
  4.8618400e+002  7.7200000e+002
  4.8694000e+002  7.5600000e+002
  4.8771200e+002  7.7200000e+002
  4.8846800e+002  7.5600000e+002
  4.8923600e+002  7.6800000e+002
  4.8999600e+002  7.6000000e+002
  4.9076400e+002  7.6800000e+002
  4.9152800e+002  7.6400000e+002
  4.9230000e+002  7.7200000e+002
  4.9306800e+002  7.6800000e+002
  4.9383600e+002  7.6800000e+002
  4.9461200e+002  7.7600000e+002
  4.9537200e+002  7.6000000e+002
  4.9614400e+002  7.7200000e+002
  4.9690400e+002  7.6000000e+002
  4.9763600e+002  7.3200000e+002
  4.9843200e+002  7.9600000e+002
  4.9921600e+002  7.8400000e+002
  4.9998400e+002  7.6800000e+002
  5.0076800e+002  7.8400000e+002
  5.0154000e+002  7.7200000e+002
  5.0230960e+002  7.6960000e+002
  5.0307920e+002  7.6960000e+002
  5.0384880e+002  7.6960000e+002
  5.0461840e+002  7.6960000e+002
  5.0538800e+002  7.6960000e+002
  5.0620800e+002  8.2000000e+002
  5.0697600e+002  7.6800000e+002
  5.0774800e+002  7.7200000e+002
  5.0851600e+002  7.6800000e+002
  5.0928800e+002  7.7200000e+002
  5.1005600e+002  7.6800000e+002
  5.1083200e+002  7.7600000e+002
  5.1160800e+002  7.7600000e+002
  5.1238000e+002  7.7200000e+002
  5.1316000e+002  7.8000000e+002
  5.1392400e+002  7.6400000e+002
  5.1470400e+002  7.8000000e+002
  5.1547200e+002  7.6800000e+002
  5.1624800e+002  7.7600000e+002
  5.1701200e+002  7.6400000e+002
  5.1779200e+002  7.8000000e+002
  5.1856400e+002  7.7200000e+002
  5.1934400e+002  7.8000000e+002
  5.2009600e+002  7.5200000e+002
  5.2079200e+002  6.9600000e+002
  5.2150000e+002  7.0800000e+002
  5.2236400e+002  8.6400000e+002
  5.2317600e+002  8.1200000e+002
  5.2396000e+002  7.8400000e+002
  5.2474400e+002  7.8400000e+002
  5.2552400e+002  7.8000000e+002
  5.2629200e+002  7.6800000e+002
  5.2706800e+002  7.7600000e+002
  5.2786400e+002  7.9600000e+002
  5.2864800e+002  7.8400000e+002
  5.2942000e+002  7.7200000e+002
  5.3019600e+002  7.7600000e+002
  5.3098400e+002  7.8800000e+002
  5.3179600e+002  8.1200000e+002
  5.3258400e+002  7.8800000e+002
  5.3338800e+002  8.0400000e+002
  5.3417600e+002  7.8800000e+002
  5.3497200e+002  7.9600000e+002
  5.3575600e+002  7.8400000e+002
  5.3654800e+002  7.9200000e+002
  5.3733200e+002  7.8400000e+002
  5.3811600e+002  7.8400000e+002
  5.3890800e+002  7.9200000e+002
  5.3968000e+002  7.7200000e+002
  5.4046000e+002  7.8000000e+002
  5.4122400e+002  7.6400000e+002
  5.4200000e+002  7.7600000e+002
  5.4275200e+002  7.5200000e+002
  5.4352400e+002  7.7200000e+002
  5.4428000e+002  7.5600000e+002
  5.4505200e+002  7.7200000e+002
  5.4580400e+002  7.5200000e+002
  5.4657200e+002  7.6800000e+002
  5.4732800e+002  7.5600000e+002
  5.4809200e+002  7.6400000e+002
  5.4884800e+002  7.5600000e+002
  5.4961200e+002  7.6400000e+002
  5.5036800e+002  7.5600000e+002
  5.5112800e+002  7.6000000e+002
  5.5188400e+002  7.5600000e+002
  5.5264000e+002  7.5600000e+002
  5.5340400e+002  7.6400000e+002
  5.5416800e+002  7.6400000e+002
  5.5492400e+002  7.5600000e+002
  5.5569600e+002  7.7200000e+002
  5.5646000e+002  7.6400000e+002
  5.5723200e+002  7.7200000e+002
  5.5800400e+002  7.7200000e+002
  5.5876800e+002  7.6400000e+002
  5.5954400e+002  7.7600000e+002
  5.6030400e+002  7.6000000e+002
  5.6107200e+002  7.6800000e+002
  5.6182400e+002  7.5200000e+002
  5.6258800e+002  7.6400000e+002
  5.6333600e+002  7.4800000e+002
  5.6409600e+002  7.6000000e+002
  5.6484800e+002  7.5200000e+002
  5.6560800e+002  7.6000000e+002
  5.6636000e+002  7.5200000e+002
  5.6711600e+002  7.5600000e+002
  5.6786800e+002  7.5200000e+002
  5.6862800e+002  7.6000000e+002
  5.6938000e+002  7.5200000e+002
  5.7013600e+002  7.5600000e+002
  5.7088800e+002  7.5200000e+002
  5.7164400e+002  7.5600000e+002
  5.7239600e+002  7.5200000e+002
  5.7315200e+002  7.5600000e+002
  5.7390400e+002  7.5200000e+002
  5.7466000e+002  7.5600000e+002
  5.7541600e+002  7.5600000e+002
  5.7617600e+002  7.6000000e+002
  5.7694400e+002  7.6800000e+002
  5.7770800e+002  7.6400000e+002
  5.7846800e+002  7.6000000e+002
  5.7922000e+002  7.5200000e+002
  5.7993200e+002  7.1200000e+002
  5.8071600e+002  7.8400000e+002
  5.8147600e+002  7.6000000e+002
  5.8222800e+002  7.5200000e+002
  5.8298800e+002  7.6000000e+002
  5.8374800e+002  7.6000000e+002
  5.8451200e+002  7.6400000e+002
  5.8528000e+002  7.6800000e+002
  5.8604000e+002  7.6000000e+002
  5.8680800e+002  7.6800000e+002
  5.8756400e+002  7.5600000e+002
  5.8832800e+002  7.6400000e+002
  5.8908000e+002  7.5200000e+002
  5.8984400e+002  7.6400000e+002
  5.9059600e+002  7.5200000e+002
  5.9136000e+002  7.6400000e+002
  5.9211600e+002  7.5600000e+002
  5.9287600e+002  7.6000000e+002
  5.9363200e+002  7.5600000e+002
  5.9439600e+002  7.6400000e+002
  5.9515600e+002  7.6000000e+002
  5.9592000e+002  7.6400000e+002
  5.9668400e+002  7.6400000e+002
  5.9744800e+002  7.6400000e+002
  5.9818400e+002  7.3600000e+002
  5.9897200e+002  7.8800000e+002
  5.9973600e+002  7.6400000e+002
  6.0048400e+002  7.4800000e+002
  6.0124400e+002  7.6000000e+002
  6.0199200e+002  7.4800000e+002
  6.0274800e+002  7.5600000e+002
  6.0349600e+002  7.4800000e+002
  6.0425200e+002  7.5600000e+002
  6.0501200e+002  7.6000000e+002
  6.0576800e+002  7.5600000e+002
  6.0651600e+002  7.4800000e+002
  6.0728000e+002  7.6400000e+002
  6.0804400e+002  7.6400000e+002
  6.0878800e+002  7.4400000e+002
  6.0954400e+002  7.5600000e+002
  6.1029200e+002  7.4800000e+002
  6.1104400e+002  7.5200000e+002
  6.1179200e+002  7.4800000e+002
  6.1254400e+002  7.5200000e+002
  6.1329600e+002  7.5200000e+002
  6.1404400e+002  7.4800000e+002
  6.1480400e+002  7.6000000e+002
  6.1554000e+002  7.3600000e+002
  6.1626000e+002  7.2000000e+002
  6.1703200e+002  7.7200000e+002
  6.1779200e+002  7.6000000e+002
  6.1854400e+002  7.5200000e+002
  6.1929200e+002  7.4800000e+002
  6.2001600e+002  7.2400000e+002
  6.2078000e+002  7.6400000e+002
  6.2154000e+002  7.6000000e+002
  6.2227200e+002  7.3200000e+002
  6.2302400e+002  7.5200000e+002
  6.2376000e+002  7.3600000e+002
  6.2450800e+002  7.4800000e+002
  6.2525200e+002  7.4400000e+002
  6.2600400e+002  7.5200000e+002
  6.2675600e+002  7.5200000e+002
  6.2748800e+002  7.3200000e+002
  6.2824400e+002  7.5600000e+002
  6.2898000e+002  7.3600000e+002
  6.2973200e+002  7.5200000e+002
  6.3047200e+002  7.4000000e+002
  6.3122800e+002  7.5600000e+002
  6.3196800e+002  7.4000000e+002
  6.3272400e+002  7.5600000e+002
  6.3348400e+002  7.6000000e+002
  6.3421600e+002  7.3200000e+002
  6.3496800e+002  7.5200000e+002
  6.3570800e+002  7.4000000e+002
  6.3646000e+002  7.5200000e+002
  6.3720400e+002  7.4400000e+002
  6.3795600e+002  7.5200000e+002
  6.3870400e+002  7.4800000e+002
  6.3944000e+002  7.3600000e+002
  6.4019200e+002  7.5200000e+002
  6.4092400e+002  7.3200000e+002
  6.4166800e+002  7.4400000e+002
  6.4241200e+002  7.4400000e+002
  6.4314800e+002  7.3600000e+002
  6.4388800e+002  7.4000000e+002
  6.4463600e+002  7.4800000e+002
  6.4538400e+002  7.4800000e+002
  6.4611600e+002  7.3200000e+002
  6.4686400e+002  7.4800000e+002
  6.4760400e+002  7.4000000e+002
  6.4833600e+002  7.3200000e+002
  6.4904800e+002  7.1200000e+002
  6.4972400e+002  6.7600000e+002
  6.5038000e+002  6.5600000e+002
  6.5106400e+002  6.8400000e+002
  6.5175200e+002  6.8800000e+002
  6.5243200e+002  6.8000000e+002
  6.5313200e+002  7.0000000e+002
  6.5383200e+002  7.0000000e+002
  6.5451600e+002  6.8400000e+002
  6.5522400e+002  7.0800000e+002
  6.5591600e+002  6.9200000e+002
  6.5662000e+002  7.0400000e+002
  6.5747200e+002  8.5200000e+002
  6.5828400e+002  8.1200000e+002
  6.5904000e+002  7.5600000e+002
  6.5980000e+002  7.6000000e+002
  6.6054000e+002  7.4000000e+002
  6.6128400e+002  7.4400000e+002
  6.6202400e+002  7.4000000e+002
  6.6276800e+002  7.4400000e+002
  6.6352000e+002  7.5200000e+002
  6.6427200e+002  7.5200000e+002
  6.6502400e+002  7.5200000e+002
  6.6578400e+002  7.6000000e+002
  6.6655600e+002  7.7200000e+002
  6.6703200e+002  4.7600000e+002
  6.6765200e+002  6.2000000e+002
  6.6832800e+002  6.7600000e+002
  6.6898800e+002  6.6000000e+002
  6.6965600e+002  6.6800000e+002
  6.7033200e+002  6.7600000e+002
  6.7103600e+002  7.0400000e+002
  6.7165600e+002  6.2000000e+002
  6.7258000e+002  9.2400000e+002
  6.7340000e+002  8.2000000e+002
  6.7422800e+002  8.2800000e+002
  6.7482400e+002  5.9600000e+002
  6.7573600e+002  9.1200000e+002
  6.7656000e+002  8.2400000e+002
  6.7736800e+002  8.0800000e+002
  6.7816400e+002  7.9600000e+002
  6.7896400e+002  8.0000000e+002
  6.7976800e+002  8.0400000e+002
  6.8059600e+002  8.2800000e+002
  6.8140800e+002  8.1200000e+002
  6.8218400e+002  7.7600000e+002
  6.8298400e+002  8.0000000e+002
  6.8377200e+002  7.8800000e+002
  6.8453600e+002  7.6400000e+002
  6.8530800e+002  7.7200000e+002
  6.8606400e+002  7.5600000e+002
  6.8682800e+002  7.6400000e+002
  6.8758000e+002  7.5200000e+002
  6.8817600e+002  5.9600000e+002
  6.8878800e+002  6.1200000e+002
  6.8952800e+002  7.4000000e+002
  6.9024800e+002  7.2000000e+002
  6.9088400e+002  6.3600000e+002
  6.9154000e+002  6.5600000e+002
  6.9224000e+002  7.0000000e+002
  6.9310400e+002  8.6400000e+002
  6.9384400e+002  7.4000000e+002
  6.9453200e+002  6.8800000e+002
  6.9514400e+002  6.1200000e+002
  6.9573200e+002  5.8800000e+002
  6.9636000e+002  6.2800000e+002
  6.9703200e+002  6.7200000e+002
  6.9777600e+002  7.4400000e+002
  6.9855200e+002  7.7600000e+002
  6.9925200e+002  7.0000000e+002
  6.9993600e+002  6.8400000e+002
  7.0062400e+002  6.8800000e+002
  7.0131200e+002  6.8800000e+002
  7.0198400e+002  6.7200000e+002
  7.0266800e+002  6.8400000e+002
  7.0333600e+002  6.6800000e+002
  7.0401600e+002  6.8000000e+002
  7.0469600e+002  6.8000000e+002
  7.0537200e+002  6.7600000e+002
  7.0605600e+002  6.8400000e+002
  7.0672800e+002  6.7200000e+002
  7.0739200e+002  6.6400000e+002
  7.0807200e+002  6.8000000e+002
  7.0873600e+002  6.6400000e+002
  7.0942000e+002  6.8400000e+002
  7.1009200e+002  6.7200000e+002
  7.1077600e+002  6.8400000e+002
  7.1146000e+002  6.8400000e+002
  7.1213200e+002  6.7200000e+002
  7.1282400e+002  6.9200000e+002
  7.1349600e+002  6.7200000e+002
  7.1420000e+002  7.0400000e+002
  7.1490000e+002  7.0000000e+002
  7.1560000e+002  7.0000000e+002
  7.1628800e+002  6.8800000e+002
  7.1697600e+002  6.8800000e+002
  7.1764800e+002  6.7200000e+002
  7.1833200e+002  6.8400000e+002
  7.1900400e+002  6.7200000e+002
  7.1968800e+002  6.8400000e+002
  7.2034400e+002  6.5600000e+002
  7.2099200e+002  6.4800000e+002
  7.2167200e+002  6.8000000e+002
  7.2233600e+002  6.6400000e+002
  7.2301600e+002  6.8000000e+002
  7.2372800e+002  7.1200000e+002
  7.2440000e+002  6.7200000e+002
  7.2511600e+002  7.1600000e+002
  7.2580800e+002  6.9200000e+002
  7.2647600e+002  6.6800000e+002
  7.2716000e+002  6.8400000e+002
  7.2784000e+002  6.8000000e+002
  7.2851200e+002  6.7200000e+002
  7.2918800e+002  6.7600000e+002
  7.2989200e+002  7.0400000e+002
  7.3057200e+002  6.8000000e+002
  7.3128000e+002  7.0800000e+002
  7.3197200e+002  6.9200000e+002
  7.3265600e+002  6.8400000e+002
  7.3334000e+002  6.8400000e+002
  7.3403600e+002  6.9600000e+002
  7.3471600e+002  6.8000000e+002
  7.3540400e+002  6.8800000e+002
  7.3608400e+002  6.8000000e+002
  7.3674000e+002  6.5600000e+002
  7.3741200e+002  6.7200000e+002
  7.3809200e+002  6.8000000e+002
  7.3878000e+002  6.8800000e+002
  7.3949200e+002  7.1200000e+002
  7.4020800e+002  7.1600000e+002
  7.4093200e+002  7.2400000e+002
  7.4163600e+002  7.0400000e+002
  7.4233600e+002  7.0000000e+002
  7.4303200e+002  6.9600000e+002
  7.4373200e+002  7.0000000e+002
  7.4442800e+002  6.9600000e+002
  7.4512800e+002  7.0000000e+002
  7.4581600e+002  6.8800000e+002
  7.4651200e+002  6.9600000e+002
  7.4717200e+002  6.6000000e+002
  7.4782400e+002  6.5200000e+002
  7.4849600e+002  6.7200000e+002
  7.4917200e+002  6.7600000e+002
  7.4985600e+002  6.8400000e+002
  7.5062000e+002  7.6400000e+002
  7.5134400e+002  7.2400000e+002
  7.5204400e+002  7.0000000e+002
  7.5275200e+002  7.0800000e+002
  7.5346000e+002  7.0800000e+002
  7.5415200e+002  6.9200000e+002
  7.5485600e+002  7.0400000e+002
  7.5555200e+002  6.9600000e+002
  7.5624400e+002  6.9200000e+002
  7.5696000e+002  7.1600000e+002
  7.5766800e+002  7.0800000e+002
  7.5837200e+002  7.0400000e+002
  7.5907200e+002  7.0000000e+002
  7.5977200e+002  7.0000000e+002
  7.6042000e+002  6.4800000e+002
  7.6106800e+002  6.4800000e+002
  7.6174000e+002  6.7200000e+002
  7.6240800e+002  6.6800000e+002
  7.6308800e+002  6.8000000e+002
  7.6383600e+002  7.4800000e+002
  7.6458800e+002  7.5200000e+002
  7.6529200e+002  7.0400000e+002
  7.6600400e+002  7.1200000e+002
  7.6670800e+002  7.0400000e+002
  7.6741200e+002  7.0400000e+002
  7.6812000e+002  7.0800000e+002
  7.6881200e+002  6.9200000e+002
  7.6950400e+002  6.9200000e+002
  7.7022400e+002  7.2000000e+002
  7.7093600e+002  7.1200000e+002
  7.7164400e+002  7.0800000e+002
  7.7234400e+002  7.0000000e+002
  7.7304000e+002  6.9600000e+002
  7.7369200e+002  6.5200000e+002
  7.7434000e+002  6.4800000e+002
  7.7501600e+002  6.7600000e+002
  7.7569200e+002  6.7600000e+002
  7.7636000e+002  6.6800000e+002
  7.7704800e+002  6.8800000e+002
  7.7773600e+002  6.8800000e+002
  7.7840800e+002  6.7200000e+002
  7.7907600e+002  6.6800000e+002
  7.7977600e+002  7.0000000e+002
  7.8047600e+002  7.0000000e+002
  7.8126000e+002  7.8400000e+002
  7.8198400e+002  7.2400000e+002
  7.8271200e+002  7.2800000e+002
  7.8342400e+002  7.1200000e+002
  7.8413600e+002  7.1200000e+002
  7.8485200e+002  7.1600000e+002
  7.8555600e+002  7.0400000e+002
  7.8624000e+002  6.8400000e+002
  7.8698000e+002  7.4000000e+002
  7.8769600e+002  7.1600000e+002
  7.8841600e+002  7.2000000e+002
  7.8912400e+002  7.0800000e+002
  7.8984400e+002  7.2000000e+002
  7.9055200e+002  7.0800000e+002
  7.9126800e+002  7.1600000e+002
  7.9198800e+002  7.2000000e+002
  7.9270000e+002  7.1200000e+002
  7.9340400e+002  7.0400000e+002
  7.9407200e+002  6.6800000e+002
  7.9474000e+002  6.6800000e+002
  7.9540800e+002  6.6800000e+002
  7.9610400e+002  6.9600000e+002
  7.9678400e+002  6.8000000e+002
  7.9748000e+002  6.9600000e+002
  7.9827200e+002  7.9200000e+002
  7.9901200e+002  7.4000000e+002
  7.9972400e+002  7.1200000e+002
  8.0044800e+002  7.2400000e+002
  8.0115600e+002  7.0800000e+002
  8.0185600e+002  7.0000000e+002
  8.0253200e+002  6.7600000e+002
  8.0328000e+002  7.4800000e+002
  8.0400800e+002  7.2800000e+002
  8.0472000e+002  7.1200000e+002
  8.0543600e+002  7.1600000e+002
  8.0614800e+002  7.1200000e+002
  8.0686400e+002  7.1600000e+002
  8.0758400e+002  7.2000000e+002
  8.0829600e+002  7.1200000e+002
  8.0901200e+002  7.1600000e+002
  8.0972000e+002  7.0800000e+002
  8.1043200e+002  7.1200000e+002
  8.1115200e+002  7.2000000e+002
  8.1185600e+002  7.0400000e+002
  8.1257600e+002  7.2000000e+002
  8.1328400e+002  7.0800000e+002
  8.1399600e+002  7.1200000e+002
  8.1472400e+002  7.2800000e+002
  8.1543200e+002  7.0800000e+002
  8.1614800e+002  7.1600000e+002
  8.1686400e+002  7.1600000e+002
  8.1758000e+002  7.1600000e+002
  8.1830400e+002  7.2400000e+002
  8.1901200e+002  7.0800000e+002
  8.1973600e+002  7.2400000e+002
  8.2045200e+002  7.1600000e+002
  8.2116800e+002  7.1600000e+002
  8.2189200e+002  7.2400000e+002
  8.2260000e+002  7.0800000e+002
  8.2332800e+002  7.2800000e+002
  8.2404400e+002  7.1600000e+002
  8.2475600e+002  7.1200000e+002
  8.2548400e+002  7.2800000e+002
  8.2619600e+002  7.1200000e+002
  8.2692400e+002  7.2800000e+002
  8.2764400e+002  7.2000000e+002
  8.2835600e+002  7.1200000e+002
  8.2907600e+002  7.2000000e+002
  8.2976000e+002  6.8400000e+002
  8.3044000e+002  6.8000000e+002
  8.3113600e+002  6.9600000e+002
  8.3183600e+002  7.0000000e+002
  8.3250800e+002  6.7200000e+002
  8.3321200e+002  7.0400000e+002
  8.3389600e+002  6.8400000e+002
  8.3457600e+002  6.8000000e+002
  8.3529600e+002  7.2000000e+002
  8.3600000e+002  7.0400000e+002
  8.3674400e+002  7.4400000e+002
  8.3744400e+002  7.0000000e+002
  8.3812800e+002  6.8400000e+002
  8.3883600e+002  7.0800000e+002
  8.3951600e+002  6.8000000e+002
  8.4027600e+002  7.6000000e+002
  8.4101200e+002  7.3600000e+002
  8.4176800e+002  7.5600000e+002
  8.4249600e+002  7.2800000e+002
  8.4322800e+002  7.3200000e+002
  8.4394000e+002  7.1200000e+002
  8.4466400e+002  7.2400000e+002
  8.4538000e+002  7.1600000e+002
  8.4608800e+002  7.0800000e+002
  8.4678400e+002  6.9600000e+002
  8.4752000e+002  7.3600000e+002
  8.4824400e+002  7.2400000e+002
  8.4895600e+002  7.1200000e+002
  8.4968000e+002  7.2400000e+002
  8.5040400e+002  7.2400000e+002
  8.5110800e+002  7.0400000e+002
  8.5183200e+002  7.2400000e+002
  8.5254400e+002  7.1200000e+002
  8.5326800e+002  7.2400000e+002
  8.5398800e+002  7.2000000e+002
  8.5469600e+002  7.0800000e+002
  8.5540800e+002  7.1200000e+002
  8.5607600e+002  6.6800000e+002
  8.5675200e+002  6.7600000e+002
  8.5742800e+002  6.7600000e+002
  8.5813200e+002  7.0400000e+002
  8.5879600e+002  6.6400000e+002
  8.5949600e+002  7.0000000e+002
  8.6016800e+002  6.7200000e+002
  8.6088800e+002  7.2000000e+002
  8.6158400e+002  6.9600000e+002
  8.6227600e+002  6.9200000e+002
  8.6305200e+002  7.7600000e+002
  8.6378400e+002  7.3200000e+002
  8.6449200e+002  7.0800000e+002
  8.6521200e+002  7.2000000e+002
  8.6592000e+002  7.0800000e+002
  8.6662800e+002  7.0800000e+002
  8.6734800e+002  7.2000000e+002
  8.6805200e+002  7.0400000e+002
  8.6877200e+002  7.2000000e+002
  8.6948400e+002  7.1200000e+002
  8.7020400e+002  7.2000000e+002
  8.7092800e+002  7.2400000e+002
  8.7164000e+002  7.1200000e+002
  8.7232800e+002  6.8800000e+002
  8.7298800e+002  6.6000000e+002
  8.7364000e+002  6.5200000e+002
  8.7431600e+002  6.7600000e+002
  8.7503600e+002  7.2000000e+002
  8.7580000e+002  7.6400000e+002
  8.7656400e+002  7.6400000e+002
  8.7730400e+002  7.4000000e+002
  8.7802800e+002  7.2400000e+002
  8.7876000e+002  7.3200000e+002
  8.7949200e+002  7.3200000e+002
  8.8020800e+002  7.1600000e+002
  8.8093600e+002  7.2800000e+002
  8.8165200e+002  7.1600000e+002
  8.8238000e+002  7.2800000e+002
  8.8310400e+002  7.2400000e+002
  8.8381200e+002  7.0800000e+002
  8.8454400e+002  7.3200000e+002
  8.8525600e+002  7.1200000e+002
  8.8598400e+002  7.2800000e+002
  8.8670800e+002  7.2400000e+002
  8.8742000e+002  7.1200000e+002
  8.8814800e+002  7.2800000e+002
  8.8885600e+002  7.0800000e+002
  8.8958400e+002  7.2800000e+002
  8.9030800e+002  7.2400000e+002
  8.9101600e+002  7.0800000e+002
  8.9172800e+002  7.1200000e+002
  8.9246000e+002  7.3200000e+002
  8.9319200e+002  7.3200000e+002
  8.9391600e+002  7.2400000e+002
  8.9462800e+002  7.1200000e+002
  8.9535600e+002  7.2800000e+002
  8.9606800e+002  7.1200000e+002
  8.9679600e+002  7.2800000e+002
  8.9752000e+002  7.2400000e+002
  8.9822800e+002  7.0800000e+002
  8.9895200e+002  7.2400000e+002
  8.9965600e+002  7.0400000e+002
  9.0038800e+002  7.3200000e+002
  9.0111200e+002  7.2400000e+002
  9.0182000e+002  7.0800000e+002
  9.0254400e+002  7.2400000e+002
  9.0325600e+002  7.1200000e+002
  9.0398000e+002  7.2400000e+002
  9.0470000e+002  7.2000000e+002
  9.0541600e+002  7.1600000e+002
  9.0610400e+002  6.8800000e+002
  9.0677200e+002  6.6800000e+002
  9.0742400e+002  6.5200000e+002
  9.0810400e+002  6.8000000e+002
  9.0881200e+002  7.0800000e+002
  9.0950000e+002  6.8800000e+002
  9.1031600e+002  8.1600000e+002
  9.1108400e+002  7.6800000e+002
  9.1184800e+002  7.6400000e+002
  9.1258000e+002  7.3200000e+002
  9.1332400e+002  7.4400000e+002
  9.1404800e+002  7.2400000e+002
  9.1478000e+002  7.3200000e+002
  9.1551600e+002  7.3600000e+002
  9.1623600e+002  7.2000000e+002
  9.1697200e+002  7.3600000e+002
  9.1769600e+002  7.2400000e+002
  9.1842800e+002  7.3200000e+002
  9.1916000e+002  7.3200000e+002
  9.1987600e+002  7.1600000e+002
  9.2058800e+002  7.1200000e+002
  9.2133200e+002  7.4400000e+002
  9.2207200e+002  7.4000000e+002
  9.2280000e+002  7.2800000e+002
  9.2351600e+002  7.1600000e+002
  9.2425200e+002  7.3600000e+002
  9.2496800e+002  7.1600000e+002
  9.2570000e+002  7.3200000e+002
  9.2642000e+002  7.2000000e+002
  9.2715200e+002  7.3200000e+002
  9.2788800e+002  7.3600000e+002
  9.2860400e+002  7.1600000e+002
  9.2934000e+002  7.3600000e+002
  9.3005600e+002  7.1600000e+002
  9.3079200e+002  7.3600000e+002
  9.3151600e+002  7.2400000e+002
  9.3224400e+002  7.2800000e+002
  9.3298000e+002  7.3600000e+002
  9.3370000e+002  7.2000000e+002
  9.3440800e+002  7.0800000e+002
  9.3509200e+002  6.8400000e+002
  9.3578400e+002  6.9200000e+002
  9.3646000e+002  6.7600000e+002
  9.3717200e+002  7.1200000e+002
  9.3784000e+002  6.6800000e+002
  9.3853600e+002  6.9600000e+002
  9.3929200e+002  7.5600000e+002
  9.4009200e+002  8.0000000e+002
  9.4085600e+002  7.6400000e+002
  9.4161200e+002  7.5600000e+002
  9.4234400e+002  7.3200000e+002
  9.4308800e+002  7.4400000e+002
  9.4382400e+002  7.3600000e+002
  9.4454400e+002  7.2000000e+002
  9.4528400e+002  7.4000000e+002
  9.4600800e+002  7.2400000e+002
  9.4674800e+002  7.4000000e+002
  9.4748800e+002  7.4000000e+002
  9.4820800e+002  7.2000000e+002
  9.4895200e+002  7.4400000e+002
  9.4967600e+002  7.2400000e+002
  9.5042000e+002  7.4400000e+002
  9.5116000e+002  7.4000000e+002
  9.5188400e+002  7.2400000e+002
  9.5262800e+002  7.4400000e+002
  9.5335200e+002  7.2400000e+002
  9.5409600e+002  7.4400000e+002
  9.5483600e+002  7.4000000e+002
  9.5555600e+002  7.2000000e+002
  9.5630000e+002  7.4400000e+002
  9.5702000e+002  7.2000000e+002
  9.5776000e+002  7.4000000e+002
  9.5849200e+002  7.3200000e+002
  9.5921200e+002  7.2000000e+002
  9.5995600e+002  7.4400000e+002
  9.6067600e+002  7.2000000e+002
  9.6141600e+002  7.4000000e+002
  9.6214800e+002  7.3200000e+002
  9.6287600e+002  7.2800000e+002
  9.6361600e+002  7.4000000e+002
  9.6434000e+002  7.2400000e+002
  9.6508400e+002  7.4400000e+002
  9.6581200e+002  7.2800000e+002
  9.6655200e+002  7.4000000e+002
  9.6729600e+002  7.4400000e+002
  9.6801600e+002  7.2000000e+002
  9.6876000e+002  7.4400000e+002
  9.6948400e+002  7.2400000e+002
  9.7022800e+002  7.4400000e+002
  9.7096800e+002  7.4000000e+002
  9.7169200e+002  7.2400000e+002
  9.7243600e+002  7.4400000e+002
  9.7316400e+002  7.2800000e+002
  9.7390400e+002  7.4000000e+002
  9.7464800e+002  7.4400000e+002
  9.7537600e+002  7.2800000e+002
  9.7608000e+002  7.0400000e+002
  9.7684800e+002  7.6800000e+002
  9.7760000e+002  7.5200000e+002
  9.7836000e+002  7.6000000e+002
  9.7909200e+002  7.3200000e+002
  9.7984400e+002  7.5200000e+002
  9.8058000e+002  7.3600000e+002
  9.8132000e+002  7.4000000e+002
  9.8204800e+002  7.2800000e+002
  9.8280000e+002  7.5200000e+002
  9.8355600e+002  7.5600000e+002
  9.8429200e+002  7.3600000e+002
  9.8502400e+002  7.3200000e+002
  9.8577200e+002  7.4800000e+002
  9.8650400e+002  7.3200000e+002
  9.8725200e+002  7.4800000e+002
  9.8798800e+002  7.3600000e+002
  9.8872400e+002  7.3600000e+002
  9.8947600e+002  7.5200000e+002
  9.9017200e+002  6.9600000e+002
  9.9082800e+002  6.5600000e+002
  9.9150800e+002  6.8000000e+002
  9.9219600e+002  6.8800000e+002
  9.9288800e+002  6.9200000e+002
  9.9360800e+002  7.2000000e+002
  9.9444000e+002  8.3200000e+002
  9.9521600e+002  7.7600000e+002
  9.9599600e+002  7.8000000e+002
  9.9676400e+002  7.6800000e+002
  9.9751600e+002  7.5200000e+002
  9.9827200e+002  7.5600000e+002
  9.9902800e+002  7.5600000e+002
  9.9976000e+002  7.3200000e+002
  1.0005160e+003  7.5600000e+002
  1.0012520e+003  7.3600000e+002
  1.0019960e+003  7.4400000e+002
  1.0027440e+003  7.4800000e+002
  1.0034720e+003  7.2800000e+002
  1.0042240e+003  7.5200000e+002
  1.0049560e+003  7.3200000e+002
  1.0057040e+003  7.4800000e+002
  1.0064560e+003  7.5200000e+002
  1.0071840e+003  7.2800000e+002
  1.0079360e+003  7.5200000e+002
  1.0086640e+003  7.2800000e+002
  1.0094160e+003  7.5200000e+002
  1.0101600e+003  7.4400000e+002
  1.0108920e+003  7.3200000e+002
  1.0116400e+003  7.4800000e+002
  1.0123720e+003  7.3200000e+002
  1.0131160e+003  7.4400000e+002
  1.0138600e+003  7.4400000e+002
  1.0145880e+003  7.2800000e+002
  1.0153400e+003  7.5200000e+002
  1.0160800e+003  7.4000000e+002
  1.0168160e+003  7.3600000e+002
  1.0175640e+003  7.4800000e+002
  1.0183000e+003  7.3600000e+002
  1.0190520e+003  7.5200000e+002
  1.0197960e+003  7.4400000e+002
  1.0205280e+003  7.3200000e+002
  1.0212840e+003  7.5600000e+002
  1.0220200e+003  7.3600000e+002
  1.0227760e+003  7.5600000e+002
  1.0235240e+003  7.4800000e+002
  1.0242560e+003  7.3200000e+002
  1.0250120e+003  7.5600000e+002
  1.0257520e+003  7.4000000e+002
  1.0264960e+003  7.4400000e+002
  1.0272480e+003  7.5200000e+002
  1.0279840e+003  7.3600000e+002
  1.0287360e+003  7.5200000e+002
  1.0294760e+003  7.4000000e+002
  1.0302240e+003  7.4800000e+002
  1.0309760e+003  7.5200000e+002
  1.0317120e+003  7.3600000e+002
  1.0324640e+003  7.5200000e+002
  1.0332040e+003  7.4000000e+002
  1.0339400e+003  7.3600000e+002
  1.0346920e+003  7.5200000e+002
  1.0354200e+003  7.2800000e+002
  1.0361720e+003  7.5200000e+002
  1.0369080e+003  7.3600000e+002
  1.0376480e+003  7.4000000e+002
  1.0384000e+003  7.5200000e+002
  1.0391280e+003  7.2800000e+002
  1.0398800e+003  7.5200000e+002
  1.0406120e+003  7.3200000e+002
  1.0413480e+003  7.3600000e+002
  1.0420960e+003  7.4800000e+002
  1.0428200e+003  7.2400000e+002
  1.0435720e+003  7.5200000e+002
  1.0443080e+003  7.3600000e+002
  1.0450360e+003  7.2800000e+002
  1.0457600e+003  7.2400000e+002
  1.0465120e+003  7.5200000e+002
  1.0472680e+003  7.5600000e+002
  1.0480080e+003  7.4000000e+002
  1.0487360e+003  7.2800000e+002
  1.0494840e+003  7.4800000e+002
  1.0502080e+003  7.2400000e+002
  1.0509560e+003  7.4800000e+002
  1.0516920e+003  7.3600000e+002
  1.0524280e+003  7.3600000e+002
  1.0531720e+003  7.4400000e+002
  1.0539000e+003  7.2800000e+002
  1.0546520e+003  7.5200000e+002
  1.0553880e+003  7.3600000e+002
  1.0561160e+003  7.2800000e+002
  1.0568640e+003  7.4800000e+002
  1.0575920e+003  7.2800000e+002
  1.0583400e+003  7.4800000e+002
  1.0590760e+003  7.3600000e+002
  1.0598120e+003  7.3600000e+002
  1.0605600e+003  7.4800000e+002
  1.0612880e+003  7.2800000e+002
  1.0620400e+003  7.5200000e+002
  1.0627680e+003  7.2800000e+002
  1.0635160e+003  7.4800000e+002
  1.0642600e+003  7.4400000e+002
  1.0649880e+003  7.2800000e+002
  1.0657400e+003  7.5200000e+002
  1.0664720e+003  7.3200000e+002
  1.0672240e+003  7.5200000e+002
  1.0679680e+003  7.4400000e+002
  1.0686960e+003  7.2800000e+002
  1.0694480e+003  7.5200000e+002
  1.0701720e+003  7.2400000e+002
  1.0709200e+003  7.4800000e+002
  1.0716520e+003  7.3200000e+002
  1.0723880e+003  7.3600000e+002
  1.0731360e+003  7.4800000e+002
  1.0738640e+003  7.2800000e+002
  1.0746080e+003  7.4400000e+002
  1.0753400e+003  7.3200000e+002
  1.0760880e+003  7.4800000e+002
  1.0768280e+003  7.4000000e+002
  1.0775560e+003  7.2800000e+002
  1.0782920e+003  7.3600000e+002
  1.0790360e+003  7.4400000e+002
  1.0797880e+003  7.5200000e+002
  1.0805280e+003  7.4000000e+002
  1.0812520e+003  7.2400000e+002
  1.0820000e+003  7.4800000e+002
  1.0827320e+003  7.3200000e+002
  1.0834800e+003  7.4800000e+002
  1.0842240e+003  7.4400000e+002
  1.0849560e+003  7.3200000e+002
  1.0857080e+003  7.5200000e+002
  1.0864440e+003  7.3600000e+002
  1.0872000e+003  7.5600000e+002
  1.0879520e+003  7.5200000e+002
  1.0886840e+003  7.3200000e+002
  1.0894440e+003  7.6000000e+002
  1.0901840e+003  7.4000000e+002
  1.0909320e+003  7.4800000e+002
  1.0916840e+003  7.5200000e+002
  1.0924200e+003  7.3600000e+002
  1.0931720e+003  7.5200000e+002
  1.0939040e+003  7.3200000e+002
  1.0946520e+003  7.4800000e+002
  1.0953880e+003  7.3600000e+002
  1.0961320e+003  7.4400000e+002
  1.0968840e+003  7.5200000e+002
  1.0976120e+003  7.2800000e+002
  1.0983640e+003  7.5200000e+002
  1.0990880e+003  7.2400000e+002
  1.0998360e+003  7.4800000e+002
  1.1005720e+003  7.3600000e+002
  1.1013040e+003  7.3200000e+002
  1.1020520e+003  7.4800000e+002
  1.1027520e+003  7.0000000e+002
  1.1035240e+003  7.7200000e+002
  1.1042640e+003  7.4000000e+002
  1.1050120e+003  7.4800000e+002
  1.1057560e+003  7.4400000e+002
  1.1064840e+003  7.2800000e+002
  1.1072040e+003  7.2000000e+002
  1.1079560e+003  7.5200000e+002
  1.1087120e+003  7.5600000e+002
  1.1094400e+003  7.2800000e+002
  1.1101880e+003  7.4800000e+002
  1.1109280e+003  7.4000000e+002
  1.1116520e+003  7.2400000e+002
  1.1123960e+003  7.4400000e+002
  1.1131200e+003  7.2400000e+002
  1.1138680e+003  7.4800000e+002
  1.1146040e+003  7.3600000e+002
  1.1153320e+003  7.2800000e+002
  1.1160800e+003  7.4800000e+002
  1.1168040e+003  7.2400000e+002
  1.1175560e+003  7.5200000e+002
  1.1182880e+003  7.3200000e+002
  1.1190320e+003  7.4400000e+002
  1.1197840e+003  7.5200000e+002
  1.1205120e+003  7.2800000e+002
  1.1212640e+003  7.5200000e+002
  1.1219920e+003  7.2800000e+002
  1.1227400e+003  7.4800000e+002
  1.1234840e+003  7.4400000e+002
  1.1242120e+003  7.2800000e+002
  1.1249560e+003  7.4400000e+002
  1.1256760e+003  7.2000000e+002
  1.1264200e+003  7.4400000e+002
  1.1271440e+003  7.2400000e+002
  1.1278840e+003  7.4000000e+002
  1.1286240e+003  7.4000000e+002
  1.1293440e+003  7.2000000e+002
  1.1300400e+003  6.9600000e+002
  1.1308000e+003  7.6000000e+002
  1.1315520e+003  7.5200000e+002
  1.1323080e+003  7.5600000e+002
  1.1330360e+003  7.2800000e+002
  1.1337880e+003  7.5200000e+002
  1.1345160e+003  7.2800000e+002
  1.1352640e+003  7.4800000e+002
  1.1360120e+003  7.4800000e+002
  1.1367360e+003  7.2400000e+002
  1.1374880e+003  7.5200000e+002
  1.1382200e+003  7.3200000e+002
  1.1389680e+003  7.4800000e+002
  1.1397160e+003  7.4800000e+002
  1.1404400e+003  7.2400000e+002
  1.1411920e+003  7.5200000e+002
  1.1419160e+003  7.2400000e+002
  1.1426640e+003  7.4800000e+002
  1.1433960e+003  7.3200000e+002
  1.1441440e+003  7.4800000e+002
  1.1448920e+003  7.4800000e+002
  1.1456160e+003  7.2400000e+002
  1.1463640e+003  7.4800000e+002
  1.1470640e+003  7.0000000e+002
  1.1478320e+003  7.6800000e+002
  1.1485680e+003  7.3600000e+002
  1.1493160e+003  7.4800000e+002
  1.1500600e+003  7.4400000e+002
  1.1507840e+003  7.2400000e+002
  1.1515360e+003  7.5200000e+002
  1.1522600e+003  7.2400000e+002
  1.1530080e+003  7.4800000e+002
  1.1537440e+003  7.3600000e+002
  1.1544720e+003  7.2800000e+002
  1.1552160e+003  7.4400000e+002
  1.1558800e+003  6.6400000e+002
  1.1565320e+003  6.5200000e+002
  1.1572080e+003  6.7600000e+002
  1.1578960e+003  6.8800000e+002
  1.1585640e+003  6.6800000e+002
  1.1593200e+003  7.5600000e+002
  1.1601040e+003  7.8400000e+002
  1.1609120e+003  8.0800000e+002
  1.1616920e+003  7.8000000e+002
  1.1624520e+003  7.6000000e+002
  1.1631960e+003  7.4400000e+002
  1.1639480e+003  7.5200000e+002
  1.1646800e+003  7.3200000e+002
  1.1654320e+003  7.5200000e+002
  1.1661600e+003  7.2800000e+002
  1.1669120e+003  7.5200000e+002
  1.1676520e+003  7.4000000e+002
  1.1683800e+003  7.2800000e+002
  1.1691280e+003  7.4800000e+002
  1.1698520e+003  7.2400000e+002
  1.1706000e+003  7.4800000e+002
  1.1713280e+003  7.2800000e+002
  1.1720720e+003  7.4400000e+002
  1.1728160e+003  7.4400000e+002
  1.1735440e+003  7.2800000e+002
  1.1742920e+003  7.4800000e+002
  1.1750160e+003  7.2400000e+002
  1.1757640e+003  7.4800000e+002
  1.1764960e+003  7.3200000e+002
  1.1772400e+003  7.4400000e+002
  1.1779880e+003  7.4800000e+002
  1.1787160e+003  7.2800000e+002
  1.1794640e+003  7.4800000e+002
  1.1801920e+003  7.2800000e+002
  1.1809360e+003  7.4400000e+002
  1.1816600e+003  7.2400000e+002
  1.1824000e+003  7.4000000e+002
  1.1831240e+003  7.2400000e+002
  1.1838680e+003  7.4400000e+002
  1.1846080e+003  7.4000000e+002
  1.1853280e+003  7.2000000e+002
  1.1860480e+003  7.2000000e+002
  1.1867960e+003  7.4800000e+002
  1.1875480e+003  7.5200000e+002
  1.1882760e+003  7.2800000e+002
  1.1890240e+003  7.4800000e+002
  1.1897680e+003  7.4400000e+002
  1.1904960e+003  7.2800000e+002
  1.1912440e+003  7.4800000e+002
  1.1919680e+003  7.2400000e+002
  1.1927160e+003  7.4800000e+002
  1.1934520e+003  7.3600000e+002
  1.1941840e+003  7.3200000e+002
  1.1949320e+003  7.4800000e+002
  1.1956640e+003  7.3200000e+002
  1.1964120e+003  7.4800000e+002
  1.1971480e+003  7.3600000e+002
  1.1979000e+003  7.5200000e+002
  1.1986480e+003  7.4800000e+002
  1.1993720e+003  7.2400000e+002
  1.2000760e+003  7.0400000e+002
  1.2008400e+003  7.6400000e+002
  1.2015960e+003  7.5600000e+002
  1.2023360e+003  7.4000000e+002
  1.2030720e+003  7.3600000e+002
  1.2038240e+003  7.5200000e+002
  1.2045560e+003  7.3200000e+002
  1.2053120e+003  7.5600000e+002
  1.2060440e+003  7.3200000e+002
  1.2067960e+003  7.5200000e+002
  1.2075440e+003  7.4800000e+002
  1.2082760e+003  7.3200000e+002
  1.2090280e+003  7.5200000e+002
  1.2097520e+003  7.2400000e+002
  1.2105000e+003  7.4800000e+002
  1.2112360e+003  7.3600000e+002
  1.2119800e+003  7.4400000e+002
  1.2127280e+003  7.4800000e+002
  1.2134560e+003  7.2800000e+002
  1.2142080e+003  7.5200000e+002
  1.2149320e+003  7.2400000e+002
  1.2156840e+003  7.5200000e+002
  1.2164280e+003  7.4400000e+002
  1.2171520e+003  7.2400000e+002
  1.2179040e+003  7.5200000e+002
  1.2186280e+003  7.2400000e+002
  1.2193760e+003  7.4800000e+002
  1.2201080e+003  7.3200000e+002
  1.2208560e+003  7.4800000e+002
  1.2216040e+003  7.4800000e+002
  1.2223360e+003  7.3200000e+002
  1.2230880e+003  7.5200000e+002
  1.2238120e+003  7.2400000e+002
  1.2245640e+003  7.5200000e+002
  1.2252880e+003  7.2400000e+002
  1.2260400e+003  7.5200000e+002
  1.2267800e+003  7.4000000e+002
  1.2275080e+003  7.2800000e+002
  1.2282360e+003  7.2800000e+002
  1.2289840e+003  7.4800000e+002
  1.2297400e+003  7.5600000e+002
  1.2304840e+003  7.4400000e+002
  1.2312120e+003  7.2800000e+002
  1.2319640e+003  7.5200000e+002
  1.2326960e+003  7.3200000e+002
  1.2334480e+003  7.5200000e+002
  1.2341920e+003  7.4400000e+002
  1.2349280e+003  7.3600000e+002
  1.2356840e+003  7.5600000e+002
  1.2364160e+003  7.3200000e+002
  1.2371680e+003  7.5200000e+002
  1.2379040e+003  7.3600000e+002
  1.2386560e+003  7.5200000e+002
  1.2394040e+003  7.4800000e+002
  1.2401360e+003  7.3200000e+002
  1.2408880e+003  7.5200000e+002
  1.2416120e+003  7.2400000e+002
  1.2423600e+003  7.4800000e+002
  1.2430960e+003  7.3600000e+002
  1.2438440e+003  7.4800000e+002
  1.2445960e+003  7.5200000e+002
  1.2453240e+003  7.2800000e+002
  1.2460800e+003  7.5600000e+002
  1.2468040e+003  7.2400000e+002
  1.2475600e+003  7.5600000e+002
  1.2482960e+003  7.3600000e+002
  1.2490240e+003  7.2800000e+002
  1.2497760e+003  7.5200000e+002
  1.2505040e+003  7.2800000e+002
  1.2512600e+003  7.5600000e+002
  1.2520040e+003  7.4400000e+002
  1.2527360e+003  7.3200000e+002
  1.2534800e+003  7.4400000e+002
  1.2542280e+003  7.4800000e+002
  1.2549920e+003  7.6400000e+002
  1.2557360e+003  7.4400000e+002
  1.2564680e+003  7.3200000e+002
  1.2572280e+003  7.6000000e+002
  1.2579560e+003  7.2800000e+002
  1.2587120e+003  7.5600000e+002
  1.2594520e+003  7.4000000e+002
  1.2601920e+003  7.4000000e+002
  1.2609120e+003  7.2000000e+002
  1.2616720e+003  7.6000000e+002
  1.2624320e+003  7.6000000e+002
  1.2631680e+003  7.3600000e+002
  1.2639280e+003  7.6000000e+002
  1.2646760e+003  7.4800000e+002
  1.2654000e+003  7.2400000e+002
  1.2661560e+003  7.5600000e+002
  1.2668760e+003  7.2000000e+002
  1.2676280e+003  7.5200000e+002
  1.2683560e+003  7.2800000e+002
  1.2691080e+003  7.5200000e+002
  1.2698520e+003  7.4400000e+002
  1.2705720e+003  7.2000000e+002
  1.2713200e+003  7.4800000e+002
  1.2720520e+003  7.3200000e+002
  1.2728040e+003  7.5200000e+002
  1.2735520e+003  7.4800000e+002
  1.2742760e+003  7.2400000e+002
  1.2749880e+003  7.1200000e+002
  1.2757440e+003  7.5600000e+002
  1.2765000e+003  7.5600000e+002
  1.2772400e+003  7.4000000e+002
  1.2779800e+003  7.4000000e+002
  1.2785120e+003  5.3200000e+002
  1.2792600e+003  7.4800000e+002
  1.2799240e+003  6.6400000e+002
  1.2806160e+003  6.9200000e+002
  1.2813600e+003  7.4400000e+002
  1.2821240e+003  7.6400000e+002
  1.2829400e+003  8.1600000e+002
  1.2837200e+003  7.8000000e+002
  1.2844600e+003  7.4000000e+002
  1.2852200e+003  7.6000000e+002
  1.2859480e+003  7.2800000e+002
  1.2867040e+003  7.5600000e+002
  1.2874440e+003  7.4000000e+002
  1.2881680e+003  7.2400000e+002
  1.2889200e+003  7.5200000e+002
  1.2896400e+003  7.2000000e+002
  1.2903920e+003  7.5200000e+002
  1.2911280e+003  7.3600000e+002
  1.2918600e+003  7.3200000e+002
  1.2926120e+003  7.5200000e+002
  1.2933400e+003  7.2800000e+002
  1.2940960e+003  7.5600000e+002
  1.2948400e+003  7.4400000e+002
  1.2955800e+003  7.4000000e+002
  1.2963320e+003  7.5200000e+002
  1.2970640e+003  7.3200000e+002
  1.2978200e+003  7.5600000e+002
  1.2985520e+003  7.3200000e+002
  1.2993080e+003  7.5600000e+002
  1.3000560e+003  7.4800000e+002
  1.3007880e+003  7.3200000e+002
  1.3015400e+003  7.5200000e+002
  1.3022680e+003  7.2800000e+002
  1.3030160e+003  7.4800000e+002
  1.3037480e+003  7.3200000e+002
  1.3044960e+003  7.4800000e+002
  1.3052480e+003  7.5200000e+002
  1.3059720e+003  7.2400000e+002
  1.3067280e+003  7.5600000e+002
  1.3074520e+003  7.2400000e+002
  1.3082080e+003  7.5600000e+002
  1.3089480e+003  7.4000000e+002
  1.3096720e+003  7.2400000e+002
  1.3104240e+003  7.5200000e+002
  1.3111480e+003  7.2400000e+002
  1.3118960e+003  7.4800000e+002
  1.3126320e+003  7.3600000e+002
  1.3133560e+003  7.2400000e+002
  1.3141080e+003  7.5200000e+002
  1.3148320e+003  7.2400000e+002
  1.3155800e+003  7.4800000e+002
  1.3163160e+003  7.3600000e+002
  1.3170600e+003  7.4400000e+002
  1.3178160e+003  7.5600000e+002
  1.3185440e+003  7.2800000e+002
  1.3193000e+003  7.5600000e+002
  1.3200280e+003  7.2800000e+002
  1.3207800e+003  7.5200000e+002
  1.3215240e+003  7.4400000e+002
  1.3222560e+003  7.3200000e+002
  1.3230120e+003  7.5600000e+002
  1.3237400e+003  7.2800000e+002
  1.3245000e+003  7.6000000e+002
  1.3252320e+003  7.3200000e+002
  1.3259800e+003  7.4800000e+002
  1.3267360e+003  7.5600000e+002
  1.3274600e+003  7.2400000e+002
  1.3281960e+003  7.3600000e+002
  1.3289480e+003  7.5200000e+002
  1.3297080e+003  7.6000000e+002
  1.3304560e+003  7.4800000e+002
  1.3311960e+003  7.4000000e+002
  1.3319560e+003  7.6000000e+002
  1.3326880e+003  7.3200000e+002
  1.3334440e+003  7.5600000e+002
  1.3341760e+003  7.3200000e+002
  1.3349080e+003  7.3200000e+002
  1.3356400e+003  7.3200000e+002
  1.3363400e+003  7.0000000e+002
  1.3371240e+003  7.8400000e+002
  1.3378920e+003  7.6800000e+002
  1.3386680e+003  7.7600000e+002
  1.3394040e+003  7.3600000e+002
  1.3401600e+003  7.5600000e+002
  1.3408760e+003  7.1600000e+002
  1.3416240e+003  7.4800000e+002
  1.3423440e+003  7.2000000e+002
  1.3430960e+003  7.5200000e+002
  1.3438280e+003  7.3200000e+002
  1.3445640e+003  7.3600000e+002
  1.3453200e+003  7.5600000e+002
  1.3460320e+003  7.1200000e+002
  1.3467840e+003  7.5200000e+002
  1.3474960e+003  7.1200000e+002
  1.3482040e+003  7.0800000e+002
  1.3489560e+003  7.5200000e+002
  1.3497120e+003  7.5600000e+002
  1.3504520e+003  7.4000000e+002
  1.3511760e+003  7.2400000e+002
  1.3519200e+003  7.4400000e+002
  1.3526320e+003  7.1200000e+002
  1.3533800e+003  7.4800000e+002
  1.3540960e+003  7.1600000e+002
  1.3548440e+003  7.4800000e+002
  1.3555720e+003  7.2800000e+002
  1.3563080e+003  7.3600000e+002
  1.3570600e+003  7.5200000e+002
  1.3577760e+003  7.1600000e+002
  1.3585240e+003  7.4800000e+002
  1.3592320e+003  7.0800000e+002
  1.3599800e+003  7.4800000e+002
  1.3606960e+003  7.1600000e+002
  1.3614440e+003  7.4800000e+002
  1.3621880e+003  7.4400000e+002
  1.3629040e+003  7.1600000e+002
  1.3636120e+003  7.0800000e+002
  1.3643560e+003  7.4400000e+002
  1.3651040e+003  7.4800000e+002
  1.3658240e+003  7.2000000e+002
  1.3665680e+003  7.4400000e+002
  1.3672960e+003  7.2800000e+002
  1.3680200e+003  7.2400000e+002
  1.3687680e+003  7.4800000e+002
  1.3694800e+003  7.1200000e+002
  1.3702280e+003  7.4800000e+002
  1.3709360e+003  7.0800000e+002
  1.3716840e+003  7.4800000e+002
  1.3724120e+003  7.2800000e+002
  1.3731360e+003  7.2400000e+002
  1.3738840e+003  7.4800000e+002
  1.3745960e+003  7.1200000e+002
  1.3753440e+003  7.4800000e+002
  1.3760560e+003  7.1200000e+002
  1.3767960e+003  7.4000000e+002
  1.3775160e+003  7.2000000e+002
  1.3782520e+003  7.3600000e+002
  1.3789960e+003  7.4400000e+002
  1.3797120e+003  7.1600000e+002
  1.3804600e+003  7.4800000e+002
  1.3811720e+003  7.1200000e+002
  1.3819200e+003  7.4800000e+002
  1.3826480e+003  7.2800000e+002
  1.3833640e+003  7.1600000e+002
  1.3841080e+003  7.4400000e+002
  1.3848200e+003  7.1200000e+002
  1.3855680e+003  7.4800000e+002
  1.3862880e+003  7.2000000e+002
  1.3870320e+003  7.4400000e+002
  1.3877800e+003  7.4800000e+002
  1.3884960e+003  7.1600000e+002
  1.3892480e+003  7.5200000e+002
  1.3899600e+003  7.1200000e+002
  1.3907080e+003  7.4800000e+002
  1.3914360e+003  7.2800000e+002
  1.3921720e+003  7.3600000e+002
  1.3929200e+003  7.4800000e+002
  1.3936360e+003  7.1600000e+002
  1.3943840e+003  7.4800000e+002
  1.3951040e+003  7.2000000e+002
  1.3958200e+003  7.1600000e+002
  1.3965640e+003  7.4400000e+002
  1.3972800e+003  7.1600000e+002
  1.3980320e+003  7.5200000e+002
  1.3987720e+003  7.4000000e+002
  1.3994920e+003  7.2000000e+002
  1.4002400e+003  7.4800000e+002
  1.4009560e+003  7.1600000e+002
  1.4017000e+003  7.4400000e+002
  1.4024240e+003  7.2400000e+002
  1.4031720e+003  7.4800000e+002
  1.4039160e+003  7.4400000e+002
  1.4046400e+003  7.2400000e+002
  1.4053880e+003  7.4800000e+002
  1.4061080e+003  7.2000000e+002
  1.4068560e+003  7.4800000e+002
  1.4075840e+003  7.2800000e+002
  1.4083360e+003  7.5200000e+002
  1.4090760e+003  7.4000000e+002
  1.4097960e+003  7.2000000e+002
  1.4105440e+003  7.4800000e+002
  1.4112600e+003  7.1600000e+002
  1.4120040e+003  7.4400000e+002
  1.4127280e+003  7.2400000e+002
  1.4134800e+003  7.5200000e+002
  1.4142240e+003  7.4400000e+002
  1.4149480e+003  7.2400000e+002
  1.4156760e+003  7.2800000e+002
  1.4164240e+003  7.4800000e+002
  1.4171840e+003  7.6000000e+002
  1.4179240e+003  7.4000000e+002
  1.4186720e+003  7.4800000e+002
  1.4194280e+003  7.5600000e+002
  1.4201560e+003  7.2800000e+002
  1.4209120e+003  7.5600000e+002
  1.4216280e+003  7.1600000e+002
  1.4223800e+003  7.5200000e+002
  1.4231040e+003  7.2400000e+002
  1.4238240e+003  7.2000000e+002
  1.4245360e+003  7.1200000e+002
  1.4252840e+003  7.4800000e+002
  1.4260440e+003  7.6000000e+002
  1.4267680e+003  7.2400000e+002
  1.4275160e+003  7.4800000e+002
  1.4282640e+003  7.4800000e+002
  1.4289840e+003  7.2000000e+002
  1.4297360e+003  7.5200000e+002
  1.4304520e+003  7.1600000e+002
  1.4312040e+003  7.5200000e+002
  1.4319480e+003  7.4400000e+002
  1.4326680e+003  7.2000000e+002
  1.4334200e+003  7.5200000e+002
  1.4341400e+003  7.2000000e+002
  1.4348920e+003  7.5200000e+002
  1.4356280e+003  7.3600000e+002
  1.4363520e+003  7.2400000e+002
  1.4371000e+003  7.4800000e+002
  1.4378240e+003  7.2400000e+002
  1.4385800e+003  7.5600000e+002
  1.4393160e+003  7.3600000e+002
  1.4400640e+003  7.4800000e+002
  1.4408160e+003  7.5200000e+002
  1.4415400e+003  7.2400000e+002
  1.4422600e+003  7.2000000e+002
  1.4430160e+003  7.5600000e+002
  1.4437560e+003  7.4000000e+002
  1.4444720e+003  7.1600000e+002
  1.4452320e+003  7.6000000e+002
  1.4459840e+003  7.5200000e+002
  1.4467040e+003  7.2000000e+002
  1.4474600e+003  7.5600000e+002
  1.4481960e+003  7.3600000e+002
  1.4489360e+003  7.4000000e+002
  1.4496920e+003  7.5600000e+002
  1.4504200e+003  7.2800000e+002
  1.4511760e+003  7.5600000e+002
  1.4519000e+003  7.2400000e+002
  1.4526240e+003  7.2400000e+002
  1.4533800e+003  7.5600000e+002
  1.4541080e+003  7.2800000e+002
  1.4548600e+003  7.5200000e+002
  1.4555960e+003  7.3600000e+002
  1.4563280e+003  7.3200000e+002
  1.4570400e+003  7.1200000e+002
  1.4577920e+003  7.5200000e+002
  1.4585520e+003  7.6000000e+002
  1.4592760e+003  7.2400000e+002
  1.4600240e+003  7.4800000e+002
  1.4607760e+003  7.5200000e+002
  1.4614960e+003  7.2000000e+002
  1.4622480e+003  7.5200000e+002
  1.4629640e+003  7.1600000e+002
  1.4637120e+003  7.4800000e+002
  1.4644360e+003  7.2400000e+002
  1.4651520e+003  7.1600000e+002
  1.4658960e+003  7.4400000e+002
  1.4666080e+003  7.1200000e+002
  1.4673560e+003  7.4800000e+002
  1.4680880e+003  7.3200000e+002
  1.4688000e+003  7.1200000e+002
  1.4695480e+003  7.4800000e+002
  1.4702720e+003  7.2400000e+002
  1.4709840e+003  7.1200000e+002
  1.4717280e+003  7.4400000e+002
  1.4724400e+003  7.1200000e+002
  1.4731640e+003  7.2400000e+002
  1.4739080e+003  7.4400000e+002
  1.4746200e+003  7.1200000e+002
  1.4753560e+003  7.3600000e+002
  1.4760680e+003  7.1200000e+002
  1.4768080e+003  7.4000000e+002
  1.4775360e+003  7.2800000e+002
  1.4782440e+003  7.0800000e+002
  1.4789760e+003  7.3200000e+002
  1.4796800e+003  7.0400000e+002
  1.4804160e+003  7.3600000e+002
  1.4811280e+003  7.1200000e+002
  1.4818600e+003  7.3200000e+002
  1.4826000e+003  7.4000000e+002
  1.4833080e+003  7.0800000e+002
  1.4840520e+003  7.4400000e+002
  1.4847720e+003  7.2000000e+002
  1.4855000e+003  7.2800000e+002
  1.4862400e+003  7.4000000e+002
  1.4869520e+003  7.1200000e+002
  1.4876960e+003  7.4400000e+002
  1.4884200e+003  7.2400000e+002
  1.4891520e+003  7.3200000e+002
  1.4899000e+003  7.4800000e+002
  1.4906120e+003  7.1200000e+002
  1.4913240e+003  7.1200000e+002
  1.4920760e+003  7.5200000e+002
  1.4928280e+003  7.5200000e+002
  1.4935640e+003  7.3600000e+002
  1.4942840e+003  7.2000000e+002
  1.4950280e+003  7.4400000e+002
  1.4957480e+003  7.2000000e+002
  1.4964960e+003  7.4800000e+002
  1.4972160e+003  7.2000000e+002
  1.4979640e+003  7.4800000e+002
  1.4987080e+003  7.4400000e+002
  1.4994360e+003  7.2800000e+002
  1.5001560e+003  7.2000000e+002
  1.5009040e+003  7.4800000e+002
  1.5016600e+003  7.5600000e+002
  1.5023840e+003  7.2400000e+002
  1.5031360e+003  7.5200000e+002
  1.5038720e+003  7.3600000e+002
  1.5045960e+003  7.2400000e+002
  1.5053080e+003  7.1200000e+002
  1.5059760e+003  6.6800000e+002
  1.5066280e+003  6.5200000e+002
  1.5073160e+003  6.8800000e+002
  1.5080000e+003  6.8400000e+002
  1.5086680e+003  6.6800000e+002
  1.5094000e+003  7.3200000e+002
  1.5101160e+003  7.1600000e+002
  1.5108920e+003  7.7600000e+002
  1.5117080e+003  8.1600000e+002
  1.5124840e+003  7.7600000e+002
  1.5132160e+003  7.3200000e+002
  1.5139800e+003  7.6400000e+002
  1.5147000e+003  7.2000000e+002
  1.5154560e+003  7.5600000e+002
  1.5161960e+003  7.4000000e+002
  1.5169200e+003  7.2400000e+002
  1.5176680e+003  7.4800000e+002
  1.5183840e+003  7.1600000e+002
  1.5191320e+003  7.4800000e+002
  1.5198640e+003  7.3200000e+002
  1.5205960e+003  7.3200000e+002
  1.5213480e+003  7.5200000e+002
  1.5220680e+003  7.2000000e+002
  1.5227800e+003  7.1200000e+002
  1.5235360e+003  7.5600000e+002
  1.5242960e+003  7.6000000e+002
  1.5250480e+003  7.5200000e+002
  1.5257680e+003  7.2000000e+002
  1.5265200e+003  7.5200000e+002
  1.5272600e+003  7.4000000e+002
  1.5279760e+003  7.1600000e+002
  1.5287320e+003  7.5600000e+002
  1.5294680e+003  7.3600000e+002
  1.5301960e+003  7.2800000e+002
  1.5309520e+003  7.5600000e+002
  1.5316680e+003  7.1600000e+002
  1.5324200e+003  7.5200000e+002
  1.5331400e+003  7.2000000e+002
  1.5338720e+003  7.3200000e+002
  1.5346200e+003  7.4800000e+002
  1.5353360e+003  7.1600000e+002
  1.5360880e+003  7.5200000e+002
  1.5368160e+003  7.2800000e+002
  1.5375480e+003  7.3200000e+002
  1.5382960e+003  7.4800000e+002
  1.5390120e+003  7.1600000e+002
  1.5397600e+003  7.4800000e+002
  1.5404760e+003  7.1600000e+002
  1.5412200e+003  7.4400000e+002
  1.5419440e+003  7.2400000e+002
  1.5426600e+003  7.1600000e+002
  1.5433680e+003  7.0800000e+002
  1.5441080e+003  7.4000000e+002
  1.5448600e+003  7.5200000e+002
  1.5455760e+003  7.1600000e+002
  1.5463200e+003  7.4400000e+002
  1.5470560e+003  7.3600000e+002
  1.5477640e+003  7.0800000e+002
  1.5485080e+003  7.4400000e+002
  1.5492440e+003  7.3600000e+002
  1.5499600e+003  7.1600000e+002
  1.5507000e+003  7.4000000e+002
  1.5514160e+003  7.1600000e+002
  1.5521560e+003  7.4000000e+002
  1.5528800e+003  7.2400000e+002
  1.5535880e+003  7.0800000e+002
  1.5543320e+003  7.4400000e+002
  1.5550440e+003  7.1200000e+002
  1.5557880e+003  7.4400000e+002
  1.5565160e+003  7.2800000e+002
  1.5572280e+003  7.1200000e+002
  1.5579720e+003  7.4400000e+002
  1.5586840e+003  7.1200000e+002
  1.5594280e+003  7.4400000e+002
  1.5601560e+003  7.2800000e+002
  1.5608720e+003  7.1600000e+002
  1.5616160e+003  7.4400000e+002
  1.5623280e+003  7.1200000e+002
  1.5630720e+003  7.4400000e+002
  1.5637880e+003  7.1600000e+002
  1.5645360e+003  7.4800000e+002
  1.5652760e+003  7.4000000e+002
  1.5659880e+003  7.1200000e+002
  1.5666920e+003  7.0400000e+002
  1.5674400e+003  7.4800000e+002
  1.5681920e+003  7.5200000e+002
  1.5689320e+003  7.4000000e+002
  1.5696480e+003  7.1600000e+002
  1.5703920e+003  7.4400000e+002
  1.5711080e+003  7.1600000e+002
  1.5718520e+003  7.4400000e+002
  1.5725840e+003  7.3200000e+002
  1.5733000e+003  7.1600000e+002
  1.5740080e+003  7.0800000e+002
  1.5747520e+003  7.4400000e+002
  1.5755040e+003  7.5200000e+002
  1.5762440e+003  7.4000000e+002
  1.5769560e+003  7.1200000e+002
  1.5777040e+003  7.4800000e+002
  1.5784120e+003  7.0800000e+002
  1.5791640e+003  7.5200000e+002
  1.5798920e+003  7.2800000e+002
  1.5806160e+003  7.2400000e+002
  1.5813600e+003  7.4400000e+002
  1.5820720e+003  7.1200000e+002
  1.5828160e+003  7.4400000e+002
  1.5835280e+003  7.1200000e+002
  1.5842680e+003  7.4000000e+002
  1.5849880e+003  7.2000000e+002
  1.5857120e+003  7.2400000e+002
  1.5864520e+003  7.4000000e+002
  1.5871680e+003  7.1600000e+002
  1.5879080e+003  7.4000000e+002
  1.5886160e+003  7.0800000e+002
  1.5893600e+003  7.4400000e+002
  1.5900720e+003  7.1200000e+002
  1.5908160e+003  7.4400000e+002
  1.5915560e+003  7.4000000e+002
  1.5922680e+003  7.1200000e+002
  1.5930120e+003  7.4400000e+002
  1.5937240e+003  7.1200000e+002
  1.5944680e+003  7.4400000e+002
  1.5952000e+003  7.3200000e+002
  1.5959280e+003  7.2800000e+002
  1.5966600e+003  7.3200000e+002
  1.5973320e+003  6.7200000e+002
  1.5979800e+003  6.4800000e+002
  1.5986800e+003  7.0000000e+002
  1.5993640e+003  6.8400000e+002
  1.6000360e+003  6.7200000e+002
  1.6007680e+003  7.3200000e+002
  1.6014520e+003  6.8400000e+002
  1.6021360e+003  6.8400000e+002
  1.6028360e+003  7.0000000e+002
  1.6035120e+003  6.7600000e+002
  1.6043600e+003  8.4800000e+002
  1.6051520e+003  7.9200000e+002
  1.6059320e+003  7.8000000e+002
  1.6066920e+003  7.6000000e+002
  1.6074280e+003  7.3600000e+002
  1.6081560e+003  7.2800000e+002
  1.6089000e+003  7.4400000e+002
  1.6096120e+003  7.1200000e+002
  1.6103520e+003  7.4000000e+002
  1.6110640e+003  7.1200000e+002
  1.6118040e+003  7.4000000e+002
  1.6125360e+003  7.3200000e+002
  1.6132440e+003  7.0800000e+002
  1.6139840e+003  7.4000000e+002
  1.6146960e+003  7.1200000e+002
  1.6154360e+003  7.4000000e+002
  1.6161520e+003  7.1600000e+002
  1.6168920e+003  7.4000000e+002
  1.6176280e+003  7.3600000e+002
  1.6183400e+003  7.1200000e+002
  1.6190840e+003  7.4400000e+002
  1.6197920e+003  7.0800000e+002
  1.6205360e+003  7.4400000e+002
  1.6212680e+003  7.3200000e+002
  1.6219840e+003  7.1600000e+002
  1.6227240e+003  7.4000000e+002
  1.6234320e+003  7.0800000e+002
  1.6241720e+003  7.4000000e+002
  1.6248920e+003  7.2000000e+002
  1.6256080e+003  7.1600000e+002
  1.6263480e+003  7.4000000e+002
  1.6270600e+003  7.1200000e+002
  1.6278000e+003  7.4000000e+002
  1.6285120e+003  7.1200000e+002
  1.6292520e+003  7.4000000e+002
  1.6299840e+003  7.3200000e+002
  1.6306960e+003  7.1200000e+002
  1.6314040e+003  7.0800000e+002
  1.6321400e+003  7.3600000e+002
  1.6328840e+003  7.4400000e+002
  1.6336080e+003  7.2400000e+002
  1.6343280e+003  7.2000000e+002
  1.6350680e+003  7.4000000e+002
  1.6357800e+003  7.1200000e+002
  1.6365200e+003  7.4000000e+002
  1.6372400e+003  7.2000000e+002
  1.6379760e+003  7.3600000e+002
  1.6387240e+003  7.4800000e+002
  1.6394360e+003  7.1200000e+002
  1.6401800e+003  7.4400000e+002
  1.6408960e+003  7.1600000e+002
  1.6416320e+003  7.3600000e+002
  1.6423760e+003  7.4400000e+002
  1.6430880e+003  7.1200000e+002
  1.6437880e+003  7.0000000e+002
  1.6445360e+003  7.4800000e+002
  1.6452840e+003  7.4800000e+002
  1.6460080e+003  7.2400000e+002
  1.6467440e+003  7.3600000e+002
  1.6474880e+003  7.4400000e+002
  1.6482000e+003  7.1200000e+002
  1.6489440e+003  7.4400000e+002
  1.6496520e+003  7.0800000e+002
  1.6503920e+003  7.4000000e+002
  1.6511160e+003  7.2400000e+002
  1.6518240e+003  7.0800000e+002
  1.6525640e+003  7.4000000e+002
  1.6532680e+003  7.0400000e+002
  1.6540080e+003  7.4000000e+002
  1.6547280e+003  7.2000000e+002
  1.6554560e+003  7.2800000e+002
  1.6562000e+003  7.4400000e+002
  1.6569080e+003  7.0800000e+002
  1.6576520e+003  7.4400000e+002
  1.6583600e+003  7.0800000e+002
  1.6591000e+003  7.4000000e+002
  1.6598240e+003  7.2400000e+002
  1.6605480e+003  7.2400000e+002
  1.6612880e+003  7.4000000e+002
  1.6619960e+003  7.0800000e+002
  1.6627400e+003  7.4400000e+002
  1.6634520e+003  7.1200000e+002
  1.6641960e+003  7.4400000e+002
  1.6649200e+003  7.2400000e+002
  1.6656280e+003  7.0800000e+002
  1.6663680e+003  7.4000000e+002
  1.6670760e+003  7.0800000e+002
  1.6678160e+003  7.4000000e+002
  1.6685400e+003  7.2400000e+002
  1.6692600e+003  7.2000000e+002
  1.6699880e+003  7.2800000e+002
  1.6707160e+003  7.2800000e+002
  1.6714640e+003  7.4800000e+002
  1.6721720e+003  7.0800000e+002
  1.6729120e+003  7.4000000e+002
  1.6736320e+003  7.2000000e+002
  1.6743480e+003  7.1600000e+002
  1.6750680e+003  7.2000000e+002
  1.6757360e+003  6.6800000e+002
  1.6765160e+003  7.8000000e+002
  1.6772280e+003  7.1200000e+002
  1.6779680e+003  7.4000000e+002
  1.6787040e+003  7.3600000e+002
  1.6794120e+003  7.0800000e+002
  1.6801320e+003  7.2000000e+002
  1.6807280e+003  5.9600000e+002
  1.6815600e+003  8.3200000e+002
  1.6822880e+003  7.2800000e+002
  1.6830320e+003  7.4400000e+002
  1.6837640e+003  7.3200000e+002
  1.6844720e+003  7.0800000e+002
  1.6852120e+003  7.4000000e+002
  1.6859160e+003  7.0400000e+002
  1.6866560e+003  7.4000000e+002
  1.6873760e+003  7.2000000e+002
  1.6881080e+003  7.3200000e+002
  1.6888560e+003  7.4800000e+002
  1.6895640e+003  7.0800000e+002
  1.6903080e+003  7.4400000e+002
  1.6910160e+003  7.0800000e+002
  1.6917600e+003  7.4400000e+002
  1.6924920e+003  7.3200000e+002
  1.6932040e+003  7.1200000e+002
  1.6939280e+003  7.2400000e+002
  1.6945960e+003  6.6800000e+002
  1.6952600e+003  6.6400000e+002
  1.6960680e+003  8.0800000e+002
  1.6968120e+003  7.4400000e+002
  1.6975720e+003  7.6000000e+002
  1.6982840e+003  7.1200000e+002
  1.6990280e+003  7.4400000e+002
  1.6997360e+003  7.0800000e+002
  1.7004760e+003  7.4000000e+002
  1.7011920e+003  7.1600000e+002
  1.7019160e+003  7.2400000e+002
  1.7026560e+003  7.4000000e+002
  1.7033600e+003  7.0400000e+002
  1.7040880e+003  7.2800000e+002
  1.7047600e+003  6.7200000e+002
  1.7055240e+003  7.6400000e+002
  1.7062480e+003  7.2400000e+002
  1.7069640e+003  7.1600000e+002
  1.7077000e+003  7.3600000e+002
  1.7084000e+003  7.0000000e+002
  1.7091360e+003  7.3600000e+002
  1.7098400e+003  7.0400000e+002
  1.7105760e+003  7.3600000e+002
  1.7113080e+003  7.3200000e+002
  1.7120120e+003  7.0400000e+002
  1.7127480e+003  7.3600000e+002
  1.7134840e+003  7.3600000e+002
  1.7141840e+003  7.0000000e+002
  1.7148840e+003  7.0000000e+002
  1.7156200e+003  7.3600000e+002
  1.7163280e+003  7.0800000e+002
  1.7170600e+003  7.3200000e+002
  1.7177840e+003  7.2400000e+002
  1.7184880e+003  7.0400000e+002
  1.7192200e+003  7.3200000e+002
  1.7199240e+003  7.0400000e+002
  1.7206560e+003  7.3200000e+002
  1.7213560e+003  7.0000000e+002
  1.7220880e+003  7.3200000e+002
  1.7227920e+003  7.0400000e+002
  1.7235240e+003  7.3200000e+002
  1.7242400e+003  7.1600000e+002
  1.7249600e+003  7.2000000e+002
  1.7256760e+003  7.1600000e+002
  1.7263320e+003  6.5600000e+002
  1.7270560e+003  7.2400000e+002
  1.7278080e+003  7.5200000e+002
  1.7285440e+003  7.3600000e+002
  1.7292440e+003  7.0000000e+002
  1.7299760e+003  7.3200000e+002
  1.7306840e+003  7.0800000e+002
  1.7314120e+003  7.2800000e+002
  1.7321280e+003  7.1600000e+002
  1.7328480e+003  7.2000000e+002
  1.7335800e+003  7.3200000e+002
  1.7342880e+003  7.0800000e+002
  1.7350120e+003  7.2400000e+002
  1.7357120e+003  7.0000000e+002
  1.7364360e+003  7.2400000e+002
  1.7371280e+003  6.9200000e+002
  1.7378480e+003  7.2000000e+002
  1.7385440e+003  6.9600000e+002
  1.7392600e+003  7.1600000e+002
  1.7399640e+003  7.0400000e+002
  1.7406760e+003  7.1200000e+002
  1.7413920e+003  7.1600000e+002
  1.7420880e+003  6.9600000e+002
  1.7428040e+003  7.1600000e+002
  1.7434920e+003  6.8800000e+002
  1.7441880e+003  6.9600000e+002
  1.7448600e+003  6.7200000e+002
  1.7455120e+003  6.5200000e+002
  1.7461880e+003  6.7600000e+002
  1.7468640e+003  6.7600000e+002
  1.7475240e+003  6.6000000e+002
  1.7482240e+003  7.0000000e+002
  1.7488880e+003  6.6400000e+002
  1.7495560e+003  6.6800000e+002
  1.7502560e+003  7.0000000e+002
  1.7509280e+003  6.7200000e+002
  1.7516720e+003  7.4400000e+002
  1.7523600e+003  6.8800000e+002
  1.7530520e+003  6.9200000e+002
  1.7537240e+003  6.7200000e+002
  1.7543920e+003  6.6800000e+002
  1.7551120e+003  7.2000000e+002
  1.7557920e+003  6.8000000e+002
  1.7566200e+003  8.2800000e+002
  1.7574040e+003  7.8400000e+002
  1.7581280e+003  7.2400000e+002
  1.7588640e+003  7.3600000e+002
  1.7595800e+003  7.1600000e+002
  1.7603000e+003  7.2000000e+002
  1.7610320e+003  7.3200000e+002
  1.7617280e+003  6.9600000e+002
  1.7624560e+003  7.2800000e+002
  1.7631520e+003  6.9600000e+002
  1.7638800e+003  7.2800000e+002
  1.7646000e+003  7.2000000e+002
  1.7653040e+003  7.0400000e+002
  1.7660280e+003  7.2400000e+002
  1.7667200e+003  6.9200000e+002
  1.7674520e+003  7.3200000e+002
  1.7681520e+003  7.0000000e+002
  1.7688800e+003  7.2800000e+002
  1.7695960e+003  7.1600000e+002
  1.7703000e+003  7.0400000e+002
  1.7710240e+003  7.2400000e+002
  1.7717120e+003  6.8800000e+002
  1.7724320e+003  7.2000000e+002
  1.7731200e+003  6.8800000e+002
  1.7738360e+003  7.1600000e+002
  1.7745320e+003  6.9600000e+002
  1.7752520e+003  7.2000000e+002
  1.7759760e+003  7.2400000e+002
  1.7766680e+003  6.9200000e+002
  1.7773840e+003  7.1600000e+002
  1.7780800e+003  6.9600000e+002
  1.7788080e+003  7.2800000e+002
  1.7794960e+003  6.8800000e+002
  1.7802160e+003  7.2000000e+002
  1.7809160e+003  7.0000000e+002
  1.7816280e+003  7.1200000e+002
  1.7823480e+003  7.2000000e+002
  1.7830400e+003  6.9200000e+002
  1.7837600e+003  7.2000000e+002
  1.7844440e+003  6.8400000e+002
  1.7851720e+003  7.2800000e+002
  1.7858560e+003  6.8400000e+002
  1.7865760e+003  7.2000000e+002
  1.7872760e+003  7.0000000e+002
  1.7879960e+003  7.2000000e+002
  1.7887160e+003  7.2000000e+002
  1.7894080e+003  6.9200000e+002
  1.7901000e+003  6.9200000e+002
  1.7908160e+003  7.1600000e+002
  1.7915440e+003  7.2800000e+002
  1.7922520e+003  7.0800000e+002
  1.7929560e+003  7.0400000e+002
  1.7936760e+003  7.2000000e+002
  1.7943680e+003  6.9200000e+002
  1.7950920e+003  7.2400000e+002
  1.7957800e+003  6.8800000e+002
  1.7965000e+003  7.2000000e+002
  1.7972240e+003  7.2400000e+002
  1.7979160e+003  6.9200000e+002
