0.968	528.00
1.496	528.00
2.020	524.00
2.548	528.00
3.072	524.00
3.600	528.00
4.124	524.00
4.652	528.00
5.176	524.00
5.704	528.00
6.228	524.00
6.752	524.00
7.276	524.00
7.804	528.00
8.332	528.00
8.856	524.00
9.384	528.00
9.908	524.00
10.436	528.00
10.964	528.00
11.492	528.00
12.020	528.00
12.548	528.00
13.080	532.00
13.604	524.00
14.136	532.00
14.664	528.00
15.196	532.00
15.724	528.00
16.256	532.00
16.780	524.00
17.312	532.00
17.840	528.00
18.368	528.00
18.896	528.00
19.428	532.00
19.956	528.00
20.484	528.00
21.012	528.00
21.540	528.00
22.068	528.00
22.596	528.00
23.124	528.00
23.652	528.00
24.180	528.00
24.708	528.00
25.236	528.00
25.760	524.00
26.284	524.00
26.812	528.00
27.336	524.00
27.856	520.00
28.384	528.00
28.908	524.00
29.432	524.00
29.956	524.00
30.480	524.00
31.008	528.00
31.528	520.00
32.052	524.00
32.576	524.00
33.100	524.00
33.620	520.00
34.148	528.00
34.672	524.00
35.200	528.00
35.724	524.00
36.252	528.00
36.780	528.00
37.308	528.00
37.832	524.00
38.360	528.00
38.888	528.00
39.416	528.00
39.944	528.00
40.472	528.00
41.004	532.00
41.532	528.00
42.056	524.00
42.588	532.00
43.116	528.00
43.644	528.00
44.168	524.00
44.696	528.00
45.224	528.00
45.752	528.00
46.280	528.00
46.808	528.00
47.336	528.00
47.860	524.00
48.388	528.00
48.912	524.00
49.436	524.00
49.964	528.00
50.488	524.00
50.896	408.00
51.496	600.00
52.032	536.00
52.560	528.00
53.092	532.00
53.620	528.00
54.152	532.00
54.684	532.00
55.212	528.00
55.744	532.00
56.276	532.00
56.804	528.00
57.336	532.00
57.868	532.00
58.400	532.00
58.928	528.00
59.460	532.00
59.988	528.00
60.516	528.00
61.044	528.00
61.572	528.00
62.100	528.00
62.624	524.00
63.152	528.00
63.680	528.00
64.204	524.00
64.728	524.00
65.256	528.00
65.776	520.00
66.300	524.00
66.824	524.00
67.348	524.00
67.868	520.00
68.392	524.00
68.912	520.00
69.436	524.00
69.960	524.00
70.480	520.00
71.004	524.00
71.528	524.00
72.048	520.00
72.572	524.00
73.096	524.00
73.620	524.00
74.144	524.00
74.668	524.00
75.192	524.00
75.716	524.00
76.240	524.00
76.764	524.00
77.288	524.00
77.812	524.00
78.336	524.00
78.860	524.00
79.384	524.00
79.908	524.00
80.432	524.00
80.960	528.00
81.484	524.00
82.008	524.00
82.532	524.00
83.056	524.00
83.580	524.00
84.104	524.00
84.628	524.00
85.152	524.00
85.676	524.00
86.200	524.00
86.724	524.00
87.248	524.00
87.776	528.00
88.300	524.00
88.820	520.00
89.344	524.00
89.872	528.00
90.396	524.00
90.920	524.00
91.448	528.00
91.976	528.00
92.500	524.00
93.028	528.00
93.556	528.00
94.080	524.00
94.608	528.00
95.136	528.00
95.660	524.00
96.184	524.00
96.712	528.00
97.240	528.00
97.768	528.00
98.292	524.00
98.820	528.00
99.348	528.00
99.872	524.00
100.396	524.00
100.928	532.00
101.456	528.00
101.980	524.00
102.508	528.00
103.032	524.00
103.556	524.00
104.080	524.00
104.608	528.00
105.132	524.00
105.656	524.00
106.180	524.00
106.708	528.00
107.232	524.00
107.756	524.00
108.280	524.00
108.808	528.00
109.332	524.00
109.852	520.00
110.380	528.00
110.908	528.00
111.428	520.00
111.956	528.00
112.484	528.00
113.012	528.00
113.536	524.00
114.068	532.00
114.596	528.00
115.124	528.00
115.648	524.00
116.180	532.00
116.708	528.00
117.236	528.00
117.764	528.00
118.296	532.00
118.824	528.00
119.352	528.00
119.880	528.00
120.408	528.00
120.936	528.00
121.464	528.00
121.988	524.00
122.520	532.00
123.044	524.00
123.572	528.00
124.100	528.00
124.628	528.00
125.152	524.00
125.680	528.00
126.212	532.00
126.740	528.00
127.268	528.00
127.796	528.00
128.328	532.00
128.856	528.00
129.380	524.00
129.912	532.00
130.440	528.00
130.968	528.00
131.496	528.00
132.028	532.00
132.556	528.00
133.084	528.00
133.612	528.00
134.140	528.00
134.668	528.00
135.196	528.00
135.720	524.00
136.252	532.00
136.776	524.00
137.304	528.00
137.832	528.00
138.360	528.00
138.888	528.00
139.416	528.00
139.944	528.00
140.472	528.00
140.996	524.00
141.520	524.00
142.048	528.00
142.576	528.00
143.100	524.00
143.628	528.00
144.156	528.00
144.680	524.00
145.208	528.00
145.736	528.00
146.260	524.00
146.788	528.00
147.316	528.00
147.840	524.00
148.368	528.00
148.892	524.00
149.420	528.00
149.948	528.00
150.476	528.00
151.004	528.00
151.532	528.00
152.056	524.00
152.580	524.00
153.104	524.00
153.628	524.00
154.156	528.00
154.676	520.00
155.204	528.00
155.732	528.00
156.256	524.00
156.780	524.00
157.308	528.00
157.832	524.00
158.356	524.00
158.880	524.00
159.408	528.00
159.932	524.00
160.456	524.00
160.984	528.00
161.508	524.00
162.036	528.00
162.560	524.00
163.084	524.00
163.612	528.00
164.132	520.00
164.660	528.00
165.184	524.00
165.712	528.00
166.232	520.00
166.760	528.00
167.284	524.00
167.808	524.00
168.332	524.00
168.860	528.00
169.384	524.00
169.908	524.00
170.432	524.00
170.960	528.00
171.488	528.00
172.012	524.00
177.112	5100.00
177.808	696.00
178.336	528.00
178.868	532.00
179.400	532.00
179.928	528.00
180.456	528.00
180.992	536.00
181.524	532.00
182.056	532.00
182.588	532.00
183.124	536.00
183.656	532.00
184.184	528.00
184.716	532.00
185.252	536.00
185.784	532.00
186.316	532.00
186.848	532.00
187.384	536.00
187.916	532.00
188.448	532.00
188.980	532.00
189.520	540.00
190.052	532.00
190.580	528.00
191.116	536.00
191.652	536.00
192.184	532.00
192.716	532.00
193.252	536.00
193.788	536.00
194.316	528.00
194.852	536.00
195.388	536.00
195.920	532.00
196.452	532.00
196.984	532.00
197.516	532.00
198.044	528.00
198.576	532.00
199.104	528.00
199.636	532.00
200.160	524.00
200.688	528.00
201.216	528.00
201.744	528.00
202.276	532.00
202.804	528.00
203.328	524.00
203.856	528.00
204.384	528.00
204.908	524.00
205.432	524.00
205.956	524.00
206.480	524.00
207.004	524.00
207.524	520.00
208.048	524.00
208.572	524.00
209.092	520.00
209.612	520.00
210.132	520.00
210.652	520.00
211.168	516.00
211.688	520.00
212.208	520.00
212.728	520.00
213.244	516.00
213.764	520.00
214.284	520.00
214.800	516.00
215.320	520.00
215.840	520.00
216.356	516.00
216.876	520.00
217.396	520.00
217.920	524.00
218.440	520.00
218.956	516.00
219.480	524.00
220.000	520.00
220.520	520.00
221.040	520.00
221.560	520.00
222.080	520.00
222.600	520.00
223.124	524.00
223.644	520.00
224.168	524.00
224.688	520.00
225.208	520.00
225.732	524.00
226.252	520.00
226.776	524.00
227.300	524.00
227.824	524.00
228.348	524.00
228.868	520.00
229.392	524.00
229.916	524.00
230.436	520.00
230.960	524.00
231.484	524.00
232.012	528.00
232.532	520.00
233.056	524.00
233.580	524.00
234.100	520.00
234.620	520.00
235.148	528.00
235.672	524.00
236.192	520.00
236.720	528.00
237.240	520.00
237.764	524.00
238.284	520.00
238.812	528.00
239.336	524.00
239.856	520.00
240.380	524.00
240.904	524.00
241.428	524.00
241.952	524.00
242.480	528.00
243.004	524.00
243.528	524.00
244.048	520.00
244.576	528.00
245.100	524.00
245.624	524.00
246.144	520.00
246.672	528.00
247.196	524.00
247.716	520.00
248.240	524.00
248.772	532.00
249.296	524.00
249.824	528.00
250.348	524.00
250.880	532.00
251.408	528.00
251.936	528.00
252.464	528.00
252.992	528.00
253.520	528.00
254.048	528.00
254.576	528.00
255.108	532.00
255.636	528.00
256.164	528.00
256.696	532.00
257.224	528.00
257.752	528.00
258.280	528.00
258.816	536.00
259.344	528.00
259.872	528.00
260.400	528.00
260.932	532.00
261.460	528.00
261.988	528.00
262.520	532.00
263.048	528.00
263.580	532.00
264.108	528.00
264.636	528.00
265.164	528.00
265.692	528.00
266.220	528.00
266.740	520.00
267.272	532.00
267.800	528.00
268.328	528.00
268.856	528.00
269.392	536.00
269.920	528.00
270.452	532.00
270.980	528.00
271.512	532.00
272.040	528.00
272.564	524.00
273.096	532.00
273.628	532.00
274.152	524.00
274.680	528.00
275.212	532.00
275.744	532.00
276.268	524.00
276.800	532.00
277.328	528.00
277.856	528.00
278.380	524.00
278.912	532.00
279.440	528.00
279.968	528.00
280.492	524.00
281.024	532.00
281.552	528.00
282.080	528.00
282.608	528.00
283.140	532.00
283.668	528.00
284.200	532.00
284.724	524.00
285.256	532.00
285.788	532.00
286.316	528.00
286.840	524.00
287.376	536.00
287.904	528.00
288.432	528.00
288.960	528.00
289.492	532.00
290.024	532.00
290.556	532.00
291.084	528.00
291.616	532.00
292.148	532.00
292.676	528.00
293.204	528.00
293.736	532.00
294.264	528.00
294.792	528.00
295.320	528.00
295.852	532.00
296.384	532.00
296.912	528.00
297.440	528.00
297.968	528.00
298.496	528.00
299.020	524.00
299.548	528.00
300.076	528.00
300.604	528.00
301.128	524.00
301.656	528.00
302.188	532.00
302.716	528.00
303.240	524.00
303.768	528.00
304.300	532.00
304.828	528.00
305.352	524.00
305.884	532.00
306.408	524.00
306.936	528.00
307.460	524.00
307.988	528.00
308.516	528.00
309.040	524.00
309.568	528.00
310.096	528.00
310.620	524.00
311.148	528.00
311.676	528.00
312.204	528.00
312.728	524.00
313.256	528.00
313.784	528.00
314.312	528.00
314.836	524.00
315.364	528.00
315.892	528.00
316.420	528.00
316.940	520.00
317.468	528.00
317.996	528.00
318.524	528.00
319.048	524.00
319.576	528.00
320.104	528.00
320.628	524.00
321.152	524.00
321.684	532.00
322.212	528.00
322.736	524.00
323.264	528.00
323.792	528.00
324.320	528.00
324.844	524.00
325.372	528.00
325.900	528.00
326.428	528.00
326.956	528.00
327.484	528.00
328.016	532.00
328.544	528.00
329.068	524.00
329.596	528.00
330.124	528.00
330.656	532.00
331.188	532.00
331.716	528.00
332.240	524.00
332.772	532.00
333.300	528.00
333.832	532.00
334.360	528.00
334.892	532.00
335.424	532.00
335.952	528.00
336.480	528.00
337.012	532.00
337.544	532.00
338.072	528.00
338.600	528.00
339.132	532.00
339.660	528.00
340.188	528.00
340.712	524.00
341.244	532.00
341.772	528.00
342.292	520.00
342.824	532.00
343.348	524.00
343.872	524.00
344.396	524.00
344.928	532.00
345.452	524.00
345.976	524.00
346.504	528.00
347.032	528.00
347.560	528.00
348.084	524.00
348.612	528.00
349.140	528.00
349.668	528.00
350.196	528.00
350.724	528.00
351.252	528.00
351.780	528.00
352.308	528.00
352.840	532.00
353.368	528.00
353.892	524.00
354.420	528.00
354.952	532.00
355.480	528.00
356.004	524.00
356.536	532.00
357.064	528.00
357.588	524.00
358.116	528.00
358.636	520.00
359.168	532.00
359.696	528.00
360.216	520.00
360.748	532.00
361.284	536.00
361.812	528.00
362.340	528.00
362.872	532.00
363.404	532.00
363.936	532.00
364.468	532.00
365.000	532.00
365.532	532.00
366.060	528.00
366.592	532.00
367.120	528.00
367.648	528.00
368.176	528.00
368.704	528.00
369.228	524.00
369.752	524.00
370.280	528.00
370.804	524.00
371.328	524.00
371.852	524.00
372.376	524.00
372.900	524.00
373.420	520.00
373.944	524.00
374.468	524.00
374.992	524.00
375.512	520.00
376.036	524.00
376.560	524.00
377.080	520.00
377.604	524.00
378.128	524.00
378.648	520.00
379.168	520.00
379.688	520.00
380.212	524.00
380.732	520.00
381.252	520.00
381.776	524.00
382.296	520.00
382.816	520.00
383.336	520.00
383.856	520.00
384.376	520.00
384.892	516.00
385.412	520.00
385.932	520.00
386.448	516.00
386.964	516.00
387.484	520.00
388.004	520.00
388.520	516.00
389.040	520.00
389.556	516.00
390.076	520.00
390.592	516.00
391.112	520.00
391.628	516.00
392.144	516.00
392.664	520.00
393.180	516.00
393.700	520.00
394.216	516.00
394.736	520.00
395.256	520.00
395.772	516.00
396.292	520.00
396.808	516.00
397.328	520.00
397.844	516.00
398.364	520.00
398.884	520.00
399.400	516.00
399.920	520.00
400.440	520.00
400.956	516.00
401.476	520.00
401.996	520.00
402.516	520.00
403.036	520.00
403.556	520.00
404.076	520.00
404.596	520.00
405.120	524.00
405.640	520.00
406.160	520.00
406.684	524.00
407.204	520.00
407.728	524.00
408.252	524.00
408.772	520.00
409.292	520.00
409.816	524.00
410.340	524.00
410.864	524.00
411.384	520.00
411.908	524.00
412.432	524.00
412.956	524.00
413.476	520.00
414.004	528.00
414.528	524.00
415.048	520.00
415.572	524.00
416.096	524.00
416.620	524.00
417.140	520.00
417.664	524.00
418.188	524.00
418.712	524.00
419.232	520.00
419.760	528.00
420.280	520.00
420.800	520.00
421.324	524.00
421.848	524.00
422.372	524.00
422.892	520.00
423.416	524.00
423.940	524.00
424.460	520.00
424.980	520.00
425.508	528.00
426.032	524.00
426.552	520.00
427.080	528.00
427.604	524.00
428.128	524.00
428.652	524.00
429.176	524.00
429.704	528.00
430.228	524.00
430.752	524.00
431.280	528.00
431.804	524.00
432.328	524.00
432.856	528.00
433.384	528.00
433.908	524.00
434.436	528.00
434.960	524.00
435.488	528.00
436.016	528.00
436.544	528.00
437.068	524.00
437.596	528.00
438.124	528.00
438.652	528.00
439.180	528.00
439.708	528.00
440.236	528.00
440.760	524.00
441.284	524.00
441.812	528.00
442.336	524.00
442.856	520.00
443.384	528.00
443.908	524.00
444.432	524.00
444.952	520.00
445.480	528.00
446.000	520.00
446.524	524.00
447.048	524.00
447.572	524.00
448.096	524.00
448.616	520.00
449.140	524.00
449.668	528.00
450.192	524.00
450.712	520.00
451.236	524.00
451.760	524.00
452.280	520.00
452.800	520.00
453.324	524.00
453.844	520.00
454.364	520.00
454.884	520.00
455.408	524.00
455.928	520.00
456.452	524.00
456.972	520.00
457.500	528.00
458.024	524.00
458.544	520.00
459.068	524.00
459.596	528.00
460.120	524.00
460.644	524.00
461.168	524.00
461.692	524.00
462.216	524.00
462.736	520.00
463.260	524.00
463.784	524.00
464.304	520.00
464.828	524.00
465.352	524.00
465.876	524.00
466.396	520.00
466.920	524.00
467.444	524.00
467.968	524.00
468.488	520.00
469.012	524.00
469.536	524.00
470.060	524.00
470.584	524.00
471.104	520.00
471.628	524.00
472.156	528.00
472.676	520.00
473.200	524.00
473.716	516.00
474.244	528.00
474.768	524.00
475.296	528.00
475.820	524.00
476.344	524.00
476.872	528.00
477.396	524.00
477.920	524.00
478.444	524.00
478.968	524.00
479.496	528.00
480.020	524.00
480.548	528.00
481.072	524.00
481.596	524.00
482.124	528.00
482.648	524.00
483.168	520.00
483.692	524.00
484.216	524.00
484.736	520.00
485.260	524.00
485.780	520.00
486.304	524.00
486.828	524.00
487.348	520.00
487.872	524.00
488.396	524.00
488.924	528.00
489.444	520.00
489.968	524.00
490.492	524.00
491.020	528.00
491.540	520.00
492.072	532.00
492.600	528.00
493.124	524.00
493.652	528.00
494.188	536.00
494.724	536.00
495.256	532.00
495.792	536.00
496.328	536.00
496.860	532.00
497.392	532.00
497.924	532.00
498.456	532.00
498.984	528.00
499.512	528.00
500.040	528.00
500.568	528.00
501.096	528.00
501.624	528.00
502.152	528.00
502.680	528.00
503.208	528.00
503.736	528.00
504.268	532.00
504.792	524.00
505.320	528.00
505.848	528.00
506.376	528.00
506.900	524.00
507.428	528.00
507.952	524.00
508.480	528.00
509.004	524.00
509.532	528.00
510.056	524.00
510.584	528.00
511.108	524.00
511.636	528.00
512.164	528.00
512.688	524.00
513.212	524.00
513.744	532.00
514.272	528.00
514.796	524.00
515.328	532.00
515.860	532.00
516.388	528.00
516.920	532.00
517.452	532.00
517.980	528.00
518.508	528.00
519.040	532.00
519.572	532.00
520.104	532.00
520.632	528.00
521.164	532.00
521.696	532.00
522.228	532.00
522.756	528.00
523.288	532.00
523.816	528.00
524.344	528.00
524.872	528.00
525.404	532.00
525.932	528.00
526.460	528.00
526.988	528.00
527.520	532.00
528.048	528.00
528.576	528.00
529.104	528.00
529.636	532.00
530.164	528.00
530.692	528.00
531.220	528.00
531.748	528.00
532.280	532.00
532.804	524.00
533.336	532.00
533.868	532.00
534.392	524.00
534.920	528.00
535.448	528.00
535.976	528.00
536.504	528.00
537.032	528.00
537.560	528.00
538.088	528.00
538.612	524.00
539.144	532.00
539.672	528.00
540.196	524.00
540.720	524.00
541.252	532.00
541.780	528.00
542.304	524.00
542.828	524.00
543.356	528.00
543.884	528.00
544.412	528.00
544.940	528.00
545.468	528.00
545.996	528.00
546.524	528.00
547.052	528.00
547.580	528.00
548.108	528.00
548.632	524.00
549.160	528.00
549.692	532.00
550.220	528.00
550.744	524.00
551.276	532.00
551.804	528.00
552.332	528.00
552.856	524.00
553.388	532.00
553.920	532.00
554.448	528.00
554.976	528.00
555.508	532.00
556.036	528.00
556.564	528.00
557.092	528.00
557.624	532.00
558.152	528.00
558.680	528.00
559.204	524.00
559.736	532.00
560.264	528.00
560.792	528.00
561.320	528.00
561.848	528.00
562.376	528.00
562.904	528.00
563.432	528.00
563.960	528.00
564.488	528.00
565.016	528.00
565.544	528.00
566.076	532.00
566.604	528.00
567.128	524.00
567.656	528.00
568.180	524.00
568.704	524.00
569.228	524.00
569.756	528.00
570.280	524.00
570.800	520.00
571.324	524.00
571.852	528.00
572.376	524.00
572.896	520.00
573.424	528.00
573.948	524.00
574.472	524.00
574.992	520.00
575.520	528.00
576.040	520.00
576.560	520.00
577.084	524.00
577.612	528.00
578.132	520.00
578.656	524.00
579.180	524.00
579.700	520.00
580.224	524.00
580.744	520.00
581.272	528.00
581.792	520.00
582.312	520.00
582.840	528.00
583.364	524.00
583.888	524.00
584.412	524.00
584.936	524.00
585.460	524.00
585.984	524.00
586.504	520.00
587.032	528.00
587.556	524.00
588.076	520.00
588.600	524.00
589.128	528.00
589.652	524.00
590.176	524.00
590.700	524.00
591.228	528.00
591.752	524.00
592.272	520.00
592.800	528.00
593.324	524.00
593.852	528.00
594.376	524.00
594.904	528.00
595.432	528.00
595.956	524.00
596.480	524.00
597.008	528.00
597.536	528.00
598.064	528.00
598.592	528.00
599.120	528.00
599.648	528.00
600.176	528.00
600.700	524.00
601.228	528.00
601.756	528.00
602.284	528.00
602.808	524.00
603.336	528.00
603.864	528.00
604.388	524.00
604.916	528.00
605.444	528.00
605.972	528.00
606.496	524.00
607.020	524.00
607.548	528.00
608.076	528.00
608.604	528.00
609.132	528.00
609.656	524.00
610.184	528.00
610.716	532.00
611.244	528.00
611.772	528.00
612.304	532.00
612.836	532.00
613.368	532.00
613.896	528.00
614.428	532.00
614.964	536.00
615.496	532.00
616.024	528.00
616.560	536.00
617.092	532.00
617.620	528.00
618.152	532.00
618.684	532.00
619.216	532.00
619.748	532.00
620.276	528.00
620.808	532.00
621.336	528.00
621.864	528.00
622.396	532.00
622.924	528.00
623.456	532.00
623.980	524.00
624.512	532.00
625.040	528.00
625.568	528.00
626.092	524.00
626.624	532.00
627.152	528.00
627.680	528.00
628.208	528.00
628.740	532.00
629.272	532.00
629.800	528.00
630.328	528.00
630.860	532.00
631.392	532.00
631.916	524.00
632.448	532.00
632.976	528.00
633.508	532.00
634.036	528.00
634.568	532.00
635.100	532.00
635.628	528.00
636.160	532.00
636.692	532.00
637.224	532.00
637.752	528.00
638.280	528.00
638.812	532.00
639.340	528.00
639.868	528.00
640.396	528.00
640.928	532.00
641.456	528.00
641.984	528.00
642.516	532.00
643.048	532.00
643.576	528.00
644.108	532.00
644.640	532.00
645.172	532.00
645.704	532.00
646.232	528.00
646.764	532.00
647.296	532.00
647.824	528.00
648.352	528.00
648.884	532.00
649.412	528.00
649.940	528.00
650.468	528.00
651.000	532.00
651.528	528.00
652.056	528.00
652.584	528.00
653.116	532.00
653.644	528.00
654.172	528.00
654.700	528.00
655.232	532.00
655.760	528.00
656.284	524.00
656.816	532.00
657.348	532.00
657.876	528.00
658.404	528.00
658.936	532.00
659.464	528.00
659.992	528.00
660.520	528.00
661.052	532.00
661.580	528.00
662.108	528.00
662.636	528.00
663.164	528.00
663.696	532.00
664.224	528.00
664.752	528.00
665.280	528.00
665.812	532.00
666.340	528.00
666.868	528.00
667.396	528.00
667.924	528.00
668.452	528.00
668.980	528.00
669.508	528.00
670.036	528.00
670.560	524.00
671.088	528.00
671.616	528.00
672.144	528.00
672.668	524.00
673.196	528.00
673.720	524.00
674.248	528.00
674.772	524.00
675.300	528.00
675.824	524.00
676.348	524.00
676.876	528.00
677.408	532.00
677.932	524.00
678.460	528.00
678.988	528.00
679.516	528.00
680.044	528.00
680.568	524.00
681.100	532.00
681.628	528.00
682.156	528.00
682.684	528.00
683.212	528.00
683.740	528.00
684.268	528.00
684.792	524.00
685.324	532.00
685.852	528.00
686.376	524.00
686.904	528.00
687.436	532.00
687.964	528.00
688.488	524.00
689.020	532.00
689.548	528.00
690.076	528.00
690.600	524.00
691.132	532.00
691.660	528.00
692.188	528.00
692.712	524.00
693.240	528.00
693.768	528.00
694.296	528.00
694.824	528.00
695.352	528.00
695.884	532.00
696.412	528.00
696.940	528.00
697.468	528.00
698.000	532.00
698.528	528.00
699.056	528.00
699.588	532.00
700.116	528.00
700.648	532.00
701.172	524.00
701.704	532.00
702.236	532.00
702.764	528.00
703.292	528.00
703.824	532.00
704.352	528.00
704.884	532.00
705.412	528.00
705.944	532.00
706.476	532.00
707.004	528.00
707.532	528.00
708.060	528.00
708.592	532.00
709.120	528.00
709.644	524.00
710.176	532.00
710.704	528.00
711.232	528.00
711.760	528.00
712.292	532.00
712.824	532.00
713.352	528.00
713.880	528.00
714.412	532.00
714.944	532.00
715.472	528.00
716.000	528.00
716.532	532.00
717.064	532.00
717.592	528.00
718.124	532.00
718.656	532.00
719.188	532.00
719.716	528.00
720.248	532.00
720.780	532.00
721.308	528.00
721.836	528.00
722.368	532.00
722.900	532.00
723.428	528.00
723.956	528.00
724.484	528.00
725.012	528.00
725.540	528.00
726.068	528.00
726.600	532.00
727.128	528.00
727.656	528.00
728.180	524.00
728.712	532.00
729.236	524.00
729.764	528.00
730.296	532.00
730.824	528.00
731.352	528.00
731.880	528.00
732.408	528.00
732.936	528.00
733.460	524.00
733.996	536.00
734.524	528.00
735.048	524.00
735.580	532.00
736.112	532.00
736.640	528.00
737.172	532.00
737.700	528.00
738.228	528.00
738.760	532.00
739.288	528.00
739.816	528.00
740.344	528.00
740.876	532.00
741.404	528.00
741.932	528.00
742.460	528.00
742.992	532.00
743.520	528.00
744.048	528.00
744.580	532.00
745.108	528.00
745.636	528.00
746.164	528.00
746.692	528.00
747.220	528.00
747.748	528.00
748.276	528.00
748.804	528.00
749.328	524.00
749.852	524.00
750.384	532.00
750.908	524.00
751.432	524.00
751.960	528.00
752.488	528.00
753.012	524.00
753.540	528.00
754.064	524.00
754.592	528.00
755.116	524.00
755.640	524.00
756.168	528.00
756.692	524.00
757.212	520.00
757.740	528.00
758.264	524.00
758.784	520.00
759.308	524.00
759.832	524.00
760.356	524.00
760.876	520.00
761.396	520.00
761.920	524.00
762.444	524.00
762.964	520.00
763.488	524.00
764.012	524.00
764.532	520.00
765.056	524.00
765.584	528.00
766.108	524.00
766.628	520.00
767.156	528.00
767.680	524.00
768.208	528.00
768.732	524.00
769.260	528.00
769.784	524.00
770.312	528.00
770.840	528.00
771.368	528.00
771.892	524.00
772.416	524.00
772.944	528.00
773.476	532.00
774.000	524.00
774.528	528.00
775.060	532.00
775.588	528.00
776.116	528.00
776.640	524.00
777.168	528.00
777.696	528.00
778.224	528.00
778.748	524.00
779.280	532.00
779.808	528.00
780.332	524.00
780.860	528.00
781.388	528.00
781.912	524.00
782.436	524.00
782.960	524.00
783.488	528.00
784.016	528.00
784.540	524.00
785.064	524.00
785.592	528.00
786.120	528.00
786.648	528.00
787.176	528.00
787.708	532.00
788.236	528.00
788.764	528.00
789.296	532.00
789.824	528.00
790.356	532.00
790.884	528.00
791.416	532.00
791.948	532.00
792.476	528.00
793.008	532.00
793.540	532.00
794.072	532.00
794.600	528.00
795.132	532.00
795.660	528.00
796.188	528.00
796.720	532.00
797.248	528.00
797.776	528.00
798.304	528.00
798.836	532.00
799.360	524.00
799.892	532.00
800.420	528.00
800.952	532.00
801.484	532.00
802.012	528.00
802.536	524.00
803.068	532.00
803.596	528.00
804.124	528.00
804.648	524.00
805.176	528.00
805.704	528.00
806.228	524.00
806.752	524.00
807.276	524.00
807.796	520.00
808.320	524.00
808.844	524.00
809.360	516.00
809.884	524.00
810.408	524.00
810.932	524.00
811.452	520.00
811.976	524.00
812.500	524.00
813.020	520.00
813.540	520.00
814.064	524.00
814.584	520.00
815.108	524.00
815.628	520.00
816.148	520.00
816.668	520.00
817.188	520.00
817.712	524.00
818.228	516.00
818.752	524.00
819.276	524.00
819.796	520.00
820.312	516.00
820.836	524.00
821.356	520.00
821.876	520.00
822.396	520.00
822.916	520.00
823.436	520.00
823.960	524.00
824.476	516.00
825.000	524.00
825.520	520.00
826.044	524.00
826.560	516.00
827.084	524.00
827.608	524.00
828.128	520.00
828.648	520.00
829.168	520.00
829.692	524.00
830.212	520.00
830.732	520.00
831.256	524.00
831.776	520.00
832.300	524.00
832.820	520.00
833.344	524.00
833.868	524.00
834.388	520.00
834.912	524.00
835.436	524.00
835.956	520.00
836.476	520.00
837.000	524.00
837.520	520.00
838.040	520.00
838.564	524.00
839.084	520.00
839.608	524.00
840.128	520.00
840.648	520.00
841.168	520.00
841.688	520.00
842.208	520.00
842.732	524.00
843.252	520.00
843.776	524.00
844.296	520.00
844.820	524.00
845.340	520.00
845.860	520.00
846.380	520.00
846.904	524.00
847.424	520.00
847.948	524.00
848.468	520.00
848.992	524.00
849.516	524.00
850.036	520.00
850.560	524.00
851.084	524.00
851.604	520.00
852.124	520.00
852.648	524.00
853.172	524.00
853.692	520.00
854.212	520.00
854.736	524.00
855.256	520.00
855.776	520.00
856.300	524.00
856.824	524.00
857.348	524.00
857.868	520.00
858.392	524.00
858.916	524.00
859.440	524.00
859.964	524.00
860.488	524.00
861.012	524.00
861.536	524.00
862.060	524.00
862.588	528.00
863.112	524.00
863.636	524.00
864.160	524.00
864.688	528.00
865.212	524.00
865.736	524.00
866.260	524.00
866.784	524.00
867.308	524.00
867.828	520.00
868.352	524.00
868.876	524.00
869.396	520.00
869.916	520.00
870.440	524.00
870.964	524.00
871.488	524.00
872.008	520.00
872.532	524.00
873.056	524.00
873.580	524.00
874.100	520.00
874.624	524.00
875.144	520.00
875.668	524.00
876.192	524.00
876.716	524.00
877.236	520.00
877.756	520.00
878.284	528.00
878.804	520.00
879.328	524.00
879.848	520.00
880.372	524.00
880.896	524.00
881.416	520.00
881.940	524.00
882.460	520.00
882.980	520.00
883.500	520.00
884.024	524.00
884.548	524.00
885.064	516.00
885.588	524.00
886.112	524.00
886.636	524.00
887.156	520.00
887.680	524.00
888.204	524.00
888.724	520.00
889.248	524.00
889.772	524.00
890.292	520.00
890.816	524.00
891.340	524.00
891.860	520.00
892.384	524.00
892.908	524.00
893.432	524.00
893.960	528.00
894.480	520.00
895.004	524.00
895.532	528.00
896.056	524.00
896.580	524.00
897.108	528.00
897.636	528.00
898.160	524.00
898.684	524.00
899.212	528.00
899.740	528.00
900.264	524.00
900.788	524.00
901.316	528.00
901.844	528.00
902.368	524.00
902.896	528.00
903.424	528.00
903.948	524.00
904.472	524.00
905.000	528.00
905.524	524.00
906.048	524.00
906.572	524.00
907.100	528.00
907.620	520.00
908.144	524.00
908.672	528.00
909.196	524.00
909.720	524.00
910.232	512.00
910.760	528.00
911.280	520.00
911.800	520.00
912.324	524.00
912.852	528.00
913.376	524.00
913.896	520.00
914.420	524.00
914.944	524.00
915.464	520.00
915.988	524.00
916.508	520.00
917.028	520.00
917.552	524.00
918.072	520.00
918.596	524.00
919.112	516.00
919.636	524.00
920.156	520.00
920.676	520.00
921.196	520.00
921.716	520.00
922.232	516.00
922.748	516.00
923.268	520.00
923.788	520.00
924.304	516.00
924.820	516.00
925.340	520.00
925.860	520.00
926.376	516.00
926.892	516.00
927.412	520.00
927.932	520.00
928.448	516.00
928.964	516.00
929.480	516.00
929.996	516.00
930.512	516.00
931.028	516.00
931.544	516.00
932.056	512.00
932.572	516.00
933.084	512.00
933.600	516.00
934.112	512.00
934.624	512.00
935.136	512.00
935.648	512.00
936.160	512.00
936.672	512.00
937.180	508.00
937.692	512.00
938.204	512.00
938.716	512.00
939.228	512.00
939.744	516.00
940.256	512.00
940.772	516.00
941.284	512.00
941.800	516.00
942.312	512.00
942.828	516.00
943.344	516.00
943.860	516.00
944.376	516.00
944.892	516.00
945.412	520.00
945.928	516.00
946.444	516.00
946.964	520.00
947.484	520.00
948.000	516.00
948.516	516.00
949.036	520.00
949.556	520.00
950.072	516.00
950.588	516.00
951.108	520.00
951.628	520.00
952.144	516.00
952.664	520.00
953.184	520.00
953.704	520.00
954.220	516.00
954.744	524.00
955.264	520.00
955.780	516.00
956.300	520.00
956.820	520.00
957.340	520.00
957.860	520.00
958.380	520.00
958.904	524.00
959.424	520.00
959.944	520.00
960.468	524.00
960.988	520.00
961.508	520.00
962.032	524.00
962.552	520.00
963.068	516.00
963.592	524.00
964.112	520.00
964.636	524.00
965.156	520.00
965.680	524.00
966.200	520.00
966.720	520.00
967.240	520.00
967.764	524.00
968.284	520.00
968.804	520.00
969.328	524.00
969.848	520.00
970.372	524.00
970.892	520.00
971.412	520.00
971.932	520.00
972.452	520.00
972.972	520.00
973.496	524.00
974.016	520.00
974.536	520.00
975.056	520.00
975.580	524.00
976.096	516.00
976.620	524.00
977.144	524.00
977.668	524.00
978.188	520.00
978.712	524.00
979.236	524.00
979.756	520.00
980.276	520.00
980.796	520.00
981.320	524.00
981.840	520.00
982.364	524.00
982.884	520.00
983.404	520.00
983.928	524.00
984.452	524.00
984.976	524.00
985.500	524.00
986.024	524.00
986.544	520.00
987.068	524.00
987.596	528.00
988.116	520.00
988.644	528.00
989.164	520.00
989.684	520.00
990.208	524.00
990.732	524.00
991.256	524.00
991.780	524.00
992.300	520.00
992.824	524.00
993.348	524.00
993.868	520.00
994.392	524.00
994.916	524.00
995.440	524.00
995.960	520.00
996.484	524.00
997.004	520.00
997.524	520.00
998.044	520.00
998.568	524.00
999.088	520.00
999.608	520.00
1000.128	520.00
1000.648	520.00
1001.168	520.00
1001.688	520.00
1002.212	524.00
1002.732	520.00
1003.252	520.00
1003.776	524.00
1004.296	520.00
1004.820	524.00
1005.340	520.00
1005.864	524.00
1006.388	524.00
1006.916	528.00
1007.440	524.00
1007.968	528.00
1008.496	528.00
1009.020	524.00
1009.548	528.00
1010.080	532.00
1010.608	528.00
1011.132	524.00
1011.656	524.00
1012.184	528.00
1012.712	528.00
1013.232	520.00
1013.760	528.00
1014.284	524.00
1014.800	516.00
1015.324	524.00
1015.844	520.00
1016.364	520.00
1016.884	520.00
1017.404	520.00
1017.920	516.00
1018.436	516.00
1018.956	520.00
1019.476	520.00
1019.992	516.00
1020.508	516.00
1021.024	516.00
1021.544	520.00
1022.060	516.00
1022.576	516.00
1023.096	520.00
1023.612	516.00
1024.128	516.00
1024.644	516.00
1025.160	516.00
1025.676	516.00
1026.192	516.00
1026.712	520.00
1027.228	516.00
1027.740	512.00
1028.256	516.00
1028.772	516.00
1029.288	516.00
1029.804	516.00
1030.320	516.00
1030.836	516.00
1031.352	516.00
1031.868	516.00
1032.384	516.00
1032.900	516.00
1033.416	516.00
1033.936	520.00
1034.452	516.00
1034.968	516.00
1035.488	520.00
1036.004	516.00
1036.516	512.00
1037.036	520.00
1037.552	516.00
1038.068	516.00
1038.584	516.00
1039.104	520.00
1039.620	516.00
1040.136	516.00
1040.652	516.00
1041.172	520.00
1041.688	516.00
1042.200	512.00
1042.720	520.00
1043.236	516.00
1043.752	516.00
1044.268	516.00
1044.788	520.00
1045.304	516.00
1045.816	512.00
1046.332	516.00
1046.848	516.00
1047.364	516.00
1047.884	520.00
1048.400	516.00
1048.920	520.00
1049.436	516.00
1049.952	516.00
1050.472	520.00
1050.988	516.00
1051.504	516.00
1052.024	520.00
1052.540	516.00
1053.056	516.00
1053.576	520.00
1054.092	516.00
1054.608	516.00
1055.128	520.00
1055.648	520.00
1056.164	516.00
1056.684	520.00
1057.204	520.00
1057.724	520.00
1058.240	516.00
1058.764	524.00
1059.284	520.00
1059.804	520.00
1060.328	524.00
1060.848	520.00
1061.368	520.00
1061.888	520.00
1062.412	524.00
1062.936	524.00
1063.456	520.00
1063.980	524.00
1064.504	524.00
1065.024	520.00
1065.548	524.00
1066.072	524.00
1066.592	520.00
1067.116	524.00
1067.640	524.00
1068.164	524.00
1068.684	520.00
1069.208	524.00
1069.732	524.00
1070.252	520.00
1070.776	524.00
1071.304	528.00
1071.828	524.00
1072.352	524.00
1072.876	524.00
1073.400	524.00
1073.924	524.00
1074.448	524.00
1074.976	528.00
1075.500	524.00
1076.020	520.00
1076.544	524.00
1077.068	524.00
1077.588	520.00
1078.108	520.00
1078.636	528.00
1079.160	524.00
1079.684	524.00
1080.208	524.00
1080.736	528.00
1081.256	520.00
1081.784	528.00
1082.308	524.00
1082.832	524.00
1083.356	524.00
1083.880	524.00
1084.404	524.00
1084.928	524.00
1085.448	520.00
1085.972	524.00
1086.496	524.00
1087.016	520.00
1087.540	524.00
1088.060	520.00
1088.576	516.00
1089.100	524.00
1089.620	520.00
1090.136	516.00
1090.656	520.00
1091.176	520.00
1091.692	516.00
1092.208	516.00
1092.728	520.00
1093.248	520.00
1093.760	512.00
1094.280	520.00
1094.800	520.00
1095.320	520.00
1095.840	520.00
1096.360	520.00
1096.880	520.00
1097.400	520.00
1097.920	520.00
1098.440	520.00
1098.960	520.00
1099.480	520.00
1100.000	520.00
1100.524	524.00
1101.040	516.00
1101.564	524.00
1102.084	520.00
1102.604	520.00
1103.124	520.00
1103.648	524.00
1104.168	520.00
1104.692	524.00
1105.212	520.00
1105.736	524.00
1106.260	524.00
1106.788	528.00
1107.312	524.00
1107.832	520.00
1108.356	524.00
1108.884	528.00
1109.408	524.00
1109.932	524.00
1110.460	528.00
1110.984	524.00
1111.508	524.00
1112.032	524.00
1112.556	524.00
1113.080	524.00
1113.600	520.00
1114.128	528.00
1114.648	520.00
1115.172	524.00
1115.700	528.00
1116.224	524.00
1116.744	520.00
1117.268	524.00
1117.792	524.00
1118.316	524.00
1118.836	520.00
1119.356	520.00
1119.880	524.00
1120.404	524.00
1120.924	520.00
1121.444	520.00
1121.968	524.00
1122.492	524.00
1123.012	520.00
1123.536	524.00
1124.064	528.00
1124.588	524.00
1125.112	524.00
1125.636	524.00
1126.164	528.00
1126.688	524.00
1127.212	524.00
1127.740	528.00
1128.264	524.00
1128.788	524.00
1129.316	528.00
1129.840	524.00
1130.364	524.00
1130.888	524.00
1131.416	528.00
1131.940	524.00
1132.464	524.00
1132.992	528.00
1133.516	524.00
1134.040	524.00
1134.564	524.00
1135.092	528.00
1135.616	524.00
1136.144	528.00
1136.668	524.00
1137.196	528.00
1137.720	524.00
1138.248	528.00
1138.776	528.00
1139.308	532.00
1139.832	524.00
1140.360	528.00
1140.892	532.00
1141.420	528.00
1141.944	524.00
1142.476	532.00
1143.004	528.00
1143.532	528.00
1144.060	528.00
1144.592	532.00
1145.120	528.00
1145.652	532.00
1146.180	528.00
1146.712	532.00
1147.244	532.00
1147.768	524.00
1148.304	536.00
1148.836	532.00
1149.364	528.00
1149.896	532.00
1150.428	532.00
1150.960	532.00
1151.492	532.00
1152.024	532.00
1152.552	528.00
1153.084	532.00
1153.612	528.00
1154.136	524.00
1154.664	528.00
1155.192	528.00
1155.716	524.00
1156.240	524.00
1156.768	528.00
1157.292	524.00
1157.816	524.00
1158.344	528.00
1158.868	524.00
1159.392	524.00
1159.916	524.00
1160.440	524.00
1160.964	524.00
1161.488	524.00
1162.012	524.00
1162.532	520.00
1163.052	520.00
1163.572	520.00
1164.096	524.00
1164.616	520.00
1165.136	520.00
1165.656	520.00
1166.176	520.00
1166.696	520.00
1167.216	520.00
1167.736	520.00
1168.252	516.00
1168.772	520.00
1169.292	520.00
1169.808	516.00
1170.328	520.00
1170.844	516.00
1171.356	512.00
1171.872	516.00
1172.388	516.00
1172.904	516.00
1173.416	512.00
1173.936	520.00
1174.448	512.00
1174.964	516.00
1175.480	516.00
1175.996	516.00
1176.508	512.00
1177.020	512.00
1177.536	516.00
1178.048	512.00
1178.556	508.00
1179.072	516.00
1179.580	508.00
1180.092	512.00
1180.604	512.00
1181.112	508.00
1181.624	512.00
1182.132	508.00
1182.644	512.00
1183.152	508.00
1183.664	512.00
1184.176	512.00
1184.684	508.00
1185.196	512.00
1185.708	512.00
1186.224	516.00
1186.736	512.00
1187.248	512.00
1187.764	516.00
1188.280	516.00
1188.792	512.00
1189.304	512.00
1189.820	516.00
1190.336	516.00
1190.852	516.00
1191.364	512.00
1191.880	516.00
1192.404	524.00
1192.920	516.00
1193.436	516.00
1193.956	520.00
1194.472	516.00
1194.988	516.00
1195.508	520.00
1196.024	516.00
1196.544	520.00
1197.064	520.00
1197.580	516.00
1198.100	520.00
1198.620	520.00
1199.136	516.00
1199.656	520.00
1200.172	516.00
1200.692	520.00
1201.208	516.00
1201.728	520.00
1202.244	516.00
1202.760	516.00
1203.280	520.00
1203.800	520.00
1204.316	516.00
1204.836	520.00
1205.356	520.00
1205.872	516.00
1206.388	516.00
1206.904	516.00
1207.420	516.00
1207.940	520.00
1208.460	520.00
1208.976	516.00
1209.492	516.00
1210.012	520.00
1210.532	520.00
1211.048	516.00
1211.564	516.00
1212.080	516.00
1212.596	516.00
1213.112	516.00
1213.628	516.00
1214.144	516.00
1214.656	512.00
1215.176	520.00
1215.688	512.00
1216.204	516.00
1216.720	516.00
1217.236	516.00
1217.752	516.00
1218.268	516.00
1218.788	520.00
1219.304	516.00
1219.820	516.00
1220.336	516.00
1220.852	516.00
1221.368	516.00
1221.884	516.00
1222.400	516.00
1222.916	516.00
1223.432	516.00
1223.952	520.00
1224.468	516.00
1224.984	516.00
1225.500	516.00
1226.016	516.00
1226.532	516.00
1227.048	516.00
1227.568	520.00
1228.080	512.00
1228.596	516.00
1229.112	516.00
1229.628	516.00
1230.144	516.00
1230.660	516.00
1231.176	516.00
1231.688	512.00
1232.204	516.00
1232.720	516.00
1233.236	516.00
1233.752	516.00
1234.268	516.00
1234.784	516.00
1235.300	516.00
1235.816	516.00
1236.332	516.00
1236.848	516.00
1237.364	516.00
1237.884	520.00
1238.400	516.00
1238.916	516.00
1239.432	516.00
1239.952	520.00
1240.468	516.00
1240.984	516.00
1241.500	516.00
1242.016	516.00
1242.532	516.00
1243.052	520.00
1243.568	516.00
1244.084	516.00
1244.600	516.00
1245.120	520.00
1245.636	516.00
1246.152	516.00
1246.672	520.00
1247.188	516.00
1247.704	516.00
1248.220	516.00
1248.740	520.00
1249.256	516.00
1249.772	516.00
1250.288	516.00
1250.804	516.00
1251.320	516.00
1251.840	520.00
1252.356	516.00
1252.876	520.00
1253.392	516.00
1253.912	520.00
1254.428	516.00
1254.948	520.00
1255.468	520.00
1255.988	520.00
1256.508	520.00
1257.024	516.00
1257.548	524.00
1258.068	520.00
1258.588	520.00
1259.108	520.00
1259.628	520.00
1260.148	520.00
1260.668	520.00
1261.192	524.00
1261.712	520.00
1262.232	520.00
1262.752	520.00
1263.276	524.00
1263.800	524.00
1264.316	516.00
1264.840	524.00
1265.360	520.00
1265.880	520.00
1266.400	520.00
1266.924	524.00
1267.444	520.00
1267.964	520.00
1268.488	524.00
1269.008	520.00
1269.528	520.00
1270.048	520.00
1270.572	524.00
1271.092	520.00
1271.612	520.00
1272.132	520.00
1272.656	524.00
1273.176	520.00
1273.696	520.00
1274.220	524.00
1274.740	520.00
1275.260	520.00
1275.780	520.00
1276.304	524.00
1276.824	520.00
1277.344	520.00
1277.868	524.00
1278.392	524.00
1278.912	520.00
1279.432	520.00
1279.960	528.00
1280.484	524.00
1281.004	520.00
1281.528	524.00
1282.052	524.00
1282.576	524.00
1283.100	524.00
1283.624	524.00
1284.152	528.00
1284.672	520.00
1285.196	524.00
1285.724	528.00
1286.248	524.00
1286.772	524.00
1287.300	528.00
1287.824	524.00
1288.348	524.00
1288.872	524.00
1289.400	528.00
1289.924	524.00
1290.448	524.00
1290.972	524.00
1291.500	528.00
1292.020	520.00
1292.544	524.00
1293.072	528.00
1293.596	524.00
1294.120	524.00
1294.648	528.00
1295.176	528.00
1295.700	524.00
1296.224	524.00
1296.756	532.00
1297.284	528.00
1297.808	524.00
1298.332	524.00
1298.860	528.00
1299.388	528.00
1299.912	524.00
1300.436	524.00
1300.964	528.00
1301.484	520.00
1302.012	528.00
1302.540	528.00
1303.068	528.00
1303.592	524.00
1304.116	524.00
1304.648	532.00
1305.176	528.00
1305.704	528.00
1306.232	528.00
1306.764	532.00
1307.292	528.00
1307.820	528.00
1308.352	532.00
1308.880	528.00
1309.412	532.00
1309.940	528.00
1310.468	528.00
1311.000	532.00
1311.524	524.00
1312.048	524.00
1312.580	532.00
1313.104	524.00
1313.632	528.00
1314.156	524.00
1314.680	524.00
1315.212	532.00
1315.740	528.00
1316.264	524.00
1316.792	528.00
1317.320	528.00
1317.844	524.00
1318.372	528.00
1318.900	528.00
1319.424	524.00
1319.948	524.00
1320.476	528.00
1321.004	528.00
1321.528	524.00
1322.056	528.00
1322.584	528.00
1323.112	528.00
1323.636	524.00
1324.160	524.00
1324.684	524.00
1325.212	528.00
1325.736	524.00
1326.260	524.00
1326.788	528.00
1327.312	524.00
1327.840	528.00
1328.364	524.00
1328.888	524.00
1329.416	528.00
1329.940	524.00
1330.464	524.00
1330.992	528.00
1331.516	524.00
1332.040	524.00
1332.568	528.00
1333.096	528.00
1333.620	524.00
1334.144	524.00
1334.672	528.00
1335.200	528.00
1335.724	524.00
1336.252	528.00
1336.780	528.00
1337.308	528.00
1337.832	524.00
1338.360	528.00
1338.888	528.00
1339.416	528.00
1339.944	528.00
1340.476	532.00
1341.004	528.00
1341.532	528.00
1342.060	528.00
1342.588	528.00
1343.116	528.00
1343.644	528.00
1344.172	528.00
1344.700	528.00
1345.228	528.00
1345.756	528.00
1346.288	532.00
1346.816	528.00
1347.344	528.00
1347.872	528.00
1348.400	528.00
1348.928	528.00
1349.452	524.00
1349.984	532.00
1350.512	528.00
1351.036	524.00
1351.568	532.00
1352.096	528.00
1352.624	528.00
1353.152	528.00
1353.680	528.00
1354.208	528.00
1354.732	524.00
1355.260	528.00
1355.788	528.00
1356.316	528.00
1356.840	524.00
1357.368	528.00
1357.896	528.00
1358.420	524.00
1358.944	524.00
1359.472	528.00
1360.000	528.00
1360.524	524.00
1361.048	524.00
1361.576	528.00
1362.100	524.00
1362.624	524.00
1363.152	528.00
1363.680	528.00
1364.208	528.00
1364.732	524.00
1365.260	528.00
1365.784	524.00
1366.312	528.00
1366.836	524.00
1367.368	532.00
1367.896	528.00
1368.420	524.00
1368.948	528.00
1369.480	532.00
1370.008	528.00
1370.532	524.00
1371.060	528.00
1371.588	528.00
1372.112	524.00
1372.640	528.00
1373.168	528.00
1373.696	528.00
1374.224	528.00
1374.752	528.00
1375.280	528.00
1375.804	524.00
1376.332	528.00
1376.860	528.00
1377.392	532.00
1377.916	524.00
1378.444	528.00
1378.972	528.00
1379.496	524.00
1380.024	528.00
1380.552	528.00
1381.076	524.00
1381.604	528.00
1382.136	532.00
1382.664	528.00
1383.192	528.00
1383.724	532.00
1384.256	532.00
1384.780	524.00
1385.308	528.00
1385.840	532.00
1386.372	532.00
1386.900	528.00
1387.428	528.00
1387.960	532.00
1388.492	532.00
1389.020	528.00
1389.552	532.00
1390.084	532.00
1390.612	528.00
1391.144	532.00
1391.676	532.00
1392.208	532.00
1392.740	532.00
1393.276	536.00
1393.812	536.00
1394.340	528.00
1394.872	532.00
1395.408	536.00
1395.944	536.00
1396.472	528.00
1397.008	536.00
1397.540	532.00
1398.072	532.00
1398.600	528.00
1399.136	536.00
1399.664	528.00
1400.196	532.00
1400.724	528.00
1401.256	532.00
1401.784	528.00
1402.312	528.00
1402.840	528.00
1403.372	532.00
1403.900	528.00
1404.428	528.00
1404.956	528.00
1405.488	532.00
1406.016	528.00
1406.544	528.00
1407.072	528.00
1407.604	532.00
1408.132	528.00
1408.660	528.00
1409.192	532.00
1409.724	532.00
1410.252	528.00
1410.780	528.00
1411.312	532.00
1411.844	532.00
1412.372	528.00
1412.904	532.00
1413.436	532.00
1413.964	528.00
1414.496	532.00
1415.024	528.00
1415.556	532.00
1416.088	532.00
1416.620	532.00
1417.148	528.00
1417.680	532.00
1418.212	532.00
1418.744	532.00
1419.276	532.00
1419.804	528.00
1420.336	532.00
1420.868	532.00
1421.396	528.00
1421.924	528.00
1422.456	532.00
1422.988	532.00
1423.516	528.00
1424.048	532.00
1424.580	532.00
1425.112	532.00
1425.640	528.00
1426.172	532.00
1426.704	532.00
1427.236	532.00
1427.768	532.00
1428.300	532.00
1428.832	532.00
1429.364	532.00
1429.900	536.00
1430.432	532.00
1430.964	532.00
1431.496	532.00
1432.032	536.00
1432.568	536.00
1433.100	532.00
1433.636	536.00
1434.164	528.00
1434.700	536.00
1435.236	536.00
1435.772	536.00
1436.308	536.00
1436.840	532.00
1437.376	536.00
1437.912	536.00
1438.448	536.00
1438.980	532.00
1439.516	536.00
1440.044	528.00
1440.576	532.00
1441.112	536.00
1441.640	528.00
1442.172	532.00
1442.704	532.00
1443.236	532.00
1443.768	532.00
1444.300	532.00
1444.832	532.00
1445.356	524.00
1445.888	532.00
1446.420	532.00
1446.952	532.00
1447.476	524.00
1448.008	532.00
1448.540	532.00
1449.068	528.00
1449.596	528.00
1450.128	532.00
1450.660	532.00
1451.188	528.00
1451.724	536.00
1452.256	532.00
1452.780	524.00
1453.316	536.00
1453.848	532.00
1454.376	528.00
1454.908	532.00
1455.440	532.00
1455.972	532.00
1456.504	532.00
1457.036	532.00
1457.564	528.00
1458.096	532.00
1458.628	532.00
1459.160	532.00
1459.692	532.00
1460.220	528.00
1460.756	536.00
1461.284	528.00
1461.816	532.00
1462.348	532.00
1462.876	528.00
1463.404	528.00
1463.936	532.00
1464.468	532.00
1464.996	528.00
1465.528	532.00
1466.056	528.00
1466.588	532.00
1467.120	532.00
1467.644	524.00
1468.176	532.00
1468.704	528.00
1469.232	528.00
1469.760	528.00
1470.292	532.00
1470.820	528.00
1471.348	528.00
1471.880	532.00
1472.408	528.00
1472.936	528.00
1473.464	528.00
1473.992	528.00
1474.520	528.00
1475.044	524.00
1475.572	528.00
1476.100	528.00
1476.628	528.00
1477.156	528.00
1477.684	528.00
1478.212	528.00
1478.740	528.00
1479.268	528.00
1479.800	532.00
1480.328	528.00
1480.856	528.00
1481.384	528.00
1481.916	532.00
1482.448	532.00
1482.976	528.00
1483.508	532.00
1484.040	532.00
1484.568	528.00
1485.100	532.00
1485.632	532.00
1486.164	532.00
1486.696	532.00
1487.224	528.00
1487.756	532.00
1488.288	532.00
1488.820	532.00
1489.348	528.00
1489.884	536.00
1490.412	528.00
1490.944	532.00
1491.476	532.00
1492.008	532.00
1492.540	532.00
1493.072	532.00
1493.608	536.00
1494.140	532.00
1494.672	532.00
1495.208	536.00
1495.744	536.00
1496.276	532.00
1496.812	536.00
1497.348	536.00
1497.880	532.00
1498.416	536.00
1498.948	532.00
1499.480	532.00
1500.012	532.00
1500.548	536.00
1501.084	536.00
1501.620	536.00
1502.152	532.00
1502.684	532.00
1503.220	536.00
1503.756	536.00
1504.292	536.00
1504.824	532.00
1505.360	536.00
1505.896	536.00
1506.432	536.00
1506.968	536.00
1507.504	536.00
1508.040	536.00
1508.576	536.00
1509.112	536.00
1509.648	536.00
1510.184	536.00
1510.720	536.00
1511.252	532.00
1511.788	536.00
1512.320	532.00
1512.852	532.00
1513.388	536.00
1513.920	532.00
1514.452	532.00
1514.984	532.00
1515.516	532.00
1516.048	532.00
1516.580	532.00
1517.112	532.00
1517.640	528.00
1518.172	532.00
1518.700	528.00
1519.232	532.00
1519.764	532.00
1520.292	528.00
1520.820	528.00
1521.352	532.00
1521.884	532.00
1522.412	528.00
1522.944	532.00
1523.472	528.00
1524.000	528.00
1524.528	528.00
1525.060	532.00
1525.588	528.00
1526.116	528.00
1526.648	532.00
1527.176	528.00
1527.708	532.00
1528.240	532.00
1528.768	528.00
1529.300	532.00
1529.832	532.00
1530.360	528.00
1530.892	532.00
1531.424	532.00
1531.952	528.00
1532.484	532.00
1533.016	532.00
1533.548	532.00
1534.080	532.00
1534.612	532.00
1535.144	532.00
1535.676	532.00
1536.212	536.00
1536.744	532.00
1537.276	532.00
1537.808	532.00
1538.344	536.00
1538.876	532.00
1539.408	532.00
1539.944	536.00
1540.476	532.00
1541.008	532.00
1541.540	532.00
1542.072	532.00
1542.604	532.00
1543.132	528.00
1543.664	532.00
1544.196	532.00
1544.724	528.00
1545.252	528.00
1545.784	532.00
1546.316	532.00
1546.848	532.00
1547.384	536.00
1547.916	532.00
1548.448	532.00
1548.984	536.00
1549.516	532.00
1550.052	536.00
1550.588	536.00
1551.120	532.00
1551.652	532.00
1552.188	536.00
1552.720	532.00
1553.252	532.00
1553.784	532.00
1554.316	532.00
1554.844	528.00
1555.372	528.00
1555.904	532.00
1556.436	532.00
1556.964	528.00
1557.492	528.00
1558.024	532.00
1558.556	532.00
1559.084	528.00
1559.616	532.00
1560.148	532.00
1560.676	528.00
1561.204	528.00
1561.736	532.00
1562.264	528.00
1562.792	528.00
1563.320	528.00
1563.852	532.00
1564.380	528.00
1564.912	532.00
1565.436	524.00
1565.964	528.00
1566.496	532.00
1567.024	528.00
1567.556	532.00
1568.084	528.00
1568.612	528.00
1569.140	528.00
1569.672	532.00
1570.200	528.00
1570.728	528.00
1571.256	528.00
1571.784	528.00
1572.308	524.00
1572.836	528.00
1573.360	524.00
1573.884	524.00
1574.408	524.00
1574.932	524.00
1575.460	528.00
1575.984	524.00
1576.504	520.00
1577.032	528.00
1577.556	524.00
1578.080	524.00
1578.604	524.00
1579.128	524.00
1579.652	524.00
1580.172	520.00
1580.696	524.00
1581.216	520.00
1581.740	524.00
1582.260	520.00
1582.784	524.00
1583.304	520.00
1583.828	524.00
1584.348	520.00
1584.868	520.00
1585.392	524.00
1585.916	524.00
1586.436	520.00
1586.956	520.00
1587.480	524.00
1588.000	520.00
1588.520	520.00
1589.044	524.00
1589.568	524.00
1590.092	524.00
1590.612	520.00
1591.140	528.00
1591.664	524.00
1592.188	524.00
1592.716	528.00
1593.244	528.00
1593.776	532.00
1594.300	524.00
1594.832	532.00
1595.364	532.00
1595.892	528.00
1596.424	532.00
1596.960	536.00
1597.500	540.00
1598.036	536.00
1598.572	536.00
1599.108	536.00
1599.644	536.00
1600.184	540.00
1600.728	544.00
1601.268	540.00
1601.804	536.00
1602.344	540.00
1602.884	540.00
1603.420	536.00
1603.956	536.00
1604.492	536.00
1605.028	536.00
1605.556	528.00
1606.088	532.00
1606.620	532.00
1607.152	532.00
1607.680	528.00
1608.212	532.00
1608.740	528.00
1609.272	532.00
1609.796	524.00
1610.324	528.00
1610.856	532.00
1611.384	528.00
1611.908	524.00
1612.436	528.00
1612.960	524.00
1613.488	528.00
1614.012	524.00
1614.540	528.00
1615.068	528.00
1615.592	524.00
1616.120	528.00
1616.648	528.00
1617.176	528.00
1617.700	524.00
1618.224	524.00
1618.752	528.00
1619.280	528.00
1619.808	528.00
1620.336	528.00
1620.860	524.00
1621.392	532.00
1621.916	524.00
1622.444	528.00
1622.976	532.00
1623.504	528.00
1624.032	528.00
1624.560	528.00
1625.092	532.00
1625.620	528.00
1626.148	528.00
1626.680	532.00
1627.208	528.00
1627.732	524.00
1628.260	528.00
1628.788	528.00
1629.316	528.00
1629.840	524.00
1630.372	532.00
1630.900	528.00
1631.428	528.00
1631.956	528.00
1632.488	532.00
1633.012	524.00
1633.540	528.00
1634.068	528.00
1634.596	528.00
1635.120	524.00
1635.648	528.00
1636.176	528.00
1636.700	524.00
1637.228	528.00
1637.756	528.00
1638.280	524.00
1638.804	524.00
1639.332	528.00
1639.860	528.00
1640.380	520.00
1640.908	528.00
1641.440	532.00
1641.964	524.00
1642.492	528.00
1643.020	528.00
1643.548	528.00
1644.072	524.00
1644.600	528.00
1645.124	524.00
1645.648	524.00
1646.172	524.00
1646.700	528.00
1647.224	524.00
1647.748	524.00
1648.272	524.00
1648.800	528.00
1649.324	524.00
1649.848	524.00
1650.376	528.00
1650.900	524.00
1651.424	524.00
1651.952	528.00
1652.480	528.00
1653.008	528.00
1653.532	524.00
1654.060	528.00
1654.588	528.00
1655.116	528.00
1655.644	528.00
1656.172	528.00
1656.700	528.00
1657.224	524.00
1657.752	528.00
1658.280	528.00
1658.808	528.00
1659.332	524.00
1659.860	528.00
1660.388	528.00
1660.916	528.00
1661.440	524.00
1661.968	528.00
1662.496	528.00
1663.024	528.00
1663.548	524.00
1664.076	528.00
1664.604	528.00
1665.132	528.00
1665.656	524.00
1666.184	528.00
1666.712	528.00
1667.240	528.00
1667.764	524.00
1668.296	532.00
1668.824	528.00
1669.348	524.00
1669.876	528.00
1670.408	532.00
1670.936	528.00
1671.460	524.00
1671.988	528.00
1672.520	532.00
1673.048	528.00
1673.576	528.00
1674.108	532.00
1674.640	532.00
1675.164	524.00
1675.696	532.00
1676.228	532.00
1676.756	528.00
1677.288	532.00
1677.820	532.00
1678.348	528.00
1678.880	532.00
1679.408	528.00
1679.940	532.00
1680.472	532.00
1681.004	532.00
1681.536	532.00
1682.072	536.00
1682.604	532.00
1683.140	536.00
1683.672	532.00
1684.208	536.00
1684.736	528.00
1685.272	536.00
1685.808	536.00
1686.336	528.00
1686.872	536.00
1687.404	532.00
1687.936	532.00
1688.468	532.00
1689.000	532.00
1689.528	528.00
1690.060	532.00
1690.592	532.00
1691.116	524.00
1691.644	528.00
1692.176	532.00
1692.708	532.00
1693.232	524.00
1693.764	532.00
1694.296	532.00
1694.824	528.00
1695.352	528.00
1695.888	536.00
1696.416	528.00
1696.944	528.00
1697.476	532.00
1698.008	532.00
1698.540	532.00
1699.068	528.00
1699.596	528.00
1700.128	532.00
1700.660	532.00
1701.184	524.00
1701.716	532.00
1702.248	532.00
1702.776	528.00
1703.304	528.00
1703.832	528.00
1704.360	528.00
1704.888	528.00
1705.416	528.00
1705.944	528.00
1706.476	532.00
1707.000	524.00
1707.528	528.00
1708.060	532.00
1708.588	528.00
1709.116	528.00
1709.648	532.00
1710.180	532.00
1710.708	528.00
1711.236	528.00
1711.768	532.00
1712.296	528.00
1712.824	528.00
1713.356	532.00
1713.876	520.00
1714.408	532.00
1714.940	532.00
1715.472	532.00
1716.000	528.00
1716.536	536.00
1717.052	516.00
1717.584	532.00
1718.112	528.00
1718.640	528.00
1719.168	528.00
1719.700	532.00
1720.232	532.00
1720.764	532.00
1721.296	532.00
1721.828	532.00
1722.356	528.00
1722.888	532.00
1723.416	528.00
1723.944	528.00
1724.472	528.00
1725.000	528.00
1725.528	528.00
1726.060	532.00
1726.588	528.00
1727.116	528.00
1727.644	528.00
1728.172	528.00
1728.700	528.00
1729.228	528.00
1729.756	528.00
1730.284	528.00
1730.808	524.00
1731.336	528.00
1731.860	524.00
1732.388	528.00
1732.916	528.00
1733.444	528.00
1733.972	528.00
1734.500	528.00
1735.028	528.00
1735.556	528.00
1736.088	532.00
1736.616	528.00
1737.144	528.00
1737.676	532.00
1738.208	532.00
1738.736	528.00
1739.268	532.00
1739.800	532.00
1740.328	528.00
1740.860	532.00
1741.392	532.00
1741.920	528.00
1742.452	532.00
1742.980	528.00
1743.508	528.00
1744.040	532.00
1744.568	528.00
1745.100	532.00
1745.616	516.00
1746.152	536.00
1746.680	528.00
1747.200	520.00
1747.736	536.00
1748.264	528.00
1748.796	532.00
1749.328	532.00
1749.860	532.00
1750.392	532.00
1750.916	524.00
1751.448	532.00
1751.980	532.00
1752.512	532.00
1753.036	524.00
1753.568	532.00
1754.100	532.00
1754.628	528.00
1755.156	528.00
1755.688	532.00
1756.220	532.00
1756.744	524.00
1757.272	528.00
1757.804	532.00
1758.328	524.00
1758.856	528.00
1759.388	532.00
1759.916	528.00
1760.444	528.00
1760.976	532.00
1761.504	528.00
1762.032	528.00
1762.560	528.00
1763.088	528.00
1763.616	528.00
1764.144	528.00
1764.676	532.00
1765.204	528.00
1765.732	528.00
1766.264	532.00
1766.796	532.00
1767.320	524.00
1767.848	528.00
1768.380	532.00
1768.912	532.00
1769.440	528.00
1769.972	532.00
1770.504	532.00
1771.036	532.00
1771.564	528.00
1772.100	536.00
1772.632	532.00
1773.164	532.00
1773.696	532.00
1774.232	536.00
1774.764	532.00
1775.296	532.00
1775.832	536.00
1776.368	536.00
1776.904	536.00
1777.436	532.00
1777.972	536.00
1778.508	536.00
1779.044	536.00
1779.580	536.00
1780.120	540.00
1780.652	532.00
1781.188	536.00
1781.728	540.00
1782.264	536.00
1782.796	532.00
1783.332	536.00
1783.868	536.00
1784.404	536.00
1784.936	532.00
1785.472	536.00
1786.008	536.00
1786.540	532.00
1787.076	536.00
1787.612	536.00
1788.144	532.00
1788.680	536.00
1789.216	536.00
1789.748	532.00
1790.280	532.00
1790.816	536.00
1791.344	528.00
1791.880	536.00
1792.416	536.00
1792.948	532.00
1793.480	532.00
1794.012	532.00
1794.548	536.00
1795.084	536.00
1795.620	536.00
1796.152	532.00
1796.688	536.00
1797.224	536.00
1797.760	536.00
1798.292	532.00
1798.832	540.00
1799.368	536.00
