  1.2160000e+000  6.9200000e+002
  1.9080000e+000  6.9200000e+002
  2.5760000e+000  6.6800000e+002
  3.2600000e+000  6.8400000e+002
  3.9480000e+000  6.8800000e+002
  4.6360000e+000  6.8800000e+002
  5.3160000e+000  6.8000000e+002
  5.9960000e+000  6.8000000e+002
  6.6680000e+000  6.7200000e+002
  7.3280000e+000  6.6000000e+002
  8.0040000e+000  6.7600000e+002
  8.6800000e+000  6.7600000e+002
  9.3560000e+000  6.7600000e+002
  1.0032000e+001  6.7600000e+002
  1.0700000e+001  6.6800000e+002
  1.1372000e+001  6.7200000e+002
  1.2056000e+001  6.8400000e+002
  1.2740000e+001  6.8400000e+002
  1.3412000e+001  6.7200000e+002
  1.4088000e+001  6.7600000e+002
  1.4784000e+001  6.9600000e+002
  1.5476000e+001  6.9200000e+002
  1.6164000e+001  6.8800000e+002
  1.6844000e+001  6.8000000e+002
  1.7540000e+001  6.9600000e+002
  1.8236000e+001  6.9600000e+002
  1.8928000e+001  6.9200000e+002
  1.9612000e+001  6.8400000e+002
  2.0308000e+001  6.9600000e+002
  2.1012000e+001  7.0400000e+002
  2.1700000e+001  6.8800000e+002
  2.2400000e+001  7.0000000e+002
  2.3092000e+001  6.9200000e+002
  2.3792000e+001  7.0000000e+002
  2.4480000e+001  6.8800000e+002
  2.5168000e+001  6.8800000e+002
  2.5868000e+001  7.0000000e+002
  2.6560000e+001  6.9200000e+002
  2.7248000e+001  6.8800000e+002
  2.7940000e+001  6.9200000e+002
  2.8636000e+001  6.9600000e+002
  2.9332000e+001  6.9600000e+002
  3.0016000e+001  6.8400000e+002
  3.0716000e+001  7.0000000e+002
  3.1404000e+001  6.8800000e+002
  3.2100000e+001  6.9600000e+002
  3.2792000e+001  6.9200000e+002
  3.3484000e+001  6.9200000e+002
  3.4180000e+001  6.9600000e+002
  3.4888000e+001  7.0800000e+002
  3.5588000e+001  7.0000000e+002
  3.6288000e+001  7.0000000e+002
  3.7000000e+001  7.1200000e+002
  3.7716000e+001  7.1600000e+002
  3.8416000e+001  7.0000000e+002
  3.9136000e+001  7.2000000e+002
  3.9844000e+001  7.0800000e+002
  4.0556000e+001  7.1200000e+002
  4.1260000e+001  7.0400000e+002
  4.1968000e+001  7.0800000e+002
  4.2668000e+001  7.0000000e+002
  4.3376000e+001  7.0800000e+002
  4.4076000e+001  7.0000000e+002
  4.4788000e+001  7.1200000e+002
  4.5492000e+001  7.0400000e+002
  4.6192000e+001  7.0000000e+002
  4.6900000e+001  7.0800000e+002
  4.7600000e+001  7.0000000e+002
  4.8312000e+001  7.1200000e+002
  4.9012000e+001  7.0000000e+002
  4.9724000e+001  7.1200000e+002
  5.0420000e+001  6.9600000e+002
  5.1132000e+001  7.1200000e+002
  5.1832000e+001  7.0000000e+002
  5.2544000e+001  7.1200000e+002
  5.3244000e+001  7.0000000e+002
  5.3956000e+001  7.1200000e+002
  5.4672000e+001  7.1600000e+002
  5.5376000e+001  7.0400000e+002
  5.6080000e+001  7.0400000e+002
  5.6784000e+001  7.0400000e+002
  5.7488000e+001  7.0400000e+002
  5.8180000e+001  6.9200000e+002
  5.8880000e+001  7.0000000e+002
  5.9580000e+001  7.0000000e+002
  6.0288000e+001  7.0800000e+002
  6.0996000e+001  7.0800000e+002
  6.1716000e+001  7.2000000e+002
  6.2408000e+001  6.9200000e+002
  6.3116000e+001  7.0800000e+002
  6.3820000e+001  7.0400000e+002
  6.4528000e+001  7.0800000e+002
  6.5236000e+001  7.0800000e+002
  6.5928000e+001  6.9200000e+002
  6.6620000e+001  6.9200000e+002
  6.7316000e+001  6.9600000e+002
  6.8000000e+001  6.8400000e+002
  6.8692000e+001  6.9200000e+002
  6.9380000e+001  6.8800000e+002
  7.0056000e+001  6.7600000e+002
  7.0740000e+001  6.8400000e+002
  7.1416000e+001  6.7600000e+002
  7.2084000e+001  6.6800000e+002
  7.2756000e+001  6.7200000e+002
  7.3420000e+001  6.6400000e+002
  7.4116000e+001  6.9600000e+002
  7.4796000e+001  6.8000000e+002
  7.5484000e+001  6.8800000e+002
  7.6168000e+001  6.8400000e+002
  7.6844000e+001  6.7600000e+002
  7.7528000e+001  6.8400000e+002
  7.8200000e+001  6.7200000e+002
  7.8896000e+001  6.9600000e+002
  7.9580000e+001  6.8400000e+002
  8.0268000e+001  6.8800000e+002
  8.0932000e+001  6.6400000e+002
  8.1632000e+001  7.0000000e+002
  8.2320000e+001  6.8800000e+002
  8.3004000e+001  6.8400000e+002
  8.3688000e+001  6.8400000e+002
  8.4356000e+001  6.6800000e+002
  8.5040000e+001  6.8400000e+002
  8.5708000e+001  6.6800000e+002
  8.6376000e+001  6.6800000e+002
  8.7060000e+001  6.8400000e+002
  8.7736000e+001  6.7600000e+002
  8.8408000e+001  6.7200000e+002
  8.9076000e+001  6.6800000e+002
  8.9760000e+001  6.8400000e+002
  9.0440000e+001  6.8000000e+002
  9.1108000e+001  6.6800000e+002
  9.1796000e+001  6.8800000e+002
  9.2476000e+001  6.8000000e+002
  9.3144000e+001  6.6800000e+002
  9.3828000e+001  6.8400000e+002
  9.4500000e+001  6.7200000e+002
  9.5176000e+001  6.7600000e+002
  9.5852000e+001  6.7600000e+002
  9.6528000e+001  6.7600000e+002
  9.7212000e+001  6.8400000e+002
  9.7888000e+001  6.7600000e+002
  9.8572000e+001  6.8400000e+002
  9.9256000e+001  6.8400000e+002
  9.9940000e+001  6.8400000e+002
  1.0062400e+002  6.8400000e+002
  1.0131200e+002  6.8800000e+002
  1.0199600e+002  6.8400000e+002
  1.0266400e+002  6.6800000e+002
  1.0334400e+002  6.8000000e+002
  1.0403200e+002  6.8800000e+002
  1.0470000e+002  6.6800000e+002
  1.0538000e+002  6.8000000e+002
  1.0607200e+002  6.9200000e+002
  1.0675200e+002  6.8000000e+002
  1.0744000e+002  6.8800000e+002
  1.0813600e+002  6.9600000e+002
  1.0882000e+002  6.8400000e+002
  1.0949200e+002  6.7200000e+002
  1.1019600e+002  7.0400000e+002
  1.1088000e+002  6.8400000e+002
  1.1156800e+002  6.8800000e+002
  1.1225200e+002  6.8400000e+002
  1.1293600e+002  6.8400000e+002
  1.1362400e+002  6.8800000e+002
  1.1429600e+002  6.7200000e+002
  1.1496800e+002  6.7200000e+002
  1.1561600e+002  6.4800000e+002
  1.1629200e+002  6.7600000e+002
  1.1696400e+002  6.7200000e+002
  1.1764000e+002  6.7600000e+002
  1.1832000e+002  6.8000000e+002
  1.1898400e+002  6.6400000e+002
  1.1966400e+002  6.8000000e+002
  1.2034000e+002  6.7600000e+002
  1.2101600e+002  6.7600000e+002
  1.2169600e+002  6.8000000e+002
  1.2237200e+002  6.7600000e+002
  1.2304400e+002  6.7200000e+002
  1.2372000e+002  6.7600000e+002
  1.2439200e+002  6.7200000e+002
  1.2506800e+002  6.7600000e+002
  1.2572400e+002  6.5600000e+002
  1.2638800e+002  6.6400000e+002
  1.2704800e+002  6.6000000e+002
  1.2772000e+002  6.7200000e+002
  1.2838800e+002  6.6800000e+002
  1.2905600e+002  6.6800000e+002
  1.2972400e+002  6.6800000e+002
  1.3038800e+002  6.6400000e+002
  1.3106000e+002  6.7200000e+002
  1.3170800e+002  6.4800000e+002
  1.3231200e+002  6.0400000e+002
  1.3298000e+002  6.6800000e+002
  1.3363600e+002  6.5600000e+002
  1.3430000e+002  6.6400000e+002
  1.3496400e+002  6.6400000e+002
  1.3562800e+002  6.6400000e+002
  1.3629200e+002  6.6400000e+002
  1.3692400e+002  6.3200000e+002
  1.3757200e+002  6.4800000e+002
  1.3825200e+002  6.8000000e+002
  1.3891200e+002  6.6000000e+002
  1.3957200e+002  6.6000000e+002
  1.4022800e+002  6.5600000e+002
  1.4089200e+002  6.6400000e+002
  1.4152800e+002  6.3600000e+002
  1.4218800e+002  6.6000000e+002
  1.4284000e+002  6.5200000e+002
  1.4349600e+002  6.5600000e+002
  1.4415200e+002  6.5600000e+002
  1.4480400e+002  6.5200000e+002
  1.4546000e+002  6.5600000e+002
  1.4610000e+002  6.4000000e+002
  1.4673600e+002  6.3600000e+002
  1.4737200e+002  6.3600000e+002
  1.4800000e+002  6.2800000e+002
  1.4863600e+002  6.3600000e+002
  1.4926400e+002  6.2800000e+002
  1.4989600e+002  6.3200000e+002
  1.5052800e+002  6.3200000e+002
  1.5116000e+002  6.3200000e+002
  1.5179600e+002  6.3600000e+002
  1.5243200e+002  6.3600000e+002
  1.5307200e+002  6.4000000e+002
  1.5370800e+002  6.3600000e+002
  1.5435200e+002  6.4400000e+002
  1.5500400e+002  6.5200000e+002
  1.5566000e+002  6.5600000e+002
  1.5630800e+002  6.4800000e+002
  1.5696000e+002  6.5200000e+002
  1.5763200e+002  6.7200000e+002
  1.5830000e+002  6.6800000e+002
  1.5896000e+002  6.6000000e+002
  1.5962000e+002  6.6000000e+002
  1.6028400e+002  6.6400000e+002
  1.6094400e+002  6.6000000e+002
  1.6161200e+002  6.6800000e+002
  1.6227600e+002  6.6400000e+002
  1.6293200e+002  6.5600000e+002
  1.6360000e+002  6.6800000e+002
  1.6426000e+002  6.6000000e+002
  1.6491600e+002  6.5600000e+002
  1.6559200e+002  6.7600000e+002
  1.6625200e+002  6.6000000e+002
  1.6692400e+002  6.7200000e+002
  1.6758400e+002  6.6000000e+002
  1.6825200e+002  6.6800000e+002
  1.6891600e+002  6.6400000e+002
  1.6957600e+002  6.6000000e+002
  1.7023600e+002  6.6000000e+002
  1.7088400e+002  6.4800000e+002
  1.7156000e+002  6.7600000e+002
  1.7223600e+002  6.7600000e+002
  1.7291600e+002  6.8000000e+002
  1.7357600e+002  6.6000000e+002
  1.7425600e+002  6.8000000e+002
  1.7492800e+002  6.7200000e+002
  1.7560400e+002  6.7600000e+002
  1.7626000e+002  6.5600000e+002
  1.7693600e+002  6.7600000e+002
  1.7759200e+002  6.5600000e+002
  1.7826400e+002  6.7200000e+002
  1.7892400e+002  6.6000000e+002
  1.7958400e+002  6.6000000e+002
  1.7999200e+002  4.0800000e+002
  1.8093600e+002  9.4400000e+002
  1.8160800e+002  6.7200000e+002
  1.8227600e+002  6.6800000e+002
  1.8293200e+002  6.5600000e+002
  1.8359600e+002  6.6400000e+002
  1.8427200e+002  6.7600000e+002
  1.8494400e+002  6.7200000e+002
  1.8560800e+002  6.6400000e+002
  1.8629200e+002  6.8400000e+002
  1.8696000e+002  6.6800000e+002
  1.8764000e+002  6.8000000e+002
  1.8830400e+002  6.6400000e+002
  1.8898400e+002  6.8000000e+002
  1.8964800e+002  6.6400000e+002
  1.9032400e+002  6.7600000e+002
  1.9099200e+002  6.6800000e+002
  1.9166400e+002  6.7200000e+002
  1.9234000e+002  6.7600000e+002
  1.9301600e+002  6.7600000e+002
  1.9369200e+002  6.7600000e+002
  1.9437600e+002  6.8400000e+002
  1.9505200e+002  6.7600000e+002
  1.9573200e+002  6.8000000e+002
  1.9640800e+002  6.7600000e+002
  1.9692000e+002  5.1200000e+002
  1.9774000e+002  8.2000000e+002
  1.9844400e+002  7.0400000e+002
  1.9914400e+002  7.0000000e+002
  1.9984800e+002  7.0400000e+002
  2.0054000e+002  6.9200000e+002
  2.0122400e+002  6.8400000e+002
  2.0192400e+002  7.0000000e+002
  2.0262000e+002  6.9600000e+002
  2.0332000e+002  7.0000000e+002
  2.0400000e+002  6.8000000e+002
  2.0470400e+002  7.0400000e+002
  2.0540000e+002  6.9600000e+002
  2.0608000e+002  6.8000000e+002
  2.0676000e+002  6.8000000e+002
  2.0744000e+002  6.8000000e+002
  2.0810800e+002  6.6800000e+002
  2.0878400e+002  6.7600000e+002
  2.0945600e+002  6.7200000e+002
  2.1011200e+002  6.5600000e+002
  2.1078400e+002  6.7200000e+002
  2.1145200e+002  6.6800000e+002
  2.1211200e+002  6.6000000e+002
  2.1277200e+002  6.6000000e+002
  2.1345200e+002  6.8000000e+002
  2.1411600e+002  6.6400000e+002
  2.1478400e+002  6.6800000e+002
  2.1544800e+002  6.6400000e+002
  2.1612000e+002  6.7200000e+002
  2.1678000e+002  6.6000000e+002
  2.1745600e+002  6.7600000e+002
  2.1811600e+002  6.6000000e+002
  2.1878800e+002  6.7200000e+002
  2.1945200e+002  6.6400000e+002
  2.2010800e+002  6.5600000e+002
  2.2077200e+002  6.6400000e+002
  2.2142800e+002  6.5600000e+002
  2.2209600e+002  6.6800000e+002
  2.2274400e+002  6.4800000e+002
  2.2341200e+002  6.6800000e+002
  2.2406400e+002  6.5200000e+002
  2.2473600e+002  6.7200000e+002
  2.2540000e+002  6.6400000e+002
  2.2606400e+002  6.6400000e+002
  2.2673200e+002  6.6800000e+002
  2.2739200e+002  6.6000000e+002
  2.2807200e+002  6.8000000e+002
  2.2873600e+002  6.6400000e+002
  2.2941200e+002  6.7600000e+002
  2.3008000e+002  6.6800000e+002
  2.3075200e+002  6.7200000e+002
  2.3142000e+002  6.6800000e+002
  2.3208000e+002  6.6000000e+002
  2.3275600e+002  6.7600000e+002
  2.3343600e+002  6.8000000e+002
  2.3410400e+002  6.6800000e+002
  2.3477200e+002  6.6800000e+002
  2.3544400e+002  6.7200000e+002
  2.3611600e+002  6.7200000e+002
  2.3678000e+002  6.6400000e+002
  2.3745200e+002  6.7200000e+002
  2.3810800e+002  6.5600000e+002
  2.3878000e+002  6.7200000e+002
  2.3943600e+002  6.5600000e+002
  2.4009600e+002  6.6000000e+002
  2.4076400e+002  6.6800000e+002
  2.4142000e+002  6.5600000e+002
  2.4207600e+002  6.5600000e+002
  2.4274400e+002  6.6800000e+002
  2.4341200e+002  6.6800000e+002
  2.4407600e+002  6.6400000e+002
  2.4474800e+002  6.7200000e+002
  2.4542000e+002  6.7200000e+002
  2.4608800e+002  6.6800000e+002
  2.4676400e+002  6.7600000e+002
  2.4743600e+002  6.7200000e+002
  2.4809600e+002  6.6000000e+002
  2.4877200e+002  6.7600000e+002
  2.4944400e+002  6.7200000e+002
  2.5010800e+002  6.6400000e+002
  2.5078800e+002  6.8000000e+002
  2.5146400e+002  6.7600000e+002
  2.5212800e+002  6.6400000e+002
  2.5280400e+002  6.7600000e+002
  2.5348000e+002  6.7600000e+002
  2.5414400e+002  6.6400000e+002
  2.5482000e+002  6.7600000e+002
  2.5548800e+002  6.6800000e+002
  2.5617200e+002  6.8400000e+002
  2.5684400e+002  6.7200000e+002
  2.5751600e+002  6.7200000e+002
  2.5819600e+002  6.8000000e+002
  2.5886000e+002  6.6400000e+002
  2.5952800e+002  6.6800000e+002
  2.6020800e+002  6.8000000e+002
  2.6087200e+002  6.6000000e+002
  2.6155200e+002  6.8000000e+002
  2.6222000e+002  6.6800000e+002
  2.6288800e+002  6.6800000e+002
  2.6356000e+002  6.7200000e+002
  2.6423600e+002  6.7600000e+002
  2.6490000e+002  6.6400000e+002
  2.6557200e+002  6.7200000e+002
  2.6624800e+002  6.7600000e+002
  2.6692000e+002  6.7200000e+002
  2.6760000e+002  6.8000000e+002
  2.6827200e+002  6.7200000e+002
  2.6896000e+002  6.8800000e+002
  2.6963200e+002  6.7200000e+002
  2.7030400e+002  6.7200000e+002
  2.7099200e+002  6.8800000e+002
  2.7167200e+002  6.8000000e+002
  2.7234800e+002  6.7600000e+002
  2.7301600e+002  6.6800000e+002
  2.7370000e+002  6.8400000e+002
  2.7437200e+002  6.7200000e+002
  2.7503600e+002  6.6400000e+002
  2.7571200e+002  6.7600000e+002
  2.7638800e+002  6.7600000e+002
  2.7706000e+002  6.7200000e+002
  2.7772800e+002  6.6800000e+002
  2.7839600e+002  6.6800000e+002
  2.7906000e+002  6.6400000e+002
  2.7973200e+002  6.7200000e+002
  2.8039600e+002  6.6400000e+002
  2.8106000e+002  6.6400000e+002
  2.8171600e+002  6.5600000e+002
  2.8238400e+002  6.6800000e+002
  2.8304800e+002  6.6400000e+002
  2.8370400e+002  6.5600000e+002
  2.8436800e+002  6.6400000e+002
  2.8502400e+002  6.5600000e+002
  2.8569200e+002  6.6800000e+002
  2.8636400e+002  6.7200000e+002
  2.8702800e+002  6.6400000e+002
  2.8770400e+002  6.7600000e+002
  2.8838000e+002  6.7600000e+002
  2.8905600e+002  6.7600000e+002
  2.8973200e+002  6.7600000e+002
  2.9041200e+002  6.8000000e+002
  2.9109200e+002  6.8000000e+002
  2.9176800e+002  6.7600000e+002
  2.9245600e+002  6.8800000e+002
  2.9313200e+002  6.7600000e+002
  2.9381600e+002  6.8400000e+002
  2.9448800e+002  6.7200000e+002
  2.9517200e+002  6.8400000e+002
  2.9584000e+002  6.6800000e+002
  2.9652000e+002  6.8000000e+002
  2.9719200e+002  6.7200000e+002
  2.9787200e+002  6.8000000e+002
  2.9854400e+002  6.7200000e+002
  2.9923200e+002  6.8800000e+002
  2.9990400e+002  6.7200000e+002
  3.0058800e+002  6.8400000e+002
  3.0126800e+002  6.8000000e+002
  3.0194000e+002  6.7200000e+002
  3.0262800e+002  6.8800000e+002
  3.0330800e+002  6.8000000e+002
  3.0399600e+002  6.8800000e+002
  3.0467600e+002  6.8000000e+002
  3.0534400e+002  6.6800000e+002
  3.0602400e+002  6.8000000e+002
  3.0670400e+002  6.8000000e+002
  3.0737200e+002  6.6800000e+002
  3.0804000e+002  6.6800000e+002
  3.0872400e+002  6.8400000e+002
  3.0939600e+002  6.7200000e+002
  3.1007600e+002  6.8000000e+002
  3.1074800e+002  6.7200000e+002
  3.1142400e+002  6.7600000e+002
  3.1210800e+002  6.8400000e+002
  3.1278800e+002  6.8000000e+002
  3.1347200e+002  6.8400000e+002
  3.1415200e+002  6.8000000e+002
  3.1483200e+002  6.8000000e+002
  3.1551600e+002  6.8400000e+002
  3.1618800e+002  6.7200000e+002
  3.1687200e+002  6.8400000e+002
  3.1755200e+002  6.8000000e+002
  3.1823600e+002  6.8400000e+002
  3.1892000e+002  6.8400000e+002
  3.1960400e+002  6.8400000e+002
  3.2028400e+002  6.8000000e+002
  3.2095600e+002  6.7200000e+002
  3.2164000e+002  6.8400000e+002
  3.2231200e+002  6.7200000e+002
  3.2299200e+002  6.8000000e+002
  3.2366800e+002  6.7600000e+002
  3.2433200e+002  6.6400000e+002
  3.2500400e+002  6.7200000e+002
  3.2568000e+002  6.7600000e+002
  3.2634800e+002  6.6800000e+002
  3.2701200e+002  6.6400000e+002
  3.2768800e+002  6.7600000e+002
  3.2836400e+002  6.7600000e+002
  3.2902800e+002  6.6400000e+002
  3.2970400e+002  6.7600000e+002
  3.3038400e+002  6.8000000e+002
  3.3106400e+002  6.8000000e+002
  3.3174400e+002  6.8000000e+002
  3.3242000e+002  6.7600000e+002
  3.3308800e+002  6.6800000e+002
  3.3376800e+002  6.8000000e+002
  3.3444000e+002  6.7200000e+002
  3.3511600e+002  6.7600000e+002
  3.3578800e+002  6.7200000e+002
  3.3646000e+002  6.7200000e+002
  3.3713200e+002  6.7200000e+002
  3.3781600e+002  6.8400000e+002
  3.3849200e+002  6.7600000e+002
  3.3917600e+002  6.8400000e+002
  3.3985600e+002  6.8000000e+002
  3.4054400e+002  6.8800000e+002
  3.4123200e+002  6.8800000e+002
  3.4191600e+002  6.8400000e+002
  3.4260000e+002  6.8400000e+002
  3.4328000e+002  6.8000000e+002
  3.4396800e+002  6.8800000e+002
  3.4464800e+002  6.8000000e+002
  3.4534000e+002  6.9200000e+002
  3.4602800e+002  6.8800000e+002
  3.4670800e+002  6.8000000e+002
  3.4739200e+002  6.8400000e+002
  3.4807200e+002  6.8000000e+002
  3.4876000e+002  6.8800000e+002
  3.4944400e+002  6.8400000e+002
  3.5012000e+002  6.7600000e+002
  3.5080400e+002  6.8400000e+002
  3.5148000e+002  6.7600000e+002
  3.5216000e+002  6.8000000e+002
  3.5284400e+002  6.8400000e+002
  3.5352000e+002  6.7600000e+002
  3.5420400e+002  6.8400000e+002
  3.5488000e+002  6.7600000e+002
  3.5557200e+002  6.9200000e+002
  3.5624800e+002  6.7600000e+002
  3.5693600e+002  6.8800000e+002
  3.5761600e+002  6.8000000e+002
  3.5829200e+002  6.7600000e+002
  3.5897600e+002  6.8400000e+002
  3.5965200e+002  6.7600000e+002
  3.6033600e+002  6.8400000e+002
  3.6100800e+002  6.7200000e+002
  3.6168800e+002  6.8000000e+002
  3.6236000e+002  6.7200000e+002
  3.6304400e+002  6.8400000e+002
  3.6372800e+002  6.8400000e+002
  3.6441200e+002  6.8400000e+002
  3.6511200e+002  7.0000000e+002
  3.6580000e+002  6.8800000e+002
  3.6649600e+002  6.9600000e+002
  3.6718800e+002  6.9200000e+002
  3.6789200e+002  7.0400000e+002
  3.6858800e+002  6.9600000e+002
  3.6928800e+002  7.0000000e+002
  3.6998000e+002  6.9200000e+002
  3.7068400e+002  7.0400000e+002
  3.7137600e+002  6.9200000e+002
  3.7207200e+002  6.9600000e+002
  3.7275600e+002  6.8400000e+002
  3.7344800e+002  6.9200000e+002
  3.7414000e+002  6.9200000e+002
  3.7482800e+002  6.8800000e+002
  3.7551200e+002  6.8400000e+002
  3.7619200e+002  6.8000000e+002
  3.7687200e+002  6.8000000e+002
  3.7755600e+002  6.8400000e+002
  3.7824400e+002  6.8800000e+002
  3.7892400e+002  6.8000000e+002
  3.7960000e+002  6.7600000e+002
  3.8028400e+002  6.8400000e+002
  3.8096800e+002  6.8400000e+002
  3.8164400e+002  6.7600000e+002
  3.8232400e+002  6.8000000e+002
  3.8300800e+002  6.8400000e+002
  3.8368000e+002  6.7200000e+002
  3.8437200e+002  6.9200000e+002
  3.8505600e+002  6.8400000e+002
  3.8573200e+002  6.7600000e+002
  3.8640800e+002  6.7600000e+002
  3.8708800e+002  6.8000000e+002
  3.8776400e+002  6.7600000e+002
  3.8844800e+002  6.8400000e+002
  3.8912400e+002  6.7600000e+002
  3.8980400e+002  6.8000000e+002
  3.9048800e+002  6.8400000e+002
  3.9118000e+002  6.9200000e+002
  3.9187200e+002  6.9200000e+002
  3.9255600e+002  6.8400000e+002
  3.9326000e+002  7.0400000e+002
  3.9394800e+002  6.8800000e+002
  3.9465600e+002  7.0800000e+002
  3.9535200e+002  6.9600000e+002
  3.9605200e+002  7.0000000e+002
  3.9675200e+002  7.0000000e+002
  3.9745600e+002  7.0400000e+002
  3.9815200e+002  6.9600000e+002
  3.9884400e+002  6.9200000e+002
  3.9954800e+002  7.0400000e+002
  4.0023200e+002  6.8400000e+002
  4.0092400e+002  6.9200000e+002
  4.0160000e+002  6.7600000e+002
  4.0228800e+002  6.8800000e+002
  4.0296800e+002  6.8000000e+002
  4.0364400e+002  6.7600000e+002
  4.0432000e+002  6.7600000e+002
  4.0500400e+002  6.8400000e+002
  4.0567600e+002  6.7200000e+002
  4.0634800e+002  6.7200000e+002
  4.0703200e+002  6.8400000e+002
  4.0771200e+002  6.8000000e+002
  4.0838800e+002  6.7600000e+002
  4.0905600e+002  6.6800000e+002
  4.0973200e+002  6.7600000e+002
  4.1041200e+002  6.8000000e+002
  4.1108000e+002  6.6800000e+002
  4.1175600e+002  6.7600000e+002
  4.1243600e+002  6.8000000e+002
  4.1311200e+002  6.7600000e+002
  4.1378400e+002  6.7200000e+002
  4.1446000e+002  6.7600000e+002
  4.1512800e+002  6.6800000e+002
  4.1580400e+002  6.7600000e+002
  4.1647200e+002  6.6800000e+002
  4.1714000e+002  6.6800000e+002
  4.1782000e+002  6.8000000e+002
  4.1848400e+002  6.6400000e+002
  4.1916800e+002  6.8400000e+002
  4.1984400e+002  6.7600000e+002
  4.2052400e+002  6.8000000e+002
  4.2120800e+002  6.8400000e+002
  4.2188800e+002  6.8000000e+002
  4.2258400e+002  6.9600000e+002
  4.2327200e+002  6.8800000e+002
  4.2397600e+002  7.0400000e+002
  4.2467200e+002  6.9600000e+002
  4.2537200e+002  7.0000000e+002
  4.2606800e+002  6.9600000e+002
  4.2676000e+002  6.9200000e+002
  4.2745200e+002  6.9200000e+002
  4.2814400e+002  6.9200000e+002
  4.2883200e+002  6.8800000e+002
  4.2952000e+002  6.8800000e+002
  4.3020400e+002  6.8400000e+002
  4.3088400e+002  6.8000000e+002
  4.3156800e+002  6.8400000e+002
  4.3224800e+002  6.8000000e+002
  4.3294400e+002  6.9600000e+002
  4.3362800e+002  6.8400000e+002
  4.3432400e+002  6.9600000e+002
  4.3501200e+002  6.8800000e+002
  4.3570400e+002  6.9200000e+002
  4.3639600e+002  6.9200000e+002
  4.3708000e+002  6.8400000e+002
  4.3776400e+002  6.8400000e+002
  4.3844800e+002  6.8400000e+002
  4.3912000e+002  6.7200000e+002
  4.3980000e+002  6.8000000e+002
  4.4048000e+002  6.8000000e+002
  4.4115600e+002  6.7600000e+002
  4.4183600e+002  6.8000000e+002
  4.4251600e+002  6.8000000e+002
  4.4319600e+002  6.8000000e+002
  4.4387200e+002  6.7600000e+002
  4.4454800e+002  6.7600000e+002
  4.4522400e+002  6.7600000e+002
  4.4565200e+002  4.2800000e+002
  4.4660400e+002  9.5200000e+002
  4.4728400e+002  6.8000000e+002
  4.4796000e+002  6.7600000e+002
  4.4864000e+002  6.8000000e+002
  4.4932000e+002  6.8000000e+002
  4.4999600e+002  6.7600000e+002
  4.5066800e+002  6.7200000e+002
  4.5134000e+002  6.7200000e+002
  4.5200800e+002  6.6800000e+002
  4.5267200e+002  6.6400000e+002
  4.5335200e+002  6.8000000e+002
  4.5402800e+002  6.7600000e+002
  4.5470400e+002  6.7600000e+002
  4.5537200e+002  6.6800000e+002
  4.5604400e+002  6.7200000e+002
  4.5672000e+002  6.7600000e+002
  4.5738400e+002  6.6400000e+002
  4.5805200e+002  6.6800000e+002
  4.5873200e+002  6.8000000e+002
  4.5940800e+002  6.7600000e+002
  4.6009200e+002  6.8400000e+002
  4.6076400e+002  6.7200000e+002
  4.6144400e+002  6.8000000e+002
  4.6212000e+002  6.7600000e+002
  4.6279200e+002  6.7200000e+002
  4.6347600e+002  6.8400000e+002
  4.6415200e+002  6.7600000e+002
  4.6483600e+002  6.8400000e+002
  4.6551200e+002  6.7600000e+002
  4.6619600e+002  6.8400000e+002
  4.6688400e+002  6.8800000e+002
  4.6756800e+002  6.8400000e+002
  4.6825600e+002  6.8800000e+002
  4.6893600e+002  6.8000000e+002
  4.6962800e+002  6.9200000e+002
  4.7031200e+002  6.8400000e+002
  4.7100000e+002  6.8800000e+002
  4.7168400e+002  6.8400000e+002
  4.7237200e+002  6.8800000e+002
  4.7305200e+002  6.8000000e+002
  4.7373200e+002  6.8000000e+002
  4.7441600e+002  6.8400000e+002
  4.7508400e+002  6.6800000e+002
  4.7576400e+002  6.8000000e+002
  4.7643600e+002  6.7200000e+002
  4.7711200e+002  6.7600000e+002
  4.7778400e+002  6.7200000e+002
  4.7846000e+002  6.7600000e+002
  4.7914000e+002  6.8000000e+002
  4.7981200e+002  6.7200000e+002
  4.8050400e+002  6.9200000e+002
  4.8118000e+002  6.7600000e+002
  4.8186000e+002  6.8000000e+002
  4.8254400e+002  6.8400000e+002
  4.8322800e+002  6.8400000e+002
  4.8391200e+002  6.8400000e+002
  4.8459600e+002  6.8400000e+002
  4.8527600e+002  6.8000000e+002
  4.8596000e+002  6.8400000e+002
  4.8664800e+002  6.8800000e+002
  4.8732400e+002  6.7600000e+002
  4.8801600e+002  6.9200000e+002
  4.8870000e+002  6.8400000e+002
  4.8939200e+002  6.9200000e+002
  4.9008000e+002  6.8800000e+002
  4.9076800e+002  6.8800000e+002
  4.9145200e+002  6.8400000e+002
  4.9213200e+002  6.8000000e+002
  4.9282400e+002  6.9200000e+002
  4.9350800e+002  6.8400000e+002
  4.9420000e+002  6.9200000e+002
  4.9488400e+002  6.8400000e+002
  4.9558000e+002  6.9600000e+002
  4.9626000e+002  6.8000000e+002
  4.9695600e+002  6.9600000e+002
  4.9764400e+002  6.8800000e+002
  4.9833600e+002  6.9200000e+002
  4.9902800e+002  6.9200000e+002
  4.9971600e+002  6.8800000e+002
  5.0041200e+002  6.9600000e+002
  5.0109600e+002  6.8400000e+002
  5.0179200e+002  6.9600000e+002
  5.0248400e+002  6.9200000e+002
  5.0316400e+002  6.8000000e+002
  5.0386000e+002  6.9600000e+002
  5.0454400e+002  6.8400000e+002
  5.0522800e+002  6.8400000e+002
  5.0590400e+002  6.7600000e+002
  5.0658000e+002  6.7600000e+002
  5.0727200e+002  6.9200000e+002
  5.0794400e+002  6.7200000e+002
  5.0862400e+002  6.8000000e+002
  5.0929600e+002  6.7200000e+002
  5.0997600e+002  6.8000000e+002
  5.1065600e+002  6.8000000e+002
  5.1132800e+002  6.7200000e+002
  5.1201200e+002  6.8400000e+002
  5.1268800e+002  6.7600000e+002
  5.1337600e+002  6.8800000e+002
  5.1405600e+002  6.8000000e+002
  5.1474400e+002  6.8800000e+002
  5.1542800e+002  6.8400000e+002
  5.1612400e+002  6.9600000e+002
  5.1681200e+002  6.8800000e+002
  5.1750400e+002  6.9200000e+002
  5.1819600e+002  6.9200000e+002
  5.1889600e+002  7.0000000e+002
  5.1959600e+002  7.0000000e+002
  5.2030000e+002  7.0400000e+002
  5.2100800e+002  7.0800000e+002
  5.2171600e+002  7.0800000e+002
  5.2241600e+002  7.0000000e+002
  5.2311600e+002  7.0000000e+002
  5.2381600e+002  7.0000000e+002
  5.2452400e+002  7.0800000e+002
  5.2522000e+002  6.9600000e+002
  5.2592800e+002  7.0800000e+002
  5.2662800e+002  7.0000000e+002
  5.2733600e+002  7.0800000e+002
  5.2803600e+002  7.0000000e+002
  5.2874400e+002  7.0800000e+002
  5.2944000e+002  6.9600000e+002
  5.3014400e+002  7.0400000e+002
  5.3083200e+002  6.8800000e+002
  5.3153600e+002  7.0400000e+002
  5.3222400e+002  6.8800000e+002
  5.3292400e+002  7.0000000e+002
  5.3360800e+002  6.8400000e+002
  5.3430400e+002  6.9600000e+002
  5.3499600e+002  6.9200000e+002
  5.3568400e+002  6.8800000e+002
  5.3636800e+002  6.8400000e+002
  5.3704800e+002  6.8000000e+002
  5.3772800e+002  6.8000000e+002
  5.3840800e+002  6.8000000e+002
  5.3907200e+002  6.6400000e+002
  5.3975600e+002  6.8400000e+002
  5.4043600e+002  6.8000000e+002
  5.4110800e+002  6.7200000e+002
  5.4180000e+002  6.9200000e+002
  5.4248800e+002  6.8800000e+002
  5.4316800e+002  6.8000000e+002
  5.4384800e+002  6.8000000e+002
  5.4454400e+002  6.9600000e+002
  5.4522000e+002  6.7600000e+002
  5.4590800e+002  6.8800000e+002
  5.4659600e+002  6.8800000e+002
  5.4727600e+002  6.8000000e+002
  5.4796000e+002  6.8400000e+002
  5.4864800e+002  6.8800000e+002
  5.4932800e+002  6.8000000e+002
  5.5001600e+002  6.8800000e+002
  5.5070400e+002  6.8800000e+002
  5.5139200e+002  6.8800000e+002
  5.5207200e+002  6.8000000e+002
  5.5275600e+002  6.8400000e+002
  5.5344000e+002  6.8400000e+002
  5.5412400e+002  6.8400000e+002
  5.5480000e+002  6.7600000e+002
  5.5548000e+002  6.8000000e+002
  5.5615600e+002  6.7600000e+002
  5.5684000e+002  6.8400000e+002
  5.5752400e+002  6.8400000e+002
  5.5820800e+002  6.8400000e+002
  5.5889200e+002  6.8400000e+002
  5.5957200e+002  6.8000000e+002
  5.6025200e+002  6.8000000e+002
  5.6092400e+002  6.7200000e+002
  5.6160400e+002  6.8000000e+002
  5.6227600e+002  6.7200000e+002
  5.6295200e+002  6.7600000e+002
  5.6364000e+002  6.8800000e+002
  5.6432000e+002  6.8000000e+002
  5.6500400e+002  6.8400000e+002
  5.6569200e+002  6.8800000e+002
  5.6638400e+002  6.9200000e+002
  5.6707200e+002  6.8800000e+002
  5.6776000e+002  6.8800000e+002
  5.6843200e+002  6.7200000e+002
  5.6911600e+002  6.8400000e+002
  5.6979600e+002  6.8000000e+002
  5.7048000e+002  6.8400000e+002
  5.7114000e+002  6.6000000e+002
  5.7182000e+002  6.8000000e+002
  5.7249600e+002  6.7600000e+002
  5.7316800e+002  6.7200000e+002
  5.7383200e+002  6.6400000e+002
  5.7450000e+002  6.6800000e+002
  5.7515200e+002  6.5200000e+002
  5.7581200e+002  6.6000000e+002
  5.7646800e+002  6.5600000e+002
  5.7712400e+002  6.5600000e+002
  5.7777600e+002  6.5200000e+002
  5.7842400e+002  6.4800000e+002
  5.7908000e+002  6.5600000e+002
  5.7972400e+002  6.4400000e+002
  5.8037600e+002  6.5200000e+002
  5.8103200e+002  6.5600000e+002
  5.8168800e+002  6.5600000e+002
  5.8234400e+002  6.5600000e+002
  5.8299600e+002  6.5200000e+002
  5.8365600e+002  6.6000000e+002
  5.8432000e+002  6.6400000e+002
  5.8498800e+002  6.6800000e+002
  5.8564800e+002  6.6000000e+002
  5.8631600e+002  6.6800000e+002
  5.8699200e+002  6.7600000e+002
  5.8765200e+002  6.6000000e+002
  5.8832000e+002  6.6800000e+002
  5.8899600e+002  6.7600000e+002
  5.8966800e+002  6.7200000e+002
  5.9033600e+002  6.6800000e+002
  5.9101200e+002  6.7600000e+002
  5.9168800e+002  6.7600000e+002
  5.9235600e+002  6.6800000e+002
  5.9303200e+002  6.7600000e+002
  5.9370800e+002  6.7600000e+002
  5.9437600e+002  6.6800000e+002
  5.9505200e+002  6.7600000e+002
  5.9572000e+002  6.6800000e+002
  5.9639600e+002  6.7600000e+002
  5.9707200e+002  6.7600000e+002
  5.9774400e+002  6.7200000e+002
  5.9842400e+002  6.8000000e+002
  5.9910000e+002  6.7600000e+002
  5.9977600e+002  6.7600000e+002
  6.0045200e+002  6.7600000e+002
  6.0114000e+002  6.8800000e+002
  6.0182400e+002  6.8400000e+002
  6.0250800e+002  6.8400000e+002
  6.0319200e+002  6.8400000e+002
  6.0387200e+002  6.8000000e+002
  6.0456000e+002  6.8800000e+002
  6.0523600e+002  6.7600000e+002
  6.0592000e+002  6.8400000e+002
  6.0659600e+002  6.7600000e+002
  6.0727600e+002  6.8000000e+002
  6.0794800e+002  6.7200000e+002
  6.0862800e+002  6.8000000e+002
  6.0929600e+002  6.6800000e+002
  6.0997200e+002  6.7600000e+002
  6.1064400e+002  6.7200000e+002
  6.1131600e+002  6.7200000e+002
  6.1199200e+002  6.7600000e+002
  6.1266000e+002  6.6800000e+002
  6.1333600e+002  6.7600000e+002
  6.1400800e+002  6.7200000e+002
  6.1467600e+002  6.6800000e+002
  6.1535600e+002  6.8000000e+002
  6.1602800e+002  6.7200000e+002
  6.1670000e+002  6.7200000e+002
  6.1738000e+002  6.8000000e+002
  6.1804000e+002  6.6000000e+002
  6.1871200e+002  6.7200000e+002
  6.1938800e+002  6.7600000e+002
  6.2005200e+002  6.6400000e+002
  6.2072800e+002  6.7600000e+002
  6.2140000e+002  6.7200000e+002
  6.2206400e+002  6.6400000e+002
  6.2274000e+002  6.7600000e+002
  6.2341200e+002  6.7200000e+002
  6.2409200e+002  6.8000000e+002
  6.2476800e+002  6.7600000e+002
  6.2544400e+002  6.7600000e+002
  6.2612800e+002  6.8400000e+002
  6.2680000e+002  6.7200000e+002
  6.2748400e+002  6.8400000e+002
  6.2816000e+002  6.7600000e+002
  6.2884400e+002  6.8400000e+002
  6.2952800e+002  6.8400000e+002
  6.3020000e+002  6.7200000e+002
  6.3088400e+002  6.8400000e+002
  6.3156000e+002  6.7600000e+002
  6.3224400e+002  6.8400000e+002
  6.3292800e+002  6.8400000e+002
  6.3360000e+002  6.7200000e+002
  6.3428800e+002  6.8800000e+002
  6.3496400e+002  6.7600000e+002
  6.3565200e+002  6.8800000e+002
  6.3634000e+002  6.8800000e+002
  6.3702400e+002  6.8400000e+002
  6.3771600e+002  6.9200000e+002
  6.3839200e+002  6.7600000e+002
  6.3908000e+002  6.8800000e+002
  6.3976000e+002  6.8000000e+002
  6.4043600e+002  6.7600000e+002
  6.4111200e+002  6.7600000e+002
  6.4177600e+002  6.6400000e+002
  6.4244800e+002  6.7200000e+002
  6.4312400e+002  6.7600000e+002
  6.4378400e+002  6.6000000e+002
  6.4445200e+002  6.6800000e+002
  6.4512400e+002  6.7200000e+002
  6.4579200e+002  6.6800000e+002
  6.4646000e+002  6.6800000e+002
  6.4713200e+002  6.7200000e+002
  6.4781200e+002  6.8000000e+002
  6.4848400e+002  6.7200000e+002
  6.4916400e+002  6.8000000e+002
  6.4983600e+002  6.7200000e+002
  6.5051600e+002  6.8000000e+002
  6.5119200e+002  6.7600000e+002
  6.5186400e+002  6.7200000e+002
  6.5254800e+002  6.8400000e+002
  6.5322400e+002  6.7600000e+002
  6.5390400e+002  6.8000000e+002
  6.5458000e+002  6.7600000e+002
  6.5526000e+002  6.8000000e+002
  6.5594400e+002  6.8400000e+002
  6.5662800e+002  6.8400000e+002
  6.5731200e+002  6.8400000e+002
  6.5800000e+002  6.8800000e+002
  6.5869200e+002  6.9200000e+002
  6.5938000e+002  6.8800000e+002
  6.6007600e+002  6.9600000e+002
  6.6076800e+002  6.9200000e+002
  6.6147200e+002  7.0400000e+002
  6.6217200e+002  7.0000000e+002
  6.6288000e+002  7.0800000e+002
  6.6358400e+002  7.0400000e+002
  6.6429600e+002  7.1200000e+002
  6.6500000e+002  7.0400000e+002
  6.6570800e+002  7.0800000e+002
  6.6641200e+002  7.0400000e+002
  6.6711200e+002  7.0000000e+002
  6.6782400e+002  7.1200000e+002
  6.6852400e+002  7.0000000e+002
  6.6923200e+002  7.0800000e+002
  6.6992800e+002  6.9600000e+002
  6.7063200e+002  7.0400000e+002
  6.7132000e+002  6.8800000e+002
  6.7202400e+002  7.0400000e+002
  6.7271200e+002  6.8800000e+002
  6.7340800e+002  6.9600000e+002
  6.7409200e+002  6.8400000e+002
  6.7478000e+002  6.8800000e+002
  6.7546400e+002  6.8400000e+002
  6.7614800e+002  6.8400000e+002
  6.7682800e+002  6.8000000e+002
  6.7750800e+002  6.8000000e+002
  6.7818800e+002  6.8000000e+002
  6.7886000e+002  6.7200000e+002
  6.7954400e+002  6.8400000e+002
  6.8021600e+002  6.7200000e+002
  6.8089600e+002  6.8000000e+002
  6.8157200e+002  6.7600000e+002
  6.8224800e+002  6.7600000e+002
  6.8292800e+002  6.8000000e+002
  6.8360800e+002  6.8000000e+002
  6.8428800e+002  6.8000000e+002
  6.8496800e+002  6.8000000e+002
  6.8565200e+002  6.8400000e+002
  6.8632800e+002  6.7600000e+002
  6.8700800e+002  6.8000000e+002
  6.8769200e+002  6.8400000e+002
  6.8836800e+002  6.7600000e+002
  6.8905200e+002  6.8400000e+002
  6.8973200e+002  6.8000000e+002
  6.9042000e+002  6.8800000e+002
  6.9110800e+002  6.8800000e+002
  6.9179600e+002  6.8800000e+002
  6.9248400e+002  6.8800000e+002
  6.9317600e+002  6.9200000e+002
  6.9387200e+002  6.9600000e+002
  6.9456400e+002  6.9200000e+002
  6.9526800e+002  7.0400000e+002
  6.9596400e+002  6.9600000e+002
  6.9667200e+002  7.0800000e+002
  6.9736800e+002  6.9600000e+002
  6.9807600e+002  7.0800000e+002
  6.9878000e+002  7.0400000e+002
  6.9949200e+002  7.1200000e+002
  7.0019200e+002  7.0000000e+002
  7.0090000e+002  7.0800000e+002
  7.0159600e+002  6.9600000e+002
  7.0228400e+002  6.8800000e+002
  7.0298400e+002  7.0000000e+002
  7.0367200e+002  6.8800000e+002
  7.0436000e+002  6.8800000e+002
  7.0504000e+002  6.8000000e+002
  7.0571600e+002  6.7600000e+002
  7.0639200e+002  6.7600000e+002
  7.0707200e+002  6.8000000e+002
  7.0774000e+002  6.6800000e+002
  7.0842000e+002  6.8000000e+002
  7.0909600e+002  6.7600000e+002
  7.0976400e+002  6.6800000e+002
  7.1044400e+002  6.8000000e+002
  7.1111200e+002  6.6800000e+002
  7.1178000e+002  6.6800000e+002
  7.1245200e+002  6.7200000e+002
  7.1311600e+002  6.6400000e+002
  7.1378400e+002  6.6800000e+002
  7.1444800e+002  6.6400000e+002
  7.1512000e+002  6.7200000e+002
  7.1578000e+002  6.6000000e+002
  7.1645200e+002  6.7200000e+002
  7.1711600e+002  6.6400000e+002
  7.1778000e+002  6.6400000e+002
  7.1845200e+002  6.7200000e+002
  7.1911600e+002  6.6400000e+002
  7.1978000e+002  6.6400000e+002
  7.2044400e+002  6.6400000e+002
  7.2111600e+002  6.7200000e+002
  7.2178000e+002  6.6400000e+002
  7.2244800e+002  6.6800000e+002
  7.2312000e+002  6.7200000e+002
  7.2378000e+002  6.6000000e+002
  7.2445200e+002  6.7200000e+002
  7.2511200e+002  6.6000000e+002
  7.2578000e+002  6.6800000e+002
  7.2644800e+002  6.6800000e+002
  7.2711200e+002  6.6400000e+002
  7.2778000e+002  6.6800000e+002
  7.2844800e+002  6.6800000e+002
  7.2911600e+002  6.6800000e+002
  7.2979200e+002  6.7600000e+002
  7.3045600e+002  6.6400000e+002
  7.3113200e+002  6.7600000e+002
  7.3180400e+002  6.7200000e+002
  7.3248400e+002  6.8000000e+002
  7.3316000e+002  6.7600000e+002
  7.3383600e+002  6.7600000e+002
  7.3451600e+002  6.8000000e+002
  7.3518800e+002  6.7200000e+002
  7.3587600e+002  6.8800000e+002
  7.3655600e+002  6.8000000e+002
  7.3724000e+002  6.8400000e+002
  7.3792400e+002  6.8400000e+002
  7.3860000e+002  6.7600000e+002
  7.3928400e+002  6.8400000e+002
  7.3996400e+002  6.8000000e+002
  7.4065200e+002  6.8800000e+002
  7.4133200e+002  6.8000000e+002
  7.4202000e+002  6.8800000e+002
  7.4270000e+002  6.8000000e+002
  7.4339600e+002  6.9600000e+002
  7.4408400e+002  6.8800000e+002
  7.4478000e+002  6.9600000e+002
  7.4546400e+002  6.8400000e+002
  7.4615600e+002  6.9200000e+002
  7.4684400e+002  6.8800000e+002
  7.4752800e+002  6.8400000e+002
  7.4821600e+002  6.8800000e+002
  7.4889200e+002  6.7600000e+002
  7.4958000e+002  6.8800000e+002
  7.5025600e+002  6.7600000e+002
  7.5094400e+002  6.8800000e+002
  7.5162000e+002  6.7600000e+002
  7.5230800e+002  6.8800000e+002
  7.5298000e+002  6.7200000e+002
  7.5366400e+002  6.8400000e+002
  7.5433600e+002  6.7200000e+002
  7.5500800e+002  6.7200000e+002
  7.5567200e+002  6.6400000e+002
  7.5635600e+002  6.8400000e+002
  7.5703200e+002  6.7600000e+002
  7.5770800e+002  6.7600000e+002
  7.5838400e+002  6.7600000e+002
  7.5905600e+002  6.7200000e+002
  7.5972800e+002  6.7200000e+002
  7.6039200e+002  6.6400000e+002
  7.6106000e+002  6.6800000e+002
  7.6172800e+002  6.6800000e+002
  7.6239600e+002  6.6800000e+002
  7.6306400e+002  6.6800000e+002
  7.6373200e+002  6.6800000e+002
  7.6439600e+002  6.6400000e+002
  7.6506400e+002  6.6800000e+002
  7.6573600e+002  6.7200000e+002
  7.6640400e+002  6.6800000e+002
  7.6707200e+002  6.6800000e+002
  7.6775200e+002  6.8000000e+002
  7.6843600e+002  6.8400000e+002
  7.6911200e+002  6.7600000e+002
  7.6979600e+002  6.8400000e+002
  7.7046400e+002  6.6800000e+002
  7.7114800e+002  6.8400000e+002
  7.7182800e+002  6.8000000e+002
  7.7249600e+002  6.6800000e+002
  7.7317200e+002  6.7600000e+002
  7.7384400e+002  6.7200000e+002
  7.7451200e+002  6.6800000e+002
  7.7518400e+002  6.7200000e+002
  7.7585200e+002  6.6800000e+002
  7.7653200e+002  6.8000000e+002
  7.7720400e+002  6.7200000e+002
  7.7787600e+002  6.7200000e+002
  7.7855600e+002  6.8000000e+002
  7.7922400e+002  6.6800000e+002
  7.7990400e+002  6.8000000e+002
  7.8058000e+002  6.7600000e+002
  7.8125600e+002  6.7600000e+002
  7.8193600e+002  6.8000000e+002
  7.8261600e+002  6.8000000e+002
  7.8329200e+002  6.7600000e+002
  7.8398000e+002  6.8800000e+002
  7.8465600e+002  6.7600000e+002
  7.8534400e+002  6.8800000e+002
  7.8602400e+002  6.8000000e+002
  7.8670400e+002  6.8000000e+002
  7.8739200e+002  6.8800000e+002
  7.8806000e+002  6.6800000e+002
  7.8873600e+002  6.7600000e+002
  7.8940800e+002  6.7200000e+002
  7.9008000e+002  6.7200000e+002
  7.9075200e+002  6.7200000e+002
  7.9141600e+002  6.6400000e+002
  7.9208800e+002  6.7200000e+002
  7.9275200e+002  6.6400000e+002
  7.9342800e+002  6.7600000e+002
  7.9409600e+002  6.6800000e+002
  7.9476400e+002  6.6800000e+002
  7.9544000e+002  6.7600000e+002
  7.9610800e+002  6.6800000e+002
  7.9678000e+002  6.7200000e+002
  7.9745600e+002  6.7600000e+002
  7.9813200e+002  6.7600000e+002
  7.9880400e+002  6.7200000e+002
  7.9947200e+002  6.6800000e+002
  8.0014800e+002  6.7600000e+002
  8.0082400e+002  6.7600000e+002
  8.0150000e+002  6.7600000e+002
  8.0216800e+002  6.6800000e+002
  8.0284000e+002  6.7200000e+002
  8.0350800e+002  6.6800000e+002
  8.0417200e+002  6.6400000e+002
  8.0484400e+002  6.7200000e+002
  8.0550800e+002  6.6400000e+002
  8.0618000e+002  6.7200000e+002
  8.0685200e+002  6.7200000e+002
  8.0751200e+002  6.6000000e+002
  8.0818400e+002  6.7200000e+002
  8.0885600e+002  6.7200000e+002
  8.0952400e+002  6.6800000e+002
  8.1019200e+002  6.6800000e+002
  8.1086000e+002  6.6800000e+002
  8.1153600e+002  6.7600000e+002
  8.1220400e+002  6.6800000e+002
  8.1288400e+002  6.8000000e+002
  8.1356000e+002  6.7600000e+002
  8.1424400e+002  6.8400000e+002
  8.1492800e+002  6.8400000e+002
  8.1562000e+002  6.9200000e+002
  8.1630800e+002  6.8800000e+002
  8.1699200e+002  6.8400000e+002
  8.1766000e+002  6.6800000e+002
  8.1833600e+002  6.7600000e+002
  8.1901200e+002  6.7600000e+002
  8.1968400e+002  6.7200000e+002
  8.2036400e+002  6.8000000e+002
  8.2102800e+002  6.6400000e+002
  8.2170000e+002  6.7200000e+002
  8.2236800e+002  6.6800000e+002
  8.2303600e+002  6.6800000e+002
  8.2370400e+002  6.6800000e+002
  8.2436400e+002  6.6000000e+002
  8.2502400e+002  6.6000000e+002
  8.2567200e+002  6.4800000e+002
  8.2632800e+002  6.5600000e+002
  8.2698400e+002  6.5600000e+002
  8.2764000e+002  6.5600000e+002
  8.2829200e+002  6.5200000e+002
  8.2894400e+002  6.5200000e+002
  8.2959200e+002  6.4800000e+002
  8.3023200e+002  6.4000000e+002
  8.3088400e+002  6.5200000e+002
  8.3153600e+002  6.5200000e+002
  8.3218800e+002  6.5200000e+002
  8.3283600e+002  6.4800000e+002
  8.3348400e+002  6.4800000e+002
  8.3412800e+002  6.4400000e+002
  8.3478000e+002  6.5200000e+002
  8.3542800e+002  6.4800000e+002
  8.3606800e+002  6.4000000e+002
  8.3671200e+002  6.4400000e+002
  8.3735200e+002  6.4000000e+002
  8.3799200e+002  6.4000000e+002
  8.3864000e+002  6.4800000e+002
  8.3929200e+002  6.5200000e+002
  8.3994800e+002  6.5600000e+002
  8.4060000e+002  6.5200000e+002
  8.4125200e+002  6.5200000e+002
  8.4191600e+002  6.6400000e+002
  8.4257600e+002  6.6000000e+002
  8.4323600e+002  6.6000000e+002
  8.4390000e+002  6.6400000e+002
  8.4456800e+002  6.6800000e+002
  8.4524000e+002  6.7200000e+002
  8.4591200e+002  6.7200000e+002
  8.4658000e+002  6.6800000e+002
  8.4724400e+002  6.6400000e+002
  8.4791600e+002  6.7200000e+002
  8.4858000e+002  6.6400000e+002
  8.4924000e+002  6.6000000e+002
  8.4990400e+002  6.6400000e+002
  8.5057200e+002  6.6800000e+002
  8.5124000e+002  6.6800000e+002
  8.5190000e+002  6.6000000e+002
  8.5256400e+002  6.6400000e+002
  8.5323600e+002  6.7200000e+002
  8.5390400e+002  6.6800000e+002
  8.5457600e+002  6.7200000e+002
  8.5525200e+002  6.7600000e+002
  8.5592000e+002  6.6800000e+002
  8.5658800e+002  6.6800000e+002
  8.5726400e+002  6.7600000e+002
  8.5793200e+002  6.6800000e+002
  8.5860400e+002  6.7200000e+002
  8.5927200e+002  6.6800000e+002
  8.5994000e+002  6.6800000e+002
  8.6060800e+002  6.6800000e+002
  8.6127200e+002  6.6400000e+002
  8.6194000e+002  6.6800000e+002
  8.6261200e+002  6.7200000e+002
  8.6328400e+002  6.7200000e+002
  8.6395200e+002  6.6800000e+002
  8.6461600e+002  6.6400000e+002
  8.6528800e+002  6.7200000e+002
  8.6595600e+002  6.6800000e+002
  8.6663200e+002  6.7600000e+002
  8.6729600e+002  6.6400000e+002
  8.6797600e+002  6.8000000e+002
  8.6864400e+002  6.6800000e+002
  8.6931200e+002  6.6800000e+002
  8.6998000e+002  6.6800000e+002
  8.7065200e+002  6.7200000e+002
  8.7132000e+002  6.6800000e+002
  8.7198800e+002  6.6800000e+002
  8.7264800e+002  6.6000000e+002
  8.7330400e+002  6.5600000e+002
  8.7394800e+002  6.4400000e+002
  8.7460000e+002  6.5200000e+002
  8.7525600e+002  6.5600000e+002
  8.7590800e+002  6.5200000e+002
  8.7656000e+002  6.5200000e+002
  8.7721600e+002  6.5600000e+002
  8.7786400e+002  6.4800000e+002
  8.7852400e+002  6.6000000e+002
  8.7918000e+002  6.5600000e+002
  8.7983200e+002  6.5200000e+002
  8.8049600e+002  6.6400000e+002
  8.8116400e+002  6.6800000e+002
  8.8183200e+002  6.6800000e+002
  8.8249600e+002  6.6400000e+002
  8.8316800e+002  6.7200000e+002
  8.8384400e+002  6.7600000e+002
  8.8452400e+002  6.8000000e+002
  8.8519600e+002  6.7200000e+002
  8.8587200e+002  6.7600000e+002
  8.8655600e+002  6.8400000e+002
  8.8723600e+002  6.8000000e+002
  8.8790800e+002  6.7200000e+002
  8.8859200e+002  6.8400000e+002
  8.8927200e+002  6.8000000e+002
  8.8994000e+002  6.6800000e+002
  8.9061200e+002  6.7200000e+002
  8.9129200e+002  6.8000000e+002
  8.9197200e+002  6.8000000e+002
  8.9265200e+002  6.8000000e+002
  8.9332000e+002  6.6800000e+002
  8.9399600e+002  6.7600000e+002
  8.9468000e+002  6.8400000e+002
  8.9536000e+002  6.8000000e+002
  8.9603200e+002  6.7200000e+002
  8.9672000e+002  6.8800000e+002
  8.9740000e+002  6.8000000e+002
  8.9807600e+002  6.7600000e+002
  8.9876000e+002  6.8400000e+002
  8.9943600e+002  6.7600000e+002
  9.0011600e+002  6.8000000e+002
  9.0079200e+002  6.7600000e+002
  9.0146400e+002  6.7200000e+002
  9.0214400e+002  6.8000000e+002
  9.0281600e+002  6.7200000e+002
  9.0349200e+002  6.7600000e+002
  9.0416800e+002  6.7600000e+002
  9.0484400e+002  6.7600000e+002
  9.0552400e+002  6.8000000e+002
  9.0619600e+002  6.7200000e+002
  9.0687600e+002  6.8000000e+002
  9.0754400e+002  6.6800000e+002
  9.0822000e+002  6.7600000e+002
  9.0889200e+002  6.7200000e+002
  9.0956000e+002  6.6800000e+002
  9.1023200e+002  6.7200000e+002
  9.1089600e+002  6.6400000e+002
  9.1156800e+002  6.7200000e+002
  9.1223600e+002  6.6800000e+002
  9.1290800e+002  6.7200000e+002
  9.1357200e+002  6.6400000e+002
  9.1424800e+002  6.7600000e+002
  9.1491600e+002  6.6800000e+002
  9.1559600e+002  6.8000000e+002
  9.1627200e+002  6.7600000e+002
  9.1695200e+002  6.8000000e+002
  9.1763200e+002  6.8000000e+002
  9.1832400e+002  6.9200000e+002
  9.1900400e+002  6.8000000e+002
  9.1969600e+002  6.9200000e+002
  9.2038000e+002  6.8400000e+002
  9.2107200e+002  6.9200000e+002
  9.2176000e+002  6.8800000e+002
  9.2245200e+002  6.9200000e+002
  9.2314000e+002  6.8800000e+002
  9.2383200e+002  6.9200000e+002
  9.2451600e+002  6.8400000e+002
  9.2520800e+002  6.9200000e+002
  9.2589200e+002  6.8400000e+002
  9.2658400e+002  6.9200000e+002
  9.2727600e+002  6.9200000e+002
  9.2797200e+002  6.9600000e+002
  9.2865600e+002  6.8400000e+002
  9.2934800e+002  6.9200000e+002
  9.3002400e+002  6.7600000e+002
  9.3070800e+002  6.8400000e+002
  9.3137600e+002  6.6800000e+002
  9.3205200e+002  6.7600000e+002
  9.3272000e+002  6.6800000e+002
  9.3338800e+002  6.6800000e+002
  9.3404800e+002  6.6000000e+002
  9.3471600e+002  6.6800000e+002
  9.3538000e+002  6.6400000e+002
  9.3604400e+002  6.6400000e+002
  9.3671200e+002  6.6800000e+002
  9.3737200e+002  6.6000000e+002
  9.3804000e+002  6.6800000e+002
  9.3870000e+002  6.6000000e+002
  9.3937600e+002  6.7600000e+002
  9.4004800e+002  6.7200000e+002
  9.4071600e+002  6.6800000e+002
  9.4139600e+002  6.8000000e+002
  9.4206400e+002  6.6800000e+002
  9.4275200e+002  6.8800000e+002
  9.4342800e+002  6.7600000e+002
  9.4410000e+002  6.7200000e+002
  9.4478800e+002  6.8800000e+002
  9.4547200e+002  6.8400000e+002
  9.4614400e+002  6.7200000e+002
  9.4683200e+002  6.8800000e+002
  9.4750800e+002  6.7600000e+002
  9.4818800e+002  6.8000000e+002
  9.4887200e+002  6.8400000e+002
  9.4954800e+002  6.7600000e+002
  9.5022400e+002  6.7600000e+002
  9.5090800e+002  6.8400000e+002
  9.5157600e+002  6.6800000e+002
  9.5225600e+002  6.8000000e+002
  9.5292800e+002  6.7200000e+002
  9.5359600e+002  6.6800000e+002
  9.5426800e+002  6.7200000e+002
  9.5493200e+002  6.6400000e+002
  9.5560800e+002  6.7600000e+002
  9.5627200e+002  6.6400000e+002
  9.5694800e+002  6.7600000e+002
  9.5762800e+002  6.8000000e+002
  9.5829600e+002  6.6800000e+002
  9.5897600e+002  6.8000000e+002
  9.5965200e+002  6.7600000e+002
  9.6032800e+002  6.7600000e+002
  9.6100400e+002  6.7600000e+002
  9.6168800e+002  6.8400000e+002
  9.6236400e+002  6.7600000e+002
  9.6305200e+002  6.8800000e+002
  9.6373200e+002  6.8000000e+002
  9.6441600e+002  6.8400000e+002
  9.6510400e+002  6.8800000e+002
  9.6577600e+002  6.7200000e+002
  9.6645600e+002  6.8000000e+002
  9.6713600e+002  6.8000000e+002
  9.6780400e+002  6.6800000e+002
  9.6848400e+002  6.8000000e+002
  9.6917600e+002  6.9200000e+002
  9.6985200e+002  6.7600000e+002
  9.7053600e+002  6.8400000e+002
  9.7122400e+002  6.8800000e+002
  9.7190000e+002  6.7600000e+002
  9.7258400e+002  6.8400000e+002
  9.7326400e+002  6.8000000e+002
  9.7393200e+002  6.6800000e+002
  9.7461200e+002  6.8000000e+002
  9.7528400e+002  6.7200000e+002
  9.7596400e+002  6.8000000e+002
  9.7664000e+002  6.7600000e+002
  9.7731200e+002  6.7200000e+002
  9.7798800e+002  6.7600000e+002
  9.7865600e+002  6.6800000e+002
  9.7932400e+002  6.6800000e+002
  9.8000400e+002  6.8000000e+002
  9.8067200e+002  6.6800000e+002
  9.8135600e+002  6.8400000e+002
  9.8202400e+002  6.6800000e+002
  9.8270800e+002  6.8400000e+002
  9.8338400e+002  6.7600000e+002
  9.8407200e+002  6.8800000e+002
  9.8475200e+002  6.8000000e+002
  9.8543200e+002  6.8000000e+002
  9.8611200e+002  6.8000000e+002
  9.8679200e+002  6.8000000e+002
  9.8747600e+002  6.8400000e+002
  9.8814800e+002  6.7200000e+002
  9.8882800e+002  6.8000000e+002
  9.8950400e+002  6.7600000e+002
  9.9016800e+002  6.6400000e+002
  9.9083600e+002  6.6800000e+002
  9.9150400e+002  6.6800000e+002
  9.9216800e+002  6.6400000e+002
  9.9283600e+002  6.6800000e+002
  9.9349600e+002  6.6000000e+002
  9.9416400e+002  6.6800000e+002
  9.9482800e+002  6.6400000e+002
  9.9549600e+002  6.6800000e+002
  9.9616800e+002  6.7200000e+002
  9.9684400e+002  6.7600000e+002
  9.9751200e+002  6.6800000e+002
  9.9818400e+002  6.7200000e+002
  9.9886400e+002  6.8000000e+002
  9.9954000e+002  6.7600000e+002
  1.0002200e+003  6.8000000e+002
  1.0008960e+003  6.7600000e+002
  1.0015640e+003  6.6800000e+002
  1.0022360e+003  6.7200000e+002
  1.0029080e+003  6.7200000e+002
  1.0035720e+003  6.6400000e+002
  1.0042440e+003  6.7200000e+002
  1.0049000e+003  6.5600000e+002
  1.0055640e+003  6.6400000e+002
  1.0062240e+003  6.6000000e+002
  1.0068840e+003  6.6000000e+002
  1.0075400e+003  6.5600000e+002
  1.0081880e+003  6.4800000e+002
  1.0088280e+003  6.4000000e+002
  1.0094720e+003  6.4400000e+002
  1.0101120e+003  6.4000000e+002
  1.0107560e+003  6.4400000e+002
  1.0114040e+003  6.4800000e+002
  1.0120520e+003  6.4800000e+002
  1.0127000e+003  6.4800000e+002
  1.0133440e+003  6.4400000e+002
  1.0139960e+003  6.5200000e+002
  1.0146440e+003  6.4800000e+002
  1.0152880e+003  6.4400000e+002
  1.0159400e+003  6.5200000e+002
  1.0165880e+003  6.4800000e+002
  1.0172400e+003  6.5200000e+002
  1.0178960e+003  6.5600000e+002
  1.0185520e+003  6.5600000e+002
  1.0192080e+003  6.5600000e+002
  1.0198720e+003  6.6400000e+002
  1.0205200e+003  6.4800000e+002
  1.0211840e+003  6.6400000e+002
  1.0218400e+003  6.5600000e+002
  1.0224920e+003  6.5200000e+002
  1.0231480e+003  6.5600000e+002
  1.0238000e+003  6.5200000e+002
  1.0244440e+003  6.4400000e+002
  1.0250960e+003  6.5200000e+002
  1.0257440e+003  6.4800000e+002
  1.0263920e+003  6.4800000e+002
  1.0270360e+003  6.4400000e+002
  1.0276800e+003  6.4400000e+002
  1.0283120e+003  6.3200000e+002
  1.0289560e+003  6.4400000e+002
  1.0295920e+003  6.3600000e+002
  1.0302240e+003  6.3200000e+002
  1.0308480e+003  6.2400000e+002
  1.0314800e+003  6.3200000e+002
  1.0321160e+003  6.3600000e+002
  1.0327560e+003  6.4000000e+002
  1.0333960e+003  6.4000000e+002
  1.0340360e+003  6.4000000e+002
  1.0346760e+003  6.4000000e+002
  1.0353160e+003  6.4000000e+002
  1.0359480e+003  6.3200000e+002
  1.0365760e+003  6.2800000e+002
  1.0372120e+003  6.3600000e+002
  1.0378400e+003  6.2800000e+002
  1.0384720e+003  6.3200000e+002
  1.0391040e+003  6.3200000e+002
  1.0397360e+003  6.3200000e+002
  1.0403680e+003  6.3200000e+002
  1.0410040e+003  6.3600000e+002
  1.0416400e+003  6.3600000e+002
  1.0422760e+003  6.3600000e+002
  1.0429160e+003  6.4000000e+002
  1.0435600e+003  6.4400000e+002
  1.0442000e+003  6.4000000e+002
  1.0448480e+003  6.4800000e+002
  1.0454920e+003  6.4400000e+002
  1.0461400e+003  6.4800000e+002
  1.0467880e+003  6.4800000e+002
  1.0474360e+003  6.4800000e+002
  1.0480920e+003  6.5600000e+002
  1.0487400e+003  6.4800000e+002
  1.0493920e+003  6.5200000e+002
  1.0500480e+003  6.5600000e+002
  1.0507000e+003  6.5200000e+002
  1.0513560e+003  6.5600000e+002
  1.0520080e+003  6.5200000e+002
  1.0526640e+003  6.5600000e+002
  1.0533120e+003  6.4800000e+002
  1.0539640e+003  6.5200000e+002
  1.0546120e+003  6.4800000e+002
  1.0552600e+003  6.4800000e+002
  1.0559080e+003  6.4800000e+002
  1.0565560e+003  6.4800000e+002
  1.0572000e+003  6.4400000e+002
  1.0578440e+003  6.4400000e+002
  1.0584960e+003  6.5200000e+002
  1.0591400e+003  6.4400000e+002
  1.0597840e+003  6.4400000e+002
  1.0604360e+003  6.5200000e+002
  1.0610840e+003  6.4800000e+002
  1.0617320e+003  6.4800000e+002
  1.0623800e+003  6.4800000e+002
  1.0630280e+003  6.4800000e+002
  1.0636760e+003  6.4800000e+002
  1.0643280e+003  6.5200000e+002
  1.0649800e+003  6.5200000e+002
  1.0656360e+003  6.5600000e+002
  1.0662920e+003  6.5600000e+002
  1.0669520e+003  6.6000000e+002
  1.0676120e+003  6.6000000e+002
  1.0682760e+003  6.6400000e+002
  1.0689360e+003  6.6000000e+002
  1.0696000e+003  6.6400000e+002
  1.0702640e+003  6.6400000e+002
  1.0709200e+003  6.5600000e+002
  1.0715920e+003  6.7200000e+002
  1.0722520e+003  6.6000000e+002
  1.0729120e+003  6.6000000e+002
  1.0735800e+003  6.6800000e+002
  1.0742400e+003  6.6000000e+002
  1.0749080e+003  6.6800000e+002
  1.0755680e+003  6.6000000e+002
  1.0762360e+003  6.6800000e+002
  1.0768920e+003  6.5600000e+002
  1.0775520e+003  6.6000000e+002
  1.0782080e+003  6.5600000e+002
  1.0788640e+003  6.5600000e+002
  1.0795240e+003  6.6000000e+002
  1.0801880e+003  6.6400000e+002
  1.0808480e+003  6.6000000e+002
  1.0815040e+003  6.5600000e+002
  1.0821720e+003  6.6800000e+002
  1.0828320e+003  6.6000000e+002
  1.0834960e+003  6.6400000e+002
  1.0841520e+003  6.5600000e+002
  1.0848160e+003  6.6400000e+002
  1.0854800e+003  6.6400000e+002
  1.0861480e+003  6.6800000e+002
  1.0868240e+003  6.7600000e+002
  1.0875000e+003  6.7600000e+002
  1.0881720e+003  6.7200000e+002
  1.0888360e+003  6.6400000e+002
  1.0895120e+003  6.7600000e+002
  1.0901760e+003  6.6400000e+002
  1.0908440e+003  6.6800000e+002
  1.0915040e+003  6.6000000e+002
  1.0921680e+003  6.6400000e+002
  1.0928320e+003  6.6400000e+002
  1.0934960e+003  6.6400000e+002
  1.0941520e+003  6.5600000e+002
  1.0948080e+003  6.5600000e+002
  1.0954680e+003  6.6000000e+002
  1.0961240e+003  6.5600000e+002
  1.0967800e+003  6.5600000e+002
  1.0974320e+003  6.5200000e+002
  1.0980840e+003  6.5200000e+002
  1.0987280e+003  6.4400000e+002
  1.0993680e+003  6.4000000e+002
  1.1000120e+003  6.4400000e+002
  1.1006520e+003  6.4000000e+002
  1.1012960e+003  6.4400000e+002
  1.1019360e+003  6.4000000e+002
  1.1025760e+003  6.4000000e+002
  1.1032200e+003  6.4400000e+002
  1.1038640e+003  6.4400000e+002
  1.1045160e+003  6.5200000e+002
  1.1051680e+003  6.5200000e+002
  1.1058280e+003  6.6000000e+002
  1.1064840e+003  6.5600000e+002
  1.1071440e+003  6.6000000e+002
  1.1077920e+003  6.4800000e+002
  1.1084480e+003  6.5600000e+002
  1.1091040e+003  6.5600000e+002
  1.1097560e+003  6.5200000e+002
  1.1104080e+003  6.5200000e+002
  1.1110600e+003  6.5200000e+002
  1.1117120e+003  6.5200000e+002
  1.1123640e+003  6.5200000e+002
  1.1130160e+003  6.5200000e+002
  1.1136640e+003  6.4800000e+002
  1.1143000e+003  6.3600000e+002
  1.1149360e+003  6.3600000e+002
  1.1155680e+003  6.3200000e+002
  1.1162040e+003  6.3600000e+002
  1.1168400e+003  6.3600000e+002
  1.1174720e+003  6.3200000e+002
  1.1181080e+003  6.3600000e+002
  1.1187400e+003  6.3200000e+002
  1.1193720e+003  6.3200000e+002
  1.1200120e+003  6.4000000e+002
  1.1206440e+003  6.3200000e+002
  1.1212920e+003  6.4800000e+002
  1.1219360e+003  6.4400000e+002
  1.1225760e+003  6.4000000e+002
  1.1232280e+003  6.5200000e+002
  1.1238680e+003  6.4000000e+002
  1.1245160e+003  6.4800000e+002
  1.1251680e+003  6.5200000e+002
  1.1258080e+003  6.4000000e+002
  1.1264600e+003  6.5200000e+002
  1.1271040e+003  6.4400000e+002
  1.1277520e+003  6.4800000e+002
  1.1283920e+003  6.4000000e+002
  1.1290360e+003  6.4400000e+002
  1.1296760e+003  6.4000000e+002
  1.1303200e+003  6.4400000e+002
  1.1309560e+003  6.3600000e+002
  1.1316080e+003  6.5200000e+002
  1.1322560e+003  6.4800000e+002
  1.1329000e+003  6.4400000e+002
  1.1335600e+003  6.6000000e+002
  1.1342120e+003  6.5200000e+002
  1.1348600e+003  6.4800000e+002
  1.1355240e+003  6.6400000e+002
  1.1361680e+003  6.4400000e+002
  1.1368200e+003  6.5200000e+002
  1.1374840e+003  6.6400000e+002
  1.1381360e+003  6.5200000e+002
  1.1387960e+003  6.6000000e+002
  1.1394520e+003  6.5600000e+002
  1.1401000e+003  6.4800000e+002
  1.1407640e+003  6.6400000e+002
  1.1414120e+003  6.4800000e+002
  1.1420680e+003  6.5600000e+002
  1.1427200e+003  6.5200000e+002
  1.1433720e+003  6.5200000e+002
  1.1440240e+003  6.5200000e+002
  1.1446720e+003  6.4800000e+002
  1.1453240e+003  6.5200000e+002
  1.1459720e+003  6.4800000e+002
  1.1466280e+003  6.5600000e+002
  1.1472840e+003  6.5600000e+002
  1.1479440e+003  6.6000000e+002
  1.1485920e+003  6.4800000e+002
  1.1492520e+003  6.6000000e+002
  1.1499000e+003  6.4800000e+002
  1.1505560e+003  6.5600000e+002
  1.1512080e+003  6.5200000e+002
  1.1518560e+003  6.4800000e+002
  1.1525120e+003  6.5600000e+002
  1.1531640e+003  6.5200000e+002
  1.1538240e+003  6.6000000e+002
  1.1544760e+003  6.5200000e+002
  1.1551360e+003  6.6000000e+002
  1.1558000e+003  6.6400000e+002
  1.1564600e+003  6.6000000e+002
  1.1571200e+003  6.6000000e+002
  1.1577800e+003  6.6000000e+002
  1.1584400e+003  6.6000000e+002
  1.1590920e+003  6.5200000e+002
  1.1597520e+003  6.6000000e+002
  1.1603960e+003  6.4400000e+002
  1.1610560e+003  6.6000000e+002
  1.1617000e+003  6.4400000e+002
  1.1623520e+003  6.5200000e+002
  1.1629960e+003  6.4400000e+002
  1.1636480e+003  6.5200000e+002
  1.1642920e+003  6.4400000e+002
  1.1649400e+003  6.4800000e+002
  1.1655800e+003  6.4000000e+002
  1.1662200e+003  6.4000000e+002
  1.1668680e+003  6.4800000e+002
  1.1675080e+003  6.4000000e+002
  1.1681440e+003  6.3600000e+002
  1.1687920e+003  6.4800000e+002
  1.1694360e+003  6.4400000e+002
  1.1700720e+003  6.3600000e+002
  1.1707320e+003  6.6000000e+002
  1.1713840e+003  6.5200000e+002
  1.1720400e+003  6.5600000e+002
  1.1726880e+003  6.4800000e+002
  1.1733360e+003  6.4800000e+002
  1.1739840e+003  6.4800000e+002
  1.1746240e+003  6.4000000e+002
  1.1752640e+003  6.4000000e+002
  1.1759040e+003  6.4000000e+002
  1.1765360e+003  6.3200000e+002
  1.1771760e+003  6.4000000e+002
  1.1778160e+003  6.4000000e+002
  1.1784480e+003  6.3200000e+002
  1.1790840e+003  6.3600000e+002
  1.1797240e+003  6.4000000e+002
  1.1803560e+003  6.3200000e+002
  1.1809920e+003  6.3600000e+002
  1.1816360e+003  6.4400000e+002
  1.1822720e+003  6.3600000e+002
  1.1829120e+003  6.4000000e+002
  1.1835520e+003  6.4000000e+002
  1.1841880e+003  6.3600000e+002
  1.1848280e+003  6.4000000e+002
  1.1854680e+003  6.4000000e+002
  1.1861040e+003  6.3600000e+002
  1.1867440e+003  6.4000000e+002
  1.1873800e+003  6.3600000e+002
  1.1880200e+003  6.4000000e+002
  1.1886600e+003  6.4000000e+002
  1.1892920e+003  6.3200000e+002
  1.1899320e+003  6.4000000e+002
  1.1905680e+003  6.3600000e+002
  1.1912080e+003  6.4000000e+002
  1.1918400e+003  6.3200000e+002
  1.1924800e+003  6.4000000e+002
  1.1931200e+003  6.4000000e+002
  1.1937640e+003  6.4400000e+002
  1.1944080e+003  6.4400000e+002
  1.1950560e+003  6.4800000e+002
  1.1956960e+003  6.4000000e+002
  1.1963480e+003  6.5200000e+002
  1.1969920e+003  6.4400000e+002
  1.1976360e+003  6.4400000e+002
  1.1982880e+003  6.5200000e+002
  1.1989360e+003  6.4800000e+002
  1.1995840e+003  6.4800000e+002
  1.2002280e+003  6.4400000e+002
  1.2008680e+003  6.4000000e+002
  1.2015080e+003  6.4000000e+002
  1.2021440e+003  6.3600000e+002
  1.2027760e+003  6.3200000e+002
  1.2034160e+003  6.4000000e+002
  1.2040400e+003  6.2400000e+002
  1.2046680e+003  6.2800000e+002
  1.2052960e+003  6.2800000e+002
  1.2059240e+003  6.2800000e+002
  1.2065520e+003  6.2800000e+002
  1.2071720e+003  6.2000000e+002
  1.2078000e+003  6.2800000e+002
  1.2084240e+003  6.2400000e+002
  1.2090520e+003  6.2800000e+002
  1.2096680e+003  6.1600000e+002
  1.2102920e+003  6.2400000e+002
  1.2109120e+003  6.2000000e+002
  1.2115360e+003  6.2400000e+002
  1.2121560e+003  6.2000000e+002
  1.2127720e+003  6.1600000e+002
  1.2133880e+003  6.1600000e+002
  1.2140040e+003  6.1600000e+002
  1.2146200e+003  6.1600000e+002
  1.2152360e+003  6.1600000e+002
  1.2158480e+003  6.1200000e+002
  1.2164680e+003  6.2000000e+002
  1.2170840e+003  6.1600000e+002
  1.2177000e+003  6.1600000e+002
  1.2183240e+003  6.2400000e+002
  1.2189440e+003  6.2000000e+002
  1.2195680e+003  6.2400000e+002
  1.2201960e+003  6.2800000e+002
  1.2208240e+003  6.2800000e+002
  1.2214520e+003  6.2800000e+002
  1.2220840e+003  6.3200000e+002
  1.2227120e+003  6.2800000e+002
  1.2233520e+003  6.4000000e+002
  1.2239880e+003  6.3600000e+002
  1.2246280e+003  6.4000000e+002
  1.2252680e+003  6.4000000e+002
  1.2259080e+003  6.4000000e+002
  1.2265480e+003  6.4000000e+002
  1.2271880e+003  6.4000000e+002
  1.2278320e+003  6.4400000e+002
  1.2284720e+003  6.4000000e+002
  1.2290960e+003  6.2400000e+002
  1.2297280e+003  6.3200000e+002
  1.2303600e+003  6.3200000e+002
  1.2309920e+003  6.3200000e+002
  1.2316160e+003  6.2400000e+002
  1.2322480e+003  6.3200000e+002
  1.2328800e+003  6.3200000e+002
  1.2335080e+003  6.2800000e+002
  1.2341360e+003  6.2800000e+002
  1.2347560e+003  6.2000000e+002
  1.2353800e+003  6.2400000e+002
  1.2360040e+003  6.2400000e+002
  1.2366200e+003  6.1600000e+002
  1.2372400e+003  6.2000000e+002
  1.2378600e+003  6.2000000e+002
  1.2384800e+003  6.2000000e+002
  1.2391000e+003  6.2000000e+002
  1.2397280e+003  6.2800000e+002
  1.2403560e+003  6.2800000e+002
  1.2409840e+003  6.2800000e+002
  1.2416080e+003  6.2400000e+002
  1.2422280e+003  6.2000000e+002
  1.2428520e+003  6.2400000e+002
  1.2434800e+003  6.2800000e+002
  1.2441000e+003  6.2000000e+002
  1.2447240e+003  6.2400000e+002
  1.2453520e+003  6.2800000e+002
  1.2459680e+003  6.1600000e+002
  1.2465880e+003  6.2000000e+002
  1.2472040e+003  6.1600000e+002
  1.2478200e+003  6.1600000e+002
  1.2484440e+003  6.2400000e+002
  1.2490640e+003  6.2000000e+002
  1.2496880e+003  6.2400000e+002
  1.2503040e+003  6.1600000e+002
  1.2509160e+003  6.1200000e+002
  1.2515320e+003  6.1600000e+002
  1.2521440e+003  6.1200000e+002
  1.2527600e+003  6.1600000e+002
  1.2533680e+003  6.0800000e+002
  1.2539960e+003  6.2800000e+002
  1.2546120e+003  6.1600000e+002
  1.2550960e+003  4.8400000e+002
  1.2558120e+003  7.1600000e+002
  1.2564360e+003  6.2400000e+002
  1.2570480e+003  6.1200000e+002
  1.2576840e+003  6.3600000e+002
  1.2583040e+003  6.2000000e+002
  1.2589240e+003  6.2000000e+002
  1.2595600e+003  6.3600000e+002
  1.2601880e+003  6.2800000e+002
  1.2608160e+003  6.2800000e+002
  1.2614440e+003  6.2800000e+002
  1.2620720e+003  6.2800000e+002
  1.2627000e+003  6.2800000e+002
  1.2633240e+003  6.2400000e+002
  1.2639600e+003  6.3600000e+002
  1.2645840e+003  6.2400000e+002
  1.2652200e+003  6.3600000e+002
  1.2658440e+003  6.2400000e+002
  1.2664800e+003  6.3600000e+002
  1.2671080e+003  6.2800000e+002
  1.2677400e+003  6.3200000e+002
  1.2683680e+003  6.2800000e+002
  1.2690000e+003  6.3200000e+002
  1.2696240e+003  6.2400000e+002
  1.2702560e+003  6.3200000e+002
  1.2708920e+003  6.3600000e+002
  1.2715240e+003  6.3200000e+002
  1.2721560e+003  6.3200000e+002
  1.2727960e+003  6.4000000e+002
  1.2734360e+003  6.4000000e+002
  1.2740840e+003  6.4800000e+002
  1.2747280e+003  6.4400000e+002
  1.2753760e+003  6.4800000e+002
  1.2760120e+003  6.3600000e+002
  1.2766600e+003  6.4800000e+002
  1.2773040e+003  6.4400000e+002
  1.2779480e+003  6.4400000e+002
  1.2785800e+003  6.3200000e+002
  1.2792120e+003  6.3200000e+002
  1.2798600e+003  6.4800000e+002
  1.2805000e+003  6.4000000e+002
  1.2811280e+003  6.2800000e+002
  1.2817760e+003  6.4800000e+002
  1.2824200e+003  6.4400000e+002
  1.2830560e+003  6.3600000e+002
  1.2836840e+003  6.2800000e+002
  1.2843200e+003  6.3600000e+002
  1.2849480e+003  6.2800000e+002
  1.2855760e+003  6.2800000e+002
  1.2862040e+003  6.2800000e+002
  1.2868240e+003  6.2000000e+002
  1.2874560e+003  6.3200000e+002
  1.2880800e+003  6.2400000e+002
  1.2887080e+003  6.2800000e+002
  1.2893320e+003  6.2400000e+002
  1.2899560e+003  6.2400000e+002
  1.2905840e+003  6.2800000e+002
  1.2912120e+003  6.2800000e+002
  1.2918320e+003  6.2000000e+002
  1.2924640e+003  6.3200000e+002
  1.2930880e+003  6.2400000e+002
  1.2937120e+003  6.2400000e+002
  1.2943400e+003  6.2800000e+002
  1.2949640e+003  6.2400000e+002
  1.2955800e+003  6.1600000e+002
  1.2962040e+003  6.2400000e+002
  1.2968200e+003  6.1600000e+002
  1.2974400e+003  6.2000000e+002
  1.2980560e+003  6.1600000e+002
  1.2986720e+003  6.1600000e+002
  1.2992840e+003  6.1200000e+002
  1.2998960e+003  6.1200000e+002
  1.3005160e+003  6.2000000e+002
  1.3011320e+003  6.1600000e+002
  1.3017480e+003  6.1600000e+002
  1.3023720e+003  6.2400000e+002
  1.3029880e+003  6.1600000e+002
  1.3036200e+003  6.3200000e+002
  1.3042400e+003  6.2000000e+002
  1.3048680e+003  6.2800000e+002
  1.3055000e+003  6.3200000e+002
  1.3061280e+003  6.2800000e+002
  1.3067520e+003  6.2400000e+002
  1.3073760e+003  6.2400000e+002
  1.3080000e+003  6.2400000e+002
  1.3086240e+003  6.2400000e+002
  1.3092400e+003  6.1600000e+002
  1.3098720e+003  6.3200000e+002
  1.3104880e+003  6.1600000e+002
  1.3111040e+003  6.1600000e+002
  1.3117280e+003  6.2400000e+002
  1.3123440e+003  6.1600000e+002
  1.3129600e+003  6.1600000e+002
  1.3135800e+003  6.2000000e+002
  1.3142000e+003  6.2000000e+002
  1.3148160e+003  6.1600000e+002
  1.3154320e+003  6.1600000e+002
  1.3160560e+003  6.2400000e+002
  1.3166720e+003  6.1600000e+002
  1.3172960e+003  6.2400000e+002
  1.3179200e+003  6.2400000e+002
  1.3185480e+003  6.2800000e+002
  1.3191680e+003  6.2000000e+002
  1.3197920e+003  6.2400000e+002
  1.3204200e+003  6.2800000e+002
  1.3210440e+003  6.2400000e+002
  1.3216720e+003  6.2800000e+002
  1.3222960e+003  6.2400000e+002
  1.3229200e+003  6.2400000e+002
  1.3235440e+003  6.2400000e+002
  1.3241720e+003  6.2800000e+002
  1.3248040e+003  6.3200000e+002
  1.3254280e+003  6.2400000e+002
  1.3260600e+003  6.3200000e+002
  1.3266840e+003  6.2400000e+002
  1.3273160e+003  6.3200000e+002
  1.3279400e+003  6.2400000e+002
  1.3285680e+003  6.2800000e+002
  1.3291960e+003  6.2800000e+002
  1.3298200e+003  6.2400000e+002
  1.3304440e+003  6.2400000e+002
  1.3310680e+003  6.2400000e+002
  1.3316920e+003  6.2400000e+002
  1.3323160e+003  6.2400000e+002
  1.3329400e+003  6.2400000e+002
  1.3335640e+003  6.2400000e+002
  1.3341840e+003  6.2000000e+002
  1.3348160e+003  6.3200000e+002
  1.3354360e+003  6.2000000e+002
  1.3360680e+003  6.3200000e+002
  1.3366920e+003  6.2400000e+002
  1.3373280e+003  6.3600000e+002
  1.3379640e+003  6.3600000e+002
  1.3385960e+003  6.3200000e+002
  1.3392280e+003  6.3200000e+002
  1.3398640e+003  6.3600000e+002
  1.3404960e+003  6.3200000e+002
  1.3411280e+003  6.3200000e+002
  1.3417560e+003  6.2800000e+002
  1.3423840e+003  6.2800000e+002
  1.3430120e+003  6.2800000e+002
  1.3436400e+003  6.2800000e+002
  1.3442640e+003  6.2400000e+002
  1.3448920e+003  6.2800000e+002
  1.3455160e+003  6.2400000e+002
  1.3461360e+003  6.2000000e+002
  1.3467640e+003  6.2800000e+002
  1.3473840e+003  6.2000000e+002
  1.3480080e+003  6.2400000e+002
  1.3486320e+003  6.2400000e+002
  1.3492560e+003  6.2400000e+002
  1.3498840e+003  6.2800000e+002
  1.3505080e+003  6.2400000e+002
  1.3511400e+003  6.3200000e+002
  1.3517640e+003  6.2400000e+002
  1.3523960e+003  6.3200000e+002
  1.3530240e+003  6.2800000e+002
  1.3536560e+003  6.3200000e+002
  1.3542840e+003  6.2800000e+002
  1.3549080e+003  6.2400000e+002
  1.3555360e+003  6.2800000e+002
  1.3561600e+003  6.2400000e+002
  1.3567880e+003  6.2800000e+002
  1.3574040e+003  6.1600000e+002
  1.3580280e+003  6.2400000e+002
  1.3586480e+003  6.2000000e+002
  1.3592680e+003  6.2000000e+002
  1.3598840e+003  6.1600000e+002
  1.3604960e+003  6.1200000e+002
  1.3611120e+003  6.1600000e+002
  1.3617240e+003  6.1200000e+002
  1.3623360e+003  6.1200000e+002
  1.3629520e+003  6.1600000e+002
  1.3635680e+003  6.1600000e+002
  1.3641880e+003  6.2000000e+002
  1.3648040e+003  6.1600000e+002
  1.3654200e+003  6.1600000e+002
  1.3660440e+003  6.2400000e+002
  1.3666600e+003  6.1600000e+002
  1.3672840e+003  6.2400000e+002
  1.3679040e+003  6.2000000e+002
  1.3685240e+003  6.2000000e+002
  1.3691440e+003  6.2000000e+002
  1.3697720e+003  6.2800000e+002
  1.3703920e+003  6.2000000e+002
  1.3710160e+003  6.2400000e+002
  1.3716360e+003  6.2000000e+002
  1.3722600e+003  6.2400000e+002
  1.3728800e+003  6.2000000e+002
  1.3735040e+003  6.2400000e+002
  1.3741240e+003  6.2000000e+002
  1.3747440e+003  6.2000000e+002
  1.3753640e+003  6.2000000e+002
  1.3759800e+003  6.1600000e+002
  1.3765960e+003  6.1600000e+002
  1.3772120e+003  6.1600000e+002
  1.3778240e+003  6.1200000e+002
  1.3784360e+003  6.1200000e+002
  1.3790480e+003  6.1200000e+002
  1.3796600e+003  6.1200000e+002
  1.3802720e+003  6.1200000e+002
  1.3808800e+003  6.0800000e+002
  1.3814920e+003  6.1200000e+002
  1.3821000e+003  6.0800000e+002
  1.3827120e+003  6.1200000e+002
  1.3833200e+003  6.0800000e+002
  1.3839320e+003  6.1200000e+002
  1.3845400e+003  6.0800000e+002
  1.3851480e+003  6.0800000e+002
  1.3857600e+003  6.1200000e+002
  1.3863720e+003  6.1200000e+002
  1.3869840e+003  6.1200000e+002
  1.3875960e+003  6.1200000e+002
  1.3882080e+003  6.1200000e+002
  1.3888200e+003  6.1200000e+002
  1.3894320e+003  6.1200000e+002
  1.3900440e+003  6.1200000e+002
  1.3906560e+003  6.1200000e+002
  1.3912720e+003  6.1600000e+002
  1.3918800e+003  6.0800000e+002
  1.3924920e+003  6.1200000e+002
  1.3931000e+003  6.0800000e+002
  1.3937040e+003  6.0400000e+002
  1.3943120e+003  6.0800000e+002
  1.3949240e+003  6.1200000e+002
  1.3955320e+003  6.0800000e+002
  1.3961360e+003  6.0400000e+002
  1.3967440e+003  6.0800000e+002
  1.3973520e+003  6.0800000e+002
  1.3979600e+003  6.0800000e+002
  1.3985720e+003  6.1200000e+002
  1.3991800e+003  6.0800000e+002
  1.3997920e+003  6.1200000e+002
  1.4004040e+003  6.1200000e+002
  1.4010120e+003  6.0800000e+002
  1.4016240e+003  6.1200000e+002
  1.4022360e+003  6.1200000e+002
  1.4028440e+003  6.0800000e+002
  1.4034600e+003  6.1600000e+002
  1.4040720e+003  6.1200000e+002
  1.4046880e+003  6.1600000e+002
  1.4053040e+003  6.1600000e+002
  1.4059120e+003  6.0800000e+002
  1.4065280e+003  6.1600000e+002
  1.4071400e+003  6.1200000e+002
  1.4077560e+003  6.1600000e+002
  1.4083720e+003  6.1600000e+002
  1.4089800e+003  6.0800000e+002
  1.4095960e+003  6.1600000e+002
  1.4102080e+003  6.1200000e+002
  1.4108240e+003  6.1600000e+002
  1.4114360e+003  6.1200000e+002
  1.4120440e+003  6.0800000e+002
  1.4126560e+003  6.1200000e+002
  1.4132680e+003  6.1200000e+002
  1.4138800e+003  6.1200000e+002
  1.4144960e+003  6.1600000e+002
  1.4151080e+003  6.1200000e+002
  1.4157200e+003  6.1200000e+002
  1.4163360e+003  6.1600000e+002
  1.4169480e+003  6.1200000e+002
  1.4175600e+003  6.1200000e+002
  1.4181800e+003  6.2000000e+002
  1.4188040e+003  6.2400000e+002
  1.4194200e+003  6.1600000e+002
  1.4200360e+003  6.1600000e+002
  1.4206480e+003  6.1200000e+002
  1.4212600e+003  6.1200000e+002
  1.4218720e+003  6.1200000e+002
  1.4224800e+003  6.0800000e+002
  1.4230920e+003  6.1200000e+002
  1.4236960e+003  6.0400000e+002
  1.4243000e+003  6.0400000e+002
  1.4249080e+003  6.0800000e+002
  1.4255120e+003  6.0400000e+002
  1.4261160e+003  6.0400000e+002
  1.4267200e+003  6.0400000e+002
  1.4273240e+003  6.0400000e+002
  1.4279320e+003  6.0800000e+002
  1.4285320e+003  6.0000000e+002
  1.4291360e+003  6.0400000e+002
  1.4297440e+003  6.0800000e+002
  1.4303480e+003  6.0400000e+002
  1.4309520e+003  6.0400000e+002
  1.4315600e+003  6.0800000e+002
  1.4321680e+003  6.0800000e+002
  1.4327720e+003  6.0400000e+002
  1.4333800e+003  6.0800000e+002
  1.4339880e+003  6.0800000e+002
  1.4345960e+003  6.0800000e+002
  1.4352040e+003  6.0800000e+002
  1.4358120e+003  6.0800000e+002
  1.4364160e+003  6.0400000e+002
  1.4370280e+003  6.1200000e+002
  1.4376360e+003  6.0800000e+002
  1.4382400e+003  6.0400000e+002
  1.4388520e+003  6.1200000e+002
  1.4394560e+003  6.0400000e+002
  1.4400680e+003  6.1200000e+002
  1.4406760e+003  6.0800000e+002
  1.4412840e+003  6.0800000e+002
  1.4418920e+003  6.0800000e+002
  1.4425000e+003  6.0800000e+002
  1.4431120e+003  6.1200000e+002
  1.4437160e+003  6.0400000e+002
  1.4443280e+003  6.1200000e+002
  1.4449400e+003  6.1200000e+002
  1.4455480e+003  6.0800000e+002
  1.4461600e+003  6.1200000e+002
  1.4467720e+003  6.1200000e+002
  1.4473800e+003  6.0800000e+002
  1.4479920e+003  6.1200000e+002
  1.4486040e+003  6.1200000e+002
  1.4492160e+003  6.1200000e+002
  1.4498280e+003  6.1200000e+002
  1.4504360e+003  6.0800000e+002
  1.4510480e+003  6.1200000e+002
  1.4516600e+003  6.1200000e+002
  1.4522680e+003  6.0800000e+002
  1.4528800e+003  6.1200000e+002
  1.4534920e+003  6.1200000e+002
  1.4541040e+003  6.1200000e+002
  1.4547160e+003  6.1200000e+002
  1.4553280e+003  6.1200000e+002
  1.4559360e+003  6.0800000e+002
  1.4565480e+003  6.1200000e+002
  1.4571600e+003  6.1200000e+002
  1.4577720e+003  6.1200000e+002
  1.4583840e+003  6.1200000e+002
  1.4590000e+003  6.1600000e+002
  1.4596080e+003  6.0800000e+002
  1.4602280e+003  6.2000000e+002
  1.4608480e+003  6.2000000e+002
  1.4614600e+003  6.1200000e+002
  1.4620800e+003  6.2000000e+002
  1.4626960e+003  6.1600000e+002
  1.4633080e+003  6.1200000e+002
  1.4639240e+003  6.1600000e+002
  1.4645360e+003  6.1200000e+002
  1.4651480e+003  6.1200000e+002
  1.4657560e+003  6.0800000e+002
  1.4663640e+003  6.0800000e+002
  1.4669760e+003  6.1200000e+002
  1.4675880e+003  6.1200000e+002
  1.4681920e+003  6.0400000e+002
  1.4688080e+003  6.1600000e+002
  1.4694160e+003  6.0800000e+002
  1.4700240e+003  6.0800000e+002
  1.4706360e+003  6.1200000e+002
  1.4712440e+003  6.0800000e+002
  1.4718520e+003  6.0800000e+002
  1.4724640e+003  6.1200000e+002
  1.4730760e+003  6.1200000e+002
  1.4736880e+003  6.1200000e+002
  1.4743040e+003  6.1600000e+002
  1.4749200e+003  6.1600000e+002
  1.4755320e+003  6.1200000e+002
  1.4761440e+003  6.1200000e+002
  1.4767520e+003  6.0800000e+002
  1.4773680e+003  6.1600000e+002
  1.4779840e+003  6.1600000e+002
  1.4785880e+003  6.0400000e+002
  1.4792040e+003  6.1600000e+002
  1.4798120e+003  6.0800000e+002
  1.4804200e+003  6.0800000e+002
  1.4810280e+003  6.0800000e+002
  1.4816360e+003  6.0800000e+002
  1.4822480e+003  6.1200000e+002
  1.4828680e+003  6.2000000e+002
  1.4834880e+003  6.2000000e+002
  1.4841080e+003  6.2000000e+002
  1.4847200e+003  6.1200000e+002
  1.4853400e+003  6.2000000e+002
  1.4859520e+003  6.1200000e+002
  1.4865600e+003  6.0800000e+002
  1.4871640e+003  6.0400000e+002
  1.4877720e+003  6.0800000e+002
  1.4883720e+003  6.0000000e+002
  1.4889760e+003  6.0400000e+002
  1.4895760e+003  6.0000000e+002
  1.4901680e+003  5.9200000e+002
  1.4907720e+003  6.0400000e+002
  1.4913680e+003  5.9600000e+002
  1.4919720e+003  6.0400000e+002
  1.4925760e+003  6.0400000e+002
  1.4931800e+003  6.0400000e+002
  1.4937880e+003  6.0800000e+002
  1.4944000e+003  6.1200000e+002
  1.4950040e+003  6.0400000e+002
  1.4956160e+003  6.1200000e+002
  1.4962200e+003  6.0400000e+002
  1.4968360e+003  6.1600000e+002
  1.4974440e+003  6.0800000e+002
  1.4980560e+003  6.1200000e+002
  1.4986640e+003  6.0800000e+002
  1.4992720e+003  6.0800000e+002
  1.4998840e+003  6.1200000e+002
  1.5004920e+003  6.0800000e+002
  1.5010960e+003  6.0400000e+002
  1.5017040e+003  6.0800000e+002
  1.5023120e+003  6.0800000e+002
  1.5029160e+003  6.0400000e+002
  1.5035240e+003  6.0800000e+002
  1.5041280e+003  6.0400000e+002
  1.5047400e+003  6.1200000e+002
  1.5053400e+003  6.0000000e+002
  1.5059480e+003  6.0800000e+002
  1.5065520e+003  6.0400000e+002
  1.5071600e+003  6.0800000e+002
  1.5077640e+003  6.0400000e+002
  1.5083680e+003  6.0400000e+002
  1.5089800e+003  6.1200000e+002
  1.5095840e+003  6.0400000e+002
  1.5101880e+003  6.0400000e+002
  1.5108000e+003  6.1200000e+002
  1.5114040e+003  6.0400000e+002
  1.5120120e+003  6.0800000e+002
  1.5126240e+003  6.1200000e+002
  1.5132360e+003  6.1200000e+002
  1.5138560e+003  6.2000000e+002
  1.5144680e+003  6.1200000e+002
  1.5150880e+003  6.2000000e+002
  1.5157120e+003  6.2400000e+002
  1.5163320e+003  6.2000000e+002
  1.5169520e+003  6.2000000e+002
  1.5175680e+003  6.1600000e+002
  1.5181920e+003  6.2400000e+002
  1.5188080e+003  6.1600000e+002
  1.5194280e+003  6.2000000e+002
  1.5200440e+003  6.1600000e+002
  1.5206600e+003  6.1600000e+002
  1.5212800e+003  6.2000000e+002
  1.5218960e+003  6.1600000e+002
  1.5225120e+003  6.1600000e+002
  1.5231320e+003  6.2000000e+002
  1.5237480e+003  6.1600000e+002
  1.5243680e+003  6.2000000e+002
  1.5249880e+003  6.2000000e+002
  1.5256080e+003  6.2000000e+002
  1.5262280e+003  6.2000000e+002
  1.5268480e+003  6.2000000e+002
  1.5274680e+003  6.2000000e+002
  1.5280840e+003  6.1600000e+002
  1.5287000e+003  6.1600000e+002
  1.5293160e+003  6.1600000e+002
  1.5299320e+003  6.1600000e+002
  1.5305440e+003  6.1200000e+002
  1.5311600e+003  6.1600000e+002
  1.5317680e+003  6.0800000e+002
  1.5323840e+003  6.1600000e+002
  1.5330000e+003  6.1600000e+002
  1.5336160e+003  6.1600000e+002
  1.5342320e+003  6.1600000e+002
  1.5348520e+003  6.2000000e+002
  1.5354720e+003  6.2000000e+002
  1.5360840e+003  6.1200000e+002
  1.5367000e+003  6.1600000e+002
  1.5373120e+003  6.1200000e+002
  1.5379320e+003  6.2000000e+002
  1.5385480e+003  6.1600000e+002
  1.5391680e+003  6.2000000e+002
  1.5397880e+003  6.2000000e+002
  1.5404080e+003  6.2000000e+002
  1.5410240e+003  6.1600000e+002
  1.5416400e+003  6.1600000e+002
  1.5422520e+003  6.1200000e+002
  1.5428520e+003  6.0000000e+002
  1.5434560e+003  6.0400000e+002
  1.5440520e+003  5.9600000e+002
  1.5446520e+003  6.0000000e+002
  1.5452600e+003  6.0800000e+002
  1.5458640e+003  6.0400000e+002
  1.5464720e+003  6.0800000e+002
  1.5470840e+003  6.1200000e+002
  1.5476920e+003  6.0800000e+002
  1.5482960e+003  6.0400000e+002
  1.5489080e+003  6.1200000e+002
  1.5495120e+003  6.0400000e+002
  1.5501160e+003  6.0400000e+002
  1.5507160e+003  6.0000000e+002
  1.5513160e+003  6.0000000e+002
  1.5519240e+003  6.0800000e+002
  1.5525280e+003  6.0400000e+002
  1.5531360e+003  6.0800000e+002
  1.5537400e+003  6.0400000e+002
  1.5543480e+003  6.0800000e+002
  1.5549520e+003  6.0400000e+002
  1.5555600e+003  6.0800000e+002
  1.5561640e+003  6.0400000e+002
  1.5567680e+003  6.0400000e+002
  1.5573720e+003  6.0400000e+002
  1.5579760e+003  6.0400000e+002
  1.5585800e+003  6.0400000e+002
  1.5591880e+003  6.0800000e+002
  1.5597920e+003  6.0400000e+002
  1.5604040e+003  6.1200000e+002
  1.5610120e+003  6.0800000e+002
  1.5616200e+003  6.0800000e+002
  1.5622280e+003  6.0800000e+002
  1.5628400e+003  6.1200000e+002
  1.5634480e+003  6.0800000e+002
  1.5640600e+003  6.1200000e+002
  1.5646680e+003  6.0800000e+002
  1.5652800e+003  6.1200000e+002
  1.5658920e+003  6.1200000e+002
  1.5665000e+003  6.0800000e+002
  1.5671080e+003  6.0800000e+002
  1.5677160e+003  6.0800000e+002
  1.5683280e+003  6.1200000e+002
  1.5689320e+003  6.0400000e+002
  1.5695400e+003  6.0800000e+002
  1.5701480e+003  6.0800000e+002
  1.5707520e+003  6.0400000e+002
  1.5713560e+003  6.0400000e+002
  1.5719640e+003  6.0800000e+002
  1.5725680e+003  6.0400000e+002
  1.5731760e+003  6.0800000e+002
  1.5737880e+003  6.1200000e+002
  1.5743920e+003  6.0400000e+002
  1.5750000e+003  6.0800000e+002
  1.5756040e+003  6.0400000e+002
  1.5762120e+003  6.0800000e+002
  1.5768160e+003  6.0400000e+002
  1.5774160e+003  6.0000000e+002
  1.5780200e+003  6.0400000e+002
  1.5786200e+003  6.0000000e+002
  1.5792200e+003  6.0000000e+002
  1.5798240e+003  6.0400000e+002
  1.5804240e+003  6.0000000e+002
  1.5810240e+003  6.0000000e+002
  1.5816280e+003  6.0400000e+002
  1.5822320e+003  6.0400000e+002
  1.5828400e+003  6.0800000e+002
  1.5834480e+003  6.0800000e+002
  1.5840560e+003  6.0800000e+002
  1.5846640e+003  6.0800000e+002
  1.5852760e+003  6.1200000e+002
  1.5858880e+003  6.1200000e+002
  1.5864920e+003  6.0400000e+002
  1.5871000e+003  6.0800000e+002
  1.5877080e+003  6.0800000e+002
  1.5883120e+003  6.0400000e+002
  1.5889200e+003  6.0800000e+002
  1.5895320e+003  6.1200000e+002
  1.5901400e+003  6.0800000e+002
  1.5907520e+003  6.1200000e+002
  1.5913600e+003  6.0800000e+002
  1.5919640e+003  6.0400000e+002
  1.5925760e+003  6.1200000e+002
  1.5931840e+003  6.0800000e+002
  1.5937920e+003  6.0800000e+002
  1.5944040e+003  6.1200000e+002
  1.5950120e+003  6.0800000e+002
  1.5956240e+003  6.1200000e+002
  1.5962280e+003  6.0400000e+002
  1.5968400e+003  6.1200000e+002
  1.5974480e+003  6.0800000e+002
  1.5980560e+003  6.0800000e+002
  1.5986680e+003  6.1200000e+002
  1.5992760e+003  6.0800000e+002
  1.5998880e+003  6.1200000e+002
  1.6005000e+003  6.1200000e+002
  1.6011160e+003  6.1600000e+002
  1.6017320e+003  6.1600000e+002
  1.6023440e+003  6.1200000e+002
  1.6029560e+003  6.1200000e+002
  1.6035720e+003  6.1600000e+002
  1.6041880e+003  6.1600000e+002
  1.6048080e+003  6.2000000e+002
  1.6054280e+003  6.2000000e+002
  1.6060560e+003  6.2800000e+002
  1.6066840e+003  6.2800000e+002
  1.6073080e+003  6.2400000e+002
  1.6079280e+003  6.2000000e+002
  1.6085520e+003  6.2400000e+002
  1.6091720e+003  6.2000000e+002
  1.6097920e+003  6.2000000e+002
  1.6104120e+003  6.2000000e+002
  1.6110280e+003  6.1600000e+002
  1.6116360e+003  6.0800000e+002
  1.6122480e+003  6.1200000e+002
  1.6128600e+003  6.1200000e+002
  1.6134720e+003  6.1200000e+002
  1.6140800e+003  6.0800000e+002
  1.6146880e+003  6.0800000e+002
  1.6152920e+003  6.0400000e+002
  1.6158960e+003  6.0400000e+002
  1.6165000e+003  6.0400000e+002
  1.6171000e+003  6.0000000e+002
  1.6177080e+003  6.0800000e+002
  1.6183080e+003  6.0000000e+002
  1.6189120e+003  6.0400000e+002
  1.6195160e+003  6.0400000e+002
  1.6201160e+003  6.0000000e+002
  1.6207160e+003  6.0000000e+002
  1.6213200e+003  6.0400000e+002
  1.6219160e+003  5.9600000e+002
  1.6225160e+003  6.0000000e+002
  1.6231160e+003  6.0000000e+002
  1.6237160e+003  6.0000000e+002
  1.6243160e+003  6.0000000e+002
  1.6249160e+003  6.0000000e+002
  1.6255200e+003  6.0400000e+002
  1.6261240e+003  6.0400000e+002
  1.6267280e+003  6.0400000e+002
  1.6273360e+003  6.0800000e+002
  1.6279440e+003  6.0800000e+002
  1.6285480e+003  6.0400000e+002
  1.6291600e+003  6.1200000e+002
  1.6297720e+003  6.1200000e+002
  1.6303840e+003  6.1200000e+002
  1.6309920e+003  6.0800000e+002
  1.6316040e+003  6.1200000e+002
  1.6322160e+003  6.1200000e+002
  1.6328280e+003  6.1200000e+002
  1.6334320e+003  6.0400000e+002
  1.6340360e+003  6.0400000e+002
  1.6346560e+003  6.2000000e+002
  1.6352720e+003  6.1600000e+002
  1.6358760e+003  6.0400000e+002
  1.6364960e+003  6.2000000e+002
  1.6371080e+003  6.1200000e+002
  1.6377240e+003  6.1600000e+002
  1.6383400e+003  6.1600000e+002
  1.6389480e+003  6.0800000e+002
  1.6395600e+003  6.1200000e+002
  1.6401720e+003  6.1200000e+002
  1.6407760e+003  6.0400000e+002
  1.6413840e+003  6.0800000e+002
  1.6419880e+003  6.0400000e+002
  1.6425920e+003  6.0400000e+002
  1.6431960e+003  6.0400000e+002
  1.6437960e+003  6.0000000e+002
  1.6443960e+003  6.0000000e+002
  1.6449960e+003  6.0000000e+002
  1.6455920e+003  5.9600000e+002
  1.6461920e+003  6.0000000e+002
  1.6467880e+003  5.9600000e+002
  1.6473880e+003  6.0000000e+002
  1.6479840e+003  5.9600000e+002
  1.6485880e+003  6.0400000e+002
  1.6491840e+003  5.9600000e+002
  1.6497880e+003  6.0400000e+002
  1.6503920e+003  6.0400000e+002
  1.6509960e+003  6.0400000e+002
  1.6516000e+003  6.0400000e+002
  1.6522160e+003  6.1600000e+002
  1.6528280e+003  6.1200000e+002
  1.6534480e+003  6.2000000e+002
  1.6540680e+003  6.2000000e+002
  1.6546800e+003  6.1200000e+002
  1.6552960e+003  6.1600000e+002
  1.6559040e+003  6.0800000e+002
  1.6565160e+003  6.1200000e+002
  1.6571240e+003  6.0800000e+002
  1.6577320e+003  6.0800000e+002
  1.6583400e+003  6.0800000e+002
  1.6589480e+003  6.0800000e+002
  1.6595560e+003  6.0800000e+002
  1.6601600e+003  6.0400000e+002
  1.6607640e+003  6.0400000e+002
  1.6613720e+003  6.0800000e+002
  1.6619800e+003  6.0800000e+002
  1.6625840e+003  6.0400000e+002
  1.6631960e+003  6.1200000e+002
  1.6638000e+003  6.0400000e+002
  1.6644080e+003  6.0800000e+002
  1.6650120e+003  6.0400000e+002
  1.6656120e+003  6.0000000e+002
  1.6662160e+003  6.0400000e+002
  1.6668200e+003  6.0400000e+002
  1.6674240e+003  6.0400000e+002
  1.6680320e+003  6.0800000e+002
  1.6686360e+003  6.0400000e+002
  1.6692440e+003  6.0800000e+002
  1.6698480e+003  6.0400000e+002
  1.6704560e+003  6.0800000e+002
  1.6710640e+003  6.0800000e+002
  1.6716720e+003  6.0800000e+002
  1.6722840e+003  6.1200000e+002
  1.6728920e+003  6.0800000e+002
  1.6735000e+003  6.0800000e+002
  1.6741120e+003  6.1200000e+002
  1.6747200e+003  6.0800000e+002
  1.6753280e+003  6.0800000e+002
  1.6759440e+003  6.1600000e+002
  1.6765520e+003  6.0800000e+002
  1.6771640e+003  6.1200000e+002
  1.6777720e+003  6.0800000e+002
  1.6783840e+003  6.1200000e+002
  1.6789880e+003  6.0400000e+002
  1.6796000e+003  6.1200000e+002
  1.6802040e+003  6.0400000e+002
  1.6808120e+003  6.0800000e+002
  1.6814160e+003  6.0400000e+002
  1.6820280e+003  6.1200000e+002
  1.6826320e+003  6.0400000e+002
  1.6832440e+003  6.1200000e+002
  1.6838520e+003  6.0800000e+002
  1.6844600e+003  6.0800000e+002
  1.6850680e+003  6.0800000e+002
  1.6856800e+003  6.1200000e+002
  1.6862920e+003  6.1200000e+002
  1.6869040e+003  6.1200000e+002
  1.6875120e+003  6.0800000e+002
  1.6880920e+003  5.8000000e+002
  1.6886200e+003  5.2800000e+002
  1.6891680e+003  5.4800000e+002
  1.6897280e+003  5.6000000e+002
  1.6904120e+003  6.8400000e+002
  1.6910360e+003  6.2400000e+002
  1.6916640e+003  6.2800000e+002
  1.6922840e+003  6.2000000e+002
  1.6929120e+003  6.2800000e+002
  1.6935280e+003  6.1600000e+002
  1.6941560e+003  6.2800000e+002
  1.6947760e+003  6.2000000e+002
  1.6954000e+003  6.2400000e+002
  1.6960280e+003  6.2800000e+002
  1.6966480e+003  6.2000000e+002
  1.6972760e+003  6.2800000e+002
  1.6979000e+003  6.2400000e+002
  1.6985240e+003  6.2400000e+002
  1.6991440e+003  6.2000000e+002
  1.6997680e+003  6.2400000e+002
  1.7003880e+003  6.2000000e+002
  1.7010080e+003  6.2000000e+002
  1.7016280e+003  6.2000000e+002
  1.7022400e+003  6.1200000e+002
  1.7028520e+003  6.1200000e+002
  1.7034680e+003  6.1600000e+002
  1.7040840e+003  6.1600000e+002
  1.7047040e+003  6.2000000e+002
  1.7053200e+003  6.1600000e+002
  1.7059360e+003  6.1600000e+002
  1.7065560e+003  6.2000000e+002
  1.7071680e+003  6.1200000e+002
  1.7077840e+003  6.1600000e+002
  1.7084000e+003  6.1600000e+002
  1.7090160e+003  6.1600000e+002
  1.7096280e+003  6.1200000e+002
  1.7102480e+003  6.2000000e+002
  1.7108680e+003  6.2000000e+002
  1.7114840e+003  6.1600000e+002
  1.7121040e+003  6.2000000e+002
  1.7127200e+003  6.1600000e+002
  1.7133400e+003  6.2000000e+002
  1.7139520e+003  6.1200000e+002
  1.7145760e+003  6.2400000e+002
  1.7151920e+003  6.1600000e+002
  1.7158160e+003  6.2400000e+002
  1.7164400e+003  6.2400000e+002
  1.7170560e+003  6.1600000e+002
  1.7176760e+003  6.2000000e+002
  1.7182920e+003  6.1600000e+002
  1.7189000e+003  6.0800000e+002
  1.7195120e+003  6.1200000e+002
  1.7201200e+003  6.0800000e+002
  1.7207280e+003  6.0800000e+002
  1.7213360e+003  6.0800000e+002
  1.7219400e+003  6.0400000e+002
  1.7225480e+003  6.0800000e+002
  1.7231520e+003  6.0400000e+002
  1.7237520e+003  6.0000000e+002
  1.7243640e+003  6.1200000e+002
  1.7249760e+003  6.1200000e+002
  1.7255800e+003  6.0400000e+002
  1.7261920e+003  6.1200000e+002
  1.7267960e+003  6.0400000e+002
  1.7274080e+003  6.1200000e+002
  1.7280240e+003  6.1600000e+002
  1.7286360e+003  6.1200000e+002
  1.7292480e+003  6.1200000e+002
  1.7298560e+003  6.0800000e+002
  1.7304680e+003  6.1200000e+002
  1.7310760e+003  6.0800000e+002
  1.7316880e+003  6.1200000e+002
  1.7322960e+003  6.0800000e+002
  1.7329040e+003  6.0800000e+002
  1.7335120e+003  6.0800000e+002
  1.7341240e+003  6.1200000e+002
  1.7347320e+003  6.0800000e+002
  1.7353360e+003  6.0400000e+002
  1.7359480e+003  6.1200000e+002
  1.7365520e+003  6.0400000e+002
  1.7371520e+003  6.0000000e+002
  1.7377600e+003  6.0800000e+002
  1.7383600e+003  6.0000000e+002
  1.7389640e+003  6.0400000e+002
  1.7395640e+003  6.0000000e+002
  1.7401680e+003  6.0400000e+002
  1.7407720e+003  6.0400000e+002
  1.7413760e+003  6.0400000e+002
  1.7419800e+003  6.0400000e+002
  1.7425880e+003  6.0800000e+002
  1.7431960e+003  6.0800000e+002
  1.7438040e+003  6.0800000e+002
  1.7444160e+003  6.1200000e+002
  1.7450240e+003  6.0800000e+002
  1.7456360e+003  6.1200000e+002
  1.7462520e+003  6.1600000e+002
  1.7468600e+003  6.0800000e+002
  1.7474760e+003  6.1600000e+002
  1.7480880e+003  6.1200000e+002
  1.7486960e+003  6.0800000e+002
  1.7493080e+003  6.1200000e+002
  1.7499200e+003  6.1200000e+002
  1.7505280e+003  6.0800000e+002
  1.7511360e+003  6.0800000e+002
  1.7517440e+003  6.0800000e+002
  1.7523520e+003  6.0800000e+002
  1.7529560e+003  6.0400000e+002
  1.7535640e+003  6.0800000e+002
  1.7541680e+003  6.0400000e+002
  1.7547720e+003  6.0400000e+002
  1.7553760e+003  6.0400000e+002
  1.7559800e+003  6.0400000e+002
  1.7565840e+003  6.0400000e+002
  1.7571880e+003  6.0400000e+002
  1.7577920e+003  6.0400000e+002
  1.7583960e+003  6.0400000e+002
  1.7589960e+003  6.0000000e+002
  1.7596000e+003  6.0400000e+002
  1.7602000e+003  6.0000000e+002
  1.7608040e+003  6.0400000e+002
  1.7614040e+003  6.0000000e+002
  1.7620000e+003  5.9600000e+002
  1.7626000e+003  6.0000000e+002
  1.7632000e+003  6.0000000e+002
  1.7638040e+003  6.0400000e+002
  1.7644120e+003  6.0800000e+002
  1.7650240e+003  6.1200000e+002
  1.7656360e+003  6.1200000e+002
  1.7662480e+003  6.1200000e+002
  1.7668560e+003  6.0800000e+002
  1.7674640e+003  6.0800000e+002
  1.7680640e+003  6.0000000e+002
  1.7686720e+003  6.0800000e+002
  1.7692680e+003  5.9600000e+002
  1.7698680e+003  6.0000000e+002
  1.7704680e+003  6.0000000e+002
  1.7710600e+003  5.9200000e+002
  1.7716560e+003  5.9600000e+002
  1.7722560e+003  6.0000000e+002
  1.7728480e+003  5.9200000e+002
  1.7734440e+003  5.9600000e+002
  1.7740400e+003  5.9600000e+002
  1.7746360e+003  5.9600000e+002
  1.7752320e+003  5.9600000e+002
  1.7758280e+003  5.9600000e+002
  1.7764240e+003  5.9600000e+002
  1.7770200e+003  5.9600000e+002
  1.7776200e+003  6.0000000e+002
  1.7782200e+003  6.0000000e+002
  1.7788200e+003  6.0000000e+002
  1.7794240e+003  6.0400000e+002
  1.7800240e+003  6.0000000e+002
  1.7806280e+003  6.0400000e+002
  1.7812320e+003  6.0400000e+002
  1.7818360e+003  6.0400000e+002
  1.7824440e+003  6.0800000e+002
  1.7830520e+003  6.0800000e+002
  1.7836600e+003  6.0800000e+002
  1.7842680e+003  6.0800000e+002
  1.7848760e+003  6.0800000e+002
  1.7854840e+003  6.0800000e+002
  1.7860920e+003  6.0800000e+002
  1.7866960e+003  6.0400000e+002
  1.7873080e+003  6.1200000e+002
  1.7879200e+003  6.1200000e+002
  1.7885360e+003  6.1600000e+002
  1.7891520e+003  6.1600000e+002
  1.7897600e+003  6.0800000e+002
  1.7903760e+003  6.1600000e+002
  1.7909840e+003  6.0800000e+002
  1.7915960e+003  6.1200000e+002
  1.7922040e+003  6.0800000e+002
  1.7928120e+003  6.0800000e+002
  1.7934200e+003  6.0800000e+002
  1.7940240e+003  6.0400000e+002
  1.7946320e+003  6.0800000e+002
  1.7952320e+003  6.0000000e+002
  1.7958400e+003  6.0800000e+002
  1.7964440e+003  6.0400000e+002
  1.7970480e+003  6.0400000e+002
  1.7976520e+003  6.0400000e+002
  1.7982560e+003  6.0400000e+002
