  1.2120000e+000  7.3600000e+002
  1.8680000e+000  6.5600000e+002
  2.9800000e+000  1.1120000e+003
  3.7400000e+000  7.6000000e+002
  4.4480000e+000  7.0800000e+002
  5.1560000e+000  7.0800000e+002
  5.8160000e+000  6.6000000e+002
  6.5520000e+000  7.3600000e+002
  7.0000000e+000  4.4800000e+002
  7.6200000e+000  6.2000000e+002
  8.2360000e+000  6.1600000e+002
  8.9720000e+000  7.3600000e+002
  9.4120000e+000  4.4000000e+002
  1.0360000e+001  9.4800000e+002
  1.1136000e+001  7.7600000e+002
  1.1816000e+001  6.8000000e+002
  1.2544000e+001  7.2800000e+002
  1.3512000e+001  9.6800000e+002
  1.4232000e+001  7.2000000e+002
  1.4912000e+001  6.8000000e+002
  1.5548000e+001  6.3600000e+002
  1.6520000e+001  9.7200000e+002
  1.7288000e+001  7.6800000e+002
  1.8040000e+001  7.5200000e+002
  1.8740000e+001  7.0000000e+002
  1.9612000e+001  8.7200000e+002
  2.0284000e+001  6.7200000e+002
  2.0960000e+001  6.7600000e+002
  2.1664000e+001  7.0400000e+002
  2.2360000e+001  6.9600000e+002
  2.2804000e+001  4.4400000e+002
  2.3424000e+001  6.2000000e+002
  2.4080000e+001  6.5600000e+002
  2.4840000e+001  7.6000000e+002
  2.5548000e+001  7.0800000e+002
  2.6216000e+001  6.6800000e+002
  2.6784000e+001  5.6800000e+002
  2.7472000e+001  6.8800000e+002
  2.8300000e+001  8.2800000e+002
  2.8964000e+001  6.6400000e+002
  2.9636000e+001  6.7200000e+002
  3.0340000e+001  7.0400000e+002
  3.0936000e+001  5.9600000e+002
  3.1656000e+001  7.2000000e+002
  3.2356000e+001  7.0000000e+002
  3.3276000e+001  9.2000000e+002
  3.4116000e+001  8.4000000e+002
  3.4824000e+001  7.0800000e+002
  3.5464000e+001  6.4000000e+002
  3.6204000e+001  7.4000000e+002
  3.6916000e+001  7.1200000e+002
  3.7588000e+001  6.7200000e+002
  3.8284000e+001  6.9600000e+002
  3.9024000e+001  7.4000000e+002
  3.9712000e+001  6.8800000e+002
  4.0404000e+001  6.9200000e+002
  4.1092000e+001  6.8800000e+002
  4.1776000e+001  6.8400000e+002
  4.2584000e+001  8.0800000e+002
  4.3316000e+001  7.3200000e+002
  4.4028000e+001  7.1200000e+002
  4.4472000e+001  4.4400000e+002
  4.4996000e+001  5.2400000e+002
  4.5668000e+001  6.7200000e+002
  4.6372000e+001  7.0400000e+002
  4.6996000e+001  6.2400000e+002
  4.7716000e+001  7.2000000e+002
  4.8708000e+001  9.9200000e+002
  4.9392000e+001  6.8400000e+002
  5.0036000e+001  6.4400000e+002
  5.0716000e+001  6.8000000e+002
  5.1532000e+001  8.1600000e+002
  5.2192000e+001  6.6000000e+002
  5.2860000e+001  6.6800000e+002
  5.3548000e+001  6.8800000e+002
  5.4224000e+001  6.7600000e+002
  5.4916000e+001  6.9200000e+002
  5.5652000e+001  7.3600000e+002
  5.6364000e+001  7.1200000e+002
  5.7012000e+001  6.4800000e+002
  5.7904000e+001  8.9200000e+002
  5.8652000e+001  7.4800000e+002
  5.9408000e+001  7.5600000e+002
  6.0144000e+001  7.3600000e+002
  6.0828000e+001  6.8400000e+002
  6.1680000e+001  8.5200000e+002
  6.2356000e+001  6.7600000e+002
  6.2996000e+001  6.4000000e+002
  6.3680000e+001  6.8400000e+002
  6.4704000e+001  1.0240000e+003
  6.5160000e+001  4.5600000e+002
  6.5880000e+001  7.2000000e+002
  6.6592000e+001  7.1200000e+002
  6.7232000e+001  6.4000000e+002
  6.7872000e+001  6.4000000e+002
  6.8612000e+001  7.4000000e+002
  6.9340000e+001  7.2800000e+002
  7.0056000e+001  7.1600000e+002
  7.0740000e+001  6.8400000e+002
  7.1292000e+001  5.5200000e+002
  7.1756000e+001  4.6400000e+002
  7.2360000e+001  6.0400000e+002
  7.3072000e+001  7.1200000e+002
  7.3812000e+001  7.4000000e+002
  7.4424000e+001  6.1200000e+002
  7.5620000e+001  1.1960000e+003
  7.6444000e+001  8.2400000e+002
  7.7272000e+001  8.2800000e+002
  7.8204000e+001  9.3200000e+002
  7.9032000e+001  8.2800000e+002
  7.9808000e+001  7.7600000e+002
  8.0460000e+001  6.5200000e+002
  8.1128000e+001  6.6800000e+002
  8.1796000e+001  6.6800000e+002
  8.2480000e+001  6.8400000e+002
  8.3128000e+001  6.4800000e+002
  8.3748000e+001  6.2000000e+002
  8.4656000e+001  9.0800000e+002
  8.5364000e+001  7.0800000e+002
  8.5988000e+001  6.2400000e+002
  8.6780000e+001  7.9200000e+002
  8.7216000e+001  4.3600000e+002
  8.7880000e+001  6.6400000e+002
  8.8740000e+001  8.6000000e+002
  8.9220000e+001  4.8000000e+002
  8.9868000e+001  6.4800000e+002
  9.0640000e+001  7.7200000e+002
  9.1284000e+001  6.4400000e+002
  9.1988000e+001  7.0400000e+002
  9.2636000e+001  6.4800000e+002
  9.3600000e+001  9.6400000e+002
  9.4296000e+001  6.9600000e+002
  9.5048000e+001  7.5200000e+002
  9.5708000e+001  6.6000000e+002
  9.6432000e+001  7.2400000e+002
  9.7292000e+001  8.6000000e+002
  9.8040000e+001  7.4800000e+002
  9.8720000e+001  6.8000000e+002
  9.9364000e+001  6.4400000e+002
  1.0001600e+002  6.5200000e+002
  1.0072800e+002  7.1200000e+002
  1.0145200e+002  7.2400000e+002
  1.0214400e+002  6.9200000e+002
  1.0289200e+002  7.4800000e+002
  1.0351200e+002  6.2000000e+002
  1.0438000e+002  8.6800000e+002
  1.0513200e+002  7.5200000e+002
  1.0580000e+002  6.6800000e+002
  1.0676400e+002  9.6400000e+002
  1.0746400e+002  7.0000000e+002
  1.0810800e+002  6.4400000e+002
  1.0877600e+002  6.6800000e+002
  1.0942400e+002  6.4800000e+002
  1.1013600e+002  7.1200000e+002
  1.1074000e+002  6.0400000e+002
  1.1142000e+002  6.8000000e+002
  1.1203600e+002  6.1600000e+002
  1.1269600e+002  6.6000000e+002
  1.1340400e+002  7.0800000e+002
  1.1401600e+002  6.1200000e+002
  1.1445600e+002  4.4000000e+002
  1.1505200e+002  5.9600000e+002
  1.1601600e+002  9.6400000e+002
  1.1670800e+002  6.9200000e+002
  1.1733600e+002  6.2800000e+002
  1.1803200e+002  6.9600000e+002
  1.1863200e+002  6.0000000e+002
  1.1947600e+002  8.4400000e+002
  1.2026000e+002  7.8400000e+002
  1.2098800e+002  7.2800000e+002
  1.2164800e+002  6.6000000e+002
  1.2250800e+002  8.6000000e+002
  1.2319200e+002  6.8400000e+002
  1.2396800e+002  7.7600000e+002
  1.2487600e+002  9.0800000e+002
  1.2565600e+002  7.8000000e+002
  1.2651600e+002  8.6000000e+002
  1.2720800e+002  6.9200000e+002
  1.2796800e+002  7.6000000e+002
  1.2864400e+002  6.7600000e+002
  1.2962400e+002  9.8000000e+002
  1.3021200e+002  5.8800000e+002
  1.3080400e+002  5.9200000e+002
  1.3157600e+002  7.7200000e+002
  1.3226000e+002  6.8400000e+002
  1.3287600e+002  6.1600000e+002
  1.3355600e+002  6.8000000e+002
  1.3416800e+002  6.1200000e+002
  1.3488000e+002  7.1200000e+002
  1.3546400e+002  5.8400000e+002
  1.3644400e+002  9.8000000e+002
  1.3690800e+002  4.6400000e+002
  1.3762000e+002  7.1200000e+002
  1.3848800e+002  8.6800000e+002
  1.3932400e+002  8.3600000e+002
  1.4010800e+002  7.8400000e+002
  1.4096800e+002  8.6000000e+002
  1.4159200e+002  6.2400000e+002
  1.4225600e+002  6.6400000e+002
  1.4299200e+002  7.3600000e+002
  1.4364400e+002  6.5200000e+002
  1.4430400e+002  6.6000000e+002
  1.4517600e+002  8.7200000e+002
  1.4602000e+002  8.4400000e+002
  1.4688400e+002  8.6400000e+002
  1.4760400e+002  7.2000000e+002
  1.4820800e+002  6.0400000e+002
  1.4888000e+002  6.7200000e+002
  1.4962800e+002  7.4800000e+002
  1.5024000e+002  6.1200000e+002
  1.5093200e+002  6.9200000e+002
  1.5156800e+002  6.3600000e+002
  1.5215600e+002  5.8800000e+002
  1.5305200e+002  8.9600000e+002
  1.5366800e+002  6.1600000e+002
  1.5446000e+002  7.9200000e+002
  1.5522000e+002  7.6000000e+002
  1.5621200e+002  9.9200000e+002
  1.5697200e+002  7.6000000e+002
  1.5768400e+002  7.1200000e+002
  1.5842400e+002  7.4000000e+002
  1.5912400e+002  7.0000000e+002
  1.5988800e+002  7.6400000e+002
  1.6048400e+002  5.9600000e+002
  1.6111200e+002  6.2800000e+002
  1.6184000e+002  7.2800000e+002
  1.6258800e+002  7.4800000e+002
  1.6331200e+002  7.2400000e+002
  1.6406000e+002  7.4800000e+002
  1.6481600e+002  7.5600000e+002
  1.6526400e+002  4.4800000e+002
  1.6602000e+002  7.5600000e+002
  1.6700400e+002  9.8400000e+002
  1.6762000e+002  6.1600000e+002
  1.6832400e+002  7.0400000e+002
  1.6898400e+002  6.6000000e+002
  1.7004400e+002  1.0600000e+003
  1.7071600e+002  6.7200000e+002
  1.7134800e+002  6.3200000e+002
  1.7203200e+002  6.8400000e+002
  1.7274800e+002  7.1600000e+002
  1.7336400e+002  6.1600000e+002
  1.7409600e+002  7.3200000e+002
  1.7469600e+002  6.0000000e+002
  1.7558400e+002  8.8800000e+002
  1.7623200e+002  6.4800000e+002
  1.7680000e+002  5.6800000e+002
  1.7738400e+002  5.8400000e+002
  1.7812400e+002  7.4000000e+002
  1.7876400e+002  6.4000000e+002
  1.7951200e+002  7.4800000e+002
  1.8016800e+002  6.5600000e+002
  1.8079200e+002  6.2400000e+002
  1.8157200e+002  7.8000000e+002
  1.8222400e+002  6.5200000e+002
  1.8292000e+002  6.9600000e+002
  1.8356400e+002  6.4400000e+002
  1.8446000e+002  8.9600000e+002
  1.8510000e+002  6.4000000e+002
  1.8574400e+002  6.4400000e+002
  1.8643200e+002  6.8800000e+002
  1.8716400e+002  7.3200000e+002
  1.8786800e+002  7.0400000e+002
  1.8852000e+002  6.5200000e+002
  1.8914800e+002  6.2800000e+002
  1.8965600e+002  5.0800000e+002
  1.9032800e+002  6.7200000e+002
  1.9102800e+002  7.0000000e+002
  1.9183600e+002  8.0800000e+002
  1.9258800e+002  7.5200000e+002
  1.9323200e+002  6.4400000e+002
  1.9388800e+002  6.5600000e+002
  1.9454000e+002  6.5200000e+002
  1.9524400e+002  7.0400000e+002
  1.9585200e+002  6.0800000e+002
  1.9648400e+002  6.3200000e+002
  1.9718400e+002  7.0000000e+002
  1.9787200e+002  6.8800000e+002
  1.9840800e+002  5.3600000e+002
  1.9917200e+002  7.6400000e+002
  2.0014800e+002  9.7600000e+002
  2.0061600e+002  4.6800000e+002
  2.0146000e+002  8.4400000e+002
  2.0220000e+002  7.4000000e+002
  2.0310800e+002  9.0800000e+002
  2.0388400e+002  7.7600000e+002
  2.0446000e+002  5.7600000e+002
  2.0516800e+002  7.0800000e+002
  2.0561600e+002  4.4800000e+002
  2.0626800e+002  6.5200000e+002
  2.0693600e+002  6.6800000e+002
  2.0756000e+002  6.2400000e+002
  2.0824000e+002  6.8000000e+002
  2.0887200e+002  6.3200000e+002
  2.0960400e+002  7.3200000e+002
  2.1024400e+002  6.4000000e+002
  2.1085200e+002  6.0800000e+002
  2.1170000e+002  8.4800000e+002
  2.1238000e+002  6.8000000e+002
  2.1309600e+002  7.1600000e+002
  2.1371600e+002  6.2000000e+002
  2.1448000e+002  7.6400000e+002
  2.1518000e+002  7.0000000e+002
  2.1581600e+002  6.3600000e+002
  2.1645600e+002  6.4000000e+002
  2.1711600e+002  6.6000000e+002
  2.1756400e+002  4.4800000e+002
  2.1818000e+002  6.1600000e+002
  2.1861600e+002  4.3600000e+002
  2.1944400e+002  8.2800000e+002
  2.2018000e+002  7.3600000e+002
  2.2082000e+002  6.4000000e+002
  2.2124000e+002  4.2000000e+002
  2.2216000e+002  9.2000000e+002
  2.2290000e+002  7.4000000e+002
  2.2362000e+002  7.2000000e+002
  2.2467200e+002  1.0520000e+003
  2.2535600e+002  6.8400000e+002
  2.2604800e+002  6.9200000e+002
  2.2677600e+002  7.2800000e+002
  2.2747600e+002  7.0000000e+002
  2.2858000e+002  1.1040000e+003
  2.2929600e+002  7.1600000e+002
  2.2995600e+002  6.6000000e+002
  2.3114400e+002  1.1880000e+003
  2.3187600e+002  7.3200000e+002
  2.3274800e+002  8.7200000e+002
  2.3320400e+002  4.5600000e+002
  2.3378000e+002  5.7600000e+002
  2.3449600e+002  7.1600000e+002
  2.3518800e+002  6.9200000e+002
  2.3579600e+002  6.0800000e+002
  2.3646800e+002  6.7200000e+002
  2.3734400e+002  8.7600000e+002
  2.3798800e+002  6.4400000e+002
  2.3871600e+002  7.2800000e+002
  2.3943600e+002  7.2000000e+002
  2.4011200e+002  6.7600000e+002
  2.4074400e+002  6.3200000e+002
  2.4140800e+002  6.6400000e+002
  2.4207600e+002  6.6800000e+002
  2.4278000e+002  7.0400000e+002
  2.4346400e+002  6.8400000e+002
  2.4416800e+002  7.0400000e+002
  2.4484400e+002  6.7600000e+002
  2.4566400e+002  8.2000000e+002
  2.4648400e+002  8.2000000e+002
  2.4724000e+002  7.5600000e+002
  2.4800400e+002  7.6400000e+002
  2.4922800e+002  1.2240000e+003
  2.4975600e+002  5.2800000e+002
  2.5045600e+002  7.0000000e+002
  2.5111600e+002  6.6000000e+002
  2.5154800e+002  4.3200000e+002
  2.5217200e+002  6.2400000e+002
  2.5257200e+002  4.0000000e+002
  2.5316000e+002  5.8800000e+002
  2.5391600e+002  7.5600000e+002
  2.5457200e+002  6.5600000e+002
  2.5551200e+002  9.4000000e+002
  2.5631200e+002  8.0000000e+002
  2.5677600e+002  4.6400000e+002
  2.5744400e+002  6.6800000e+002
  2.5836800e+002  9.2400000e+002
  2.5907200e+002  7.0400000e+002
  2.5987600e+002  8.0400000e+002
  2.6101600e+002  1.1400000e+003
  2.6172000e+002  7.0400000e+002
  2.6219600e+002  4.7600000e+002
  2.6311200e+002  9.1600000e+002
  2.6374400e+002  6.3200000e+002
  2.6432000e+002  5.7600000e+002
  2.6506800e+002  7.4800000e+002
  2.6576800e+002  7.0000000e+002
  2.6662000e+002  8.5200000e+002
  2.6735200e+002  7.3200000e+002
  2.6796400e+002  6.1200000e+002
  2.6863200e+002  6.6800000e+002
  2.6926800e+002  6.3600000e+002
  2.6997200e+002  7.0400000e+002
  2.7062000e+002  6.4800000e+002
  2.7151200e+002  8.9200000e+002
  2.7242000e+002  9.0800000e+002
  2.7321600e+002  7.9600000e+002
  2.7388800e+002  6.7200000e+002
  2.7461200e+002  7.2400000e+002
  2.7531200e+002  7.0000000e+002
  2.7594400e+002  6.3200000e+002
  2.7658800e+002  6.4400000e+002
  2.7757200e+002  9.8400000e+002
  2.7826800e+002  6.9600000e+002
  2.7921600e+002  9.4800000e+002
  2.7985200e+002  6.3600000e+002
  2.8055200e+002  7.0000000e+002
  2.8126000e+002  7.0800000e+002
  2.8192800e+002  6.6800000e+002
  2.8268800e+002  7.6000000e+002
  2.8344000e+002  7.5200000e+002
  2.8436000e+002  9.2000000e+002
  2.8514000e+002  7.8000000e+002
  2.8576400e+002  6.2400000e+002
  2.8655600e+002  7.9200000e+002
  2.8719600e+002  6.4000000e+002
  2.8802800e+002  8.3200000e+002
  2.8894000e+002  9.1200000e+002
  2.8964000e+002  7.0000000e+002
  2.9029600e+002  6.5600000e+002
  2.9089600e+002  6.0000000e+002
  2.9160400e+002  7.0800000e+002
  2.9227200e+002  6.6800000e+002
  2.9292000e+002  6.4800000e+002
  2.9367600e+002  7.5600000e+002
  2.9436400e+002  6.8800000e+002
  2.9502400e+002  6.6000000e+002
  2.9574000e+002  7.1600000e+002
  2.9644400e+002  7.0400000e+002
  2.9742800e+002  9.8400000e+002
  2.9812800e+002  7.0000000e+002
  2.9877200e+002  6.4400000e+002
  2.9957200e+002  8.0000000e+002
  3.0018000e+002  6.0800000e+002
  3.0090800e+002  7.2800000e+002
  3.0168000e+002  7.7200000e+002
  3.0232400e+002  6.4400000e+002
  3.0301600e+002  6.9200000e+002
  3.0363600e+002  6.2000000e+002
  3.0432000e+002  6.8400000e+002
  3.0522800e+002  9.0800000e+002
  3.0595600e+002  7.2800000e+002
  3.0672400e+002  7.6800000e+002
  3.0738400e+002  6.6000000e+002
  3.0828800e+002  9.0400000e+002
  3.0906800e+002  7.8000000e+002
  3.0974800e+002  6.8000000e+002
  3.1040400e+002  6.5600000e+002
  3.1086000e+002  4.5600000e+002
  3.1142400e+002  5.6400000e+002
  3.1215600e+002  7.3200000e+002
  3.1282800e+002  6.7200000e+002
  3.1351200e+002  6.8400000e+002
  3.1420400e+002  6.9200000e+002
  3.1493200e+002  7.2800000e+002
  3.1552000e+002  5.8800000e+002
  3.1625200e+002  7.3200000e+002
  3.1682400e+002  5.7200000e+002
  3.1744400e+002  6.2000000e+002
  3.1815200e+002  7.0800000e+002
  3.1912800e+002  9.7600000e+002
  3.1971200e+002  5.8400000e+002
  3.2040400e+002  6.9200000e+002
  3.2110000e+002  6.9600000e+002
  3.2178400e+002  6.8400000e+002
  3.2264800e+002  8.6400000e+002
  3.2331200e+002  6.6400000e+002
  3.2391600e+002  6.0400000e+002
  3.2482400e+002  9.0800000e+002
  3.2562000e+002  7.9600000e+002
  3.2660000e+002  9.8000000e+002
  3.2730400e+002  7.0400000e+002
  3.2800800e+002  7.0400000e+002
  3.2870400e+002  6.9600000e+002
  3.2942400e+002  7.2000000e+002
  3.3012800e+002  7.0400000e+002
  3.3084400e+002  7.1600000e+002
  3.3148400e+002  6.4000000e+002
  3.3221600e+002  7.3200000e+002
  3.3295200e+002  7.3600000e+002
  3.3394000e+002  9.8800000e+002
  3.3460400e+002  6.6400000e+002
  3.3524800e+002  6.4400000e+002
  3.3602800e+002  7.8000000e+002
  3.3672400e+002  6.9600000e+002
  3.3739600e+002  6.7200000e+002
  3.3824800e+002  8.5200000e+002
  3.3886400e+002  6.1600000e+002
  3.3948000e+002  6.1600000e+002
  3.4014800e+002  6.6800000e+002
  3.4077600e+002  6.2800000e+002
  3.4153200e+002  7.5600000e+002
  3.4238800e+002  8.5600000e+002
  3.4320000e+002  8.1200000e+002
  3.4382000e+002  6.2000000e+002
  3.4440000e+002  5.8000000e+002
  3.4514000e+002  7.4000000e+002
  3.4585200e+002  7.1200000e+002
  3.4678800e+002  9.3600000e+002
  3.4741200e+002  6.2400000e+002
  3.4836800e+002  9.5600000e+002
  3.4902400e+002  6.5600000e+002
  3.4946000e+002  4.3600000e+002
  3.5015200e+002  6.9200000e+002
  3.5072800e+002  5.7600000e+002
  3.5132400e+002  5.9600000e+002
  3.5195600e+002  6.3200000e+002
  3.5241600e+002  4.6000000e+002
  3.5301600e+002  6.0000000e+002
  3.5373200e+002  7.1600000e+002
  3.5426000e+002  5.2800000e+002
  3.5504000e+002  7.8000000e+002
  3.5568800e+002  6.4800000e+002
  3.5634000e+002  6.5200000e+002
  3.5735600e+002  1.0160000e+003
  3.5812000e+002  7.6400000e+002
  3.5904000e+002  9.2000000e+002
  3.5979200e+002  7.5200000e+002
  3.6067200e+002  8.8000000e+002
  3.6143600e+002  7.6400000e+002
  3.6216000e+002  7.2400000e+002
  3.6282800e+002  6.6800000e+002
  3.6353600e+002  7.0800000e+002
  3.6417600e+002  6.4000000e+002
  3.6492000e+002  7.4400000e+002
  3.6560800e+002  6.8800000e+002
  3.6622800e+002  6.2000000e+002
  3.6687600e+002  6.4800000e+002
  3.6774400e+002  8.6800000e+002
  3.6859200e+002  8.4800000e+002
  3.6923600e+002  6.4400000e+002
  3.6985600e+002  6.2000000e+002
  3.7051600e+002  6.6000000e+002
  3.7115600e+002  6.4000000e+002
  3.7185200e+002  6.9600000e+002
  3.7249200e+002  6.4000000e+002
  3.7317600e+002  6.8400000e+002
  3.7390400e+002  7.2800000e+002
  3.7467200e+002  7.6800000e+002
  3.7551600e+002  8.4400000e+002
  3.7624400e+002  7.2800000e+002
  3.7682000e+002  5.7600000e+002
  3.7782800e+002  1.0080000e+003
  3.7848000e+002  6.5200000e+002
  3.7925600e+002  7.7600000e+002
  3.7991600e+002  6.6000000e+002
  3.8054400e+002  6.2800000e+002
  3.8127600e+002  7.3200000e+002
  3.8194000e+002  6.6400000e+002
  3.8259600e+002  6.5600000e+002
  3.8332800e+002  7.3200000e+002
  3.8398400e+002  6.5600000e+002
  3.8442800e+002  4.4400000e+002
  3.8536800e+002  9.4000000e+002
  3.8612800e+002  7.6000000e+002
  3.8671200e+002  5.8400000e+002
  3.8737200e+002  6.6000000e+002
  3.8804000e+002  6.6800000e+002
  3.8901600e+002  9.7600000e+002
  3.8974000e+002  7.2400000e+002
  3.9050800e+002  7.6800000e+002
  3.9116800e+002  6.6000000e+002
  3.9185600e+002  6.8800000e+002
  3.9258000e+002  7.2400000e+002
  3.9332000e+002  7.4000000e+002
  3.9398000e+002  6.6000000e+002
  3.9471200e+002  7.3200000e+002
  3.9546000e+002  7.4800000e+002
  3.9606000e+002  6.0000000e+002
  3.9676800e+002  7.0800000e+002
  3.9743200e+002  6.6400000e+002
  3.9834400e+002  9.1200000e+002
  3.9938800e+002  1.0440000e+003
  4.0000800e+002  6.2000000e+002
  4.0063200e+002  6.2400000e+002
  4.0130400e+002  6.7200000e+002
  4.0205200e+002  7.4800000e+002
  4.0268000e+002  6.2800000e+002
  4.0363600e+002  9.5600000e+002
  4.0410400e+002  4.6800000e+002
  4.0473200e+002  6.2800000e+002
  4.0548800e+002  7.5600000e+002
  4.0619200e+002  7.0400000e+002
  4.0714800e+002  9.5600000e+002
  4.0790400e+002  7.5600000e+002
  4.0879200e+002  8.8800000e+002
  4.0942800e+002  6.3600000e+002
  4.1035200e+002  9.2400000e+002
  4.1097200e+002  6.2000000e+002
  4.1172000e+002  7.4800000e+002
  4.1238000e+002  6.6000000e+002
  4.1316800e+002  7.8800000e+002
  4.1385600e+002  6.8800000e+002
  4.1464400e+002  7.8800000e+002
  4.1520800e+002  5.6400000e+002
  4.1607200e+002  8.6400000e+002
  4.1692800e+002  8.5600000e+002
  4.1756400e+002  6.3600000e+002
  4.1826000e+002  6.9600000e+002
  4.1878000e+002  5.2000000e+002
  4.1956800e+002  7.8800000e+002
  4.2026000e+002  6.9200000e+002
  4.2089600e+002  6.3600000e+002
  4.2146000e+002  5.6400000e+002
  4.2216000e+002  7.0000000e+002
  4.2278800e+002  6.2800000e+002
  4.2348800e+002  7.0000000e+002
  4.2434000e+002  8.5200000e+002
  4.2534800e+002  1.0080000e+003
  4.2613200e+002  7.8400000e+002
  4.2679600e+002  6.6400000e+002
  4.2748800e+002  6.9200000e+002
  4.2817200e+002  6.8400000e+002
  4.2888000e+002  7.0800000e+002
  4.2954000e+002  6.6000000e+002
  4.3030800e+002  7.6800000e+002
  4.3094000e+002  6.3200000e+002
  4.3159600e+002  6.5600000e+002
  4.3232800e+002  7.3200000e+002
  4.3302000e+002  6.9200000e+002
  4.3382800e+002  8.0800000e+002
  4.3448400e+002  6.5600000e+002
  4.3514000e+002  6.5600000e+002
  4.3587200e+002  7.3200000e+002
  4.3666800e+002  7.9600000e+002
  4.3752000e+002  8.5200000e+002
  4.3826800e+002  7.4800000e+002
  4.3899200e+002  7.2400000e+002
  4.3968800e+002  6.9600000e+002
  4.4040000e+002  7.1200000e+002
  4.4100000e+002  6.0000000e+002
  4.4177600e+002  7.7600000e+002
  4.4253200e+002  7.5600000e+002
  4.4328400e+002  7.5200000e+002
  4.4394400e+002  6.6000000e+002
  4.4459200e+002  6.4800000e+002
  4.4562000e+002  1.0280000e+003
  4.4618800e+002  5.6800000e+002
  4.4678400e+002  5.9600000e+002
  4.4744800e+002  6.6400000e+002
  4.4811600e+002  6.6800000e+002
  4.4908400e+002  9.6800000e+002
  4.4973200e+002  6.4800000e+002
  4.5028400e+002  5.5200000e+002
  4.5108400e+002  8.0000000e+002
  4.5172400e+002  6.4000000e+002
  4.5232800e+002  6.0400000e+002
  4.5321600e+002  8.8800000e+002
  4.5400400e+002  7.8800000e+002
  4.5505200e+002  1.0480000e+003
  4.5577200e+002  7.2000000e+002
  4.5660000e+002  8.2800000e+002
  4.5726400e+002  6.6400000e+002
  4.5802800e+002  7.6400000e+002
  4.5866000e+002  6.3200000e+002
  4.5956000e+002  9.0000000e+002
  4.6028000e+002  7.2000000e+002
  4.6097600e+002  6.9600000e+002
  4.6155600e+002  5.8000000e+002
  4.6224000e+002  6.8400000e+002
  4.6317600e+002  9.3600000e+002
  4.6386400e+002  6.8800000e+002
  4.6456800e+002  7.0400000e+002
  4.6512400e+002  5.5600000e+002
  4.6580800e+002  6.8400000e+002
  4.6649600e+002  6.8800000e+002
  4.6718400e+002  6.8800000e+002
  4.6779600e+002  6.1200000e+002
  4.6843200e+002  6.3600000e+002
  4.6933600e+002  9.0400000e+002
  4.7010400e+002  7.6800000e+002
  4.7085200e+002  7.4800000e+002
  4.7161600e+002  7.6400000e+002
  4.7224400e+002  6.2800000e+002
  4.7282800e+002  5.8400000e+002
  4.7347600e+002  6.4800000e+002
  4.7421200e+002  7.3600000e+002
  4.7485200e+002  6.4000000e+002
  4.7550000e+002  6.4800000e+002
  4.7616000e+002  6.6000000e+002
  4.7709200e+002  9.3200000e+002
  4.7783200e+002  7.4000000e+002
  4.7849600e+002  6.6400000e+002
  4.7919200e+002  6.9600000e+002
  4.7979200e+002  6.0000000e+002
  4.8042400e+002  6.3200000e+002
  4.8111200e+002  6.8800000e+002
  4.8176400e+002  6.5200000e+002
  4.8247200e+002  7.0800000e+002
  4.8316800e+002  6.9600000e+002
  4.8378000e+002  6.1200000e+002
  4.8445200e+002  6.7200000e+002
  4.8542800e+002  9.7600000e+002
  4.8618800e+002  7.6000000e+002
  4.8716800e+002  9.8000000e+002
  4.8787600e+002  7.0800000e+002
  4.8854000e+002  6.6400000e+002
  4.8925200e+002  7.1200000e+002
  4.8999600e+002  7.4400000e+002
  4.9069200e+002  6.9600000e+002
  4.9140400e+002  7.1200000e+002
  4.9206000e+002  6.5600000e+002
  4.9300400e+002  9.4400000e+002
  4.9378400e+002  7.8000000e+002
  4.9440000e+002  6.1600000e+002
  4.9512800e+002  7.2800000e+002
  4.9589200e+002  7.6400000e+002
  4.9685600e+002  9.6400000e+002
  4.9753200e+002  6.7600000e+002
  4.9822400e+002  6.9200000e+002
  4.9891600e+002  6.9200000e+002
  4.9970000e+002  7.8400000e+002
  5.0040800e+002  7.0800000e+002
  5.0108000e+002  6.7200000e+002
  5.0168800e+002  6.0800000e+002
  5.0234400e+002  6.5600000e+002
  5.0294800e+002  6.0400000e+002
  5.0357600e+002  6.2800000e+002
  5.0431200e+002  7.3600000e+002
  5.0502400e+002  7.1200000e+002
  5.0602000e+002  9.9600000e+002
  5.0649200e+002  4.7200000e+002
  5.0718000e+002  6.8800000e+002
  5.0786000e+002  6.8000000e+002
  5.0851200e+002  6.5200000e+002
  5.0920800e+002  6.9600000e+002
  5.0990400e+002  6.9600000e+002
  5.1058400e+002  6.8000000e+002
  5.1127600e+002  6.9200000e+002
  5.1230800e+002  1.0320000e+003
  5.1297200e+002  6.6400000e+002
  5.1368000e+002  7.0800000e+002
  5.1423200e+002  5.5200000e+002
  5.1497200e+002  7.4000000e+002
  5.1566800e+002  6.9600000e+002
  5.1631200e+002  6.4400000e+002
  5.1733600e+002  1.0240000e+003
  5.1800000e+002  6.6400000e+002
  5.1867600e+002  6.7600000e+002
  5.1940000e+002  7.2400000e+002
  5.2004400e+002  6.4400000e+002
  5.2069200e+002  6.4800000e+002
  5.2140800e+002  7.1600000e+002
  5.2209200e+002  6.8400000e+002
  5.2276400e+002  6.7200000e+002
  5.2334400e+002  5.8000000e+002
  5.2420800e+002  8.6400000e+002
  5.2486000e+002  6.5200000e+002
  5.2552000e+002  6.6000000e+002
  5.2642000e+002  9.0000000e+002
  5.2708400e+002  6.6400000e+002
  5.2777200e+002  6.8800000e+002
  5.2880800e+002  1.0360000e+003
  5.2962800e+002  8.2000000e+002
  5.3036400e+002  7.3600000e+002
  5.3100000e+002  6.3600000e+002
  5.3178000e+002  7.8000000e+002
  5.3238800e+002  6.0800000e+002
  5.3304400e+002  6.5600000e+002
  5.3374000e+002  6.9600000e+002
  5.3451200e+002  7.7200000e+002
  5.3511200e+002  6.0000000e+002
  5.3579600e+002  6.8400000e+002
  5.3647200e+002  6.7600000e+002
  5.3744000e+002  9.6800000e+002
  5.3838000e+002  9.4000000e+002
  5.3906000e+002  6.8000000e+002
  5.3973600e+002  6.7600000e+002
  5.4037200e+002  6.3600000e+002
  5.4106000e+002  6.8800000e+002
  5.4166400e+002  6.0400000e+002
  5.4265600e+002  9.9200000e+002
  5.4340400e+002  7.4800000e+002
  5.4409600e+002  6.9200000e+002
  5.4482400e+002  7.2800000e+002
  5.4582000e+002  9.9600000e+002
  5.4646000e+002  6.4000000e+002
  5.4712000e+002  6.6000000e+002
  5.4786400e+002  7.4400000e+002
  5.4853600e+002  6.7200000e+002
  5.4921600e+002  6.8000000e+002
  5.4964800e+002  4.3200000e+002
  5.5034000e+002  6.9200000e+002
  5.5094800e+002  6.0800000e+002
  5.5160400e+002  6.5600000e+002
  5.5258800e+002  9.8400000e+002
  5.5343200e+002  8.4400000e+002
  5.5409600e+002  6.6400000e+002
  5.5479200e+002  6.9600000e+002
  5.5552800e+002  7.3600000e+002
  5.5616400e+002  6.3600000e+002
  5.5660800e+002  4.4400000e+002
  5.5743600e+002  8.2800000e+002
  5.5850400e+002  1.0680000e+003
  5.5916400e+002  6.6000000e+002
  5.5963200e+002  4.6800000e+002
  5.6026400e+002  6.3200000e+002
  5.6098000e+002  7.1600000e+002
  5.6163600e+002  6.5600000e+002
  5.6239600e+002  7.6000000e+002
  5.6309600e+002  7.0000000e+002
  5.6403600e+002  9.4000000e+002
  5.6478000e+002  7.4400000e+002
  5.6537200e+002  5.9200000e+002
  5.6597600e+002  6.0400000e+002
  5.6667200e+002  6.9600000e+002
  5.6748000e+002  8.0800000e+002
  5.6817600e+002  6.9600000e+002
  5.6881200e+002  6.3600000e+002
  5.6959600e+002  7.8400000e+002
  5.7028400e+002  6.8800000e+002
  5.7100000e+002  7.1600000e+002
  5.7176800e+002  7.6800000e+002
  5.7238400e+002  6.1600000e+002
  5.7309200e+002  7.0800000e+002
  5.7418000e+002  1.0880000e+003
  5.7486400e+002  6.8400000e+002
  5.7565200e+002  7.8800000e+002
  5.7634400e+002  6.9200000e+002
  5.7695600e+002  6.1200000e+002
  5.7762400e+002  6.6800000e+002
  5.7810400e+002  4.8000000e+002
  5.7873200e+002  6.2800000e+002
  5.7945200e+002  7.2000000e+002
  5.8007600e+002  6.2400000e+002
  5.8075200e+002  6.7600000e+002
  5.8142400e+002  6.7200000e+002
  5.8215600e+002  7.3200000e+002
  5.8316400e+002  1.0080000e+003
  5.8382800e+002  6.6400000e+002
  5.8449200e+002  6.6400000e+002
  5.8515600e+002  6.6400000e+002
  5.8583600e+002  6.8000000e+002
  5.8661200e+002  7.7600000e+002
  5.8732400e+002  7.1200000e+002
  5.8794800e+002  6.2400000e+002
  5.8861200e+002  6.6400000e+002
  5.8955200e+002  9.4000000e+002
  5.9026000e+002  7.0800000e+002
  5.9094800e+002  6.8800000e+002
  5.9166800e+002  7.2000000e+002
  5.9210000e+002  4.3200000e+002
  5.9269600e+002  5.9600000e+002
  5.9352000e+002  8.2400000e+002
  5.9408400e+002  5.6400000e+002
  5.9478400e+002  7.0000000e+002
  5.9544800e+002  6.6400000e+002
  5.9614400e+002  6.9600000e+002
  5.9679200e+002  6.4800000e+002
  5.9775600e+002  9.6400000e+002
  5.9848800e+002  7.3200000e+002
  5.9949200e+002  1.0040000e+003
  6.0015200e+002  6.6000000e+002
  6.0082000e+002  6.6800000e+002
  6.0181200e+002  9.9200000e+002
  6.0255200e+002  7.4000000e+002
  6.0328400e+002  7.3200000e+002
  6.0433600e+002  1.0520000e+003
  6.0496400e+002  6.2800000e+002
  6.0559600e+002  6.3200000e+002
  6.0627200e+002  6.7600000e+002
  6.0690000e+002  6.2800000e+002
  6.0749200e+002  5.9200000e+002
  6.0812000e+002  6.2800000e+002
  6.0888800e+002  7.6800000e+002
  6.0964400e+002  7.5600000e+002
  6.1030400e+002  6.6000000e+002
  6.1094400e+002  6.4000000e+002
  6.1160000e+002  6.5600000e+002
  6.1222800e+002  6.2800000e+002
  6.1296800e+002  7.4000000e+002
  6.1377200e+002  8.0400000e+002
  6.1455600e+002  7.8400000e+002
  6.1512000e+002  5.6400000e+002
  6.1562000e+002  5.0000000e+002
  6.1616400e+002  5.4400000e+002
  6.1683200e+002  6.6800000e+002
  6.1744000e+002  6.0800000e+002
  6.1810000e+002  6.6000000e+002
  6.1876000e+002  6.6000000e+002
  6.1951200e+002  7.5200000e+002
  6.2021600e+002  7.0400000e+002
  6.2087200e+002  6.5600000e+002
  6.2149600e+002  6.2400000e+002
  6.2230800e+002  8.1200000e+002
  6.2290000e+002  5.9200000e+002
  6.2404800e+002  1.1480000e+003
  6.2472000e+002  6.7200000e+002
  6.2541200e+002  6.9200000e+002
  6.2623200e+002  8.2000000e+002
  6.2717600e+002  9.4400000e+002
  6.2795200e+002  7.7600000e+002
  6.2862400e+002  6.7200000e+002
  6.2945200e+002  8.2800000e+002
  6.3008400e+002  6.3200000e+002
  6.3072000e+002  6.3600000e+002
  6.3136800e+002  6.4800000e+002
  6.3206000e+002  6.9200000e+002
  6.3295600e+002  8.9600000e+002
  6.3382800e+002  8.7200000e+002
  6.3438800e+002  5.6000000e+002
  6.3511200e+002  7.2400000e+002
  6.3582000e+002  7.0800000e+002
  6.3660800e+002  7.8800000e+002
  6.3728800e+002  6.8000000e+002
  6.3799600e+002  7.0800000e+002
  6.3859600e+002  6.0000000e+002
  6.3926000e+002  6.6400000e+002
  6.3994800e+002  6.8800000e+002
  6.4064000e+002  6.9200000e+002
  6.4131200e+002  6.7200000e+002
  6.4196000e+002  6.4800000e+002
  6.4240000e+002  4.4000000e+002
  6.4306400e+002  6.6400000e+002
  6.4373600e+002  6.7200000e+002
  6.4436400e+002  6.2800000e+002
  6.4510000e+002  7.3600000e+002
  6.4577600e+002  6.7600000e+002
  6.4664800e+002  8.7200000e+002
  6.4709600e+002  4.4800000e+002
  6.4777200e+002  6.7600000e+002
  6.4848400e+002  7.1200000e+002
  6.4913200e+002  6.4800000e+002
  6.5006800e+002  9.3600000e+002
  6.5071600e+002  6.4800000e+002
  6.5140400e+002  6.8800000e+002
  6.5232800e+002  9.2400000e+002
  6.5324800e+002  9.2000000e+002
  6.5401600e+002  7.6800000e+002
  6.5469200e+002  6.7600000e+002
  6.5536800e+002  6.7600000e+002
  6.5616000e+002  7.9200000e+002
  6.5689600e+002  7.3600000e+002
  6.5758800e+002  6.9200000e+002
  6.5824800e+002  6.6000000e+002
  6.5904000e+002  7.9200000e+002
  6.5996000e+002  9.2000000e+002
  6.6064400e+002  6.8400000e+002
  6.6134800e+002  7.0400000e+002
  6.6194000e+002  5.9200000e+002
  6.6275200e+002  8.1200000e+002
  6.6375600e+002  1.0040000e+003
  6.6443600e+002  6.8000000e+002
  6.6515200e+002  7.1600000e+002
  6.6581600e+002  6.6400000e+002
  6.6653600e+002  7.2000000e+002
  6.6749200e+002  9.5600000e+002
  6.6814000e+002  6.4800000e+002
  6.6887200e+002  7.3200000e+002
  6.6962800e+002  7.5600000e+002
  6.7009600e+002  4.6800000e+002
  6.7076400e+002  6.6800000e+002
  6.7147600e+002  7.1200000e+002
  6.7211600e+002  6.4000000e+002
  6.7288400e+002  7.6800000e+002
  6.7356800e+002  6.8400000e+002
  6.7420000e+002  6.3200000e+002
  6.7490000e+002  7.0000000e+002
  6.7556000e+002  6.6000000e+002
  6.7630400e+002  7.4400000e+002
  6.7700800e+002  7.0400000e+002
  6.7770400e+002  6.9600000e+002
  6.7842800e+002  7.2400000e+002
  6.7911200e+002  6.8400000e+002
  6.7976800e+002  6.5600000e+002
  6.8043600e+002  6.6800000e+002
  6.8118400e+002  7.4800000e+002
  6.8187600e+002  6.9200000e+002
  6.8254800e+002  6.7200000e+002
  6.8323600e+002  6.8800000e+002
  6.8402000e+002  7.8400000e+002
  6.8468400e+002  6.6400000e+002
  6.8558000e+002  8.9600000e+002
  6.8628000e+002  7.0000000e+002
  6.8694000e+002  6.6000000e+002
  6.8756800e+002  6.2800000e+002
  6.8820800e+002  6.4000000e+002
  6.8888000e+002  6.7200000e+002
  6.8956000e+002  6.8000000e+002
  6.9036000e+002  8.0000000e+002
  6.9106800e+002  7.0800000e+002
  6.9179200e+002  7.2400000e+002
  6.9246400e+002  6.7200000e+002
  6.9315200e+002  6.8800000e+002
  6.9380800e+002  6.5600000e+002
  6.9440800e+002  6.0000000e+002
  6.9508400e+002  6.7600000e+002
  6.9568000e+002  5.9600000e+002
  6.9638800e+002  7.0800000e+002
  6.9714000e+002  7.5200000e+002
  6.9772400e+002  5.8400000e+002
  6.9817600e+002  4.5200000e+002
  6.9875600e+002  5.8000000e+002
  6.9961600e+002  8.6000000e+002
  7.0061200e+002  9.9600000e+002
  7.0133600e+002  7.2400000e+002
  7.0198800e+002  6.5200000e+002
  7.0266000e+002  6.7200000e+002
  7.0364400e+002  9.8400000e+002
  7.0457200e+002  9.2800000e+002
  7.0561200e+002  1.0400000e+003
  7.0629200e+002  6.8000000e+002
  7.0699200e+002  7.0000000e+002
  7.0763200e+002  6.4000000e+002
  7.0817200e+002  5.4000000e+002
  7.0866800e+002  4.9600000e+002
  7.0940000e+002  7.3200000e+002
  7.1021600e+002  8.1600000e+002
  7.1083600e+002  6.2000000e+002
  7.1152000e+002  6.8400000e+002
  7.1226400e+002  7.4400000e+002
  7.1286400e+002  6.0000000e+002
  7.1388400e+002  1.0200000e+003
  7.1451600e+002  6.3200000e+002
  7.1521200e+002  6.9600000e+002
  7.1587600e+002  6.6400000e+002
  7.1664000e+002  7.6400000e+002
  7.1726400e+002  6.2400000e+002
  7.1799200e+002  7.2800000e+002
  7.1868400e+002  6.9200000e+002
  7.1969600e+002  1.0120000e+003
  7.2070400e+002  1.0080000e+003
  7.2138400e+002  6.8000000e+002
  7.2221600e+002  8.3200000e+002
  7.2302000e+002  8.0400000e+002
  7.2376800e+002  7.4800000e+002
  7.2444400e+002  6.7600000e+002
  7.2506400e+002  6.2000000e+002
  7.2566400e+002  6.0000000e+002
  7.2633200e+002  6.6800000e+002
  7.2709200e+002  7.6000000e+002
  7.2776000e+002  6.6800000e+002
  7.2835600e+002  5.9600000e+002
  7.2931600e+002  9.6000000e+002
  7.3005600e+002  7.4000000e+002
  7.3071600e+002  6.6000000e+002
  7.3124000e+002  5.2400000e+002
  7.3190400e+002  6.6400000e+002
  7.3254000e+002  6.3600000e+002
  7.3324400e+002  7.0400000e+002
  7.3411200e+002  8.6800000e+002
  7.3467600e+002  5.6400000e+002
  7.3567600e+002  1.0000000e+003
  7.3633600e+002  6.6000000e+002
  7.3702800e+002  6.9200000e+002
  7.3801600e+002  9.8800000e+002
  7.3896400e+002  9.4800000e+002
  7.3984000e+002  8.7600000e+002
  7.4053200e+002  6.9200000e+002
  7.4131600e+002  7.8400000e+002
  7.4229600e+002  9.8000000e+002
  7.4297600e+002  6.8000000e+002
  7.4394400e+002  9.6800000e+002
  7.4456000e+002  6.1600000e+002
  7.4515200e+002  5.9200000e+002
  7.4597200e+002  8.2000000e+002
  7.4690000e+002  9.2800000e+002
  7.4769200e+002  7.9200000e+002
  7.4865600e+002  9.6400000e+002
  7.4940000e+002  7.4400000e+002
  7.5028400e+002  8.8400000e+002
  7.5099200e+002  7.0800000e+002
  7.5171600e+002  7.2400000e+002
  7.5239600e+002  6.8000000e+002
  7.5305600e+002  6.6000000e+002
  7.5376800e+002  7.1200000e+002
  7.5437600e+002  6.0800000e+002
  7.5509200e+002  7.1600000e+002
  7.5581200e+002  7.2000000e+002
  7.5654400e+002  7.3200000e+002
  7.5712800e+002  5.8400000e+002
  7.5779200e+002  6.6400000e+002
  7.5855200e+002  7.6000000e+002
  7.5914800e+002  5.9600000e+002
  7.6036000e+002  1.2120000e+003
  7.6147600e+002  1.1160000e+003
  7.6208000e+002  6.0400000e+002
  7.6314800e+002  1.0680000e+003
  7.6368800e+002  5.4000000e+002
  7.6432800e+002  6.4000000e+002
  7.6500800e+002  6.8000000e+002
  7.6593600e+002  9.2800000e+002
  7.6676800e+002  8.3200000e+002
  7.6740800e+002  6.4000000e+002
  7.6804000e+002  6.3200000e+002
  7.6871600e+002  6.7600000e+002
  7.6936000e+002  6.4400000e+002
  7.7030800e+002  9.4800000e+002
  7.7097200e+002  6.6400000e+002
  7.7173600e+002  7.6400000e+002
  7.7242000e+002  6.8400000e+002
  7.7284800e+002  4.2800000e+002
  7.7350800e+002  6.6000000e+002
  7.7426400e+002  7.5600000e+002
  7.7498400e+002  7.2000000e+002
  7.7567600e+002  6.9200000e+002
  7.7628800e+002  6.1200000e+002
  7.7674000e+002  4.5200000e+002
  7.7731600e+002  5.7600000e+002
  7.7799600e+002  6.8000000e+002
  7.7844800e+002  4.5200000e+002
  7.7908800e+002  6.4000000e+002
  7.7980800e+002  7.2000000e+002
  7.8028800e+002  4.8000000e+002
  7.8098800e+002  7.0000000e+002
  7.8166400e+002  6.7600000e+002
  7.8239200e+002  7.2800000e+002
  7.8310000e+002  7.0800000e+002
  7.8374000e+002  6.4000000e+002
  7.8446400e+002  7.2400000e+002
  7.8522400e+002  7.6000000e+002
  7.8578000e+002  5.5600000e+002
  7.8654000e+002  7.6000000e+002
  7.8749600e+002  9.5600000e+002
  7.8814800e+002  6.5200000e+002
  7.8879600e+002  6.4800000e+002
  7.8942000e+002  6.2400000e+002
  7.9009200e+002  6.7200000e+002
  7.9110000e+002  1.0080000e+003
  7.9180000e+002  7.0000000e+002
  7.9276800e+002  9.6800000e+002
  7.9340800e+002  6.4000000e+002
  7.9409200e+002  6.8400000e+002
  7.9474400e+002  6.5200000e+002
  7.9545200e+002  7.0800000e+002
  7.9618000e+002  7.2800000e+002
  7.9707600e+002  8.9600000e+002
  7.9772000e+002  6.4400000e+002
  7.9844000e+002  7.2000000e+002
  7.9915200e+002  7.1200000e+002
  7.9982400e+002  6.7200000e+002
  8.0058000e+002  7.5600000e+002
  8.0158400e+002  1.0040000e+003
  8.0260000e+002  1.0160000e+003
  8.0322400e+002  6.2400000e+002
  8.0414800e+002  9.2400000e+002
  8.0482400e+002  6.7600000e+002
  8.0544000e+002  6.1600000e+002
  8.0608800e+002  6.4800000e+002
  8.0685600e+002  7.6800000e+002
  8.0746400e+002  6.0800000e+002
  8.0823600e+002  7.7200000e+002
  8.0891600e+002  6.8000000e+002
  8.0934400e+002  4.2800000e+002
  8.0998000e+002  6.3600000e+002
  8.1073600e+002  7.5600000e+002
  8.1158400e+002  8.4800000e+002
  8.1206800e+002  4.8400000e+002
  8.1276400e+002  6.9600000e+002
  8.1348000e+002  7.1600000e+002
  8.1454800e+002  1.0680000e+003
  8.1502800e+002  4.8000000e+002
  8.1589600e+002  8.6800000e+002
  8.1662000e+002  7.2400000e+002
  8.1739600e+002  7.7600000e+002
  8.1811200e+002  7.1600000e+002
  8.1873200e+002  6.2000000e+002
  8.1946800e+002  7.3600000e+002
  8.2017600e+002  7.0800000e+002
  8.2091600e+002  7.4000000e+002
  8.2149600e+002  5.8000000e+002
  8.2218000e+002  6.8400000e+002
  8.2285200e+002  6.7200000e+002
  8.2358400e+002  7.3200000e+002
  8.2426800e+002  6.8400000e+002
  8.2490400e+002  6.3600000e+002
  8.2562000e+002  7.1600000e+002
  8.2628000e+002  6.6000000e+002
  8.2703600e+002  7.5600000e+002
  8.2772000e+002  6.8400000e+002
  8.2837200e+002  6.5200000e+002
  8.2879600e+002  4.2400000e+002
  8.2946000e+002  6.6400000e+002
  8.3009200e+002  6.3200000e+002
  8.3079600e+002  7.0400000e+002
  8.3157600e+002  7.8000000e+002
  8.3227600e+002  7.0000000e+002
  8.3292000e+002  6.4400000e+002
  8.3361600e+002  6.9600000e+002
  8.3434000e+002  7.2400000e+002
  8.3494400e+002  6.0400000e+002
  8.3564400e+002  7.0000000e+002
  8.3644400e+002  8.0000000e+002
  8.3713600e+002  6.9200000e+002
  8.3783200e+002  6.9600000e+002
  8.3857200e+002  7.4000000e+002
  8.3927600e+002  7.0400000e+002
  8.3991200e+002  6.3600000e+002
  8.4056000e+002  6.4800000e+002
  8.4133200e+002  7.7200000e+002
  8.4202400e+002  6.9200000e+002
  8.4268000e+002  6.5600000e+002
  8.4366800e+002  9.8800000e+002
  8.4438000e+002  7.1200000e+002
  8.4504400e+002  6.6400000e+002
  8.4564800e+002  6.0400000e+002
  8.4636000e+002  7.1200000e+002
  8.4693600e+002  5.7600000e+002
  8.4744800e+002  5.1200000e+002
  8.4832400e+002  8.7600000e+002
  8.4920000e+002  8.7600000e+002
  8.4992400e+002  7.2400000e+002
  8.5062400e+002  7.0000000e+002
  8.5132000e+002  6.9600000e+002
  8.5204800e+002  7.2800000e+002
  8.5267600e+002  6.2800000e+002
  8.5356800e+002  8.9200000e+002
  8.5442400e+002  8.5600000e+002
  8.5511200e+002  6.8800000e+002
  8.5592400e+002  8.1200000e+002
  8.5652000e+002  5.9600000e+002
  8.5725600e+002  7.3600000e+002
  8.5805200e+002  7.9600000e+002
  8.5878400e+002  7.3200000e+002
  8.5940000e+002  6.1600000e+002
  8.6012000e+002  7.2000000e+002
  8.6084400e+002  7.2400000e+002
  8.6153600e+002  6.9200000e+002
  8.6216400e+002  6.2800000e+002
  8.6280800e+002  6.4400000e+002
  8.6347200e+002  6.6400000e+002
  8.6416800e+002  6.9600000e+002
  8.6518400e+002  1.0160000e+003
  8.6585200e+002  6.6800000e+002
  8.6654400e+002  6.9200000e+002
  8.6716400e+002  6.2000000e+002
  8.6792000e+002  7.5600000e+002
  8.6852400e+002  6.0400000e+002
  8.6924400e+002  7.2000000e+002
  8.6998000e+002  7.3600000e+002
  8.7067200e+002  6.9200000e+002
  8.7143200e+002  7.6000000e+002
  8.7217200e+002  7.4000000e+002
  8.7286400e+002  6.9200000e+002
  8.7360800e+002  7.4400000e+002
  8.7431200e+002  7.0400000e+002
  8.7502000e+002  7.0800000e+002
  8.7576800e+002  7.4800000e+002
  8.7640400e+002  6.3600000e+002
  8.7718000e+002  7.7600000e+002
  8.7800000e+002  8.2000000e+002
  8.7860400e+002  6.0400000e+002
  8.7930400e+002  7.0000000e+002
  8.7998800e+002  6.8400000e+002
  8.8077200e+002  7.8400000e+002
  8.8150800e+002  7.3600000e+002
  8.8228000e+002  7.7200000e+002
  8.8290000e+002  6.2000000e+002
  8.8356800e+002  6.6800000e+002
  8.8402800e+002  4.6000000e+002
  8.8455200e+002  5.2400000e+002
  8.8514800e+002  5.9600000e+002
  8.8591600e+002  7.6800000e+002
  8.8655600e+002  6.4000000e+002
  8.8724000e+002  6.8400000e+002
  8.8800000e+002  7.6000000e+002
  8.8866400e+002  6.6400000e+002
  8.8964000e+002  9.7600000e+002
  8.9027200e+002  6.3200000e+002
  8.9103200e+002  7.6000000e+002
  8.9162000e+002  5.8800000e+002
  8.9233600e+002  7.1600000e+002
  8.9286400e+002  5.2800000e+002
  8.9368000e+002  8.1600000e+002
  8.9435200e+002  6.7200000e+002
  8.9512000e+002  7.6800000e+002
  8.9584400e+002  7.2400000e+002
  8.9648000e+002  6.3600000e+002
  8.9716800e+002  6.8800000e+002
  8.9783600e+002  6.6800000e+002
  8.9861200e+002  7.7600000e+002
  8.9931200e+002  7.0000000e+002
  8.9997600e+002  6.6400000e+002
  9.0062000e+002  6.4400000e+002
  9.0125600e+002  6.3600000e+002
  9.0208800e+002  8.3200000e+002
  9.0286800e+002  7.8000000e+002
  9.0350400e+002  6.3600000e+002
  9.0411200e+002  6.0800000e+002
  9.0474800e+002  6.3600000e+002
  9.0539600e+002  6.4800000e+002
  9.0603600e+002  6.4000000e+002
  9.0680400e+002  7.6800000e+002
  9.0742400e+002  6.2000000e+002
  9.0807200e+002  6.4800000e+002
  9.0866800e+002  5.9600000e+002
  9.0910400e+002  4.3600000e+002
  9.0956000e+002  4.5600000e+002
  9.1019600e+002  6.3600000e+002
  9.1084800e+002  6.5200000e+002
  9.1158400e+002  7.3600000e+002
  9.1230400e+002  7.2000000e+002
  9.1299200e+002  6.8800000e+002
  9.1360400e+002  6.1200000e+002
  9.1436400e+002  7.6000000e+002
  9.1484000e+002  4.7600000e+002
  9.1541200e+002  5.7200000e+002
  9.1586000e+002  4.4800000e+002
  9.1656400e+002  7.0400000e+002
  9.1721600e+002  6.5200000e+002
  9.1785600e+002  6.4000000e+002
  9.1866800e+002  8.1200000e+002
  9.1930000e+002  6.3200000e+002
  9.1998800e+002  6.8800000e+002
  9.2069600e+002  7.0800000e+002
  9.2132400e+002  6.2800000e+002
  9.2196400e+002  6.4000000e+002
  9.2252000e+002  5.5600000e+002
  9.2320000e+002  6.8000000e+002
  9.2399200e+002  7.9200000e+002
  9.2455600e+002  5.6400000e+002
  9.2519600e+002  6.4000000e+002
  9.2580400e+002  6.0800000e+002
  9.2644000e+002  6.3600000e+002
  9.2711600e+002  6.7600000e+002
  9.2781200e+002  6.9600000e+002
  9.2852400e+002  7.1200000e+002
  9.2913200e+002  6.0800000e+002
  9.2981200e+002  6.8000000e+002
  9.3051600e+002  7.0400000e+002
  9.3120800e+002  6.9200000e+002
  9.3216400e+002  9.5600000e+002
  9.3288800e+002  7.2400000e+002
  9.3380800e+002  9.2000000e+002
  9.3458000e+002  7.7200000e+002
  9.3524400e+002  6.6400000e+002
  9.3591600e+002  6.7200000e+002
  9.3664800e+002  7.3200000e+002
  9.3760800e+002  9.6000000e+002
  9.3828400e+002  6.7600000e+002
  9.3890800e+002  6.2400000e+002
  9.3960800e+002  7.0000000e+002
  9.4027200e+002  6.6400000e+002
  9.4113200e+002  8.6000000e+002
  9.4176800e+002  6.3600000e+002
  9.4246000e+002  6.9200000e+002
  9.4316800e+002  7.0800000e+002
  9.4380400e+002  6.3600000e+002
  9.4444400e+002  6.4000000e+002
  9.4512800e+002  6.8400000e+002
  9.4578800e+002  6.6000000e+002
  9.4670400e+002  9.1600000e+002
  9.4742800e+002  7.2400000e+002
  9.4806400e+002  6.3600000e+002
  9.4874400e+002  6.8000000e+002
  9.4947600e+002  7.3200000e+002
  9.5014800e+002  6.7200000e+002
  9.5091200e+002  7.6400000e+002
  9.5158400e+002  6.7200000e+002
  9.5226800e+002  6.8400000e+002
  9.5292800e+002  6.6000000e+002
  9.5350800e+002  5.8000000e+002
  9.5423200e+002  7.2400000e+002
  9.5491600e+002  6.8400000e+002
  9.5548800e+002  5.7200000e+002
  9.5646400e+002  9.7600000e+002
  9.5714400e+002  6.8000000e+002
  9.5756800e+002  4.2400000e+002
  9.5820400e+002  6.3600000e+002
  9.5884400e+002  6.4000000e+002
  9.5944400e+002  6.0000000e+002
  9.6017600e+002  7.3200000e+002
  9.6112400e+002  9.4800000e+002
  9.6178800e+002  6.6400000e+002
  9.6246800e+002  6.8000000e+002
  9.6307200e+002  6.0400000e+002
  9.6378000e+002  7.0800000e+002
  9.6443600e+002  6.5600000e+002
  9.6536400e+002  9.2800000e+002
  9.6607600e+002  7.1200000e+002
  9.6675200e+002  6.7600000e+002
  9.6770400e+002  9.5200000e+002
  9.6835200e+002  6.4800000e+002
  9.6902400e+002  6.7200000e+002
  9.6979200e+002  7.6800000e+002
  9.7050400e+002  7.1200000e+002
  9.7140000e+002  8.9600000e+002
  9.7184400e+002  4.4400000e+002
  9.7244000e+002  5.9600000e+002
  9.7319200e+002  7.5200000e+002
  9.7388800e+002  6.9600000e+002
  9.7450400e+002  6.1600000e+002
  9.7541200e+002  9.0800000e+002
  9.7610800e+002  6.9600000e+002
  9.7686400e+002  7.5600000e+002
  9.7743600e+002  5.7200000e+002
  9.7808800e+002  6.5200000e+002
  9.7871200e+002  6.2400000e+002
  9.7948800e+002  7.7600000e+002
  9.8016400e+002  6.7600000e+002
  9.8110000e+002  9.3600000e+002
  9.8190400e+002  8.0400000e+002
  9.8261200e+002  7.0800000e+002
  9.8344800e+002  8.3600000e+002
  9.8402800e+002  5.8000000e+002
  9.8477600e+002  7.4800000e+002
  9.8541200e+002  6.3600000e+002
  9.8604000e+002  6.2800000e+002
  9.8666400e+002  6.2400000e+002
  9.8735200e+002  6.8800000e+002
  9.8803200e+002  6.8000000e+002
  9.8867600e+002  6.4400000e+002
  9.8932800e+002  6.5200000e+002
  9.9009200e+002  7.6400000e+002
  9.9094400e+002  8.5200000e+002
  9.9171200e+002  7.6800000e+002
  9.9232800e+002  6.1600000e+002
  9.9297200e+002  6.4400000e+002
  9.9358800e+002  6.1600000e+002
  9.9438800e+002  8.0000000e+002
  9.9512400e+002  7.3600000e+002
  9.9579200e+002  6.6800000e+002
  9.9657600e+002  7.8400000e+002
  9.9724800e+002  6.7200000e+002
  9.9792800e+002  6.8000000e+002
  9.9854800e+002  6.2000000e+002
  9.9921200e+002  6.6400000e+002
  9.9985600e+002  6.4400000e+002
  1.0005160e+003  6.6000000e+002
  1.0010040e+003  4.8800000e+002
  1.0015920e+003  5.8800000e+002
  1.0022680e+003  6.7600000e+002
  1.0029920e+003  7.2400000e+002
  1.0036880e+003  6.9600000e+002
  1.0043440e+003  6.5600000e+002
  1.0049520e+003  6.0800000e+002
  1.0056960e+003  7.4400000e+002
  1.0066440e+003  9.4800000e+002
  1.0075960e+003  9.5200000e+002
  1.0083000e+003  7.0400000e+002
  1.0090400e+003  7.4000000e+002
  1.0096800e+003  6.4000000e+002
  1.0104280e+003  7.4800000e+002
  1.0111400e+003  7.1200000e+002
  1.0118920e+003  7.5200000e+002
  1.0126560e+003  7.6400000e+002
  1.0132760e+003  6.2000000e+002
  1.0142240e+003  9.4800000e+002
  1.0148960e+003  6.7200000e+002
  1.0153640e+003  4.6800000e+002
  1.0160400e+003  6.7600000e+002
  1.0166920e+003  6.5200000e+002
  1.0173000e+003  6.0800000e+002
  1.0180640e+003  7.6400000e+002
  1.0187280e+003  6.6400000e+002
  1.0194480e+003  7.2000000e+002
  1.0201640e+003  7.1600000e+002
  1.0207800e+003  6.1600000e+002
  1.0212400e+003  4.6000000e+002
  1.0219000e+003  6.6000000e+002
  1.0225680e+003  6.6800000e+002
  1.0232720e+003  7.0400000e+002
  1.0240000e+003  7.2800000e+002
  1.0246400e+003  6.4000000e+002
  1.0253320e+003  6.9200000e+002
  1.0260600e+003  7.2800000e+002
  1.0267960e+003  7.3600000e+002
  1.0275960e+003  8.0000000e+002
  1.0282280e+003  6.3200000e+002
  1.0289400e+003  7.1200000e+002
  1.0296120e+003  6.7200000e+002
  1.0303520e+003  7.4000000e+002
  1.0310040e+003  6.5200000e+002
  1.0316480e+003  6.4400000e+002
  1.0322080e+003  5.6000000e+002
  1.0329280e+003  7.2000000e+002
  1.0335640e+003  6.3600000e+002
  1.0342560e+003  6.9200000e+002
  1.0348720e+003  6.1600000e+002
  1.0355840e+003  7.1200000e+002
  1.0362840e+003  7.0000000e+002
  1.0370320e+003  7.4800000e+002
  1.0376840e+003  6.5200000e+002
  1.0386200e+003  9.3600000e+002
  1.0393200e+003  7.0000000e+002
  1.0397440e+003  4.2400000e+002
  1.0403880e+003  6.4400000e+002
  1.0410480e+003  6.6000000e+002
  1.0417520e+003  7.0400000e+002
  1.0423640e+003  6.1200000e+002
  1.0431040e+003  7.4000000e+002
  1.0435440e+003  4.4000000e+002
  1.0442240e+003  6.8000000e+002
  1.0448680e+003  6.4400000e+002
  1.0455840e+003  7.1600000e+002
  1.0462600e+003  6.7600000e+002
  1.0470520e+003  7.9200000e+002
  1.0477720e+003  7.2000000e+002
  1.0484720e+003  7.0000000e+002
  1.0493680e+003  8.9600000e+002
  1.0501120e+003  7.4400000e+002
  1.0508240e+003  7.1200000e+002
  1.0515280e+003  7.0400000e+002
  1.0523640e+003  8.3600000e+002
  1.0532440e+003  8.8000000e+002
  1.0540200e+003  7.7600000e+002
  1.0547520e+003  7.3200000e+002
  1.0553480e+003  5.9600000e+002
  1.0560200e+003  6.7200000e+002
  1.0566440e+003  6.2400000e+002
  1.0572720e+003  6.2800000e+002
  1.0578960e+003  6.2400000e+002
  1.0586080e+003  7.1200000e+002
  1.0592880e+003  6.8000000e+002
  1.0599600e+003  6.7200000e+002
  1.0606080e+003  6.4800000e+002
  1.0612240e+003  6.1600000e+002
  1.0619200e+003  6.9600000e+002
  1.0625760e+003  6.5600000e+002
  1.0636120e+003  1.0360000e+003
  1.0643240e+003  7.1200000e+002
  1.0649640e+003  6.4000000e+002
  1.0655640e+003  6.0000000e+002
  1.0661640e+003  6.0000000e+002
  1.0669000e+003  7.3600000e+002
  1.0675600e+003  6.6000000e+002
  1.0683080e+003  7.4800000e+002
  1.0690000e+003  6.9200000e+002
  1.0697720e+003  7.7200000e+002
  1.0705880e+003  8.1600000e+002
  1.0712440e+003  6.5600000e+002
  1.0719880e+003  7.4400000e+002
  1.0727960e+003  8.0800000e+002
  1.0737120e+003  9.1600000e+002
  1.0742120e+003  5.0000000e+002
  1.0747880e+003  5.7600000e+002
  1.0756280e+003  8.4000000e+002
  1.0764560e+003  8.2800000e+002
  1.0773360e+003  8.8000000e+002
  1.0778440e+003  5.0800000e+002
  1.0784520e+003  6.0800000e+002
  1.0788600e+003  4.0800000e+002
  1.0794120e+003  5.5200000e+002
  1.0799920e+003  5.8000000e+002
  1.0806360e+003  6.4400000e+002
  1.0813840e+003  7.4800000e+002
  1.0819960e+003  6.1200000e+002
  1.0826720e+003  6.7600000e+002
  1.0833400e+003  6.6800000e+002
  1.0839480e+003  6.0800000e+002
  1.0849320e+003  9.8400000e+002
  1.0855680e+003  6.3600000e+002
  1.0862680e+003  7.0000000e+002
  1.0869280e+003  6.6000000e+002
  1.0876800e+003  7.5200000e+002
  1.0883240e+003  6.4400000e+002
  1.0890720e+003  7.4800000e+002
  1.0897840e+003  7.1200000e+002
  1.0904840e+003  7.0000000e+002
  1.0913920e+003  9.0800000e+002
  1.0918920e+003  5.0000000e+002
  1.0925880e+003  6.9600000e+002
  1.0933840e+003  7.9600000e+002
  1.0941280e+003  7.4400000e+002
  1.0947640e+003  6.3600000e+002
  1.0957600e+003  9.9600000e+002
  1.0967120e+003  9.5200000e+002
  1.0974440e+003  7.3200000e+002
  1.0980840e+003  6.4000000e+002
  1.0987080e+003  6.2400000e+002
  1.0994760e+003  7.6800000e+002
  1.1001400e+003  6.6400000e+002
  1.1008400e+003  7.0000000e+002
  1.1014640e+003  6.2400000e+002
  1.1021160e+003  6.5200000e+002
  1.1025440e+003  4.2800000e+002
  1.1031560e+003  6.1200000e+002
  1.1038560e+003  7.0000000e+002
  1.1045920e+003  7.3600000e+002
  1.1052720e+003  6.8000000e+002
  1.1060080e+003  7.3600000e+002
  1.1067200e+003  7.1200000e+002
  1.1076320e+003  9.1200000e+002
  1.1083000e+003  6.6800000e+002
  1.1090320e+003  7.3200000e+002
  1.1097000e+003  6.6800000e+002
  1.1103280e+003  6.2800000e+002
  1.1112000e+003  8.7200000e+002
  1.1117720e+003  5.7200000e+002
  1.1125160e+003  7.4400000e+002
  1.1131880e+003  6.7200000e+002
  1.1137960e+003  6.0800000e+002
  1.1144720e+003  6.7600000e+002
  1.1151600e+003  6.8800000e+002
  1.1158600e+003  7.0000000e+002
  1.1164400e+003  5.8000000e+002
  1.1171000e+003  6.6000000e+002
  1.1178200e+003  7.2000000e+002
  1.1184720e+003  6.5200000e+002
  1.1192560e+003  7.8400000e+002
  1.1199240e+003  6.6800000e+002
  1.1206480e+003  7.2400000e+002
  1.1210920e+003  4.4400000e+002
  1.1217560e+003  6.6400000e+002
  1.1224200e+003  6.6400000e+002
  1.1231320e+003  7.1200000e+002
  1.1237600e+003  6.2800000e+002
  1.1244200e+003  6.6000000e+002
  1.1251080e+003  6.8800000e+002
  1.1257880e+003  6.8000000e+002
  1.1265680e+003  7.8000000e+002
  1.1273880e+003  8.2000000e+002
  1.1281480e+003  7.6000000e+002
  1.1289080e+003  7.6000000e+002
  1.1295080e+003  6.0000000e+002
  1.1302440e+003  7.3600000e+002
  1.1308360e+003  5.9200000e+002
  1.1314760e+003  6.4000000e+002
  1.1321680e+003  6.9200000e+002
  1.1327800e+003  6.1200000e+002
  1.1334560e+003  6.7600000e+002
  1.1342280e+003  7.7200000e+002
  1.1349840e+003  7.5600000e+002
  1.1356000e+003  6.1600000e+002
  1.1362120e+003  6.1200000e+002
  1.1366880e+003  4.7600000e+002
  1.1373320e+003  6.4400000e+002
  1.1380720e+003  7.4000000e+002
  1.1387200e+003  6.4800000e+002
  1.1394120e+003  6.9200000e+002
  1.1400960e+003  6.8400000e+002
  1.1407880e+003  6.9200000e+002
  1.1414400e+003  6.5200000e+002
  1.1421760e+003  7.3600000e+002
  1.1426320e+003  4.5600000e+002
  1.1435920e+003  9.6000000e+002
  1.1442200e+003  6.2800000e+002
  1.1448760e+003  6.5600000e+002
  1.1455320e+003  6.5600000e+002
  1.1461880e+003  6.5600000e+002
  1.1468760e+003  6.8800000e+002
  1.1475080e+003  6.3200000e+002
  1.1482400e+003  7.3200000e+002
  1.1492040e+003  9.6400000e+002
  1.1499960e+003  7.9200000e+002
  1.1506640e+003  6.6800000e+002
  1.1513600e+003  6.9600000e+002
  1.1521760e+003  8.1600000e+002
  1.1528680e+003  6.9200000e+002
  1.1536000e+003  7.3200000e+002
  1.1544200e+003  8.2000000e+002
  1.1551320e+003  7.1200000e+002
  1.1558160e+003  6.8400000e+002
  1.1565240e+003  7.0800000e+002
  1.1571640e+003  6.4000000e+002
  1.1579200e+003  7.5600000e+002
  1.1585600e+003  6.4000000e+002
  1.1593600e+003  8.0000000e+002
  1.1600640e+003  7.0400000e+002
  1.1606840e+003  6.2000000e+002
  1.1614280e+003  7.4400000e+002
  1.1621040e+003  6.7600000e+002
  1.1627880e+003  6.8400000e+002
  1.1634600e+003  6.7200000e+002
  1.1640360e+003  5.7600000e+002
  1.1648440e+003  8.0800000e+002
  1.1655000e+003  6.5600000e+002
  1.1662360e+003  7.3600000e+002
  1.1669440e+003  7.0800000e+002
  1.1675440e+003  6.0000000e+002
  1.1682120e+003  6.6800000e+002
  1.1689280e+003  7.1600000e+002
  1.1695680e+003  6.4000000e+002
  1.1702200e+003  6.5200000e+002
  1.1708800e+003  6.6000000e+002
  1.1714640e+003  5.8400000e+002
  1.1721280e+003  6.6400000e+002
  1.1728720e+003  7.4400000e+002
  1.1736720e+003  8.0000000e+002
  1.1743480e+003  6.7600000e+002
  1.1750720e+003  7.2400000e+002
  1.1756880e+003  6.1600000e+002
  1.1764280e+003  7.4000000e+002
  1.1770840e+003  6.5600000e+002
  1.1777680e+003  6.8400000e+002
  1.1784280e+003  6.6000000e+002
  1.1791880e+003  7.6000000e+002
  1.1798720e+003  6.8400000e+002
  1.1805920e+003  7.2000000e+002
  1.1812320e+003  6.4000000e+002
  1.1818800e+003  6.4800000e+002
  1.1825440e+003  6.6400000e+002
  1.1832080e+003  6.6400000e+002
  1.1836960e+003  4.8800000e+002
  1.1845480e+003  8.5200000e+002
  1.1854680e+003  9.2000000e+002
  1.1861840e+003  7.1600000e+002
  1.1867360e+003  5.5200000e+002
  1.1873360e+003  6.0000000e+002
  1.1879720e+003  6.3600000e+002
  1.1886400e+003  6.6800000e+002
  1.1893160e+003  6.7600000e+002
  1.1899920e+003  6.7600000e+002
  1.1905720e+003  5.8000000e+002
  1.1911520e+003  5.8000000e+002
  1.1918440e+003  6.9200000e+002
  1.1926080e+003  7.6400000e+002
  1.1933080e+003  7.0000000e+002
  1.1939920e+003  6.8400000e+002
  1.1946960e+003  7.0400000e+002
  1.1954600e+003  7.6400000e+002
  1.1960560e+003  5.9600000e+002
  1.1967680e+003  7.1200000e+002
  1.1975560e+003  7.8800000e+002
  1.1982920e+003  7.3600000e+002
  1.1991800e+003  8.8800000e+002
  1.1998480e+003  6.6800000e+002
  1.2005920e+003  7.4400000e+002
  1.2013280e+003  7.3600000e+002
  1.2020000e+003  6.7200000e+002
  1.2030040e+003  1.0040000e+003
  1.2036840e+003  6.8000000e+002
  1.2044160e+003  7.3200000e+002
  1.2051560e+003  7.4000000e+002
  1.2059280e+003  7.7200000e+002
  1.2066440e+003  7.1600000e+002
  1.2073000e+003  6.5600000e+002
  1.2080320e+003  7.3200000e+002
  1.2088240e+003  7.9200000e+002
  1.2094160e+003  5.9200000e+002
  1.2101080e+003  6.9200000e+002
  1.2107520e+003  6.4400000e+002
  1.2111960e+003  4.4400000e+002
  1.2118480e+003  6.5200000e+002
  1.2124760e+003  6.2800000e+002
  1.2132440e+003  7.6800000e+002
  1.2138480e+003  6.0400000e+002
  1.2144600e+003  6.1200000e+002
  1.2152480e+003  7.8800000e+002
  1.2161720e+003  9.2400000e+002
  1.2169640e+003  7.9200000e+002
  1.2176360e+003  6.7200000e+002
  1.2182840e+003  6.4800000e+002
  1.2190240e+003  7.4000000e+002
  1.2198080e+003  7.8400000e+002
  1.2204840e+003  6.7600000e+002
  1.2211400e+003  6.5600000e+002
  1.2217800e+003  6.4000000e+002
  1.2227360e+003  9.5600000e+002
  1.2234320e+003  6.9600000e+002
  1.2240600e+003  6.2800000e+002
  1.2246960e+003  6.3600000e+002
  1.2252960e+003  6.0000000e+002
  1.2257360e+003  4.4000000e+002
  1.2263560e+003  6.2000000e+002
  1.2273120e+003  9.5600000e+002
  1.2281040e+003  7.9200000e+002
  1.2290520e+003  9.4800000e+002
  1.2299240e+003  8.7200000e+002
  1.2305880e+003  6.6400000e+002
  1.2312080e+003  6.2000000e+002
  1.2318520e+003  6.4400000e+002
  1.2325200e+003  6.6800000e+002
  1.2332480e+003  7.2800000e+002
  1.2339440e+003  6.9600000e+002
  1.2345800e+003  6.3600000e+002
  1.2352120e+003  6.3200000e+002
  1.2361600e+003  9.4800000e+002
  1.2368000e+003  6.4000000e+002
  1.2374240e+003  6.2400000e+002
  1.2381680e+003  7.4400000e+002
  1.2387680e+003  6.0000000e+002
  1.2395040e+003  7.3600000e+002
  1.2402120e+003  7.0800000e+002
  1.2408960e+003  6.8400000e+002
  1.2416120e+003  7.1600000e+002
  1.2422200e+003  6.0800000e+002
  1.2428440e+003  6.2400000e+002
  1.2436160e+003  7.7200000e+002
  1.2442800e+003  6.6400000e+002
  1.2449360e+003  6.5600000e+002
  1.2456440e+003  7.0800000e+002
  1.2463880e+003  7.4400000e+002
  1.2475040e+003  1.1160000e+003
  1.2481920e+003  6.8800000e+002
  1.2489160e+003  7.2400000e+002
  1.2493680e+003  4.5200000e+002
  1.2499880e+003  6.2000000e+002
  1.2506720e+003  6.8400000e+002
  1.2513720e+003  7.0000000e+002
  1.2520480e+003  6.7600000e+002
  1.2528520e+003  8.0400000e+002
  1.2533800e+003  5.2800000e+002
  1.2540800e+003  7.0000000e+002
  1.2549600e+003  8.8000000e+002
  1.2558160e+003  8.5600000e+002
  1.2565000e+003  6.8400000e+002
  1.2571440e+003  6.4400000e+002
  1.2575880e+003  4.4400000e+002
  1.2582360e+003  6.4800000e+002
  1.2588680e+003  6.3200000e+002
  1.2596000e+003  7.3200000e+002
  1.2603600e+003  7.6000000e+002
  1.2609680e+003  6.0800000e+002
  1.2617000e+003  7.3200000e+002
  1.2623760e+003  6.7600000e+002
  1.2631000e+003  7.2400000e+002
  1.2637440e+003  6.4400000e+002
  1.2644880e+003  7.4400000e+002
  1.2651640e+003  6.7600000e+002
  1.2662040e+003  1.0400000e+003
  1.2669120e+003  7.0800000e+002
  1.2675920e+003  6.8000000e+002
  1.2682880e+003  6.9600000e+002
  1.2689880e+003  7.0000000e+002
  1.2696640e+003  6.7600000e+002
  1.2706120e+003  9.4800000e+002
  1.2713040e+003  6.9200000e+002
  1.2718000e+003  4.9600000e+002
  1.2724120e+003  6.1200000e+002
  1.2730800e+003  6.6800000e+002
  1.2737600e+003  6.8000000e+002
  1.2744120e+003  6.5200000e+002
  1.2750560e+003  6.4400000e+002
  1.2757840e+003  7.2800000e+002
  1.2765360e+003  7.5200000e+002
  1.2772000e+003  6.6400000e+002
  1.2778600e+003  6.6000000e+002
  1.2787920e+003  9.3200000e+002
  1.2794920e+003  7.0000000e+002
  1.2799280e+003  4.3600000e+002
  1.2805680e+003  6.4000000e+002
  1.2811760e+003  6.0800000e+002
  1.2819680e+003  7.9200000e+002
  1.2827240e+003  7.5600000e+002
  1.2833560e+003  6.3200000e+002
  1.2841520e+003  7.9600000e+002
  1.2847520e+003  6.0000000e+002
  1.2854600e+003  7.0800000e+002
  1.2861800e+003  7.2000000e+002
  1.2868440e+003  6.6400000e+002
  1.2874600e+003  6.1600000e+002
  1.2882760e+003  8.1600000e+002
  1.2894280e+003  1.1520000e+003
  1.2903040e+003  8.7600000e+002
  1.2909840e+003  6.8000000e+002
  1.2916200e+003  6.3600000e+002
  1.2923040e+003  6.8400000e+002
  1.2929640e+003  6.6000000e+002
  1.2936400e+003  6.7600000e+002
  1.2943040e+003  6.6400000e+002
  1.2949320e+003  6.2800000e+002
  1.2955560e+003  6.2400000e+002
  1.2963680e+003  8.1200000e+002
  1.2971440e+003  7.7600000e+002
  1.2979920e+003  8.4800000e+002
  1.2987200e+003  7.2800000e+002
  1.2994520e+003  7.3200000e+002
  1.3001520e+003  7.0000000e+002
  1.3007560e+003  6.0400000e+002
  1.3014640e+003  7.0800000e+002
  1.3021840e+003  7.2000000e+002
  1.3029800e+003  7.9600000e+002
  1.3037040e+003  7.2400000e+002
  1.3044240e+003  7.2000000e+002
  1.3051080e+003  6.8400000e+002
  1.3060880e+003  9.8000000e+002
  1.3066720e+003  5.8400000e+002
  1.3071040e+003  4.3200000e+002
  1.3078720e+003  7.6800000e+002
  1.3083280e+003  4.5600000e+002
  1.3090560e+003  7.2800000e+002
  1.3099360e+003  8.8000000e+002
  1.3106400e+003  7.0400000e+002
  1.3113520e+003  7.1200000e+002
  1.3119720e+003  6.2000000e+002
  1.3127920e+003  8.2000000e+002
  1.3135400e+003  7.4800000e+002
  1.3145640e+003  1.0240000e+003
  1.3153040e+003  7.4000000e+002
  1.3160600e+003  7.5600000e+002
  1.3166520e+003  5.9200000e+002
  1.3171960e+003  5.4400000e+002
  1.3179360e+003  7.4000000e+002
  1.3185480e+003  6.1200000e+002
  1.3192680e+003  7.2000000e+002
  1.3200320e+003  7.6400000e+002
  1.3207520e+003  7.2000000e+002
  1.3213960e+003  6.4400000e+002
  1.3223600e+003  9.6400000e+002
  1.3231400e+003  7.8000000e+002
  1.3237640e+003  6.2400000e+002
  1.3244960e+003  7.3200000e+002
  1.3251600e+003  6.6400000e+002
  1.3258280e+003  6.6800000e+002
  1.3265240e+003  6.9600000e+002
  1.3271480e+003  6.2400000e+002
  1.3278080e+003  6.6000000e+002
  1.3285240e+003  7.1600000e+002
  1.3292680e+003  7.4400000e+002
  1.3302760e+003  1.0080000e+003
  1.3312800e+003  1.0040000e+003
  1.3319440e+003  6.6400000e+002
  1.3327440e+003  8.0000000e+002
  1.3334160e+003  6.7200000e+002
  1.3343920e+003  9.7600000e+002
  1.3350360e+003  6.4400000e+002
  1.3357080e+003  6.7200000e+002
  1.3363480e+003  6.4000000e+002
  1.3370040e+003  6.5600000e+002
  1.3376280e+003  6.2400000e+002
  1.3383640e+003  7.3600000e+002
  1.3392520e+003  8.8800000e+002
  1.3396800e+003  4.2800000e+002
  1.3405920e+003  9.1200000e+002
  1.3412640e+003  6.7200000e+002
  1.3420200e+003  7.5600000e+002
  1.3427600e+003  7.4000000e+002
  1.3432480e+003  4.8800000e+002
  1.3438960e+003  6.4800000e+002
  1.3446600e+003  7.6400000e+002
  1.3452680e+003  6.0800000e+002
  1.3459120e+003  6.4400000e+002
  1.3465920e+003  6.8000000e+002
  1.3472920e+003  7.0000000e+002
  1.3480800e+003  7.8800000e+002
  1.3486440e+003  5.6400000e+002
  1.3493160e+003  6.7200000e+002
  1.3500440e+003  7.2800000e+002
  1.3508040e+003  7.6000000e+002
  1.3514160e+003  6.1200000e+002
  1.3520200e+003  6.0400000e+002
  1.3526920e+003  6.7200000e+002
  1.3533480e+003  6.5600000e+002
  1.3541560e+003  8.0800000e+002
  1.3548920e+003  7.3600000e+002
  1.3556160e+003  7.2400000e+002
  1.3563280e+003  7.1200000e+002
  1.3567680e+003  4.4000000e+002
  1.3573360e+003  5.6800000e+002
  1.3580600e+003  7.2400000e+002
  1.3586480e+003  5.8800000e+002
  1.3593000e+003  6.5200000e+002
  1.3602440e+003  9.4400000e+002
  1.3610320e+003  7.8800000e+002
  1.3617400e+003  7.0800000e+002
  1.3624520e+003  7.1200000e+002
  1.3631280e+003  6.7600000e+002
  1.3637400e+003  6.1200000e+002
  1.3643920e+003  6.5200000e+002
  1.3650360e+003  6.4400000e+002
  1.3657400e+003  7.0400000e+002
  1.3663840e+003  6.4400000e+002
  1.3671040e+003  7.2000000e+002
  1.3676960e+003  5.9200000e+002
  1.3684600e+003  7.6400000e+002
  1.3691280e+003  6.6800000e+002
  1.3698080e+003  6.8000000e+002
  1.3704080e+003  6.0000000e+002
  1.3710560e+003  6.4800000e+002
  1.3717440e+003  6.8800000e+002
  1.3725240e+003  7.8000000e+002
  1.3731880e+003  6.6400000e+002
  1.3739720e+003  7.8400000e+002
  1.3745880e+003  6.1600000e+002
  1.3752960e+003  7.0800000e+002
  1.3759760e+003  6.8000000e+002
  1.3769520e+003  9.7600000e+002
  1.3776680e+003  7.1600000e+002
  1.3785560e+003  8.8800000e+002
  1.3790680e+003  5.1200000e+002
  1.3797520e+003  6.8400000e+002
  1.3804480e+003  6.9600000e+002
  1.3812120e+003  7.6400000e+002
  1.3818080e+003  5.9600000e+002
  1.3825640e+003  7.5600000e+002
  1.3833400e+003  7.7600000e+002
  1.3839800e+003  6.4000000e+002
  1.3849080e+003  9.2800000e+002
  1.3861400e+003  1.2320000e+003
  1.3869920e+003  8.5200000e+002
  1.3876240e+003  6.3200000e+002
  1.3885880e+003  9.6400000e+002
  1.3893760e+003  7.8800000e+002
  1.3900120e+003  6.3600000e+002
  1.3907360e+003  7.2400000e+002
  1.3913880e+003  6.5200000e+002
  1.3922240e+003  8.3600000e+002
  1.3929080e+003  6.8400000e+002
  1.3935640e+003  6.5600000e+002
  1.3941680e+003  6.0400000e+002
  1.3948280e+003  6.6000000e+002
  1.3955520e+003  7.2400000e+002
  1.3961920e+003  6.4000000e+002
  1.3969240e+003  7.3200000e+002
  1.3975680e+003  6.4400000e+002
  1.3983240e+003  7.5600000e+002
  1.3989640e+003  6.4000000e+002
  1.3995880e+003  6.2400000e+002
  1.4002680e+003  6.8000000e+002
  1.4012080e+003  9.4000000e+002
  1.4018680e+003  6.6000000e+002
  1.4025000e+003  6.3200000e+002
  1.4031160e+003  6.1600000e+002
  1.4040760e+003  9.6000000e+002
  1.4048000e+003  7.2400000e+002
  1.4054960e+003  6.9600000e+002
  1.4061480e+003  6.5200000e+002
  1.4070560e+003  9.0800000e+002
  1.4075160e+003  4.6000000e+002
  1.4084280e+003  9.1200000e+002
  1.4090760e+003  6.4800000e+002
  1.4098160e+003  7.4000000e+002
  1.4104120e+003  5.9600000e+002
  1.4111440e+003  7.3200000e+002
  1.4119680e+003  8.2400000e+002
  1.4127360e+003  7.6800000e+002
  1.4134680e+003  7.3200000e+002
  1.4141880e+003  7.2000000e+002
  1.4148960e+003  7.0800000e+002
  1.4156360e+003  7.4000000e+002
  1.4164520e+003  8.1600000e+002
  1.4170840e+003  6.3200000e+002
  1.4178160e+003  7.3200000e+002
  1.4185160e+003  7.0000000e+002
  1.4192160e+003  7.0000000e+002
  1.4201480e+003  9.3200000e+002
  1.4212320e+003  1.0840000e+003
  1.4219520e+003  7.2000000e+002
  1.4225280e+003  5.7600000e+002
  1.4232200e+003  6.9200000e+002
  1.4238320e+003  6.1200000e+002
  1.4246320e+003  8.0000000e+002
  1.4252280e+003  5.9600000e+002
  1.4259440e+003  7.1600000e+002
  1.4265960e+003  6.5200000e+002
  1.4273320e+003  7.3600000e+002
  1.4279440e+003  6.1200000e+002
  1.4287120e+003  7.6800000e+002
  1.4296720e+003  9.6000000e+002
  1.4303600e+003  6.8800000e+002
  1.4310600e+003  7.0000000e+002
  1.4317080e+003  6.4800000e+002
  1.4323840e+003  6.7600000e+002
  1.4330000e+003  6.1600000e+002
  1.4339880e+003  9.8800000e+002
  1.4347280e+003  7.4000000e+002
  1.4356520e+003  9.2400000e+002
  1.4362920e+003  6.4000000e+002
  1.4370760e+003  7.8400000e+002
  1.4376320e+003  5.5600000e+002
  1.4382640e+003  6.3200000e+002
  1.4390320e+003  7.6800000e+002
  1.4397400e+003  7.0800000e+002
  1.4403720e+003  6.3200000e+002
  1.4411400e+003  7.6800000e+002
  1.4416920e+003  5.5200000e+002
  1.4421400e+003  4.4800000e+002
  1.4427280e+003  5.8800000e+002
  1.4434960e+003  7.6800000e+002
  1.4441920e+003  6.9600000e+002
  1.4449520e+003  7.6000000e+002
  1.4454120e+003  4.6000000e+002
  1.4460280e+003  6.1600000e+002
  1.4466840e+003  6.5600000e+002
  1.4472960e+003  6.1200000e+002
  1.4480360e+003  7.4000000e+002
  1.4487920e+003  7.5600000e+002
  1.4494600e+003  6.6800000e+002
  1.4500840e+003  6.2400000e+002
  1.4505240e+003  4.4000000e+002
  1.4511240e+003  6.0000000e+002
  1.4515960e+003  4.7200000e+002
  1.4522280e+003  6.3200000e+002
  1.4529240e+003  6.9600000e+002
  1.4537840e+003  8.6000000e+002
  1.4543680e+003  5.8400000e+002
  1.4551160e+003  7.4800000e+002
  1.4557280e+003  6.1200000e+002
  1.4565720e+003  8.4400000e+002
  1.4572200e+003  6.4800000e+002
  1.4579760e+003  7.5600000e+002
  1.4586160e+003  6.4000000e+002
  1.4592560e+003  6.4000000e+002
  1.4600360e+003  7.8000000e+002
  1.4606600e+003  6.2400000e+002
  1.4613000e+003  6.4000000e+002
  1.4622960e+003  9.9600000e+002
  1.4631040e+003  8.0800000e+002
  1.4639600e+003  8.5600000e+002
  1.4647120e+003  7.5200000e+002
  1.4654440e+003  7.3200000e+002
  1.4660520e+003  6.0800000e+002
  1.4668280e+003  7.7600000e+002
  1.4677920e+003  9.6400000e+002
  1.4684800e+003  6.8800000e+002
  1.4691880e+003  7.0800000e+002
  1.4699080e+003  7.2000000e+002
  1.4703360e+003  4.2800000e+002
  1.4710280e+003  6.9200000e+002
  1.4716880e+003  6.6000000e+002
  1.4721400e+003  4.5200000e+002
  1.4728040e+003  6.6400000e+002
  1.4734640e+003  6.6000000e+002
  1.4741520e+003  6.8800000e+002
  1.4748040e+003  6.5200000e+002
  1.4754920e+003  6.8800000e+002
  1.4762080e+003  7.1600000e+002
  1.4771960e+003  9.8800000e+002
  1.4778880e+003  6.9200000e+002
  1.4783200e+003  4.3200000e+002
  1.4789520e+003  6.3200000e+002
  1.4795720e+003  6.2000000e+002
  1.4802120e+003  6.4000000e+002
  1.4809960e+003  7.8400000e+002
  1.4816680e+003  6.7200000e+002
  1.4828040e+003  1.1360000e+003
  1.4833920e+003  5.8800000e+002
  1.4843520e+003  9.6000000e+002
  1.4851160e+003  7.6400000e+002
  1.4857400e+003  6.2400000e+002
  1.4863400e+003  6.0000000e+002
  1.4870240e+003  6.8400000e+002
  1.4879960e+003  9.7200000e+002
  1.4886440e+003  6.4800000e+002
  1.4892880e+003  6.4400000e+002
  1.4899720e+003  6.8400000e+002
  1.4907200e+003  7.4800000e+002
  1.4914360e+003  7.1600000e+002
  1.4920480e+003  6.1200000e+002
  1.4928520e+003  8.0400000e+002
  1.4933800e+003  5.2800000e+002
  1.4940760e+003  6.9600000e+002
  1.4947040e+003  6.2800000e+002
  1.4953680e+003  6.6400000e+002
  1.4961400e+003  7.7200000e+002
  1.4968200e+003  6.8000000e+002
  1.4974640e+003  6.4400000e+002
  1.4982560e+003  7.9200000e+002
  1.4989240e+003  6.6800000e+002
  1.4996200e+003  6.9600000e+002
  1.5003720e+003  7.5200000e+002
  1.5010520e+003  6.8000000e+002
  1.5017640e+003  7.1200000e+002
  1.5023840e+003  6.2000000e+002
  1.5030800e+003  6.9600000e+002
  1.5037080e+003  6.2800000e+002
  1.5044160e+003  7.0800000e+002
  1.5050680e+003  6.5200000e+002
  1.5057240e+003  6.5600000e+002
  1.5064880e+003  7.6400000e+002
  1.5072480e+003  7.6000000e+002
  1.5079600e+003  7.1200000e+002
  1.5087320e+003  7.7200000e+002
  1.5093480e+003  6.1600000e+002
  1.5100160e+003  6.6800000e+002
  1.5106560e+003  6.4000000e+002
  1.5113080e+003  6.5200000e+002
  1.5121720e+003  8.6400000e+002
  1.5129480e+003  7.7600000e+002
  1.5136200e+003  6.7200000e+002
  1.5142080e+003  5.8800000e+002
  1.5149040e+003  6.9600000e+002
  1.5158480e+003  9.4400000e+002
  1.5165040e+003  6.5600000e+002
  1.5171240e+003  6.2000000e+002
  1.5177840e+003  6.6000000e+002
  1.5185480e+003  7.6400000e+002
  1.5191560e+003  6.0800000e+002
  1.5197520e+003  5.9600000e+002
  1.5204200e+003  6.6800000e+002
  1.5211160e+003  6.9600000e+002
  1.5217800e+003  6.6400000e+002
  1.5226280e+003  8.4800000e+002
  1.5233000e+003  6.7200000e+002
  1.5238320e+003  5.3200000e+002
  1.5244840e+003  6.5200000e+002
  1.5256200e+003  1.1360000e+003
  1.5265080e+003  8.8800000e+002
  1.5270680e+003  5.6000000e+002
  1.5277720e+003  7.0400000e+002
  1.5285000e+003  7.2800000e+002
  1.5292600e+003  7.6000000e+002
  1.5298880e+003  6.2800000e+002
  1.5305400e+003  6.5200000e+002
  1.5313800e+003  8.4000000e+002
  1.5321600e+003  7.8000000e+002
  1.5328720e+003  7.1200000e+002
  1.5335520e+003  6.8000000e+002
  1.5343240e+003  7.7200000e+002
  1.5349840e+003  6.6000000e+002
  1.5357920e+003  8.0800000e+002
  1.5366440e+003  8.5200000e+002
  1.5373000e+003  6.5600000e+002
  1.5380040e+003  7.0400000e+002
  1.5387320e+003  7.2800000e+002
  1.5394640e+003  7.3200000e+002
  1.5403920e+003  9.2800000e+002
  1.5409080e+003  5.1600000e+002
  1.5416000e+003  6.9200000e+002
  1.5422760e+003  6.7600000e+002
  1.5430520e+003  7.7600000e+002
  1.5437880e+003  7.3600000e+002
  1.5444760e+003  6.8800000e+002
  1.5450560e+003  5.8000000e+002
  1.5459960e+003  9.4000000e+002
  1.5466240e+003  6.2800000e+002
  1.5474720e+003  8.4800000e+002
  1.5481440e+003  6.7200000e+002
  1.5490480e+003  9.0400000e+002
  1.5496920e+003  6.4400000e+002
  1.5503240e+003  6.3200000e+002
  1.5511560e+003  8.3200000e+002
  1.5519520e+003  7.9600000e+002
  1.5529080e+003  9.5600000e+002
  1.5535360e+003  6.2800000e+002
  1.5542080e+003  6.7200000e+002
  1.5548000e+003  5.9200000e+002
  1.5552640e+003  4.6400000e+002
  1.5559440e+003  6.8000000e+002
  1.5563800e+003  4.3600000e+002
  1.5570880e+003  7.0800000e+002
  1.5580360e+003  9.4800000e+002
  1.5586680e+003  6.3200000e+002
  1.5593360e+003  6.6800000e+002
  1.5603200e+003  9.8400000e+002
  1.5609920e+003  6.7200000e+002
  1.5616160e+003  6.2400000e+002
  1.5622960e+003  6.8000000e+002
  1.5629600e+003  6.6400000e+002
  1.5636480e+003  6.8800000e+002
  1.5645640e+003  9.1600000e+002
  1.5653040e+003  7.4000000e+002
  1.5660320e+003  7.2800000e+002
  1.5667280e+003  6.9600000e+002
  1.5676640e+003  9.3600000e+002
  1.5683120e+003  6.4800000e+002
  1.5689800e+003  6.6800000e+002
  1.5696240e+003  6.4400000e+002
  1.5704960e+003  8.7200000e+002
  1.5712040e+003  7.0800000e+002
  1.5719040e+003  7.0000000e+002
  1.5727240e+003  8.2000000e+002
  1.5732760e+003  5.5200000e+002
  1.5740120e+003  7.3600000e+002
  1.5746200e+003  6.0800000e+002
  1.5753080e+003  6.8800000e+002
  1.5759520e+003  6.4400000e+002
  1.5764080e+003  4.5600000e+002
  1.5770240e+003  6.1600000e+002
  1.5777440e+003  7.2000000e+002
  1.5785840e+003  8.4000000e+002
  1.5791800e+003  5.9600000e+002
  1.5797920e+003  6.1200000e+002
  1.5805280e+003  7.3600000e+002
  1.5811840e+003  6.5600000e+002
  1.5818960e+003  7.1200000e+002
  1.5823080e+003  4.1200000e+002
  1.5829120e+003  6.0400000e+002
  1.5835880e+003  6.7600000e+002
  1.5842680e+003  6.8000000e+002
  1.5848640e+003  5.9600000e+002
  1.5855960e+003  7.3200000e+002
  1.5862800e+003  6.8400000e+002
  1.5870000e+003  7.2000000e+002
  1.5876760e+003  6.7600000e+002
  1.5881280e+003  4.5200000e+002
  1.5886600e+003  5.3200000e+002
  1.5894600e+003  8.0000000e+002
  1.5900960e+003  6.3600000e+002
  1.5905560e+003  4.6000000e+002
  1.5909560e+003  4.0000000e+002
  1.5918600e+003  9.0400000e+002
  1.5927480e+003  8.8800000e+002
  1.5933400e+003  5.9200000e+002
  1.5939760e+003  6.3600000e+002
  1.5946600e+003  6.8400000e+002
  1.5953520e+003  6.9200000e+002
  1.5960800e+003  7.2800000e+002
  1.5970200e+003  9.4000000e+002
  1.5977720e+003  7.5200000e+002
  1.5984480e+003  6.7600000e+002
  1.5991160e+003  6.6800000e+002
  1.5998960e+003  7.8000000e+002
  1.6003720e+003  4.7600000e+002
  1.6011280e+003  7.5600000e+002
  1.6018680e+003  7.4000000e+002
  1.6025360e+003  6.6800000e+002
  1.6034960e+003  9.6000000e+002
  1.6041400e+003  6.4400000e+002
  1.6047960e+003  6.5600000e+002
  1.6057480e+003  9.5200000e+002
  1.6066520e+003  9.0400000e+002
  1.6072760e+003  6.2400000e+002
  1.6079480e+003  6.7200000e+002
  1.6086160e+003  6.6800000e+002
  1.6091000e+003  4.8400000e+002
  1.6097960e+003  6.9600000e+002
  1.6104880e+003  6.9200000e+002
  1.6111520e+003  6.6400000e+002
  1.6116920e+003  5.4000000e+002
  1.6122320e+003  5.4000000e+002
  1.6129000e+003  6.6800000e+002
  1.6138920e+003  9.9200000e+002
  1.6149000e+003  1.0080000e+003
  1.6155640e+003  6.6400000e+002
  1.6161840e+003  6.2000000e+002
  1.6168440e+003  6.6000000e+002
  1.6175880e+003  7.4400000e+002
  1.6181960e+003  6.0800000e+002
  1.6188480e+003  6.5200000e+002
  1.6195120e+003  6.6400000e+002
  1.6202080e+003  6.9600000e+002
  1.6208480e+003  6.4000000e+002
  1.6215320e+003  6.8400000e+002
  1.6222720e+003  7.4000000e+002
  1.6228880e+003  6.1600000e+002
  1.6238840e+003  9.9600000e+002
  1.6245240e+003  6.4000000e+002
  1.6253320e+003  8.0800000e+002
  1.6259080e+003  5.7600000e+002
  1.6266720e+003  7.6400000e+002
  1.6273120e+003  6.4000000e+002
  1.6280440e+003  7.3200000e+002
  1.6287080e+003  6.6400000e+002
  1.6294320e+003  7.2400000e+002
  1.6301240e+003  6.9200000e+002
  1.6311640e+003  1.0400000e+003
  1.6318600e+003  6.9600000e+002
  1.6326200e+003  7.6000000e+002
  1.6334760e+003  8.5600000e+002
  1.6342480e+003  7.7200000e+002
  1.6352160e+003  9.6800000e+002
  1.6360240e+003  8.0800000e+002
  1.6367080e+003  6.8400000e+002
  1.6376520e+003  9.4400000e+002
  1.6382480e+003  5.9600000e+002
  1.6389600e+003  7.1200000e+002
  1.6395920e+003  6.3200000e+002
  1.6402440e+003  6.5200000e+002
  1.6408880e+003  6.4400000e+002
  1.6417880e+003  9.0000000e+002
  1.6424480e+003  6.6000000e+002
  1.6430840e+003  6.3600000e+002
  1.6438160e+003  7.3200000e+002
  1.6444760e+003  6.6000000e+002
  1.6451640e+003  6.8800000e+002
  1.6458560e+003  6.9200000e+002
  1.6468120e+003  9.5600000e+002
  1.6472840e+003  4.7200000e+002
  1.6479120e+003  6.2800000e+002
  1.6486040e+003  6.9200000e+002
  1.6492760e+003  6.7200000e+002
  1.6502880e+003  1.0120000e+003
  1.6508840e+003  5.9600000e+002
  1.6515600e+003  6.7600000e+002
  1.6522360e+003  6.7600000e+002
  1.6528440e+003  6.0800000e+002
  1.6534640e+003  6.2000000e+002
  1.6541320e+003  6.6800000e+002
  1.6548400e+003  7.0800000e+002
  1.6555040e+003  6.6400000e+002
  1.6564440e+003  9.4000000e+002
  1.6570600e+003  6.1600000e+002
  1.6577000e+003  6.4000000e+002
  1.6584520e+003  7.5200000e+002
  1.6590880e+003  6.3600000e+002
  1.6597360e+003  6.4800000e+002
  1.6604000e+003  6.6400000e+002
  1.6610760e+003  6.7600000e+002
  1.6619200e+003  8.4400000e+002
  1.6628000e+003  8.8000000e+002
  1.6635480e+003  7.4800000e+002
  1.6643480e+003  8.0000000e+002
  1.6651800e+003  8.3200000e+002
  1.6658840e+003  7.0400000e+002
  1.6666200e+003  7.3600000e+002
  1.6673360e+003  7.1600000e+002
  1.6679520e+003  6.1600000e+002
  1.6686600e+003  7.0800000e+002
  1.6694200e+003  7.6000000e+002
  1.6701040e+003  6.8400000e+002
  1.6707560e+003  6.5200000e+002
  1.6713640e+003  6.0800000e+002
  1.6720560e+003  6.9200000e+002
  1.6727480e+003  6.9200000e+002
  1.6738080e+003  1.0600000e+003
  1.6745320e+003  7.2400000e+002
  1.6752200e+003  6.8800000e+002
  1.6758280e+003  6.0800000e+002
  1.6766800e+003  8.5200000e+002
  1.6774280e+003  7.4800000e+002
  1.6780960e+003  6.6800000e+002
  1.6787640e+003  6.6800000e+002
  1.6794600e+003  6.9600000e+002
  1.6799320e+003  4.7200000e+002
  1.6806080e+003  6.7600000e+002
  1.6812600e+003  6.5200000e+002
  1.6819240e+003  6.6400000e+002
  1.6825200e+003  5.9600000e+002
  1.6835040e+003  9.8400000e+002
  1.6841360e+003  6.3200000e+002
  1.6848360e+003  7.0000000e+002
  1.6855760e+003  7.4000000e+002
  1.6862480e+003  6.7200000e+002
  1.6868120e+003  5.6400000e+002
  1.6874880e+003  6.7600000e+002
  1.6881360e+003  6.4800000e+002
  1.6888160e+003  6.8000000e+002
  1.6897560e+003  9.4000000e+002
  1.6906400e+003  8.8400000e+002
  1.6913680e+003  7.2800000e+002
  1.6920640e+003  6.9600000e+002
  1.6926840e+003  6.2000000e+002
  1.6937360e+003  1.0520000e+003
  1.6943360e+003  6.0000000e+002
  1.6950200e+003  6.8400000e+002
  1.6957000e+003  6.8000000e+002
  1.6964280e+003  7.2800000e+002
  1.6970760e+003  6.4800000e+002
  1.6977520e+003  6.7600000e+002
  1.6984040e+003  6.5200000e+002
  1.6990920e+003  6.8800000e+002
  1.6998280e+003  7.3600000e+002
  1.7004760e+003  6.4800000e+002
  1.7015720e+003  1.0960000e+003
  1.7022240e+003  6.5200000e+002
  1.7031800e+003  9.5600000e+002
  1.7038880e+003  7.0800000e+002
  1.7043320e+003  4.4400000e+002
  1.7049720e+003  6.4000000e+002
  1.7055920e+003  6.2000000e+002
  1.7062600e+003  6.6800000e+002
  1.7068960e+003  6.3600000e+002
  1.7076320e+003  7.3600000e+002
  1.7082360e+003  6.0400000e+002
  1.7088160e+003  5.8000000e+002
  1.7094920e+003  6.7600000e+002
  1.7101400e+003  6.4800000e+002
  1.7108800e+003  7.4000000e+002
  1.7114880e+003  6.0800000e+002
  1.7125880e+003  1.1000000e+003
  1.7133240e+003  7.3600000e+002
  1.7140120e+003  6.8800000e+002
  1.7145880e+003  5.7600000e+002
  1.7154840e+003  8.9600000e+002
  1.7162040e+003  7.2000000e+002
  1.7169440e+003  7.4000000e+002
  1.7176600e+003  7.1600000e+002
  1.7182720e+003  6.1200000e+002
  1.7189080e+003  6.3600000e+002
  1.7196560e+003  7.4800000e+002
  1.7205200e+003  8.6400000e+002
  1.7215040e+003  9.8400000e+002
  1.7222560e+003  7.5200000e+002
  1.7229560e+003  7.0000000e+002
  1.7236600e+003  7.0400000e+002
  1.7243280e+003  6.6800000e+002
  1.7250120e+003  6.8400000e+002
  1.7257000e+003  6.8800000e+002
  1.7263800e+003  6.8000000e+002
  1.7270640e+003  6.8400000e+002
  1.7279520e+003  8.8800000e+002
  1.7286680e+003  7.1600000e+002
  1.7294080e+003  7.4000000e+002
  1.7301040e+003  6.9600000e+002
  1.7307760e+003  6.7200000e+002
  1.7314240e+003  6.4800000e+002
  1.7321040e+003  6.8000000e+002
  1.7331160e+003  1.0120000e+003
  1.7338960e+003  7.8000000e+002
  1.7344880e+003  5.9200000e+002
  1.7352680e+003  7.8000000e+002
  1.7358560e+003  5.8800000e+002
  1.7366800e+003  8.2400000e+002
  1.7373120e+003  6.3200000e+002
  1.7381320e+003  8.2000000e+002
  1.7387840e+003  6.5200000e+002
  1.7393920e+003  6.0800000e+002
  1.7399920e+003  6.0000000e+002
  1.7405760e+003  5.8400000e+002
  1.7413360e+003  7.6000000e+002
  1.7420840e+003  7.4800000e+002
  1.7427360e+003  6.5200000e+002
  1.7433600e+003  6.2400000e+002
  1.7439840e+003  6.2400000e+002
  1.7446480e+003  6.6400000e+002
  1.7453000e+003  6.5200000e+002
  1.7459680e+003  6.6800000e+002
  1.7467120e+003  7.4400000e+002
  1.7474080e+003  6.9600000e+002
  1.7481040e+003  6.9600000e+002
  1.7487760e+003  6.7200000e+002
  1.7493960e+003  6.2000000e+002
  1.7503960e+003  1.0000000e+003
  1.7511000e+003  7.0400000e+002
  1.7518800e+003  7.8000000e+002
  1.7525360e+003  6.5600000e+002
  1.7529960e+003  4.6000000e+002
  1.7536680e+003  6.7200000e+002
  1.7542680e+003  6.0000000e+002
  1.7549320e+003  6.6400000e+002
  1.7555400e+003  6.0800000e+002
  1.7563280e+003  7.8800000e+002
  1.7570320e+003  7.0400000e+002
  1.7576400e+003  6.0800000e+002
  1.7583240e+003  6.8400000e+002
  1.7589520e+003  6.2800000e+002
  1.7599440e+003  9.9200000e+002
  1.7606360e+003  6.9200000e+002
  1.7612480e+003  6.1200000e+002
  1.7619560e+003  7.0800000e+002
  1.7626560e+003  7.0000000e+002
  1.7636120e+003  9.5600000e+002
  1.7643120e+003  7.0000000e+002
  1.7650960e+003  7.8400000e+002
  1.7658160e+003  7.2000000e+002
  1.7665480e+003  7.3200000e+002
  1.7671840e+003  6.3600000e+002
  1.7678880e+003  7.0400000e+002
  1.7686600e+003  7.7200000e+002
  1.7693480e+003  6.8800000e+002
  1.7701600e+003  8.1200000e+002
  1.7707080e+003  5.4800000e+002
  1.7714160e+003  7.0800000e+002
  1.7721080e+003  6.9200000e+002
  1.7728240e+003  7.1600000e+002
  1.7733960e+003  5.7200000e+002
  1.7740800e+003  6.8400000e+002
  1.7748560e+003  7.7600000e+002
  1.7755320e+003  6.7600000e+002
  1.7761920e+003  6.6000000e+002
  1.7769440e+003  7.5200000e+002
  1.7778520e+003  9.0800000e+002
  1.7785440e+003  6.9200000e+002
  1.7791760e+003  6.3200000e+002
  1.7798200e+003  6.4400000e+002
  1.7804880e+003  6.6800000e+002
  1.7809560e+003  4.6800000e+002
  1.7816640e+003  7.0800000e+002
  1.7822920e+003  6.2800000e+002
  1.7829160e+003  6.2400000e+002
  1.7838400e+003  9.2400000e+002
  1.7845600e+003  7.2000000e+002
  1.7852600e+003  7.0000000e+002
  1.7860160e+003  7.5600000e+002
  1.7866960e+003  6.8000000e+002
  1.7873560e+003  6.6000000e+002
  1.7880400e+003  6.8400000e+002
  1.7887640e+003  7.2400000e+002
  1.7894240e+003  6.6000000e+002
  1.7904560e+003  1.0320000e+003
  1.7911280e+003  6.7200000e+002
  1.7916760e+003  5.4800000e+002
  1.7922920e+003  6.1600000e+002
  1.7929680e+003  6.7600000e+002
  1.7936280e+003  6.6000000e+002
  1.7940440e+003  4.1600000e+002
  1.7947320e+003  6.8800000e+002
  1.7954080e+003  6.7600000e+002
  1.7961360e+003  7.2800000e+002
  1.7967880e+003  6.5200000e+002
  1.7975040e+003  7.1600000e+002
  1.7982360e+003  7.3200000e+002
  1.7989160e+003  6.8000000e+002
