  8.8000000e-001  4.9600000e+002
  1.5520000e+000  6.7200000e+002
  2.2440000e+000  6.9200000e+002
  2.7040000e+000  4.6000000e+002
  3.4600000e+000  7.5600000e+002
  3.9840000e+000  5.2400000e+002
  4.6160000e+000  6.3200000e+002
  5.4400000e+000  8.2400000e+002
  6.3840000e+000  9.4400000e+002
  7.0600000e+000  6.7600000e+002
  7.9000000e+000  8.4000000e+002
  8.4600000e+000  5.6000000e+002
  9.2160000e+000  7.5600000e+002
  1.0004000e+001  7.8800000e+002
  1.0840000e+001  8.3600000e+002
  1.1456000e+001  6.1600000e+002
  1.2076000e+001  6.2000000e+002
  1.2812000e+001  7.3600000e+002
  1.3264000e+001  4.5200000e+002
  1.3892000e+001  6.2800000e+002
  1.4528000e+001  6.3600000e+002
  1.5180000e+001  6.5200000e+002
  1.5868000e+001  6.8800000e+002
  1.6384000e+001  5.1600000e+002
  1.6804000e+001  4.2000000e+002
  1.7268000e+001  4.6400000e+002
  1.7712000e+001  4.4400000e+002
  1.8544000e+001  8.3200000e+002
  1.9024000e+001  4.8000000e+002
  1.9704000e+001  6.8000000e+002
  2.0296000e+001  5.9200000e+002
  2.1028000e+001  7.3200000e+002
  2.1804000e+001  7.7600000e+002
  2.2160000e+001  3.5600000e+002
  2.2856000e+001  6.9600000e+002
  2.3380000e+001  5.2400000e+002
  2.4136000e+001  7.5600000e+002
  2.4984000e+001  8.4800000e+002
  2.5448000e+001  4.6400000e+002
  2.6244000e+001  7.9600000e+002
  2.6772000e+001  5.2800000e+002
  2.7304000e+001  5.3200000e+002
  2.7888000e+001  5.8400000e+002
  2.8512000e+001  6.2400000e+002
  2.9072000e+001  5.6000000e+002
  2.9792000e+001  7.2000000e+002
  3.0248000e+001  4.5600000e+002
  3.0824000e+001  5.7600000e+002
  3.1476000e+001  6.5200000e+002
  3.2152000e+001  6.7600000e+002
  3.2832000e+001  6.8000000e+002
  3.3588000e+001  7.5600000e+002
  3.4004000e+001  4.1600000e+002
  3.4656000e+001  6.5200000e+002
  3.5164000e+001  5.0800000e+002
  3.5636000e+001  4.7200000e+002
  3.6012000e+001  3.7600000e+002
  3.6444000e+001  4.3200000e+002
  3.7184000e+001  7.4000000e+002
  3.7988000e+001  8.0400000e+002
  3.9048000e+001  1.0600000e+003
  3.9800000e+001  7.5200000e+002
  4.0228000e+001  4.2800000e+002
  4.0940000e+001  7.1200000e+002
  4.1364000e+001  4.2400000e+002
  4.1972000e+001  6.0800000e+002
  4.2632000e+001  6.6000000e+002
  4.3216000e+001  5.8400000e+002
  4.3704000e+001  4.8800000e+002
  4.4160000e+001  4.5600000e+002
  4.4764000e+001  6.0400000e+002
  4.5352000e+001  5.8800000e+002
  4.6220000e+001  8.6800000e+002
  4.6896000e+001  6.7600000e+002
  4.7532000e+001  6.3600000e+002
  4.7932000e+001  4.0000000e+002
  4.8644000e+001  7.1200000e+002
  4.9180000e+001  5.3600000e+002
  4.9684000e+001  5.0400000e+002
  5.0056000e+001  3.7200000e+002
  5.0792000e+001  7.3600000e+002
  5.1416000e+001  6.2400000e+002
  5.1832000e+001  4.1600000e+002
  5.2536000e+001  7.0400000e+002
  5.3012000e+001  4.7600000e+002
  5.3372000e+001  3.6000000e+002
  5.4220000e+001  8.4800000e+002
  5.4660000e+001  4.4000000e+002
  5.5508000e+001  8.4800000e+002
  5.6112000e+001  6.0400000e+002
  5.6816000e+001  7.0400000e+002
  5.7356000e+001  5.4000000e+002
  5.7884000e+001  5.2800000e+002
  5.8580000e+001  6.9600000e+002
  5.9276000e+001  6.9600000e+002
  5.9728000e+001  4.5200000e+002
  6.0452000e+001  7.2400000e+002
  6.1044000e+001  5.9200000e+002
  6.1608000e+001  5.6400000e+002
  6.2080000e+001  4.7200000e+002
  6.2844000e+001  7.6400000e+002
  6.3288000e+001  4.4400000e+002
  6.3864000e+001  5.7600000e+002
  6.4556000e+001  6.9200000e+002
  6.5136000e+001  5.8000000e+002
  6.5600000e+001  4.6400000e+002
  6.6248000e+001  6.4800000e+002
  6.6720000e+001  4.7200000e+002
  6.7396000e+001  6.7600000e+002
  6.8124000e+001  7.2800000e+002
  6.8788000e+001  6.6400000e+002
  6.9680000e+001  8.9200000e+002
  7.0300000e+001  6.2000000e+002
  7.0736000e+001  4.3600000e+002
  7.1388000e+001  6.5200000e+002
  7.1844000e+001  4.5600000e+002
  7.2548000e+001  7.0400000e+002
  7.3314000e+001  7.6600000e+002
  7.4080000e+001  7.6600000e+002
  7.4732000e+001  6.5200000e+002
  7.5416000e+001  6.8400000e+002
  7.5904000e+001  4.8800000e+002
  7.6512000e+001  6.0800000e+002
  7.7204000e+001  6.9200000e+002
  7.7872000e+001  6.6800000e+002
  7.8532000e+001  6.6000000e+002
  7.9164000e+001  6.3200000e+002
  7.9552000e+001  3.8800000e+002
  8.0296000e+001  7.4400000e+002
  8.0940000e+001  6.4400000e+002
  8.1400000e+001  4.6000000e+002
  8.2136000e+001  7.3600000e+002
  8.2852000e+001  7.1600000e+002
  8.3672000e+001  8.2000000e+002
  8.4388000e+001  7.1600000e+002
  8.5356000e+001  9.6800000e+002
  8.6104000e+001  7.4800000e+002
  8.6672000e+001  5.6800000e+002
  8.7372000e+001  7.0000000e+002
  8.7924000e+001  5.5200000e+002
  8.8416000e+001  4.9200000e+002
  8.8984000e+001  5.6800000e+002
  8.9456000e+001  4.7200000e+002
  9.0072000e+001  6.1600000e+002
  9.0524000e+001  4.5200000e+002
  9.1152000e+001  6.2800000e+002
  9.1812000e+001  6.6000000e+002
  9.2536000e+001  7.2400000e+002
  9.3132000e+001  5.9600000e+002
  9.3808000e+001  6.7600000e+002
  9.5684000e+001  1.8760000e+003
  9.6072000e+001  3.8800000e+002
  9.6888000e+001  8.1600000e+002
  9.7620000e+001  7.3200000e+002
  9.8204000e+001  5.8400000e+002
  9.9004000e+001  8.0000000e+002
  9.9852000e+001  8.4800000e+002
  1.0067600e+002  8.2400000e+002
  1.0124000e+002  5.6400000e+002
  1.0187600e+002  6.3600000e+002
  1.0235200e+002  4.7600000e+002
  1.0292800e+002  5.7600000e+002
  1.0336000e+002  4.3200000e+002
  1.0383200e+002  4.7200000e+002
  1.0457600e+002  7.4400000e+002
  1.0528800e+002  7.1200000e+002
  1.0587600e+002  5.8800000e+002
  1.0667200e+002  7.9600000e+002
  1.0728800e+002  6.1600000e+002
  1.0779600e+002  5.0800000e+002
  1.0826400e+002  4.6800000e+002
  1.0894400e+002  6.8000000e+002
  1.0982800e+002  8.8400000e+002
  1.1047200e+002  6.4400000e+002
  1.1112400e+002  6.5200000e+002
  1.1161600e+002  4.9200000e+002
  1.1230400e+002  6.8800000e+002
  1.1310000e+002  7.9600000e+002
  1.1353600e+002  4.3600000e+002
  1.1424800e+002  7.1200000e+002
  1.1640000e+002  2.1520000e+003
  1.1681200e+002  4.1200000e+002
  1.1742400e+002  6.1200000e+002
  1.1811200e+002  6.8800000e+002
  1.1877200e+002  6.6000000e+002
  1.1934400e+002  5.7200000e+002
  1.1991600e+002  5.7200000e+002
  1.2038800e+002  4.7200000e+002
  1.2110800e+002  7.2000000e+002
  1.2173200e+002  6.2400000e+002
  1.2231600e+002  5.8400000e+002
  1.2280800e+002  4.9200000e+002
  1.2342800e+002  6.2000000e+002
  1.2426000e+002  8.3200000e+002
  1.2479200e+002  5.3200000e+002
  1.2524000e+002  4.4800000e+002
  1.2572800e+002  4.8800000e+002
  1.2647600e+002  7.4800000e+002
  1.2710000e+002  6.2400000e+002
  1.2778000e+002  6.8000000e+002
  1.2862000e+002  8.4000000e+002
  1.2908800e+002  4.6800000e+002
  1.2953200e+002  4.4400000e+002
  1.3014800e+002  6.1600000e+002
  1.3075600e+002  6.0800000e+002
  1.3148400e+002  7.2800000e+002
  1.3192400e+002  4.4000000e+002
  1.3242400e+002  5.0000000e+002
  1.3287200e+002  4.4800000e+002
  1.3334800e+002  4.7600000e+002
  1.3404400e+002  6.9600000e+002
  1.3474800e+002  7.0400000e+002
  1.3532800e+002  5.8000000e+002
  1.3584800e+002  5.2000000e+002
  1.3636800e+002  5.2000000e+002
  1.3702000e+002  6.5200000e+002
  1.3746000e+002  4.4000000e+002
  1.3814000e+002  6.8000000e+002
  1.3887200e+002  7.3200000e+002
  1.3943600e+002  5.6400000e+002
  1.4010000e+002  6.6400000e+002
  1.4078000e+002  6.8000000e+002
  1.4139600e+002  6.1600000e+002
  1.4196400e+002  5.6800000e+002
  1.4267200e+002  7.0800000e+002
  1.4344800e+002  7.7600000e+002
  1.4412800e+002  6.8000000e+002
  1.4480400e+002  6.7600000e+002
  1.4523600e+002  4.3200000e+002
  1.4608400e+002  8.4800000e+002
  1.4666800e+002  5.8400000e+002
  1.4735200e+002  6.8400000e+002
  1.4784000e+002  4.8800000e+002
  1.4843200e+002  5.9200000e+002
  1.4899600e+002  5.6400000e+002
  1.4968400e+002  6.8800000e+002
  1.5036800e+002  6.8400000e+002
  1.5118800e+002  8.2000000e+002
  1.5161600e+002  4.2800000e+002
  1.5208400e+002  4.6800000e+002
  1.5275600e+002  6.7200000e+002
  1.5345600e+002  7.0000000e+002
  1.5388000e+002  4.2400000e+002
  1.5446800e+002  5.8800000e+002
  1.5506800e+002  6.0000000e+002
  1.5562800e+002  5.6000000e+002
  1.5639200e+002  7.6400000e+002
  1.5684800e+002  4.5600000e+002
  1.5745600e+002  6.0800000e+002
  1.5828800e+002  8.3200000e+002
  1.5918000e+002  8.9200000e+002
  1.5988000e+002  7.0000000e+002
  1.6056400e+002  6.8400000e+002
  1.6143200e+002  8.6800000e+002
  1.6220000e+002  7.6800000e+002
  1.6306000e+002  8.6000000e+002
  1.6356800e+002  5.0800000e+002
  1.6438400e+002  8.1600000e+002
  1.6518000e+002  7.9600000e+002
  1.6592800e+002  7.4800000e+002
  1.6638000e+002  4.5200000e+002
  1.6695200e+002  5.7200000e+002
  1.6734000e+002  3.8800000e+002
  1.6781200e+002  4.7200000e+002
  1.6853200e+002  7.2000000e+002
  1.6905200e+002  5.2000000e+002
  1.6964800e+002  5.9600000e+002
  1.7029200e+002  6.4400000e+002
  1.7097600e+002  6.8400000e+002
  1.7150400e+002  5.2800000e+002
  1.7234800e+002  8.4400000e+002
  1.7325600e+002  9.0800000e+002
  1.7374400e+002  4.8800000e+002
  1.7450800e+002  7.6400000e+002
  1.7519600e+002  6.8800000e+002
  1.7589200e+002  6.9600000e+002
  1.7651600e+002  6.2400000e+002
  1.7701200e+002  4.9600000e+002
  1.7771600e+002  7.0400000e+002
  1.7821600e+002  5.0000000e+002
  1.7890400e+002  6.8800000e+002
  1.7933200e+002  4.2800000e+002
  1.7972000e+002  3.8800000e+002
  1.8049600e+002  7.7600000e+002
  1.8116800e+002  6.7200000e+002
  1.8185600e+002  6.8800000e+002
  1.8241600e+002  5.6000000e+002
  1.8316000e+002  7.4400000e+002
  1.8380400e+002  6.4400000e+002
  1.8428000e+002  4.7600000e+002
  1.8493200e+002  6.5200000e+002
  1.8574000e+002  8.0800000e+002
  1.8630000e+002  5.6000000e+002
  1.8696400e+002  6.6400000e+002
  1.8746000e+002  4.9600000e+002
  1.8795200e+002  4.9200000e+002
  1.8949600e+002  1.5440000e+003
  1.9020000e+002  7.0400000e+002
  1.9082800e+002  6.2800000e+002
  1.9159600e+002  7.6800000e+002
  1.9237600e+002  7.8000000e+002
  1.9313200e+002  7.5600000e+002
  1.9381200e+002  6.8000000e+002
  1.9449600e+002  6.8400000e+002
  1.9523600e+002  7.4000000e+002
  1.9582400e+002  5.8800000e+002
  1.9624400e+002  4.2000000e+002
  1.9662800e+002  3.8400000e+002
  1.9728000e+002  6.5200000e+002
  1.9787600e+002  5.9600000e+002
  1.9838400e+002  5.0800000e+002
  1.9884800e+002  4.6400000e+002
  1.9962800e+002  7.8000000e+002
  2.0022800e+002  6.0000000e+002
  2.0095200e+002  7.2400000e+002
  2.0167600e+002  7.2400000e+002
  2.0214000e+002  4.6400000e+002
  2.0252400e+002  3.8400000e+002
  2.0294400e+002  4.2000000e+002
  2.0364000e+002  6.9600000e+002
  2.0428400e+002  6.4400000e+002
  2.0490400e+002  6.2000000e+002
  2.0564800e+002  7.4400000e+002
  2.0650000e+002  8.5200000e+002
  2.0702800e+002  5.2800000e+002
  2.0774000e+002  7.1200000e+002
  2.0837600e+002  6.3600000e+002
  2.0902800e+002  6.5200000e+002
  2.0950000e+002  4.7200000e+002
  2.0992000e+002  4.2000000e+002
  2.1055600e+002  6.3600000e+002
  2.1109600e+002  5.4000000e+002
  2.1167600e+002  5.8000000e+002
  2.1210800e+002  4.3200000e+002
  2.1276800e+002  6.6000000e+002
  2.1329200e+002  5.2400000e+002
  2.1385600e+002  5.6400000e+002
  2.1462400e+002  7.6800000e+002
  2.1527600e+002  6.5200000e+002
  2.1574400e+002  4.6800000e+002
  2.1636000e+002  6.1600000e+002
  2.1722800e+002  8.6800000e+002
  2.1779200e+002  5.6400000e+002
  2.1828800e+002  4.9600000e+002
  2.1870800e+002  4.2000000e+002
  2.1934000e+002  6.3200000e+002
  2.1971200e+002  3.7200000e+002
  2.2019200e+002  4.8000000e+002
  2.2095600e+002  7.6400000e+002
  2.2172400e+002  7.6800000e+002
  2.2217600e+002  4.5200000e+002
  2.2265200e+002  4.7600000e+002
  2.2312400e+002  4.7200000e+002
  2.2375200e+002  6.2800000e+002
  2.2469600e+002  9.4400000e+002
  2.2537200e+002  6.7600000e+002
  2.2603600e+002  6.6400000e+002
  2.2678000e+002  7.4400000e+002
  2.2726800e+002  4.8800000e+002
  2.2786800e+002  6.0000000e+002
  2.2861200e+002  7.4400000e+002
  2.2908400e+002  4.7200000e+002
  2.2970800e+002  6.2400000e+002
  2.3014800e+002  4.4000000e+002
  2.3083200e+002  6.8400000e+002
  2.3143600e+002  6.0400000e+002
  2.3192000e+002  4.8400000e+002
  2.3244000e+002  5.2000000e+002
  2.3299600e+002  5.5600000e+002
  2.3382400e+002  8.2800000e+002
  2.3437600e+002  5.5200000e+002
  2.3498000e+002  6.0400000e+002
  2.3573600e+002  7.5600000e+002
  2.3654400e+002  8.0800000e+002
  2.3729600e+002  7.5200000e+002
  2.3794000e+002  6.4400000e+002
  2.3862400e+002  6.8400000e+002
  2.3906800e+002  4.4400000e+002
  2.3973200e+002  6.6400000e+002
  2.4051200e+002  7.8000000e+002
  2.4099200e+002  4.8000000e+002
  2.4145600e+002  4.6400000e+002
  2.4212400e+002  6.6800000e+002
  2.4276000e+002  6.3600000e+002
  2.4332800e+002  5.6800000e+002
  2.4387200e+002  5.4400000e+002
  2.4455200e+002  6.8000000e+002
  2.4524000e+002  6.8800000e+002
  2.4636000e+002  1.1200000e+003
  2.4696000e+002  6.0000000e+002
  2.4739600e+002  4.3600000e+002
  2.4779200e+002  3.9600000e+002
  2.4842400e+002  6.3200000e+002
  2.4877200e+002  3.4800000e+002
  2.4925200e+002  4.8000000e+002
  2.4999200e+002  7.4000000e+002
  2.5088400e+002  8.9200000e+002
  2.5161600e+002  7.3200000e+002
  2.5213200e+002  5.1600000e+002
  2.5284400e+002  7.1200000e+002
  2.5333600e+002  4.9200000e+002
  2.5410400e+002  7.6800000e+002
  2.5486800e+002  7.6400000e+002
  2.5535600e+002  4.8800000e+002
  2.5609600e+002  7.4000000e+002
  2.5684000e+002  7.4400000e+002
  2.5747200e+002  6.3200000e+002
  2.5811200e+002  6.4000000e+002
  2.5854400e+002  4.3200000e+002
  2.5921600e+002  6.7200000e+002
  2.5973200e+002  5.1600000e+002
  2.6036400e+002  6.2800000e+002
  2.6096400e+002  6.0000000e+002
  2.6131600e+002  3.5200000e+002
  2.6189200e+002  5.7600000e+002
  2.6266800e+002  7.7600000e+002
  2.6380400e+002  1.1360000e+003
  2.6444400e+002  6.4000000e+002
  2.6504800e+002  6.0400000e+002
  2.6556800e+002  5.2000000e+002
  2.6619200e+002  6.2400000e+002
  2.6678000e+002  5.8800000e+002
  2.6722400e+002  4.4400000e+002
  2.6761600e+002  3.9200000e+002
  2.6827600e+002  6.6000000e+002
  2.6862800e+002  3.5200000e+002
  2.6945200e+002  8.2400000e+002
  2.6982000e+002  3.6800000e+002
  2.7025200e+002  4.3200000e+002
  2.7089200e+002  6.4000000e+002
  2.7159600e+002  7.0400000e+002
  2.7220400e+002  6.0800000e+002
  2.7263200e+002  4.2800000e+002
  2.7335200e+002  7.2000000e+002
  2.7387200e+002  5.2000000e+002
  2.7456000e+002  6.8800000e+002
  2.7520400e+002  6.4400000e+002
  2.7578800e+002  5.8400000e+002
  2.7628400e+002  4.9600000e+002
  2.7693200e+002  6.4800000e+002
  2.7753200e+002  6.0000000e+002
  2.7821600e+002  6.8400000e+002
  2.7888400e+002  6.6800000e+002
  2.7963600e+002  7.5200000e+002
  2.8033200e+002  6.9600000e+002
  2.8119200e+002  8.6000000e+002
  2.8174400e+002  5.5200000e+002
  2.8214000e+002  3.9600000e+002
  2.8278800e+002  6.4800000e+002
  2.8336000e+002  5.7200000e+002
  2.8377200e+002  4.1200000e+002
  2.8420400e+002  4.3200000e+002
  2.8469200e+002  4.8800000e+002
  2.8505200e+002  3.6000000e+002
  2.8572400e+002  6.7200000e+002
  2.8640000e+002  6.7600000e+002
  2.8688800e+002  4.8800000e+002
  2.8752000e+002  6.3200000e+002
  2.8826800e+002  7.4800000e+002
  2.8892000e+002  6.5200000e+002
  2.8960800e+002  6.8800000e+002
  2.9009200e+002  4.8400000e+002
  2.9056800e+002  4.7600000e+002
  2.9138800e+002  8.2000000e+002
  2.9193600e+002  5.4800000e+002
  2.9258800e+002  6.5200000e+002
  2.9320400e+002  6.1600000e+002
  2.9362400e+002  4.2000000e+002
  2.9432800e+002  7.0400000e+002
  2.9495200e+002  6.2400000e+002
  2.9559600e+002  6.4400000e+002
  2.9616800e+002  5.7200000e+002
  2.9657600e+002  4.0800000e+002
  2.9731200e+002  7.3600000e+002
  2.9798800e+002  6.7600000e+002
  2.9860400e+002  6.1600000e+002
  2.9916800e+002  5.6400000e+002
  2.9960000e+002  4.3200000e+002
  3.0005200e+002  4.5200000e+002
  3.0068800e+002  6.3600000e+002
  3.0145200e+002  7.6400000e+002
  3.0212400e+002  6.7200000e+002
  3.0282000e+002  6.9600000e+002
  3.0361200e+002  7.9200000e+002
  3.0439200e+002  7.8000000e+002
  3.0485600e+002  4.6400000e+002
  3.0565200e+002  7.9600000e+002
  3.0611600e+002  4.6400000e+002
  3.0656800e+002  4.5200000e+002
  3.0702400e+002  4.5600000e+002
  3.0762000e+002  5.9600000e+002
  3.0822800e+002  6.0800000e+002
  3.0893200e+002  7.0400000e+002
  3.0960400e+002  6.7200000e+002
  3.1033200e+002  7.2800000e+002
  3.1110800e+002  7.7600000e+002
  3.1166000e+002  5.5200000e+002
  3.1232000e+002  6.6000000e+002
  3.1287600e+002  5.5600000e+002
  3.1328400e+002  4.0800000e+002
  3.1399200e+002  7.0800000e+002
  3.1471200e+002  7.2000000e+002
  3.1524000e+002  5.2800000e+002
  3.1563600e+002  3.9600000e+002
  3.1630000e+002  6.6400000e+002
  3.1704400e+002  7.4400000e+002
  3.1782800e+002  7.8400000e+002
  3.1840400e+002  5.7600000e+002
  3.1895200e+002  5.4800000e+002
  3.1968000e+002  7.2800000e+002
  3.2043200e+002  7.5200000e+002
  3.2104800e+002  6.1600000e+002
  3.2159200e+002  5.4400000e+002
  3.2232000e+002  7.2800000e+002
  3.2298400e+002  6.6400000e+002
  3.2381200e+002  8.2800000e+002
  3.2446800e+002  6.5600000e+002
  3.2509200e+002  6.2400000e+002
  3.2559200e+002  5.0000000e+002
  3.2600800e+002  4.1600000e+002
  3.2639600e+002  3.8800000e+002
  3.2680000e+002  4.0400000e+002
  3.2763200e+002  8.3200000e+002
  3.2820400e+002  5.7200000e+002
  3.2894400e+002  7.4000000e+002
  3.2960800e+002  6.6400000e+002
  3.3029600e+002  6.8800000e+002
  3.3080800e+002  5.1200000e+002
  3.3152000e+002  7.1200000e+002
  3.3233200e+002  8.1200000e+002
  3.3308400e+002  7.5200000e+002
  3.3365200e+002  5.6800000e+002
  3.3426000e+002  6.0800000e+002
  3.3499600e+002  7.3600000e+002
  3.3572800e+002  7.3200000e+002
  3.3643600e+002  7.0800000e+002
  3.3707600e+002  6.4000000e+002
  3.3775600e+002  6.8000000e+002
  3.3823200e+002  4.7600000e+002
  3.3864400e+002  4.1200000e+002
  3.3940800e+002  7.6400000e+002
  3.4006400e+002  6.5600000e+002
  3.4066800e+002  6.0400000e+002
  3.4142400e+002  7.5600000e+002
  3.4188000e+002  4.5600000e+002
  3.4253600e+002  6.5600000e+002
  3.4298400e+002  4.4800000e+002
  3.4360000e+002  6.1600000e+002
  3.4403600e+002  4.3600000e+002
  3.4447600e+002  4.4000000e+002
  3.4516000e+002  6.8400000e+002
  3.4599200e+002  8.3200000e+002
  3.4658000e+002  5.8800000e+002
  3.4714800e+002  5.6800000e+002
  3.4780000e+002  6.5200000e+002
  3.4855200e+002  7.5200000e+002
  3.4917200e+002  6.2000000e+002
  3.4980400e+002  6.3200000e+002
  3.5028400e+002  4.8000000e+002
  3.5076000e+002  4.7600000e+002
  3.5132400e+002  5.6400000e+002
  3.5206800e+002  7.4400000e+002
  3.5266400e+002  5.9600000e+002
  3.5325600e+002  5.9200000e+002
  3.5379600e+002  5.4000000e+002
  3.5466000e+002  8.6400000e+002
  3.5522000e+002  5.6000000e+002
  3.5576800e+002  5.4800000e+002
  3.5624800e+002  4.8000000e+002
  3.5685200e+002  6.0400000e+002
  3.5752800e+002  6.7600000e+002
  3.5817200e+002  6.4400000e+002
  3.5876800e+002  5.9600000e+002
  3.5936000e+002  5.9200000e+002
  3.5985600e+002  4.9600000e+002
  3.6028400e+002  4.2800000e+002
  3.6074800e+002  4.6400000e+002
  3.6140000e+002  6.5200000e+002
  3.6200800e+002  6.0800000e+002
  3.6264400e+002  6.3600000e+002
  3.6317600e+002  5.3200000e+002
  3.6375200e+002  5.7600000e+002
  3.6426000e+002  5.0800000e+002
  3.6497200e+002  7.1200000e+002
  3.6552800e+002  5.5600000e+002
  3.6612800e+002  6.0000000e+002
  3.6686800e+002  7.4000000e+002
  3.6755200e+002  6.8400000e+002
  3.6799200e+002  4.4000000e+002
  3.6871600e+002  7.2400000e+002
  3.6930000e+002  5.8400000e+002
  3.7010000e+002  8.0000000e+002
  3.7074800e+002  6.4800000e+002
  3.7138800e+002  6.4000000e+002
  3.7203600e+002  6.4800000e+002
  3.7264800e+002  6.1200000e+002
  3.7345200e+002  8.0400000e+002
  3.7421200e+002  7.6000000e+002
  3.7488800e+002  6.7600000e+002
  3.7558800e+002  7.0000000e+002
  3.7604000e+002  4.5200000e+002
  3.7656000e+002  5.2000000e+002
  3.7722000e+002  6.6000000e+002
  3.7794800e+002  7.2800000e+002
  3.7860800e+002  6.6000000e+002
  3.7920800e+002  6.0000000e+002
  3.7966000e+002  4.5200000e+002
  3.8025200e+002  5.9200000e+002
  3.8091200e+002  6.6000000e+002
  3.8134800e+002  4.3600000e+002
  3.8183200e+002  4.8400000e+002
  3.8257600e+002  7.4400000e+002
  3.8309600e+002  5.2000000e+002
  3.8354800e+002  4.5200000e+002
  3.8420000e+002  6.5200000e+002
  3.8481200e+002  6.1200000e+002
  3.8524000e+002  4.2800000e+002
  3.8592400e+002  6.8400000e+002
  3.8648000e+002  5.5600000e+002
  3.8710000e+002  6.2000000e+002
  3.8784000e+002  7.4000000e+002
  3.8837200e+002  5.3200000e+002
  3.8905600e+002  6.8400000e+002
  3.9109200e+002  2.0360000e+003
  3.9149600e+002  4.0400000e+002
  3.9227600e+002  7.8000000e+002
  3.9297200e+002  6.9600000e+002
  3.9391200e+002  9.4000000e+002
  3.9446000e+002  5.4800000e+002
  3.9508000e+002  6.2000000e+002
  3.9572800e+002  6.4800000e+002
  3.9623200e+002  5.0400000e+002
  3.9689200e+002  6.6000000e+002
  3.9760800e+002  7.1600000e+002
  3.9807200e+002  4.6400000e+002
  3.9855600e+002  4.8400000e+002
  3.9899600e+002  4.4000000e+002
  3.9969600e+002  7.0000000e+002
  4.0037600e+002  6.8000000e+002
  4.0102400e+002  6.4800000e+002
  4.0179600e+002  7.7200000e+002
  4.0244800e+002  6.5200000e+002
  4.0308800e+002  6.4000000e+002
  4.0368800e+002  6.0000000e+002
  4.0418000e+002  4.9200000e+002
  4.0492000e+002  7.4000000e+002
  4.0570800e+002  7.8800000e+002
  4.0648000e+002  7.7200000e+002
  4.0728000e+002  8.0000000e+002
  4.0792400e+002  6.4400000e+002
  4.0888800e+002  9.6400000e+002
  4.0957600e+002  6.8800000e+002
  4.1005600e+002  4.8000000e+002
  4.1085200e+002  7.9600000e+002
  4.1164800e+002  7.9600000e+002
  4.1243600e+002  7.8800000e+002
  4.1294400e+002  5.0800000e+002
  4.1347200e+002  5.2800000e+002
  4.1421600e+002  7.4400000e+002
  4.1466000e+002  4.4400000e+002
  4.1532400e+002  6.6400000e+002
  4.1602800e+002  7.0400000e+002
  4.1652800e+002  5.0000000e+002
  4.1717200e+002  6.4400000e+002
  4.1776800e+002  5.9600000e+002
  4.1826400e+002  4.9600000e+002
  4.1868400e+002  4.2000000e+002
  4.1904800e+002  3.6400000e+002
  4.1962400e+002  5.7600000e+002
  4.2003200e+002  4.0800000e+002
  4.2048400e+002  4.5200000e+002
  4.2093600e+002  4.5200000e+002
  4.2153200e+002  5.9600000e+002
  4.2186800e+002  3.3600000e+002
  4.2234000e+002  4.7200000e+002
  4.2308800e+002  7.4800000e+002
  4.2387200e+002  7.8400000e+002
  4.2430800e+002  4.3600000e+002
  4.2501200e+002  7.0400000e+002
  4.2573600e+002  7.2400000e+002
  4.2643200e+002  6.9600000e+002
  4.2721600e+002  7.8400000e+002
  4.2791600e+002  7.0000000e+002
  4.2830000e+002  3.8400000e+002
  4.2876000e+002  4.6000000e+002
  4.2934400e+002  5.8400000e+002
  4.2992400e+002  5.8000000e+002
  4.3060000e+002  6.7600000e+002
  4.3144800e+002  8.4800000e+002
  4.3213600e+002  6.8800000e+002
  4.3280800e+002  6.7200000e+002
  4.3338000e+002  5.7200000e+002
  4.3406400e+002  6.8400000e+002
  4.3485200e+002  7.8800000e+002
  4.3555600e+002  7.0400000e+002
  4.3642000e+002  8.6400000e+002
  4.3718000e+002  7.6000000e+002
  4.3766000e+002  4.8000000e+002
  4.3832400e+002  6.6400000e+002
  4.3901200e+002  6.8800000e+002
  4.3973200e+002  7.2000000e+002
  4.4052000e+002  7.8800000e+002
  4.4123600e+002  7.1600000e+002
  4.4188800e+002  6.5200000e+002
  4.4264400e+002  7.5600000e+002
  4.4327200e+002  6.2800000e+002
  4.4400800e+002  7.3600000e+002
  4.4461600e+002  6.0800000e+002
  4.4541200e+002  7.9600000e+002
  4.4589200e+002  4.8000000e+002
  4.4658400e+002  6.9200000e+002
  4.4700800e+002  4.2400000e+002
  4.4772800e+002  7.2000000e+002
  4.4829600e+002  5.6800000e+002
  4.4896400e+002  6.6800000e+002
  4.4956000e+002  5.9600000e+002
  4.5030400e+002  7.4400000e+002
  4.5100400e+002  7.0000000e+002
  4.5164000e+002  6.3600000e+002
  4.5204000e+002  4.0000000e+002
  4.5251200e+002  4.7200000e+002
  4.5315200e+002  6.4000000e+002
  4.5357600e+002  4.2400000e+002
  4.5424400e+002  6.6800000e+002
  4.5474400e+002  5.0000000e+002
  4.5516000e+002  4.1600000e+002
  4.5712800e+002  1.9680000e+003
  4.5766400e+002  5.3600000e+002
  4.5834400e+002  6.8000000e+002
  4.5878000e+002  4.3600000e+002
  4.5926400e+002  4.8400000e+002
  4.5992400e+002  6.6000000e+002
  4.6047200e+002  5.4800000e+002
  4.6115200e+002  6.8000000e+002
  4.6160000e+002  4.4800000e+002
  4.6222400e+002  6.2400000e+002
  4.6290400e+002  6.8000000e+002
  4.6368400e+002  7.8000000e+002
  4.6431600e+002  6.3200000e+002
  4.6513600e+002  8.2000000e+002
  4.6561200e+002  4.7600000e+002
  4.6624800e+002  6.3600000e+002
  4.6673200e+002  4.8400000e+002
  4.6746800e+002  7.3600000e+002
  4.6816800e+002  7.0000000e+002
  4.6888400e+002  7.1600000e+002
  4.6951600e+002  6.3200000e+002
  4.7030000e+002  7.8400000e+002
  4.7072800e+002  4.2800000e+002
  4.7137600e+002  6.4800000e+002
  4.7212400e+002  7.4800000e+002
  4.7266000e+002  5.3600000e+002
  4.7332400e+002  6.6400000e+002
  4.7400000e+002  6.7600000e+002
  4.7457600e+002  5.7600000e+002
  4.7516000e+002  5.8400000e+002
  4.7562000e+002  4.6000000e+002
  4.7602400e+002  4.0400000e+002
  4.7649600e+002  4.7200000e+002
  4.7706800e+002  5.7200000e+002
  4.7741600e+002  3.4800000e+002
  4.7795600e+002  5.4000000e+002
  4.7862800e+002  6.7200000e+002
  4.7904000e+002  4.1200000e+002
  4.7948000e+002  4.4000000e+002
  4.8005600e+002  5.7600000e+002
  4.8054400e+002  4.8800000e+002
  4.8100400e+002  4.6000000e+002
  4.8144800e+002  4.4400000e+002
  4.8215600e+002  7.0800000e+002
  4.8284000e+002  6.8400000e+002
  4.8349600e+002  6.5600000e+002
  4.8426000e+002  7.6400000e+002
  4.8503200e+002  7.7200000e+002
  4.8558800e+002  5.5600000e+002
  4.8608800e+002  5.0000000e+002
  4.8684000e+002  7.5200000e+002
  4.8750400e+002  6.6400000e+002
  4.8820800e+002  7.0400000e+002
  4.8873600e+002  5.2800000e+002
  4.8924800e+002  5.1200000e+002
  4.8974000e+002  4.9200000e+002
  4.9036800e+002  6.2800000e+002
  4.9100800e+002  6.4000000e+002
  4.9170000e+002  6.9200000e+002
  4.9229600e+002  5.9600000e+002
  4.9298400e+002  6.8800000e+002
  4.9355600e+002  5.7200000e+002
  4.9399200e+002  4.3600000e+002
  4.9453200e+002  5.4000000e+002
  4.9501200e+002  4.8000000e+002
  4.9551200e+002  5.0000000e+002
  4.9604000e+002  5.2800000e+002
  4.9661200e+002  5.7200000e+002
  4.9730800e+002  6.9600000e+002
  4.9788000e+002  5.7200000e+002
  4.9846400e+002  5.8400000e+002
  4.9903200e+002  5.6800000e+002
  4.9956400e+002  5.3200000e+002
  5.0024000e+002  6.7600000e+002
  5.0096800e+002  7.2800000e+002
  5.0159600e+002  6.2800000e+002
  5.0241200e+002  8.1600000e+002
  5.0320400e+002  7.9200000e+002
  5.0387200e+002  6.6800000e+002
  5.0450800e+002  6.3600000e+002
  5.0514400e+002  6.3600000e+002
  5.0570800e+002  5.6400000e+002
  5.0636800e+002  6.6000000e+002
  5.0702800e+002  6.6000000e+002
  5.0764400e+002  6.1600000e+002
  5.0822000e+002  5.7600000e+002
  5.0866400e+002  4.4400000e+002
  5.0939600e+002  7.3200000e+002
  5.1007600e+002  6.8000000e+002
  5.1065600e+002  5.8000000e+002
  5.1131200e+002  6.5600000e+002
  5.1198000e+002  6.6800000e+002
  5.1266000e+002  6.8000000e+002
  5.1313200e+002  4.7200000e+002
  5.1378800e+002  6.5600000e+002
  5.1444800e+002  6.6000000e+002
  5.1508000e+002  6.3200000e+002
  5.1559600e+002  5.1600000e+002
  5.1628800e+002  6.9200000e+002
  5.1678800e+002  5.0000000e+002
  5.1715600e+002  3.6800000e+002
  5.1795200e+002  7.9600000e+002
  5.1864400e+002  6.9200000e+002
  5.1929600e+002  6.5200000e+002
  5.2002800e+002  7.3200000e+002
  5.2049200e+002  4.6400000e+002
  5.2139600e+002  9.0400000e+002
  5.2217600e+002  7.8000000e+002
  5.2267200e+002  4.9600000e+002
  5.2332800e+002  6.5600000e+002
  5.2416400e+002  8.3600000e+002
  5.2482400e+002  6.6000000e+002
  5.2562400e+002  8.0000000e+002
  5.2625200e+002  6.2800000e+002
  5.2696800e+002  7.1600000e+002
  5.2752800e+002  5.6000000e+002
  5.2796000e+002  4.3200000e+002
  5.2846800e+002  5.0800000e+002
  5.2883200e+002  3.6400000e+002
  5.2960400e+002  7.7200000e+002
  5.3022400e+002  6.2000000e+002
  5.3085200e+002  6.2800000e+002
  5.3161200e+002  7.6000000e+002
  5.3208400e+002  4.7200000e+002
  5.3270800e+002  6.2400000e+002
  5.3342400e+002  7.1600000e+002
  5.3410800e+002  6.8400000e+002
  5.3462400e+002  5.1600000e+002
  5.3508800e+002  4.6400000e+002
  5.3560800e+002  5.2000000e+002
  5.3642800e+002  8.2000000e+002
  5.3700000e+002  5.7200000e+002
  5.3774400e+002  7.4400000e+002
  5.3879600e+002  1.0520000e+003
  5.3926400e+002  4.6800000e+002
  5.3984400e+002  5.8000000e+002
  5.4037600e+002  5.3200000e+002
  5.4096800e+002  5.9200000e+002
  5.4172000e+002  7.5200000e+002
  5.4243200e+002  7.1200000e+002
  5.4322000e+002  7.8800000e+002
  5.4392000e+002  7.0000000e+002
  5.4454800e+002  6.2800000e+002
  5.4499600e+002  4.4800000e+002
  5.4577600e+002  7.8000000e+002
  5.4624400e+002  4.6800000e+002
  5.4686400e+002  6.2000000e+002
  5.4752800e+002  6.6400000e+002
  5.4793200e+002  4.0400000e+002
  5.4835600e+002  4.2400000e+002
  5.4891600e+002  5.6000000e+002
  5.4957600e+002  6.6000000e+002
  5.5007600e+002  5.0000000e+002
  5.5052800e+002  4.5200000e+002
  5.5099200e+002  4.6400000e+002
  5.5180800e+002  8.1600000e+002
  5.5244400e+002  6.3600000e+002
  5.5315600e+002  7.1200000e+002
  5.5383200e+002  6.7600000e+002
  5.5469200e+002  8.6000000e+002
  5.5542400e+002  7.3200000e+002
  5.5594400e+002  5.2000000e+002
  5.5663600e+002  6.9200000e+002
  5.5732000e+002  6.8400000e+002
  5.5774400e+002  4.2400000e+002
  5.5836400e+002  6.2000000e+002
  5.5879600e+002  4.3200000e+002
  5.5920800e+002  4.1200000e+002
  5.5962400e+002  4.1600000e+002
  5.6026400e+002  6.4000000e+002
  5.6090400e+002  6.4000000e+002
  5.6153600e+002  6.3200000e+002
  5.6220000e+002  6.6400000e+002
  5.6292400e+002  7.2400000e+002
  5.6366800e+002  7.4400000e+002
  5.6430400e+002  6.3600000e+002
  5.6496800e+002  6.6400000e+002
  5.6570400e+002  7.3600000e+002
  5.6633600e+002  6.3200000e+002
  5.6713200e+002  7.9600000e+002
  5.6764000e+002  5.0800000e+002
  5.6814800e+002  5.0800000e+002
  5.6892400e+002  7.7600000e+002
  5.6931600e+002  3.9200000e+002
  5.6969200e+002  3.7600000e+002
  5.7048000e+002  7.8800000e+002
  5.7122000e+002  7.4000000e+002
  5.7166800e+002  4.4800000e+002
  5.7232800e+002  6.6000000e+002
  5.7329200e+002  9.6400000e+002
  5.7394400e+002  6.5200000e+002
  5.7436000e+002  4.1600000e+002
  5.7482000e+002  4.6000000e+002
  5.7547600e+002  6.5600000e+002
  5.7612400e+002  6.4800000e+002
  5.7677600e+002  6.5200000e+002
  5.7732800e+002  5.5200000e+002
  5.7787200e+002  5.4400000e+002
  5.7842800e+002  5.5600000e+002
  5.7905200e+002  6.2400000e+002
  5.7992400e+002  8.7200000e+002
  5.8034800e+002  4.2400000e+002
  5.8088400e+002  5.3600000e+002
  5.8156800e+002  6.8400000e+002
  5.8223600e+002  6.6800000e+002
  5.8284800e+002  6.1200000e+002
  5.8349200e+002  6.4400000e+002
  5.8424400e+002  7.5200000e+002
  5.8488800e+002  6.4400000e+002
  5.8552800e+002  6.4000000e+002
  5.8602000e+002  4.9200000e+002
  5.8665200e+002  6.3200000e+002
  5.8733600e+002  6.8400000e+002
  5.8812800e+002  7.9200000e+002
  5.8860400e+002  4.7600000e+002
  5.8920400e+002  6.0000000e+002
  5.8983200e+002  6.2800000e+002
  5.9033200e+002  5.0000000e+002
  5.9080800e+002  4.7600000e+002
  5.9156400e+002  7.5600000e+002
  5.9206400e+002  5.0000000e+002
  5.9268800e+002  6.2400000e+002
  5.9322000e+002  5.3200000e+002
  5.9386800e+002  6.4800000e+002
  5.9434800e+002  4.8000000e+002
  5.9488400e+002  5.3600000e+002
  5.9556400e+002  6.8000000e+002
  5.9618400e+002  6.2000000e+002
  5.9692800e+002  7.4400000e+002
  5.9774000e+002  8.1200000e+002
  5.9848800e+002  7.4800000e+002
  5.9896400e+002  4.7600000e+002
  5.9980800e+002  8.4400000e+002
  6.0050000e+002  6.9200000e+002
  6.0118800e+002  6.8800000e+002
  6.0170800e+002  5.2000000e+002
  6.0225600e+002  5.4800000e+002
  6.0288800e+002  6.3200000e+002
  6.0354400e+002  6.5600000e+002
  6.0410800e+002  5.6400000e+002
  6.0480800e+002  7.0000000e+002
  6.0551600e+002  7.0800000e+002
  6.0612800e+002  6.1200000e+002
  6.0664000e+002  5.1200000e+002
  6.0732400e+002  6.8400000e+002
  6.0780000e+002  4.7600000e+002
  6.0828000e+002  4.8000000e+002
  6.0885600e+002  5.7600000e+002
  6.0933600e+002  4.8000000e+002
  6.1009200e+002  7.5600000e+002
  6.1072800e+002  6.3600000e+002
  6.1136800e+002  6.4000000e+002
  6.1195600e+002  5.8800000e+002
  6.1244000e+002  4.8400000e+002
  6.1303600e+002  5.9600000e+002
  6.1381200e+002  7.7600000e+002
  6.1445200e+002  6.4000000e+002
  6.1507200e+002  6.2000000e+002
  6.1570400e+002  6.3200000e+002
  6.1632400e+002  6.2000000e+002
  6.1709600e+002  7.7200000e+002
  6.1768400e+002  5.8800000e+002
  6.1831200e+002  6.2800000e+002
  6.1879600e+002  4.8400000e+002
  6.1936800e+002  5.7200000e+002
  6.1993600e+002  5.6800000e+002
  6.2055200e+002  6.1600000e+002
  6.2130800e+002  7.5600000e+002
  6.2196400e+002  6.5600000e+002
  6.2274000e+002  7.7600000e+002
  6.2348800e+002  7.4800000e+002
  6.2412400e+002  6.3600000e+002
  6.2478000e+002  6.5600000e+002
  6.2551600e+002  7.3600000e+002
  6.2616800e+002  6.5200000e+002
  6.2668800e+002  5.2000000e+002
  6.2709200e+002  4.0400000e+002
  6.2774400e+002  6.5200000e+002
  6.2841200e+002  6.6800000e+002
  6.2894000e+002  5.2800000e+002
  6.2952400e+002  5.8400000e+002
  6.3008400e+002  5.6000000e+002
  6.3071600e+002  6.3200000e+002
  6.3123200e+002  5.1600000e+002
  6.3193600e+002  7.0400000e+002
  6.3234400e+002  4.0800000e+002
  6.3280000e+002  4.5600000e+002
  6.3324800e+002  4.4800000e+002
  6.3400000e+002  7.5200000e+002
  6.3454800e+002  5.4800000e+002
  6.3511600e+002  5.6800000e+002
  6.3562400e+002  5.0800000e+002
  6.3630000e+002  6.7600000e+002
  6.3696800e+002  6.6800000e+002
  6.3766000e+002  6.9200000e+002
  6.3835200e+002  6.9200000e+002
  6.3909200e+002  7.4000000e+002
  6.3978000e+002  6.8800000e+002
  6.4036800e+002  5.8800000e+002
  6.4093600e+002  5.6800000e+002
  6.4149200e+002  5.5600000e+002
  6.4227200e+002  7.8000000e+002
  6.4277200e+002  5.0000000e+002
  6.4322000e+002  4.4800000e+002
  6.4390000e+002  6.8000000e+002
  6.4462000e+002  7.2000000e+002
  6.4539600e+002  7.7600000e+002
  6.4722400e+002  1.8280000e+003
  6.4773200e+002  5.0800000e+002
  6.4852400e+002  7.9200000e+002
  6.4907200e+002  5.4800000e+002
  6.4964400e+002  5.7200000e+002
  6.5007600e+002  4.3200000e+002
  6.5054800e+002  4.7200000e+002
  6.5098000e+002  4.3200000e+002
  6.5143200e+002  4.5200000e+002
  6.5209200e+002  6.6000000e+002
  6.5268000e+002  5.8800000e+002
  6.5340000e+002  7.2000000e+002
  6.5408400e+002  6.8400000e+002
  6.5475600e+002  6.7200000e+002
  6.5524000e+002  4.8400000e+002
  6.5565200e+002  4.1200000e+002
  6.5640800e+002  7.5600000e+002
  6.5690800e+002  5.0000000e+002
  6.5762400e+002  7.1600000e+002
  6.5809200e+002  4.6800000e+002
  6.5876000e+002  6.6800000e+002
  6.5927200e+002  5.1200000e+002
  6.5967200e+002  4.0000000e+002
  6.6031600e+002  6.4400000e+002
  6.6071600e+002  4.0000000e+002
  6.6147600e+002  7.6000000e+002
  6.6224400e+002  7.6800000e+002
  6.6287200e+002  6.2800000e+002
  6.6342800e+002  5.5600000e+002
  6.6410000e+002  6.7200000e+002
  6.6473600e+002  6.3600000e+002
  6.6517600e+002  4.4000000e+002
  6.6579600e+002  6.2000000e+002
  6.6638000e+002  5.8400000e+002
  6.6692800e+002  5.4800000e+002
  6.6767600e+002  7.4800000e+002
  6.6827600e+002  6.0000000e+002
  6.6873600e+002  4.6000000e+002
  6.6938000e+002  6.4400000e+002
  6.6994000e+002  5.6000000e+002
  6.7041600e+002  4.7600000e+002
  6.7099600e+002  5.8000000e+002
  6.7148400e+002  4.8800000e+002
  6.7190000e+002  4.1600000e+002
  6.7234800e+002  4.4800000e+002
  6.7298400e+002  6.3600000e+002
  6.7356400e+002  5.8000000e+002
  6.7426400e+002  7.0000000e+002
  6.7508000e+002  8.1600000e+002
  6.7581600e+002  7.3600000e+002
  6.7645200e+002  6.3600000e+002
  6.7702000e+002  5.6800000e+002
  6.7764800e+002  6.2800000e+002
  6.7809600e+002  4.4800000e+002
  6.7874800e+002  6.5200000e+002
  6.7922800e+002  4.8000000e+002
  6.7988400e+002  6.5600000e+002
  6.8066000e+002  7.7600000e+002
  6.8116400e+002  5.0400000e+002
  6.8193600e+002  7.7200000e+002
  6.8244400e+002  5.0800000e+002
  6.8312000e+002  6.7600000e+002
  6.8384800e+002  7.2800000e+002
  6.8441200e+002  5.6400000e+002
  6.8512000e+002  7.0800000e+002
  6.8579600e+002  6.7600000e+002
  6.8640400e+002  6.0800000e+002
  6.8716400e+002  7.6000000e+002
  6.8783600e+002  6.7200000e+002
  6.8851600e+002  6.8000000e+002
  6.8923600e+002  7.2000000e+002
  6.8999600e+002  7.6000000e+002
  6.9064000e+002  6.4400000e+002
  6.9150000e+002  8.6000000e+002
  6.9236400e+002  8.6400000e+002
  6.9282800e+002  4.6400000e+002
  6.9358000e+002  7.5200000e+002
  6.9417200e+002  5.9200000e+002
  6.9497200e+002  8.0000000e+002
  6.9540800e+002  4.3600000e+002
  6.9579600e+002  3.8800000e+002
  6.9648400e+002  6.8800000e+002
  6.9705600e+002  5.7200000e+002
  6.9783200e+002  7.7600000e+002
  6.9835600e+002  5.2400000e+002
  6.9897600e+002  6.2000000e+002
  6.9931200e+002  3.3600000e+002
  6.9969600e+002  3.8400000e+002
  7.0006400e+002  3.6800000e+002
  7.0043200e+002  3.6800000e+002
  7.0111200e+002  6.8000000e+002
  7.0178800e+002  6.7600000e+002
  7.0252400e+002  7.3600000e+002
  7.0308400e+002  5.6000000e+002
  7.0385200e+002  7.6800000e+002
  7.0461600e+002  7.6400000e+002
  7.0506800e+002  4.5200000e+002
  7.0567600e+002  6.0800000e+002
  7.0630800e+002  6.3200000e+002
  7.0691200e+002  6.0400000e+002
  7.0753600e+002  6.2400000e+002
  7.0814000e+002  6.0400000e+002
  7.0881600e+002  6.7600000e+002
  7.0931200e+002  4.9600000e+002
  7.1002800e+002  7.1600000e+002
  7.1058000e+002  5.5200000e+002
  7.1101200e+002  4.3200000e+002
  7.1166000e+002  6.4800000e+002
  7.1212000e+002  4.6000000e+002
  7.1252400e+002  4.0400000e+002
  7.1315600e+002  6.3200000e+002
  7.1378400e+002  6.2800000e+002
  7.1435600e+002  5.7200000e+002
  7.1504800e+002  6.9200000e+002
  7.1572400e+002  6.7600000e+002
  7.1612800e+002  4.0400000e+002
  7.1711600e+002  9.8800000e+002
  7.1784800e+002  7.3200000e+002
  7.1830800e+002  4.6000000e+002
  7.1879200e+002  4.8400000e+002
  7.1923200e+002  4.4000000e+002
  7.1977200e+002  5.4000000e+002
  7.2030000e+002  5.2800000e+002
  7.2072800e+002  4.2800000e+002
  7.2140800e+002  6.8000000e+002
  7.2184400e+002  4.3600000e+002
  7.2226800e+002  4.2400000e+002
  7.2273200e+002  4.6400000e+002
  7.2333600e+002  6.0400000e+002
  7.2397200e+002  6.3600000e+002
  7.2458400e+002  6.1200000e+002
  7.2524800e+002  6.6400000e+002
  7.2614800e+002  9.0000000e+002
  7.2687600e+002  7.2800000e+002
  7.2728800e+002  4.1200000e+002
  7.2776800e+002  4.8000000e+002
  7.2810400e+002  3.3600000e+002
  7.2865600e+002  5.5200000e+002
  7.2924000e+002  5.8400000e+002
  7.2970800e+002  4.6800000e+002
  7.3024800e+002  5.4000000e+002
  7.3074000e+002  4.9200000e+002
  7.3146000e+002  7.2000000e+002
  7.3204800e+002  5.8800000e+002
  7.3276800e+002  7.2000000e+002
  7.3326400e+002  4.9600000e+002
  7.3384400e+002  5.8000000e+002
  7.3440000e+002  5.5600000e+002
  7.3500800e+002  6.0800000e+002
  7.3577200e+002  7.6400000e+002
  7.3628800e+002  5.1600000e+002
  7.3676000e+002  4.7200000e+002
  7.3723200e+002  4.7200000e+002
  7.3768800e+002  4.5600000e+002
  7.3830800e+002  6.2000000e+002
  7.3872400e+002  4.1600000e+002
  7.3906000e+002  3.3600000e+002
  7.3972000e+002  6.6000000e+002
  7.4030800e+002  5.8800000e+002
  7.4104400e+002  7.3600000e+002
  7.4182800e+002  7.8400000e+002
  7.4228400e+002  4.5600000e+002
  7.4274000e+002  4.5600000e+002
  7.4316400e+002  4.2400000e+002
  7.4375600e+002  5.9200000e+002
  7.4416400e+002  4.0800000e+002
  7.4466800e+002  5.0400000e+002
  7.4537200e+002  7.0400000e+002
  7.4603200e+002  6.6000000e+002
  7.4657600e+002  5.4400000e+002
  7.4724800e+002  6.7200000e+002
  7.4805600e+002  8.0800000e+002
  7.4852800e+002  4.7200000e+002
  7.4898000e+002  4.5200000e+002
  7.4947600e+002  4.9600000e+002
  7.5008800e+002  6.1200000e+002
  7.5050000e+002  4.1200000e+002
  7.5087200e+002  3.7200000e+002
  7.5143600e+002  5.6400000e+002
  7.5219600e+002  7.6000000e+002
  7.5292000e+002  7.2400000e+002
  7.5334800e+002  4.2800000e+002
  7.5420400e+002  8.5600000e+002
  7.5465200e+002  4.4800000e+002
  7.5530400e+002  6.5200000e+002
  7.5599200e+002  6.8800000e+002
  7.5659600e+002  6.0400000e+002
  7.5720800e+002  6.1200000e+002
  7.5870000e+002  1.4920000e+003
  7.5913200e+002  4.3200000e+002
  7.5968400e+002  5.5200000e+002
  7.6154000e+002  1.8560000e+003
  7.6198400e+002  4.4400000e+002
  7.6253200e+002  5.4800000e+002
  7.6316400e+002  6.3200000e+002
  7.6373200e+002  5.6800000e+002
  7.6422000e+002  4.8800000e+002
  7.6472800e+002  5.0800000e+002
  7.6529200e+002  5.6400000e+002
  7.6594000e+002  6.4800000e+002
  7.6652800e+002  5.8800000e+002
  7.6712000e+002  5.9200000e+002
  7.6763600e+002  5.1600000e+002
  7.6840400e+002  7.6800000e+002
  7.6905600e+002  6.5200000e+002
  7.6973600e+002  6.8000000e+002
  7.7037600e+002  6.4000000e+002
  7.7109200e+002  7.1600000e+002
  7.7153600e+002  4.4400000e+002
  7.7224400e+002  7.0800000e+002
  7.7330000e+002  1.0560000e+003
  7.7393600e+002  6.3600000e+002
  7.7453600e+002  6.0000000e+002
  7.7537600e+002  8.4000000e+002
  7.7590400e+002  5.2800000e+002
  7.7648000e+002  5.7600000e+002
  7.7700800e+002  5.2800000e+002
  7.7768000e+002  6.7200000e+002
  7.7826800e+002  5.8800000e+002
  7.7877200e+002  5.0400000e+002
  7.7932800e+002  5.5600000e+002
  7.7981200e+002  4.8400000e+002
  7.8038400e+002  5.7200000e+002
  7.8084400e+002  4.6000000e+002
  7.8157200e+002  7.2800000e+002
  7.8216000e+002  5.8800000e+002
  7.8285200e+002  6.9200000e+002
  7.8346400e+002  6.1200000e+002
  7.8416400e+002  7.0000000e+002
  7.8482000e+002  6.5600000e+002
  7.8531600e+002  4.9600000e+002
  7.8598000e+002  6.6400000e+002
  7.8653600e+002  5.5600000e+002
  7.8720000e+002  6.6400000e+002
  7.8780400e+002  6.0400000e+002
  7.8930400e+002  1.5000000e+003
  7.9002400e+002  7.2000000e+002
  7.9074000e+002  7.1600000e+002
  7.9144000e+002  7.0000000e+002
  7.9210800e+002  6.6800000e+002
  7.9252800e+002  4.2000000e+002
  7.9326800e+002  7.4000000e+002
  7.9378800e+002  5.2000000e+002
  7.9445200e+002  6.6400000e+002
  7.9523600e+002  7.8400000e+002
  7.9568400e+002  4.4800000e+002
  7.9656000e+002  8.7600000e+002
  7.9727600e+002  7.1600000e+002
  7.9788000e+002  6.0400000e+002
  7.9831200e+002  4.3200000e+002
  7.9900400e+002  6.9200000e+002
  7.9965200e+002  6.4800000e+002
  8.0047200e+002  8.2000000e+002
  8.0108000e+002  6.0800000e+002
  8.0176000e+002  6.8000000e+002
  8.0270400e+002  9.4400000e+002
  8.0335200e+002  6.4800000e+002
  8.0384800e+002  4.9600000e+002
  8.0427600e+002  4.2800000e+002
  8.0488000e+002  6.0400000e+002
  8.0534800e+002  4.6800000e+002
  8.0606400e+002  7.1600000e+002
  8.0675600e+002  6.9200000e+002
  8.0738000e+002  6.2400000e+002
  8.0826400e+002  8.8400000e+002
  8.0885200e+002  5.8800000e+002
  8.0960000e+002  7.4800000e+002
  8.1006800e+002  4.6800000e+002
  8.1050800e+002  4.4000000e+002
  8.1118800e+002  6.8000000e+002
  8.1161200e+002  4.2400000e+002
  8.1210400e+002  4.9200000e+002
  8.1275600e+002  6.5200000e+002
  8.1320800e+002  4.5200000e+002
  8.1412800e+002  9.2000000e+002
  8.1462400e+002  4.9600000e+002
  8.1539200e+002  7.6800000e+002
  8.1609600e+002  7.0400000e+002
  8.1676400e+002  6.6800000e+002
  8.1718400e+002  4.2000000e+002
  8.1798800e+002  8.0400000e+002
  8.1882800e+002  8.4000000e+002
  8.1924400e+002  4.1600000e+002
  8.1996400e+002  7.2000000e+002
  8.2056400e+002  6.0000000e+002
  8.2100800e+002  4.4400000e+002
  8.2150800e+002  5.0000000e+002
  8.2194800e+002  4.4000000e+002
  8.2240000e+002  4.5200000e+002
  8.2286400e+002  4.6400000e+002
  8.2359600e+002  7.3200000e+002
  8.2441600e+002  8.2000000e+002
  8.2513600e+002  7.2000000e+002
  8.2578000e+002  6.4400000e+002
  8.2643600e+002  6.5600000e+002
  8.2709600e+002  6.6000000e+002
  8.2794000e+002  8.4400000e+002
  8.2868000e+002  7.4000000e+002
  8.2941200e+002  7.3200000e+002
  8.2984000e+002  4.2800000e+002
  8.3046400e+002  6.2400000e+002
  8.3103200e+002  5.6800000e+002
  8.3164400e+002  6.1200000e+002
  8.3227200e+002  6.2800000e+002
  8.3284800e+002  5.7600000e+002
  8.3361600e+002  7.6800000e+002
  8.3410400e+002  4.8800000e+002
  8.3482800e+002  7.2400000e+002
  8.3535600e+002  5.2800000e+002
  8.3603200e+002  6.7600000e+002
  8.3673200e+002  7.0000000e+002
  8.3754800e+002  8.1600000e+002
  8.3806000e+002  5.1200000e+002
  8.3874000e+002  6.8000000e+002
  8.3938400e+002  6.4400000e+002
  8.3991600e+002  5.3200000e+002
  8.4048400e+002  5.6800000e+002
  8.4122800e+002  7.4400000e+002
  8.4186000e+002  6.3200000e+002
  8.4244400e+002  5.8400000e+002
  8.4310000e+002  6.5600000e+002
  8.4352000e+002  4.2000000e+002
  8.4415200e+002  6.3200000e+002
  8.4460000e+002  4.4800000e+002
  8.4507600e+002  4.7600000e+002
  8.4570400e+002  6.2800000e+002
  8.4643600e+002  7.3200000e+002
  8.4688800e+002  4.5200000e+002
  8.4731600e+002  4.2800000e+002
  8.4792000e+002  6.0400000e+002
  8.4864800e+002  7.2800000e+002
  8.5043600e+002  1.7880000e+003
  8.5100800e+002  5.7200000e+002
  8.5172000e+002  7.1200000e+002
  8.5229600e+002  5.7600000e+002
  8.5284000e+002  5.4400000e+002
  8.5348000e+002  6.4000000e+002
  8.5389600e+002  4.1600000e+002
  8.5458000e+002  6.8400000e+002
  8.5517600e+002  5.9600000e+002
  8.5580800e+002  6.3200000e+002
  8.5637200e+002  5.6400000e+002
  8.5716800e+002  7.9600000e+002
  8.5773200e+002  5.6400000e+002
  8.5822800e+002  4.9600000e+002
  8.5885200e+002  6.2400000e+002
  8.5937600e+002  5.2400000e+002
  8.5998400e+002  6.0800000e+002
  8.6058800e+002  6.0400000e+002
  8.6114800e+002  5.6000000e+002
  8.6190400e+002  7.5600000e+002
  8.6265600e+002  7.5200000e+002
  8.6331200e+002  6.5600000e+002
  8.6390000e+002  5.8800000e+002
  8.6433200e+002  4.3200000e+002
  8.6494400e+002  6.1200000e+002
  8.6578800e+002  8.4400000e+002
  8.6644000e+002  6.5200000e+002
  8.6695200e+002  5.1200000e+002
  8.6738000e+002  4.2800000e+002
  8.6799200e+002  6.1200000e+002
  8.6860800e+002  6.1600000e+002
  8.6923600e+002  6.2800000e+002
  8.6966800e+002  4.3200000e+002
  8.7024800e+002  5.8000000e+002
  8.7102400e+002  7.7600000e+002
  8.7171600e+002  6.9200000e+002
  8.7246000e+002  7.4400000e+002
  8.7312800e+002  6.6800000e+002
  8.7374400e+002  6.1600000e+002
  8.7419600e+002  4.5200000e+002
  8.7478800e+002  5.9200000e+002
  8.7528800e+002  5.0000000e+002
  8.7596000e+002  6.7200000e+002
  8.7666400e+002  7.0400000e+002
  8.7734000e+002  6.7600000e+002
  8.7800000e+002  6.6000000e+002
  8.7845600e+002  4.5600000e+002
  8.7898000e+002  5.2400000e+002
  8.7950800e+002  5.2800000e+002
  8.8004000e+002  5.3200000e+002
  8.8069600e+002  6.5600000e+002
  8.8127600e+002  5.8000000e+002
  8.8180400e+002  5.2800000e+002
  8.8252000e+002  7.1600000e+002
  8.8296800e+002  4.4800000e+002
  8.8364400e+002  6.7600000e+002
  8.8435200e+002  7.0800000e+002
  8.8498800e+002  6.3600000e+002
  8.8562400e+002  6.3600000e+002
  8.8630000e+002  6.7600000e+002
  8.8688000e+002  5.8000000e+002
  8.8757200e+002  6.9200000e+002
  8.8801600e+002  4.4400000e+002
  8.8888400e+002  8.6800000e+002
  8.8956400e+002  6.8000000e+002
  8.9015200e+002  5.8800000e+002
  8.9057600e+002  4.2400000e+002
  8.9122000e+002  6.4400000e+002
  8.9200800e+002  7.8800000e+002
  8.9264800e+002  6.4000000e+002
  8.9322000e+002  5.7200000e+002
  8.9388000e+002  6.6000000e+002
  8.9428000e+002  4.0000000e+002
  8.9467600e+002  3.9600000e+002
  8.9506800e+002  3.9200000e+002
  8.9558000e+002  5.1200000e+002
  8.9638000e+002  8.0000000e+002
  8.9714000e+002  7.6000000e+002
  8.9781600e+002  6.7600000e+002
  8.9844800e+002  6.3200000e+002
  8.9896000e+002  5.1200000e+002
  8.9950000e+002  5.4000000e+002
  9.0024000e+002  7.4000000e+002
  9.0091200e+002  6.7200000e+002
  9.0152800e+002  6.1600000e+002
  9.0214400e+002  6.1600000e+002
  9.0292400e+002  7.8000000e+002
  9.0354800e+002  6.2400000e+002
  9.0413200e+002  5.8400000e+002
  9.0478000e+002  6.4800000e+002
  9.0521200e+002  4.3200000e+002
  9.0584800e+002  6.3600000e+002
  9.0645200e+002  6.0400000e+002
  9.0701200e+002  5.6000000e+002
  9.0745200e+002  4.4000000e+002
  9.0814000e+002  6.8800000e+002
  9.0858000e+002  4.4000000e+002
  9.0917600e+002  5.9600000e+002
  9.0972000e+002  5.4400000e+002
  9.1024800e+002  5.2800000e+002
  9.1102000e+002  7.7200000e+002
  9.1154800e+002  5.2800000e+002
  9.1226000e+002  7.1200000e+002
  9.1313600e+002  8.7600000e+002
  9.1369600e+002  5.6000000e+002
  9.1414800e+002  4.5200000e+002
  9.1456000e+002  4.1200000e+002
  9.1522000e+002  6.6000000e+002
  9.1592400e+002  7.0400000e+002
  9.1663200e+002  7.0800000e+002
  9.1714400e+002  5.1200000e+002
  9.1758400e+002  4.4000000e+002
  9.1825600e+002  6.7200000e+002
  9.1869600e+002  4.4000000e+002
  9.1935600e+002  6.6000000e+002
  9.2006800e+002  7.1200000e+002
  9.2079200e+002  7.2400000e+002
  9.2164000e+002  8.4800000e+002
  9.2210400e+002  4.6400000e+002
  9.2273200e+002  6.2800000e+002
  9.2340400e+002  6.7200000e+002
  9.2411600e+002  7.1200000e+002
  9.2482800e+002  7.1200000e+002
  9.2556800e+002  7.4000000e+002
  9.2614400e+002  5.7600000e+002
  9.2686400e+002  7.2000000e+002
  9.2743600e+002  5.7200000e+002
  9.2793600e+002  5.0000000e+002
  9.2855200e+002  6.1600000e+002
  9.2915200e+002  6.0000000e+002
  9.2979200e+002  6.4000000e+002
  9.3024800e+002  4.5600000e+002
  9.3087200e+002  6.2400000e+002
  9.3142800e+002  5.5600000e+002
  9.3210800e+002  6.8000000e+002
  9.3272800e+002  6.2000000e+002
  9.3334000e+002  6.1200000e+002
  9.3404400e+002  7.0400000e+002
  9.3486000e+002  8.1600000e+002
  9.3538800e+002  5.2800000e+002
  9.3624400e+002  8.5600000e+002
  9.3676400e+002  5.2000000e+002
  9.3719600e+002  4.3200000e+002
  9.3790000e+002  7.0400000e+002
  9.3841200e+002  5.1200000e+002
  9.3907600e+002  6.6400000e+002
  9.4004000e+002  9.6400000e+002
  9.4087600e+002  8.3600000e+002
  9.4150400e+002  6.2800000e+002
  9.4206800e+002  5.6400000e+002
  9.4284800e+002  7.8000000e+002
  9.4329200e+002  4.4400000e+002
  9.4387200e+002  5.8000000e+002
  9.4448400e+002  6.1200000e+002
  9.4500400e+002  5.2000000e+002
  9.4556800e+002  5.6400000e+002
  9.4600800e+002  4.4000000e+002
  9.4668000e+002  6.7200000e+002
  9.4724800e+002  5.6800000e+002
  9.4800000e+002  7.5200000e+002
  9.4847600e+002  4.7600000e+002
  9.4909600e+002  6.2000000e+002
  9.4980400e+002  7.0800000e+002
  9.5033200e+002  5.2800000e+002
  9.5079600e+002  4.6400000e+002
  9.5120800e+002  4.1200000e+002
  9.5174800e+002  5.4000000e+002
  9.5238800e+002  6.4000000e+002
  9.5296400e+002  5.7600000e+002
  9.5355200e+002  5.8800000e+002
  9.5507200e+002  1.5200000e+003
  9.5572400e+002  6.5200000e+002
  9.5642000e+002  6.9600000e+002
  9.5700800e+002  5.8800000e+002
  9.5770800e+002  7.0000000e+002
  9.5834400e+002  6.3600000e+002
  9.5879600e+002  4.5200000e+002
  9.5929600e+002  5.0000000e+002
  9.5996800e+002  6.7200000e+002
  9.6062000e+002  6.5200000e+002
  9.6146400e+002  8.4400000e+002
  9.6232800e+002  8.6400000e+002
  9.6312000e+002  7.9200000e+002
  9.6370400e+002  5.8400000e+002
  9.6456400e+002  8.6000000e+002
  9.6523200e+002  6.6800000e+002
  9.6603600e+002  8.0400000e+002
  9.6674000e+002  7.0400000e+002
  9.6720000e+002  4.6000000e+002
  9.6772400e+002  5.2400000e+002
  9.6846000e+002  7.3600000e+002
  9.6907200e+002  6.1200000e+002
  9.6960400e+002  5.3200000e+002
  9.7032400e+002  7.2000000e+002
  9.7079200e+002  4.6800000e+002
  9.7134800e+002  5.5600000e+002
  9.7209200e+002  7.4400000e+002
  9.7278000e+002  6.8800000e+002
  9.7354800e+002  7.6800000e+002
  9.7398400e+002  4.3600000e+002
  9.7471200e+002  7.2800000e+002
  9.7540800e+002  6.9600000e+002
  9.7594000e+002  5.3200000e+002
  9.7664000e+002  7.0000000e+002
  9.7728400e+002  6.4400000e+002
  9.7793600e+002  6.5200000e+002
  9.7864800e+002  7.1200000e+002
  9.7929600e+002  6.4800000e+002
  9.7994800e+002  6.5200000e+002
  9.8062400e+002  6.7600000e+002
  9.8110400e+002  4.8000000e+002
  9.8178000e+002  6.7600000e+002
  9.8258800e+002  8.0800000e+002
  9.8328800e+002  7.0000000e+002
  9.8391600e+002  6.2800000e+002
  9.8451600e+002  6.0000000e+002
  9.8492400e+002  4.0800000e+002
  9.8556800e+002  6.4400000e+002
  9.8640000e+002  8.3200000e+002
  9.8714400e+002  7.4400000e+002
  9.8776000e+002  6.1600000e+002
  9.8842400e+002  6.6400000e+002
  9.8914800e+002  7.2400000e+002
  9.8960400e+002  4.5600000e+002
  9.9024000e+002  6.3600000e+002
  9.9077200e+002  5.3200000e+002
  9.9144800e+002  6.7600000e+002
  9.9210000e+002  6.5200000e+002
  9.9276000e+002  6.6000000e+002
  9.9340400e+002  6.4400000e+002
  9.9387200e+002  4.6800000e+002
  9.9434800e+002  4.7600000e+002
  9.9499600e+002  6.4800000e+002
  9.9572800e+002  7.3200000e+002
  9.9618800e+002  4.6000000e+002
  9.9694400e+002  7.5600000e+002
  9.9761200e+002  6.6800000e+002
  9.9842800e+002  8.1600000e+002
  9.9888800e+002  4.6000000e+002
  9.9948000e+002  5.9200000e+002
  9.9997600e+002  4.9600000e+002
  1.0006000e+003  6.2400000e+002
  1.0011880e+003  5.8800000e+002
  1.0017560e+003  5.6800000e+002
  1.0024160e+003  6.6000000e+002
  1.0030720e+003  6.5600000e+002
  1.0039560e+003  8.8400000e+002
  1.0047160e+003  7.6000000e+002
  1.0057080e+003  9.9200000e+002
  1.0061880e+003  4.8000000e+002
  1.0066120e+003  4.2400000e+002
  1.0071040e+003  4.9200000e+002
  1.0075440e+003  4.4000000e+002
  1.0081560e+003  6.1200000e+002
  1.0087280e+003  5.7200000e+002
  1.0092320e+003  5.0400000e+002
  1.0096080e+003  3.7600000e+002
  1.0100800e+003  4.7200000e+002
  1.0105840e+003  5.0400000e+002
  1.0111880e+003  6.0400000e+002
  1.0116520e+003  4.6400000e+002
  1.0121320e+003  4.8000000e+002
  1.0128240e+003  6.9200000e+002
  1.0135880e+003  7.6400000e+002
  1.0140720e+003  4.8400000e+002
  1.0146480e+003  5.7600000e+002
  1.0151040e+003  4.5600000e+002
  1.0155920e+003  4.8800000e+002
  1.0161240e+003  5.3200000e+002
  1.0168280e+003  7.0400000e+002
  1.0173160e+003  4.8800000e+002
  1.0178200e+003  5.0400000e+002
  1.0182880e+003  4.6800000e+002
  1.0188000e+003  5.1200000e+002
  1.0191680e+003  3.6800000e+002
  1.0198520e+003  6.8400000e+002
  1.0205080e+003  6.5600000e+002
  1.0212120e+003  7.0400000e+002
  1.0216440e+003  4.3200000e+002
  1.0221000e+003  4.5600000e+002
  1.0230760e+003  9.7600000e+002
  1.0234520e+003  3.7600000e+002
  1.0241440e+003  6.9200000e+002
  1.0248520e+003  7.0800000e+002
  1.0255240e+003  6.7200000e+002
  1.0262000e+003  6.7600000e+002
  1.0267800e+003  5.8000000e+002
  1.0275200e+003  7.4000000e+002
  1.0279960e+003  4.7600000e+002
  1.0284640e+003  4.6800000e+002
  1.0291440e+003  6.8000000e+002
  1.0295720e+003  4.2800000e+002
  1.0301400e+003  5.6800000e+002
  1.0305880e+003  4.4800000e+002
  1.0310840e+003  4.9600000e+002
  1.0314880e+003  4.0400000e+002
  1.0319840e+003  4.9600000e+002
  1.0326520e+003  6.6800000e+002
  1.0331360e+003  4.8400000e+002
  1.0336560e+003  5.2000000e+002
  1.0341160e+003  4.6000000e+002
  1.0346800e+003  5.6400000e+002
  1.0354920e+003  8.1200000e+002
  1.0362360e+003  7.4400000e+002
  1.0366840e+003  4.4800000e+002
  1.0370920e+003  4.0800000e+002
  1.0375520e+003  4.6000000e+002
  1.0379680e+003  4.1600000e+002
  1.0383120e+003  3.4400000e+002
  1.0388280e+003  5.1600000e+002
  1.0395400e+003  7.1200000e+002
  1.0401320e+003  5.9200000e+002
  1.0408120e+003  6.8000000e+002
  1.0415160e+003  7.0400000e+002
  1.0423520e+003  8.3600000e+002
  1.0430040e+003  6.5200000e+002
  1.0436120e+003  6.0800000e+002
  1.0442520e+003  6.4000000e+002
  1.0448920e+003  6.4000000e+002
  1.0454720e+003  5.8000000e+002
  1.0459480e+003  4.7600000e+002
  1.0465720e+003  6.2400000e+002
  1.0474040e+003  8.3200000e+002
  1.0482560e+003  8.5200000e+002
  1.0490560e+003  8.0000000e+002
  1.0496960e+003  6.4000000e+002
  1.0503120e+003  6.1600000e+002
  1.0509560e+003  6.4400000e+002
  1.0515720e+003  6.1600000e+002
  1.0521000e+003  5.2800000e+002
  1.0525320e+003  4.3200000e+002
  1.0529120e+003  3.8000000e+002
  1.0535560e+003  6.4400000e+002
  1.0539680e+003  4.1200000e+002
  1.0543480e+003  3.8000000e+002
  1.0546920e+003  3.4400000e+002
  1.0554680e+003  7.7600000e+002
  1.0563920e+003  9.2400000e+002
  1.0569800e+003  5.8800000e+002
  1.0574920e+003  5.1200000e+002
  1.0581400e+003  6.4800000e+002
  1.0586520e+003  5.1200000e+002
  1.0593360e+003  6.8400000e+002
  1.0602080e+003  8.7200000e+002
  1.0610280e+003  8.2000000e+002
  1.0615480e+003  5.2000000e+002
  1.0622360e+003  6.8800000e+002
  1.0629680e+003  7.3200000e+002
  1.0636760e+003  7.0800000e+002
  1.0642480e+003  5.7200000e+002
  1.0649400e+003  6.9200000e+002
  1.0653880e+003  4.4800000e+002
  1.0658360e+003  4.4800000e+002
  1.0665400e+003  7.0400000e+002
  1.0671920e+003  6.5200000e+002
  1.0676600e+003  4.6800000e+002
  1.0682640e+003  6.0400000e+002
  1.0690560e+003  7.9200000e+002
  1.0697920e+003  7.3600000e+002
  1.0704360e+003  6.4400000e+002
  1.0710240e+003  5.8800000e+002
  1.0717160e+003  6.9200000e+002
  1.0723640e+003  6.4800000e+002
  1.0730080e+003  6.4400000e+002
  1.0736440e+003  6.3600000e+002
  1.0742960e+003  6.5200000e+002
  1.0749680e+003  6.7200000e+002
  1.0754360e+003  4.6800000e+002
  1.0763000e+003  8.6400000e+002
  1.0771120e+003  8.1200000e+002
  1.0776440e+003  5.3200000e+002
  1.0783160e+003  6.7200000e+002
  1.0788840e+003  5.6800000e+002
  1.0793640e+003  4.8000000e+002
  1.0799520e+003  5.8800000e+002
  1.0804520e+003  5.0000000e+002
  1.0809720e+003  5.2000000e+002
  1.0813160e+003  3.4400000e+002
  1.0817800e+003  4.6400000e+002
  1.0824920e+003  7.1200000e+002
  1.0829360e+003  4.4400000e+002
  1.0834280e+003  4.9200000e+002
  1.0848720e+003  1.4440000e+003
  1.0855800e+003  7.0800000e+002
  1.0861720e+003  5.9200000e+002
  1.0869520e+003  7.8000000e+002
  1.0874840e+003  5.3200000e+002
  1.0882000e+003  7.1600000e+002
  1.0889240e+003  7.2400000e+002
  1.0894400e+003  5.1600000e+002
  1.0898640e+003  4.2400000e+002
  1.0904080e+003  5.4400000e+002
  1.0911280e+003  7.2000000e+002
  1.0915200e+003  3.9200000e+002
  1.0919520e+003  4.3200000e+002
  1.0928200e+003  8.6800000e+002
  1.0933680e+003  5.4800000e+002
  1.0939080e+003  5.4000000e+002
  1.0943120e+003  4.0400000e+002
  1.0950840e+003  7.7200000e+002
  1.0957520e+003  6.6800000e+002
  1.0963400e+003  5.8800000e+002
  1.0971400e+003  8.0000000e+002
  1.0978240e+003  6.8400000e+002
  1.0983440e+003  5.2000000e+002
  1.0989080e+003  5.6400000e+002
  1.0993800e+003  4.7200000e+002
  1.0998080e+003  4.2800000e+002
  1.1003640e+003  5.5600000e+002
  1.1008880e+003  5.2400000e+002
  1.1015280e+003  6.4000000e+002
  1.1021280e+003  6.0000000e+002
  1.1028880e+003  7.6000000e+002
  1.1034320e+003  5.4400000e+002
  1.1042520e+003  8.2000000e+002
  1.1049760e+003  7.2400000e+002
  1.1056720e+003  6.9600000e+002
  1.1061080e+003  4.3600000e+002
  1.1067280e+003  6.2000000e+002
  1.1074280e+003  7.0000000e+002
  1.1082080e+003  7.8000000e+002
  1.1086200e+003  4.1200000e+002
  1.1090360e+003  4.1600000e+002
  1.1095960e+003  5.6000000e+002
  1.1103800e+003  7.8400000e+002
  1.1110840e+003  7.0400000e+002
  1.1116120e+003  5.2800000e+002
  1.1121160e+003  5.0400000e+002
  1.1126520e+003  5.3600000e+002
  1.1132720e+003  6.2000000e+002
  1.1140520e+003  7.8000000e+002
  1.1147400e+003  6.8800000e+002
  1.1151840e+003  4.4400000e+002
  1.1156320e+003  4.4800000e+002
  1.1163080e+003  6.7600000e+002
  1.1169720e+003  6.6400000e+002
  1.1174480e+003  4.7600000e+002
  1.1178600e+003  4.1200000e+002
  1.1186320e+003  7.7200000e+002
  1.1191920e+003  5.6000000e+002
  1.1199520e+003  7.6000000e+002
  1.1205960e+003  6.4400000e+002
  1.1213160e+003  7.2000000e+002
  1.1217880e+003  4.7200000e+002
  1.1224160e+003  6.2800000e+002
  1.1230760e+003  6.6000000e+002
  1.1239600e+003  8.8400000e+002
  1.1246400e+003  6.8000000e+002
  1.1250760e+003  4.3600000e+002
  1.1256920e+003  6.1600000e+002
  1.1263120e+003  6.2000000e+002
  1.1269920e+003  6.8000000e+002
  1.1275480e+003  5.5600000e+002
  1.1282600e+003  7.1200000e+002
  1.1287920e+003  5.3200000e+002
  1.1294360e+003  6.4400000e+002
  1.1298480e+003  4.1200000e+002
  1.1304720e+003  6.2400000e+002
  1.1310240e+003  5.5200000e+002
  1.1317120e+003  6.8800000e+002
  1.1324640e+003  7.5200000e+002
  1.1331720e+003  7.0800000e+002
  1.1341080e+003  9.3600000e+002
  1.1347360e+003  6.2800000e+002
  1.1351920e+003  4.5600000e+002
  1.1358600e+003  6.6800000e+002
  1.1362800e+003  4.2000000e+002
  1.1366440e+003  3.6400000e+002
  1.1370680e+003  4.2400000e+002
  1.1374600e+003  3.9200000e+002
  1.1379120e+003  4.5200000e+002
  1.1387000e+003  7.8800000e+002
  1.1393640e+003  6.6400000e+002
  1.1399920e+003  6.2800000e+002
  1.1404820e+003  4.9000000e+002
  1.1409720e+003  4.9000000e+002
  1.1413920e+003  4.2000000e+002
  1.1420120e+003  6.2000000e+002
  1.1427320e+003  7.2000000e+002
  1.1434120e+003  6.8000000e+002
  1.1438600e+003  4.4800000e+002
  1.1444680e+003  6.0800000e+002
  1.1450000e+003  5.3200000e+002
  1.1456200e+003  6.2000000e+002
  1.1463200e+003  7.0000000e+002
  1.1468240e+003  5.0400000e+002
  1.1474320e+003  6.0800000e+002
  1.1480800e+003  6.4800000e+002
  1.1486880e+003  6.0800000e+002
  1.1494560e+003  7.6800000e+002
  1.1501000e+003  6.4400000e+002
  1.1506360e+003  5.3600000e+002
  1.1512400e+003  6.0400000e+002
  1.1516640e+003  4.2400000e+002
  1.1522960e+003  6.3200000e+002
  1.1531520e+003  8.5600000e+002
  1.1535880e+003  4.3600000e+002
  1.1545820e+003  9.9400000e+002
  1.1555760e+003  9.9400000e+002
  1.1562400e+003  6.6400000e+002
  1.1568600e+003  6.2000000e+002
  1.1572720e+003  4.1200000e+002
  1.1576560e+003  3.8400000e+002
  1.1582600e+003  6.0400000e+002
  1.1587960e+003  5.3600000e+002
  1.1593760e+003  5.8000000e+002
  1.1601160e+003  7.4000000e+002
  1.1608120e+003  6.9600000e+002
  1.1612320e+003  4.2000000e+002
  1.1618920e+003  6.6000000e+002
  1.1625360e+003  6.4400000e+002
  1.1633960e+003  8.6000000e+002
  1.1641160e+003  7.2000000e+002
  1.1648120e+003  6.9600000e+002
  1.1652360e+003  4.2400000e+002
  1.1659080e+003  6.7200000e+002
  1.1665000e+003  5.9200000e+002
  1.1672320e+003  7.3200000e+002
  1.1678840e+003  6.5200000e+002
  1.1685440e+003  6.6000000e+002
  1.1692480e+003  7.0400000e+002
  1.1699680e+003  7.2000000e+002
  1.1704200e+003  4.5200000e+002
  1.1711080e+003  6.8800000e+002
  1.1716520e+003  5.4400000e+002
  1.1720760e+003  4.2400000e+002
  1.1724960e+003  4.2000000e+002
  1.1730640e+003  5.6800000e+002
  1.1737200e+003  6.5600000e+002
  1.1743880e+003  6.6800000e+002
  1.1751120e+003  7.2400000e+002
  1.1757880e+003  6.7600000e+002
  1.1763360e+003  5.4800000e+002
  1.1770960e+003  7.6000000e+002
  1.1775240e+003  4.2800000e+002
  1.1779880e+003  4.6400000e+002
  1.1784480e+003  4.6000000e+002
  1.1790920e+003  6.4400000e+002
  1.1796960e+003  6.0400000e+002
  1.1803760e+003  6.8000000e+002
  1.1810080e+003  6.3200000e+002
  1.1816960e+003  6.8800000e+002
  1.1823640e+003  6.6800000e+002
  1.1829040e+003  5.4000000e+002
  1.1837160e+003  8.1200000e+002
  1.1843120e+003  5.9600000e+002
  1.1849040e+003  5.9200000e+002
  1.1854960e+003  5.9200000e+002
  1.1861600e+003  6.6400000e+002
  1.1868840e+003  7.2400000e+002
  1.1876360e+003  7.5200000e+002
  1.1883680e+003  7.3200000e+002
  1.1892360e+003  8.6800000e+002
  1.1899600e+003  7.2400000e+002
  1.1906120e+003  6.5200000e+002
  1.1912600e+003  6.4800000e+002
  1.1917480e+003  4.8800000e+002
  1.1923040e+003  5.5600000e+002
  1.1929600e+003  6.5600000e+002
  1.1938000e+003  8.4000000e+002
  1.1942200e+003  4.2000000e+002
  1.1949600e+003  7.4000000e+002
  1.1955240e+003  5.6400000e+002
  1.1959120e+003  3.8800000e+002
  1.1965240e+003  6.1200000e+002
  1.1970200e+003  4.9600000e+002
  1.1974640e+003  4.4400000e+002
  1.1979640e+003  5.0000000e+002
  1.1984160e+003  4.5200000e+002
  1.1989840e+003  5.6800000e+002
  1.1996040e+003  6.2000000e+002
  1.2002360e+003  6.3200000e+002
  1.2007640e+003  5.2800000e+002
  1.2012840e+003  5.2000000e+002
  1.2017320e+003  4.4800000e+002
  1.2023040e+003  5.7200000e+002
  1.2028920e+003  5.8800000e+002
  1.2035480e+003  6.5600000e+002
  1.2042320e+003  6.8400000e+002
  1.2050640e+003  8.3200000e+002
  1.2057360e+003  6.7200000e+002
  1.2063840e+003  6.4800000e+002
  1.2071040e+003  7.2000000e+002
  1.2076360e+003  5.3200000e+002
  1.2081720e+003  5.3600000e+002
  1.2086240e+003  4.5200000e+002
  1.2092600e+003  6.3600000e+002
  1.2097920e+003  5.3200000e+002
  1.2102360e+003  4.4400000e+002
  1.2107240e+003  4.8800000e+002
  1.2111240e+003  4.0000000e+002
  1.2117400e+003  6.1600000e+002
  1.2126120e+003  8.7200000e+002
  1.2131160e+003  5.0400000e+002
  1.2138440e+003  7.2800000e+002
  1.2145840e+003  7.4000000e+002
  1.2152320e+003  6.4800000e+002
  1.2159720e+003  7.4000000e+002
  1.2164160e+003  4.4400000e+002
  1.2168640e+003  4.4800000e+002
  1.2175320e+003  6.6800000e+002
  1.2180040e+003  4.7200000e+002
  1.2184480e+003  4.4400000e+002
  1.2192480e+003  8.0000000e+002
  1.2197600e+003  5.1200000e+002
  1.2205040e+003  7.4400000e+002
  1.2212440e+003  7.4000000e+002
  1.2219960e+003  7.5200000e+002
  1.2225840e+003  5.8800000e+002
  1.2232120e+003  6.2800000e+002
  1.2238960e+003  6.8400000e+002
  1.2247520e+003  8.5600000e+002
  1.2252240e+003  4.7200000e+002
  1.2259720e+003  7.4800000e+002
  1.2268240e+003  8.5200000e+002
  1.2275400e+003  7.1600000e+002
  1.2281360e+003  5.9600000e+002
  1.2287600e+003  6.2400000e+002
  1.2292000e+003  4.4000000e+002
  1.2299640e+003  7.6400000e+002
  1.2307040e+003  7.4000000e+002
  1.2313800e+003  6.7600000e+002
  1.2320480e+003  6.6800000e+002
  1.2327840e+003  7.3600000e+002
  1.2334800e+003  6.9600000e+002
  1.2341280e+003  6.4800000e+002
  1.2347120e+003  5.8400000e+002
  1.2353560e+003  6.4400000e+002
  1.2357840e+003  4.2800000e+002
  1.2364400e+003  6.5600000e+002
  1.2372240e+003  7.8400000e+002
  1.2379360e+003  7.1200000e+002
  1.2384680e+003  5.3200000e+002
  1.2389360e+003  4.6800000e+002
  1.2394400e+003  5.0400000e+002
  1.2401760e+003  7.3600000e+002
  1.2407040e+003  5.2800000e+002
  1.2413440e+003  6.4000000e+002
  1.2420160e+003  6.7200000e+002
  1.2427240e+003  7.0800000e+002
  1.2433320e+003  6.0800000e+002
  1.2440760e+003  7.4400000e+002
  1.2445640e+003  4.8800000e+002
  1.2451400e+003  5.7600000e+002
  1.2456440e+003  5.0400000e+002
  1.2460960e+003  4.5200000e+002
  1.2467960e+003  7.0000000e+002
  1.2475360e+003  7.4000000e+002
  1.2479640e+003  4.2800000e+002
  1.2483400e+003  3.7600000e+002
  1.2490480e+003  7.0800000e+002
  1.2496960e+003  6.4800000e+002
  1.2503640e+003  6.6800000e+002
  1.2512760e+003  9.1200000e+002
  1.2519920e+003  7.1600000e+002
  1.2525560e+003  5.6400000e+002
  1.2532680e+003  7.1200000e+002
  1.2538840e+003  6.1600000e+002
  1.2546120e+003  7.2800000e+002
  1.2551840e+003  5.7200000e+002
  1.2557600e+003  5.7600000e+002
  1.2564360e+003  6.7600000e+002
  1.2572560e+003  8.2000000e+002
  1.2579880e+003  7.3200000e+002
  1.2584280e+003  4.4000000e+002
  1.2590520e+003  6.2400000e+002
  1.2596880e+003  6.3600000e+002
  1.2603640e+003  6.7600000e+002
  1.2610440e+003  6.8000000e+002
  1.2616400e+003  5.9600000e+002
  1.2624720e+003  8.3200000e+002
  1.2630000e+003  5.2800000e+002
  1.2636400e+003  6.4000000e+002
  1.2641920e+003  5.5200000e+002
  1.2647120e+003  5.2000000e+002
  1.2655160e+003  8.0400000e+002
  1.2661040e+003  5.8800000e+002
  1.2667480e+003  6.4400000e+002
  1.2673240e+003  5.7600000e+002
  1.2680680e+003  7.4400000e+002
  1.2685880e+003  5.2000000e+002
  1.2690880e+003  5.0000000e+002
  1.2697360e+003  6.4800000e+002
  1.2703480e+003  6.1200000e+002
  1.2710640e+003  7.1600000e+002
  1.2715040e+003  4.4000000e+002
  1.2722000e+003  6.9600000e+002
  1.2727320e+003  5.3200000e+002
  1.2733200e+003  5.8800000e+002
  1.2741760e+003  8.5600000e+002
  1.2746720e+003  4.9600000e+002
  1.2752160e+003  5.4400000e+002
  1.2761080e+003  8.9200000e+002
  1.2767840e+003  6.7600000e+002
  1.2773000e+003  5.1600000e+002
  1.2777840e+003  4.8400000e+002
  1.2783080e+003  5.2400000e+002
  1.2790160e+003  7.0800000e+002
  1.2797480e+003  7.3200000e+002
  1.2802960e+003  5.4800000e+002
  1.2810280e+003  7.3200000e+002
  1.2816840e+003  6.5600000e+002
  1.2823440e+003  6.6000000e+002
  1.2829680e+003  6.2400000e+002
  1.2836640e+003  6.9600000e+002
  1.2843560e+003  6.9200000e+002
  1.2849800e+003  6.2400000e+002
  1.2856320e+003  6.5200000e+002
  1.2862320e+003  6.0000000e+002
  1.2866880e+003  4.5600000e+002
  1.2872520e+003  5.6400000e+002
  1.2877120e+003  4.6000000e+002
  1.2883400e+003  6.2800000e+002
  1.2891000e+003  7.6000000e+002
  1.2896800e+003  5.8000000e+002
  1.2903240e+003  6.4400000e+002
  1.2910000e+003  6.7600000e+002
  1.2914440e+003  4.4400000e+002
  1.2920640e+003  6.2000000e+002
  1.2927200e+003  6.5600000e+002
  1.2935000e+003  7.8000000e+002
  1.2942640e+003  7.6400000e+002
  1.2948720e+003  6.0800000e+002
  1.2952960e+003  4.2400000e+002
  1.2959720e+003  6.7600000e+002
  1.2967080e+003  7.3600000e+002
  1.2972640e+003  5.5600000e+002
  1.2978320e+003  5.6800000e+002
  1.2984800e+003  6.4800000e+002
  1.2992080e+003  7.2800000e+002
  1.2998640e+003  6.5600000e+002
  1.3005280e+003  6.6400000e+002
  1.3012520e+003  7.2400000e+002
  1.3020080e+003  7.5600000e+002
  1.3026560e+003  6.4800000e+002
  1.3032720e+003  6.1600000e+002
  1.3056480e+003  2.3760000e+003
  1.3061520e+003  5.0400000e+002
  1.3065880e+003  4.3600000e+002
  1.3071840e+003  5.9600000e+002
  1.3078320e+003  6.4800000e+002
  1.3083760e+003  5.4400000e+002
  1.3089880e+003  6.1200000e+002
  1.3094280e+003  4.4000000e+002
  1.3099960e+003  5.6800000e+002
  1.3106600e+003  6.6400000e+002
  1.3113120e+003  6.5200000e+002
  1.3119680e+003  6.5600000e+002
  1.3124040e+003  4.3600000e+002
  1.3128120e+003  4.0800000e+002
  1.3134240e+003  6.1200000e+002
  1.3140880e+003  6.6400000e+002
  1.3145680e+003  4.8000000e+002
  1.3152520e+003  6.8400000e+002
  1.3156760e+003  4.2400000e+002
  1.3163360e+003  6.6000000e+002
  1.3169800e+003  6.4400000e+002
  1.3176720e+003  6.9200000e+002
  1.3182200e+003  5.4800000e+002
  1.3187040e+003  4.8400000e+002
  1.3191680e+003  4.6400000e+002
  1.3198040e+003  6.3600000e+002
  1.3204520e+003  6.4800000e+002
  1.3209240e+003  4.7200000e+002
  1.3214040e+003  4.8000000e+002
  1.3220800e+003  6.7600000e+002
  1.3227320e+003  6.5200000e+002
  1.3246960e+003  1.9640000e+003
  1.3252120e+003  5.1600000e+002
  1.3260280e+003  8.1600000e+002
  1.3267520e+003  7.2400000e+002
  1.3273520e+003  6.0000000e+002
  1.3282440e+003  8.9200000e+002
  1.3288960e+003  6.5200000e+002
  1.3295120e+003  6.1600000e+002
  1.3299200e+003  4.0800000e+002
  1.3303520e+003  4.3200000e+002
  1.3309560e+003  6.0400000e+002
  1.3315560e+003  6.0000000e+002
  1.3322200e+003  6.6400000e+002
  1.3328200e+003  6.0000000e+002
  1.3332760e+003  4.5600000e+002
  1.3337360e+003  4.6000000e+002
  1.3343080e+003  5.7200000e+002
  1.3347480e+003  4.4000000e+002
  1.3351240e+003  3.7600000e+002
  1.3355880e+003  4.6400000e+002
  1.3362560e+003  6.6800000e+002
  1.3369360e+003  6.8000000e+002
  1.3376680e+003  7.3200000e+002
  1.3383120e+003  6.4400000e+002
  1.3389560e+003  6.4400000e+002
  1.3394160e+003  4.6000000e+002
  1.3400760e+003  6.6000000e+002
  1.3406920e+003  6.1600000e+002
  1.3413720e+003  6.8000000e+002
  1.3420880e+003  7.1600000e+002
  1.3425920e+003  5.0400000e+002
  1.3431920e+003  6.0000000e+002
  1.3438120e+003  6.2000000e+002
  1.3445400e+003  7.2800000e+002
  1.3451280e+003  5.8800000e+002
  1.3457960e+003  6.6800000e+002
  1.3464560e+003  6.6000000e+002
  1.3468880e+003  4.3200000e+002
  1.3475080e+003  6.2000000e+002
  1.3479480e+003  4.4000000e+002
  1.3485560e+003  6.0800000e+002
  1.3492200e+003  6.6400000e+002
  1.3498000e+003  5.8000000e+002
  1.3503880e+003  5.8800000e+002
  1.3509080e+003  5.2000000e+002
  1.3513360e+003  4.2800000e+002
  1.3519960e+003  6.6000000e+002
  1.3526160e+003  6.2000000e+002
  1.3530480e+003  4.3200000e+002
  1.3534520e+003  4.0400000e+002
  1.3538720e+003  4.2000000e+002
  1.3545600e+003  6.8800000e+002
  1.3552040e+003  6.4400000e+002
  1.3558360e+003  6.3200000e+002
  1.3565400e+003  7.0400000e+002
  1.3570720e+003  5.3200000e+002
  1.3577320e+003  6.6000000e+002
  1.3581760e+003  4.4400000e+002
  1.3586160e+003  4.4000000e+002
  1.3593200e+003  7.0400000e+002
  1.3600440e+003  7.2400000e+002
  1.3607720e+003  7.2800000e+002
  1.3612640e+003  4.9200000e+002
  1.3616720e+003  4.0800000e+002
  1.3621960e+003  5.2400000e+002
  1.3628080e+003  6.1200000e+002
  1.3634680e+003  6.6000000e+002
  1.3641560e+003  6.8800000e+002
  1.3648720e+003  7.1600000e+002
  1.3655960e+003  7.2400000e+002
  1.3661760e+003  5.8000000e+002
  1.3666360e+003  4.6000000e+002
  1.3674280e+003  7.9200000e+002
  1.3681440e+003  7.1600000e+002
  1.3686000e+003  4.5600000e+002
  1.3692920e+003  6.9200000e+002
  1.3699360e+003  6.4400000e+002
  1.3705760e+003  6.4000000e+002
  1.3712880e+003  7.1200000e+002
  1.3717120e+003  4.2400000e+002
  1.3723160e+003  6.0400000e+002
  1.3728000e+003  4.8400000e+002
  1.3734240e+003  6.2400000e+002
  1.3740800e+003  6.5600000e+002
  1.3745360e+003  4.5600000e+002
  1.3763720e+003  1.8360000e+003
  1.3768760e+003  5.0400000e+002
  1.3776600e+003  7.8400000e+002
  1.3784320e+003  7.7200000e+002
  1.3789360e+003  5.0400000e+002
  1.3796080e+003  6.7200000e+002
  1.3802720e+003  6.6400000e+002
  1.3809920e+003  7.2000000e+002
  1.3815080e+003  5.1600000e+002
  1.3821280e+003  6.2000000e+002
  1.3827720e+003  6.4400000e+002
  1.3835160e+003  7.4400000e+002
  1.3839720e+003  4.5600000e+002
  1.3846760e+003  7.0400000e+002
  1.3850360e+003  3.6000000e+002
  1.3856720e+003  6.3600000e+002
  1.3862400e+003  5.6800000e+002
  1.3870080e+003  7.6800000e+002
  1.3874440e+003  4.3600000e+002
  1.3879520e+003  5.0800000e+002
  1.3884360e+003  4.8400000e+002
  1.3888760e+003  4.4000000e+002
  1.3895660e+003  6.9000000e+002
  1.3902560e+003  6.9000000e+002
  1.3908200e+003  5.6400000e+002
  1.3915560e+003  7.3600000e+002
  1.3921360e+003  5.8000000e+002
  1.3927400e+003  6.0400000e+002
  1.3935760e+003  8.3600000e+002
  1.3941960e+003  6.2000000e+002
  1.3948240e+003  6.2800000e+002
  1.3955920e+003  7.6800000e+002
  1.3960120e+003  4.2000000e+002
  1.3964480e+003  4.3600000e+002
  1.3968480e+003  4.0000000e+002
  1.3973120e+003  4.6400000e+002
  1.3976560e+003  3.4400000e+002
  1.3982800e+003  6.2400000e+002
  1.3986760e+003  3.9600000e+002
  1.3993680e+003  6.9200000e+002
  1.4001160e+003  7.4800000e+002
  1.4007920e+003  6.7600000e+002
  1.4011680e+003  3.7600000e+002
  1.4020320e+003  8.6400000e+002
  1.4027160e+003  6.8400000e+002
  1.4030960e+003  3.8000000e+002
  1.4041040e+003  1.0080000e+003
  1.4044960e+003  3.9200000e+002
  1.4051840e+003  6.8800000e+002
  1.4056240e+003  4.4000000e+002
  1.4062200e+003  5.9600000e+002
  1.4065840e+003  3.6400000e+002
  1.4069400e+003  3.5600000e+002
  1.4075440e+003  6.0400000e+002
  1.4080240e+003  4.8000000e+002
  1.4083760e+003  3.5200000e+002
  1.4086880e+003  3.1200000e+002
  1.4091080e+003  4.2000000e+002
  1.4095960e+003  4.8800000e+002
  1.4103720e+003  7.7600000e+002
  1.4111480e+003  7.7600000e+002
  1.4117440e+003  5.9600000e+002
  1.4124440e+003  7.0000000e+002
  1.4128760e+003  4.3200000e+002
  1.4133120e+003  4.3600000e+002
  1.4137480e+003  4.3600000e+002
  1.4159440e+003  2.1960000e+003
  1.4165840e+003  6.4000000e+002
  1.4171040e+003  5.2000000e+002
  1.4175360e+003  4.3200000e+002
  1.4181360e+003  6.0000000e+002
  1.4185120e+003  3.7600000e+002
  1.4193600e+003  8.4800000e+002
  1.4200760e+003  7.1600000e+002
  1.4207120e+003  6.3600000e+002
  1.4211440e+003  4.3200000e+002
  1.4229640e+003  1.8200000e+003
  1.4233640e+003  4.0000000e+002
  1.4237600e+003  3.9600000e+002
  1.4242000e+003  4.4000000e+002
  1.4246760e+003  4.7600000e+002
  1.4252120e+003  5.3600000e+002
  1.4255600e+003  3.4800000e+002
  1.4268800e+003  1.3200000e+003
  1.4272800e+003  4.0000000e+002
  1.4278840e+003  6.0400000e+002
  1.4282880e+003  4.0400000e+002
  1.4287160e+003  4.2800000e+002
  1.4291840e+003  4.6800000e+002
  1.4295680e+003  3.8400000e+002
  1.4302440e+003  6.7600000e+002
  1.4309240e+003  6.8000000e+002
  1.4314880e+003  5.6400000e+002
  1.4322160e+003  7.2800000e+002
  1.4327920e+003  5.7600000e+002
  1.4331280e+003  3.3600000e+002
  1.4356640e+003  2.5360000e+003
  1.4360680e+003  4.0400000e+002
  1.4374240e+003  1.3560000e+003
  1.4382280e+003  8.0400000e+002
  1.4389080e+003  6.8000000e+002
  1.4393320e+003  4.2400000e+002
  1.4399600e+003  6.2800000e+002
  1.4405760e+003  6.1600000e+002
  1.4413040e+003  7.2800000e+002
  1.4420680e+003  7.6400000e+002
  1.4424000e+003  3.3200000e+002
  1.4429800e+003  5.8000000e+002
  1.4436680e+003  6.8800000e+002
  1.4443720e+003  7.0400000e+002
  1.4449200e+003  5.4800000e+002
  1.4455580e+003  6.3800000e+002
  1.4461960e+003  6.3800000e+002
  1.4466120e+003  4.1600000e+002
  1.4470320e+003  4.2000000e+002
  1.4476760e+003  6.4400000e+002
  1.4482760e+003  6.0000000e+002
  1.4489680e+003  6.9200000e+002
  1.4493600e+003  3.9200000e+002
  1.4499600e+003  6.0000000e+002
  1.4507040e+003  7.4400000e+002
  1.4511680e+003  4.6400000e+002
  1.4517960e+003  6.2800000e+002
  1.4523320e+003  5.3600000e+002
  1.4527080e+003  3.7600000e+002
  1.4532720e+003  5.6400000e+002
  1.4536240e+003  3.5200000e+002
  1.4544080e+003  7.8400000e+002
  1.4547680e+003  3.6000000e+002
  1.4555880e+003  8.2000000e+002
  1.4562360e+003  6.4800000e+002
  1.4569920e+003  7.5600000e+002
  1.4575920e+003  6.0000000e+002
  1.4581320e+003  5.4000000e+002
  1.4584640e+003  3.3200000e+002
  1.4588960e+003  4.3200000e+002
  1.4594160e+003  5.2000000e+002
  1.4601280e+003  7.1200000e+002
  1.4605600e+003  4.3200000e+002
  1.4614320e+003  8.7200000e+002
  1.4621360e+003  7.0400000e+002
  1.4626720e+003  5.3600000e+002
  1.4631760e+003  5.0400000e+002
  1.4636040e+003  4.2800000e+002
  1.4643680e+003  7.6400000e+002
  1.4648440e+003  4.7600000e+002
  1.4652680e+003  4.2400000e+002
  1.4657120e+003  4.4400000e+002
  1.4672400e+003  1.5280000e+003
  1.4679280e+003  6.8800000e+002
  1.4683880e+003  4.6000000e+002
  1.4688280e+003  4.4000000e+002
  1.4707760e+003  1.9480000e+003
  1.4714000e+003  6.2400000e+002
  1.4719960e+003  5.9600000e+002
  1.4726520e+003  6.5600000e+002
  1.4734240e+003  7.7200000e+002
  1.4740080e+003  5.8400000e+002
  1.4744280e+003  4.2000000e+002
  1.4751360e+003  7.0800000e+002
  1.4756840e+003  5.4800000e+002
  1.4764320e+003  7.4800000e+002
  1.4769160e+003  4.8400000e+002
  1.4791960e+003  2.2800000e+003
  1.4796360e+003  4.4000000e+002
  1.4802780e+003  6.4200000e+002
  1.4809200e+003  6.4200000e+002
  1.4816200e+003  7.0000000e+002
  1.4822520e+003  6.3200000e+002
  1.4828440e+003  5.9200000e+002
  1.4834480e+003  6.0400000e+002
  1.4840840e+003  6.3600000e+002
  1.4844480e+003  3.6400000e+002
  1.4848480e+003  4.0000000e+002
  1.4852560e+003  4.0800000e+002
  1.4857000e+003  4.4400000e+002
  1.4862320e+003  5.3200000e+002
  1.4867160e+003  4.8400000e+002
  1.4870560e+003  3.4000000e+002
  1.4876880e+003  6.3200000e+002
  1.4880080e+003  3.2000000e+002
  1.4887840e+003  7.7600000e+002
  1.4892120e+003  4.2800000e+002
  1.4899400e+003  7.2800000e+002
  1.4905240e+003  5.8400000e+002
  1.4909200e+003  3.9600000e+002
  1.4912760e+003  3.5600000e+002
  1.4918160e+003  5.4000000e+002
  1.4922600e+003  4.4400000e+002
  1.4927040e+003  4.4400000e+002
  1.4931240e+003  4.2000000e+002
  1.4937440e+003  6.2000000e+002
  1.4941320e+003  3.8800000e+002
  1.4944640e+003  3.3200000e+002
  1.4949000e+003  4.3600000e+002
  1.4954480e+003  5.4800000e+002
  1.4960400e+003  5.9200000e+002
  1.4966680e+003  6.2800000e+002
  1.4974000e+003  7.3200000e+002
  1.4978620e+003  4.6200000e+002
  1.4983240e+003  4.6200000e+002
  1.4989720e+003  6.4800000e+002
  1.4996920e+003  7.2000000e+002
  1.5003080e+003  6.1600000e+002
  1.5007200e+003  4.1200000e+002
  1.5012960e+003  5.7600000e+002
  1.5024400e+003  1.1440000e+003
  1.5030200e+003  5.8000000e+002
  1.5034960e+003  4.7600000e+002
  1.5040360e+003  5.4000000e+002
  1.5047320e+003  6.9600000e+002
  1.5052680e+003  5.3600000e+002
  1.5066040e+003  1.3360000e+003
  1.5072480e+003  6.4400000e+002
  1.5079240e+003  6.7600000e+002
  1.5086480e+003  7.2400000e+002
  1.5092800e+003  6.3200000e+002
  1.5097400e+003  4.6000000e+002
  1.5103720e+003  6.3200000e+002
  1.5110640e+003  6.9200000e+002
  1.5117600e+003  6.9600000e+002
  1.5122880e+003  5.2800000e+002
  1.5127640e+003  4.7600000e+002
  1.5131720e+003  4.0800000e+002
  1.5136120e+003  4.4000000e+002
  1.5140760e+003  4.6400000e+002
  1.5145060e+003  4.3000000e+002
  1.5149360e+003  4.3000000e+002
  1.5154360e+003  5.0000000e+002
  1.5161040e+003  6.6800000e+002
  1.5168920e+003  7.8800000e+002
  1.5174760e+003  5.8400000e+002
  1.5179920e+003  5.1600000e+002
  1.5185120e+003  5.2000000e+002
  1.5190080e+003  4.9600000e+002
  1.5194000e+003  3.9200000e+002
  1.5201200e+003  7.2000000e+002
  1.5207880e+003  6.6800000e+002
  1.5211520e+003  3.6400000e+002
  1.5219760e+003  8.2400000e+002
  1.5224440e+003  4.6800000e+002
  1.5230440e+003  6.0000000e+002
  1.5234760e+003  4.3200000e+002
  1.5241040e+003  6.2800000e+002
  1.5248000e+003  6.9600000e+002
  1.5256480e+003  8.4800000e+002
  1.5262000e+003  5.5200000e+002
  1.5268120e+003  6.1200000e+002
  1.5274320e+003  6.2000000e+002
  1.5279320e+003  5.0000000e+002
  1.5285520e+003  6.2000000e+002
  1.5295240e+003  9.7200000e+002
  1.5298680e+003  3.4400000e+002
  1.5302320e+003  3.6400000e+002
  1.5307520e+003  5.2000000e+002
  1.5311360e+003  3.8400000e+002
  1.5315560e+003  4.2000000e+002
  1.5320320e+003  4.7600000e+002
  1.5327320e+003  7.0000000e+002
  1.5331800e+003  4.4800000e+002
  1.5337680e+003  5.8800000e+002
  1.5343920e+003  6.2400000e+002
  1.5351040e+003  7.1200000e+002
  1.5358720e+003  7.6800000e+002
  1.5365600e+003  6.8800000e+002
  1.5389400e+003  2.3800000e+003
  1.5392840e+003  3.4400000e+002
  1.5398800e+003  5.9600000e+002
  1.5403240e+003  4.4400000e+002
  1.5407080e+003  3.8400000e+002
  1.5416840e+003  9.7600000e+002
  1.5425480e+003  8.6400000e+002
  1.5431400e+003  5.9200000e+002
  1.5436800e+003  5.4000000e+002
  1.5441040e+003  4.2400000e+002
  1.5447560e+003  6.5200000e+002
  1.5454320e+003  6.7600000e+002
  1.5459720e+003  5.4000000e+002
  1.5464280e+003  4.5600000e+002
  1.5470520e+003  6.2400000e+002
  1.5477600e+003  7.0800000e+002
  1.5482680e+003  5.0800000e+002
  1.5488520e+003  5.8400000e+002
  1.5493040e+003  4.5200000e+002
  1.5497960e+003  4.9200000e+002
  1.5501040e+003  3.0800000e+002
  1.5505680e+003  4.6400000e+002
  1.5511320e+003  5.6400000e+002
  1.5518280e+003  6.9600000e+002
  1.5525320e+003  7.0400000e+002
  1.5532000e+003  6.6800000e+002
  1.5538680e+003  6.6800000e+002
  1.5544120e+003  5.4400000e+002
  1.5549480e+003  5.3600000e+002
  1.5554000e+003  4.5200000e+002
  1.5559920e+003  5.9200000e+002
  1.5565360e+003  5.4400000e+002
  1.5571760e+003  6.4000000e+002
  1.5576560e+003  4.8000000e+002
  1.5580480e+003  3.9200000e+002
  1.5584080e+003  3.6000000e+002
  1.5588920e+003  4.8400000e+002
  1.5595720e+003  6.8000000e+002
  1.5601680e+003  5.9600000e+002
  1.5606800e+003  5.1200000e+002
  1.5610480e+003  3.6800000e+002
  1.5613800e+003  3.3200000e+002
  1.5617360e+003  3.5600000e+002
  1.5623520e+003  6.1600000e+002
  1.5627360e+003  3.8400000e+002
  1.5632220e+003  4.8600000e+002
  1.5637080e+003  4.8600000e+002
  1.5641960e+003  4.8800000e+002
  1.5647120e+003  5.1600000e+002
  1.5653480e+003  6.3600000e+002
  1.5657520e+003  4.0400000e+002
  1.5661320e+003  3.8000000e+002
  1.5665680e+003  4.3600000e+002
  1.5671760e+003  6.0800000e+002
  1.5676120e+003  4.3600000e+002
  1.5681320e+003  5.2000000e+002
  1.5688440e+003  7.1200000e+002
  1.5695720e+003  7.2800000e+002
  1.5699520e+003  3.8000000e+002
  1.5703440e+003  3.9200000e+002
  1.5709480e+003  6.0400000e+002
  1.5713520e+003  4.0400000e+002
  1.5722000e+003  8.4800000e+002
  1.5728600e+003  6.6000000e+002
  1.5731960e+003  3.3600000e+002
  1.5742120e+003  1.0160000e+003
  1.5750040e+003  7.9200000e+002
  1.5755880e+003  5.8400000e+002
  1.5763800e+003  7.9200000e+002
  1.5768640e+003  4.8400000e+002
  1.5774520e+003  5.8800000e+002
  1.5799600e+003  2.5080000e+003
  1.5802400e+003  2.8000000e+002
  1.5808680e+003  6.2800000e+002
  1.5812240e+003  3.5600000e+002
  1.5815760e+003  3.5200000e+002
  1.5822040e+003  6.2800000e+002
  1.5828960e+003  6.9200000e+002
  1.5834320e+003  5.3600000e+002
  1.5842960e+003  8.6400000e+002
  1.5846320e+003  3.3600000e+002
  1.5849840e+003  3.5200000e+002
  1.5855040e+003  5.2000000e+002
  1.5859760e+003  4.7200000e+002
  1.5863960e+003  4.2000000e+002
  1.5869160e+003  5.2000000e+002
  1.5875160e+003  6.0000000e+002
  1.5881160e+003  6.0000000e+002
  1.5888080e+003  6.9200000e+002
  1.5894960e+003  6.8800000e+002
  1.5902160e+003  7.2000000e+002
  1.5905800e+003  3.6400000e+002
  1.5913160e+003  7.3600000e+002
  1.5916840e+003  3.6800000e+002
  1.5922240e+003  5.4000000e+002
  1.5928760e+003  6.5200000e+002
  1.5937160e+003  8.4000000e+002
  1.5942880e+003  5.7200000e+002
  1.5947760e+003  4.8800000e+002
  1.5954200e+003  6.4400000e+002
  1.5959960e+003  5.7600000e+002
  1.5964120e+003  4.1600000e+002
  1.5972080e+003  7.9600000e+002
  1.5980600e+003  8.5200000e+002
  1.5986960e+003  6.3600000e+002
  1.5991080e+003  4.1200000e+002
  1.5996920e+003  5.8400000e+002
  1.6016960e+003  2.0040000e+003
  1.6021440e+003  4.4800000e+002
  1.6026560e+003  5.1200000e+002
  1.6032920e+003  6.3600000e+002
  1.6038440e+003  5.5200000e+002
  1.6044080e+003  5.6400000e+002
  1.6050480e+003  6.4000000e+002
  1.6056280e+003  5.8000000e+002
  1.6062960e+003  6.6800000e+002
  1.6069480e+003  6.5200000e+002
  1.6074320e+003  4.8400000e+002
  1.6078480e+003  4.1600000e+002
  1.6084400e+003  5.9200000e+002
  1.6088960e+003  4.5600000e+002
  1.6093240e+003  4.2800000e+002
  1.6096000e+003  2.7600000e+002
  1.6101920e+003  5.9200000e+002
  1.6107800e+003  5.8800000e+002
  1.6112320e+003  4.5200000e+002
  1.6115800e+003  3.4800000e+002
  1.6120240e+003  4.4400000e+002
  1.6125800e+003  5.5600000e+002
  1.6132040e+003  6.2400000e+002
  1.6142120e+003  1.0080000e+003
  1.6146880e+003  4.7600000e+002
  1.6150640e+003  3.7600000e+002
  1.6156000e+003  5.3600000e+002
  1.6160000e+003  4.0000000e+002
  1.6163480e+003  3.4800000e+002
  1.6167680e+003  4.2000000e+002
  1.6173320e+003  5.6400000e+002
  1.6177360e+003  4.0400000e+002
  1.6183200e+003  5.8400000e+002
  1.6188600e+003  5.4000000e+002
  1.6195360e+003  6.7600000e+002
  1.6201560e+003  6.2000000e+002
  1.6207200e+003  5.6400000e+002
  1.6211440e+003  4.2400000e+002
  1.6218000e+003  6.5600000e+002
  1.6225640e+003  7.6400000e+002
  1.6231760e+003  6.1200000e+002
  1.6239200e+003  7.4400000e+002
  1.6245760e+003  6.5600000e+002
  1.6252000e+003  6.2400000e+002
  1.6258560e+003  6.5600000e+002
  1.6265080e+003  6.5200000e+002
  1.6269200e+003  4.1200000e+002
  1.6275600e+003  6.4000000e+002
  1.6280140e+003  4.5400000e+002
  1.6284680e+003  4.5400000e+002
  1.6290760e+003  6.0800000e+002
  1.6295920e+003  5.1600000e+002
  1.6299480e+003  3.5600000e+002
  1.6304680e+003  5.2000000e+002
  1.6308680e+003  4.0000000e+002
  1.6313400e+003  4.7200000e+002
  1.6318240e+003  4.8400000e+002
  1.6322760e+003  4.5200000e+002
  1.6327760e+003  5.0000000e+002
  1.6332580e+003  4.8200000e+002
  1.6337400e+003  4.8200000e+002
  1.6341120e+003  3.7200000e+002
  1.6344920e+003  3.8000000e+002
  1.6351200e+003  6.2800000e+002
  1.6355920e+003  4.7200000e+002
  1.6362200e+003  6.2800000e+002
  1.6369280e+003  7.0800000e+002
  1.6373920e+003  4.6400000e+002
  1.6380280e+003  6.3600000e+002
  1.6386680e+003  6.4000000e+002
  1.6390760e+003  4.0800000e+002
  1.6394720e+003  3.9600000e+002
  1.6401200e+003  6.4800000e+002
  1.6404720e+003  3.5200000e+002
  1.6409880e+003  5.1600000e+002
  1.6415160e+003  5.2800000e+002
  1.6419480e+003  4.3200000e+002
  1.6424960e+003  5.4800000e+002
  1.6429520e+003  4.5600000e+002
  1.6432880e+003  3.3600000e+002
  1.6436440e+003  3.5600000e+002
  1.6441000e+003  4.5600000e+002
  1.6456240e+003  1.5240000e+003
  1.6463960e+003  7.7200000e+002
  1.6470040e+003  6.0800000e+002
  1.6476240e+003  6.2000000e+002
  1.6483360e+003  7.1200000e+002
  1.6490520e+003  7.1600000e+002
  1.6498000e+003  7.4800000e+002
  1.6503400e+003  5.4000000e+002
  1.6508440e+003  5.0400000e+002
  1.6513120e+003  4.6800000e+002
  1.6517400e+003  4.2800000e+002
  1.6525280e+003  7.8800000e+002
  1.6529840e+003  4.5600000e+002
  1.6535800e+003  5.9600000e+002
  1.6539720e+003  3.9200000e+002
  1.6546960e+003  7.2400000e+002
  1.6553760e+003  6.8000000e+002
  1.6559440e+003  5.6800000e+002
  1.6565680e+003  6.2400000e+002
  1.6571840e+003  6.1600000e+002
  1.6579560e+003  7.7200000e+002
  1.6585720e+003  6.1600000e+002
  1.6591280e+003  5.5600000e+002
  1.6598960e+003  7.6800000e+002
  1.6603640e+003  4.6800000e+002
  1.6607120e+003  3.4800000e+002
  1.6612400e+003  5.2800000e+002
  1.6619440e+003  7.0400000e+002
  1.6626720e+003  7.2800000e+002
  1.6631480e+003  4.7600000e+002
  1.6637560e+003  6.0800000e+002
  1.6643880e+003  6.3200000e+002
  1.6650840e+003  6.9600000e+002
  1.6657520e+003  6.6800000e+002
  1.6670360e+003  1.2840000e+003
  1.6677120e+003  6.7600000e+002
  1.6687160e+003  1.0040000e+003
  1.6692360e+003  5.2000000e+002
  1.6698880e+003  6.5200000e+002
  1.6704680e+003  5.8000000e+002
  1.6708600e+003  3.9200000e+002
  1.6715040e+003  6.4400000e+002
  1.6720920e+003  5.8800000e+002
  1.6725760e+003  4.8400000e+002
  1.6729920e+003  4.1600000e+002
  1.6734840e+003  4.9200000e+002
  1.6739360e+003  4.5200000e+002
  1.6742880e+003  3.5200000e+002
  1.6746560e+003  3.6800000e+002
  1.6750160e+003  3.6000000e+002
  1.6756600e+003  6.4400000e+002
  1.6763320e+003  6.7200000e+002
  1.6771000e+003  7.6800000e+002
  1.6776600e+003  5.6000000e+002
  1.6782080e+003  5.4800000e+002
  1.6789200e+003  7.1200000e+002
  1.6793720e+003  4.5200000e+002
  1.6796840e+003  3.1200000e+002
  1.6803360e+003  6.5200000e+002
  1.6821360e+003  1.8000000e+003
  1.6828480e+003  7.1200000e+002
  1.6832760e+003  4.2800000e+002
  1.6836560e+003  3.8000000e+002
  1.6843480e+003  6.9200000e+002
  1.6848240e+003  4.7600000e+002
  1.6855120e+003  6.8800000e+002
  1.6859560e+003  4.4400000e+002
  1.6866480e+003  6.9200000e+002
  1.6873520e+003  7.0400000e+002
  1.6878360e+003  4.8400000e+002
  1.6883080e+003  4.7200000e+002
  1.6889120e+003  6.0400000e+002
  1.6894640e+003  5.5200000e+002
  1.6899680e+003  5.0400000e+002
  1.6905520e+003  5.8400000e+002
  1.6913120e+003  7.6000000e+002
  1.6917480e+003  4.3600000e+002
  1.6920880e+003  3.4000000e+002
  1.6924880e+003  4.0000000e+002
  1.6930480e+003  5.6000000e+002
  1.6936960e+003  6.4800000e+002
  1.6942080e+003  5.1200000e+002
  1.6949320e+003  7.2400000e+002
  1.6955560e+003  6.2400000e+002
  1.6961440e+003  5.8800000e+002
  1.6966960e+003  5.5200000e+002
  1.6971520e+003  4.5600000e+002
  1.6978040e+003  6.5200000e+002
  1.6982000e+003  3.9600000e+002
  1.6986280e+003  4.2800000e+002
  1.6992400e+003  6.1200000e+002
  1.6998720e+003  6.3200000e+002
  1.7006640e+003  7.9200000e+002
  1.7013080e+003  6.4400000e+002
  1.7019040e+003  5.9600000e+002
  1.7023400e+003  4.3600000e+002
  1.7027200e+003  3.8000000e+002
  1.7034160e+003  6.9600000e+002
  1.7037640e+003  3.4800000e+002
  1.7044960e+003  7.3200000e+002
  1.7051560e+003  6.6000000e+002
  1.7055960e+003  4.4000000e+002
  1.7060800e+003  4.8400000e+002
  1.7065080e+003  4.2800000e+002
  1.7071720e+003  6.6400000e+002
  1.7076920e+003  5.2000000e+002
  1.7084600e+003  7.6800000e+002
  1.7090200e+003  5.6000000e+002
  1.7097400e+003  7.2000000e+002
  1.7102680e+003  5.2800000e+002
  1.7107040e+003  4.3600000e+002
  1.7113080e+003  6.0400000e+002
  1.7118640e+003  5.5600000e+002
  1.7125760e+003  7.1200000e+002
  1.7132040e+003  6.2800000e+002
  1.7138280e+003  6.2400000e+002
  1.7145240e+003  6.9600000e+002
  1.7153040e+003  7.8000000e+002
  1.7157680e+003  4.6400000e+002
  1.7163360e+003  5.6800000e+002
  1.7170880e+003  7.5200000e+002
  1.7177800e+003  6.9200000e+002
  1.7185240e+003  7.4400000e+002
  1.7191200e+003  5.9600000e+002
  1.7195240e+003  4.0400000e+002
  1.7199360e+003  4.1200000e+002
  1.7203680e+003  4.3200000e+002
  1.7208240e+003  4.5600000e+002
  1.7215000e+003  6.7600000e+002
  1.7221200e+003  6.2000000e+002
  1.7230080e+003  8.8800000e+002
  1.7237360e+003  7.2800000e+002
  1.7244280e+003  6.9200000e+002
  1.7250280e+003  6.0000000e+002
  1.7256840e+003  6.5600000e+002
  1.7262880e+003  6.0400000e+002
  1.7268240e+003  5.3600000e+002
  1.7272840e+003  4.6000000e+002
  1.7280240e+003  7.4000000e+002
  1.7287640e+003  7.4000000e+002
  1.7293360e+003  5.7200000e+002
  1.7299320e+003  5.9600000e+002
  1.7306040e+003  6.7200000e+002
  1.7311280e+003  5.2400000e+002
  1.7316840e+003  5.5600000e+002
  1.7323280e+003  6.4400000e+002
  1.7330080e+003  6.8000000e+002
  1.7334040e+003  3.9600000e+002
  1.7340520e+003  6.4800000e+002
  1.7348960e+003  8.4400000e+002
  1.7354560e+003  5.6000000e+002
  1.7359920e+003  5.3600000e+002
  1.7367400e+003  7.4800000e+002
  1.7373680e+003  6.2800000e+002
  1.7379760e+003  6.0800000e+002
  1.7387040e+003  7.2800000e+002
  1.7392280e+003  5.2400000e+002
  1.7396760e+003  4.4800000e+002
  1.7405080e+003  8.3200000e+002
  1.7412040e+003  6.9600000e+002
  1.7418160e+003  6.1200000e+002
  1.7423120e+003  4.9600000e+002
  1.7430000e+003  6.8800000e+002
  1.7437080e+003  7.0800000e+002
  1.7443800e+003  6.7200000e+002
  1.7450440e+003  6.6400000e+002
  1.7455640e+003  5.2000000e+002
  1.7463280e+003  7.6400000e+002
  1.7469080e+003  5.8000000e+002
  1.7475400e+003  6.3200000e+002
  1.7481440e+003  6.0400000e+002
  1.7487000e+003  5.5600000e+002
  1.7494080e+003  7.0800000e+002
  1.7500400e+003  6.3200000e+002
  1.7506840e+003  6.4400000e+002
  1.7513320e+003  6.4800000e+002
  1.7517560e+003  4.2400000e+002
  1.7523560e+003  6.0000000e+002
  1.7530400e+003  6.8400000e+002
  1.7537600e+003  7.2000000e+002
  1.7543640e+003  6.0400000e+002
  1.7552120e+003  8.4800000e+002
  1.7557880e+003  5.7600000e+002
  1.7562720e+003  4.8400000e+002
  1.7567120e+003  4.4000000e+002
  1.7571240e+003  4.1200000e+002
  1.7577800e+003  6.5600000e+002
  1.7582960e+003  5.1600000e+002
  1.7588480e+003  5.5200000e+002
  1.7594680e+003  6.2000000e+002
  1.7601240e+003  6.5600000e+002
  1.7607720e+003  6.4800000e+002
  1.7613480e+003  5.7600000e+002
  1.7619680e+003  6.2000000e+002
  1.7625320e+003  5.6400000e+002
  1.7632160e+003  6.8400000e+002
  1.7637120e+003  4.9600000e+002
  1.7640800e+003  3.6800000e+002
  1.7645560e+003  4.7600000e+002
  1.7652520e+003  6.9600000e+002
  1.7659160e+003  6.6400000e+002
  1.7665240e+003  6.0800000e+002
  1.7671360e+003  6.1200000e+002
  1.7677640e+003  6.2800000e+002
  1.7682840e+003  5.2000000e+002
  1.7689920e+003  7.0800000e+002
  1.7697440e+003  7.5200000e+002
  1.7700840e+003  3.4000000e+002
  1.7710080e+003  9.2400000e+002
  1.7714360e+003  4.2800000e+002
  1.7719800e+003  5.4400000e+002
  1.7727280e+003  7.4800000e+002
  1.7734120e+003  6.8400000e+002
  1.7742560e+003  8.4400000e+002
  1.7748200e+003  5.6400000e+002
  1.7754800e+003  6.6000000e+002
  1.7760680e+003  5.8800000e+002
  1.7789920e+003  2.9240000e+003
  1.7793720e+003  3.8000000e+002
  1.7798040e+003  4.3200000e+002
  1.7802440e+003  4.4000000e+002
  1.7807600e+003  5.1600000e+002
  1.7812400e+003  4.8000000e+002
  1.7819400e+003  7.0000000e+002
  1.7826680e+003  7.2800000e+002
  1.7831760e+003  5.0800000e+002
  1.7837040e+003  5.2800000e+002
  1.7841960e+003  4.9200000e+002
  1.7846360e+003  4.4000000e+002
  1.7852720e+003  6.3600000e+002
  1.7859600e+003  6.8800000e+002
  1.7869000e+003  9.4000000e+002
  1.7875240e+003  6.2400000e+002
  1.7881320e+003  6.0800000e+002
  1.7887480e+003  6.1600000e+002
  1.7894600e+003  7.1200000e+002
  1.7902680e+003  8.0800000e+002
  1.7909160e+003  6.4800000e+002
  1.7914200e+003  5.0400000e+002
  1.7919560e+003  5.3600000e+002
  1.7925920e+003  6.3600000e+002
  1.7930240e+003  4.3200000e+002
  1.7934520e+003  4.2800000e+002
  1.7941400e+003  6.8800000e+002
  1.7944840e+003  3.4400000e+002
  1.7955480e+003  1.0640000e+003
  1.7961640e+003  6.1600000e+002
  1.7969600e+003  7.9600000e+002
  1.7976280e+003  6.6800000e+002
  1.7982560e+003  6.2800000e+002
