1.412	580.00
1.988	576.00
2.572	584.00
3.152	580.00
3.736	584.00
4.320	584.00
4.896	576.00
5.480	584.00
6.060	580.00
6.640	580.00
7.224	584.00
7.804	580.00
8.380	576.00
8.964	584.00
9.544	580.00
10.128	584.00
10.708	580.00
11.284	576.00
11.864	580.00
12.440	576.00
13.028	588.00
13.604	576.00
14.184	580.00
14.760	576.00
15.336	576.00
15.920	584.00
16.500	580.00
17.080	580.00
17.656	576.00
18.244	588.00
18.820	576.00
19.396	576.00
19.976	580.00
20.552	576.00
21.136	584.00
21.712	576.00
22.284	572.00
22.860	576.00
23.432	572.00
24.008	576.00
24.576	568.00
25.148	572.00
25.720	572.00
26.296	576.00
26.872	576.00
27.444	572.00
28.016	572.00
28.596	580.00
29.176	580.00
29.744	568.00
30.320	576.00
30.896	576.00
31.472	576.00
32.048	576.00
32.624	576.00
33.196	572.00
33.768	572.00
34.348	580.00
34.920	572.00
35.496	576.00
36.072	576.00
36.648	576.00
37.228	580.00
37.800	572.00
38.372	572.00
38.944	572.00
39.520	576.00
40.096	576.00
40.668	572.00
41.244	576.00
41.828	584.00
42.316	488.00
42.992	676.00
43.576	584.00
44.160	584.00
44.744	584.00
45.216	472.00
45.644	428.00
46.344	700.00
46.944	600.00
47.544	600.00
48.144	600.00
48.716	572.00
49.288	572.00
49.864	576.00
50.440	576.00
51.028	588.00
51.612	584.00
52.228	616.00
52.816	588.00
53.408	592.00
53.996	588.00
54.588	592.00
55.176	588.00
55.760	584.00
56.352	592.00
56.940	588.00
57.532	592.00
58.104	572.00
58.704	600.00
59.292	588.00
59.884	592.00
60.476	592.00
61.068	592.00
61.664	596.00
62.252	588.00
62.844	592.00
63.440	596.00
64.032	592.00
64.620	588.00
65.208	588.00
65.800	592.00
66.392	592.00
66.984	592.00
67.572	588.00
68.164	592.00
68.752	588.00
69.344	592.00
69.940	596.00
70.528	588.00
71.112	584.00
71.708	596.00
72.296	588.00
72.896	600.00
73.488	592.00
74.076	588.00
74.664	588.00
75.256	592.00
75.844	588.00
76.444	600.00
77.032	588.00
77.620	588.00
78.208	588.00
78.796	588.00
79.380	584.00
79.972	592.00
80.560	588.00
81.144	584.00
81.740	596.00
82.324	584.00
82.920	596.00
83.504	584.00
84.088	584.00
84.676	588.00
85.264	588.00
85.852	588.00
86.440	588.00
87.028	588.00
87.612	584.00
88.196	584.00
88.784	588.00
89.380	596.00
89.960	580.00
90.548	588.00
91.136	588.00
91.724	588.00
92.308	584.00
92.680	372.00
93.484	804.00
94.072	588.00
94.656	584.00
95.236	580.00
95.820	584.00
96.328	508.00
96.988	660.00
97.572	584.00
98.152	580.00
98.740	588.00
99.320	580.00
99.908	588.00
100.492	584.00
101.048	556.00
101.672	624.00
102.260	588.00
102.860	600.00
103.452	592.00
104.036	584.00
104.624	588.00
105.212	588.00
105.800	588.00
106.392	592.00
106.980	588.00
107.568	588.00
108.160	592.00
108.748	588.00
109.336	588.00
109.932	596.00
110.516	584.00
111.104	588.00
111.696	592.00
112.292	596.00
112.880	588.00
113.468	588.00
114.056	588.00
114.644	588.00
115.228	584.00
115.812	584.00
116.392	580.00
116.976	584.00
117.564	588.00
118.140	576.00
118.728	588.00
119.308	580.00
119.888	580.00
120.472	584.00
121.052	580.00
121.640	588.00
122.224	584.00
122.808	584.00
123.368	560.00
123.988	620.00
124.572	584.00
125.168	596.00
125.756	588.00
126.344	588.00
126.932	588.00
127.520	588.00
128.112	592.00
128.696	584.00
129.280	584.00
129.860	580.00
130.444	584.00
131.028	584.00
131.608	580.00
132.188	580.00
132.768	580.00
133.348	580.00
133.932	584.00
134.512	580.00
135.088	576.00
135.664	576.00
136.248	584.00
136.824	576.00
137.396	572.00
137.968	572.00
138.540	572.00
139.116	576.00
139.692	576.00
140.264	572.00
140.836	572.00
141.412	576.00
141.992	580.00
142.564	572.00
143.144	580.00
143.728	584.00
144.300	572.00
144.880	580.00
145.456	576.00
146.036	580.00
146.620	584.00
147.200	580.00
147.784	584.00
148.364	580.00
148.948	584.00
149.532	584.00
150.116	584.00
150.696	580.00
151.280	584.00
151.856	576.00
152.448	592.00
153.024	576.00
153.600	576.00
154.180	580.00
154.760	580.00
155.344	584.00
155.924	580.00
156.504	580.00
157.080	576.00
157.660	580.00
158.104	444.00
158.796	692.00
159.388	592.00
159.984	596.00
160.572	588.00
161.004	432.00
161.708	704.00
162.304	596.00
162.896	592.00
163.488	592.00
164.076	588.00
164.552	476.00
165.244	692.00
165.832	588.00
166.412	580.00
166.940	528.00
167.584	644.00
168.172	588.00
168.752	580.00
169.336	584.00
169.920	584.00
170.504	584.00
171.080	576.00
171.668	588.00
172.248	580.00
172.832	584.00
173.408	576.00
173.992	584.00
174.572	580.00
175.152	580.00
175.528	376.00
176.140	612.00
176.840	700.00
177.432	592.00
177.884	452.00
178.556	672.00
179.156	600.00
179.732	576.00
180.184	452.00
180.876	692.00
181.468	592.00
182.052	584.00
182.628	576.00
183.212	584.00
183.792	580.00
184.300	508.00
184.892	592.00
185.524	632.00
186.104	580.00
186.676	572.00
187.248	572.00
187.824	576.00
188.400	576.00
188.976	576.00
189.552	576.00
190.128	576.00
190.704	576.00
191.280	576.00
191.864	584.00
192.444	580.00
193.024	580.00
193.600	576.00
194.184	584.00
194.772	588.00
195.348	576.00
195.928	580.00
196.316	388.00
197.008	692.00
197.620	612.00
198.216	596.00
198.808	592.00
199.192	384.00
199.872	680.00
200.364	492.00
201.024	660.00
201.620	596.00
202.104	484.00
202.792	688.00
203.396	604.00
203.852	456.00
204.560	708.00
205.152	592.00
205.740	588.00
206.204	464.00
206.896	692.00
207.492	596.00
208.084	592.00
208.680	596.00
209.268	588.00
209.864	596.00
210.452	588.00
211.044	592.00
211.636	592.00
212.224	588.00
212.820	596.00
213.408	588.00
214.000	592.00
214.588	588.00
215.132	544.00
215.780	648.00
216.380	600.00
216.976	596.00
217.568	592.00
218.168	600.00
218.768	600.00
219.368	600.00
219.964	596.00
220.560	596.00
221.156	596.00
221.756	600.00
222.132	376.00
222.556	424.00
223.296	740.00
223.908	612.00
224.516	608.00
225.116	600.00
225.728	612.00
226.336	608.00
226.832	496.00
227.516	684.00
228.116	600.00
228.512	396.00
228.984	472.00
229.652	668.00
230.064	412.00
230.728	664.00
231.332	604.00
231.872	540.00
232.544	672.00
233.144	600.00
233.716	572.00
234.316	600.00
234.916	600.00
235.528	612.00
235.952	424.00
236.656	704.00
237.256	600.00
237.852	596.00
238.444	592.00
239.040	596.00
239.636	596.00
240.232	596.00
240.820	588.00
241.412	592.00
242.012	600.00
242.600	588.00
243.200	600.00
243.788	588.00
244.384	596.00
244.980	596.00
245.576	596.00
246.176	600.00
246.776	600.00
247.376	600.00
247.968	592.00
248.556	588.00
249.152	596.00
249.752	600.00
250.352	600.00
250.944	592.00
251.540	596.00
252.132	592.00
252.732	600.00
253.332	600.00
253.932	600.00
254.528	596.00
255.120	592.00
255.712	592.00
256.308	596.00
256.908	600.00
257.508	600.00
258.096	588.00
258.696	600.00
259.296	600.00
259.896	600.00
260.488	592.00
261.084	596.00
261.676	592.00
262.264	588.00
262.864	600.00
263.452	588.00
264.052	600.00
264.644	592.00
265.232	588.00
265.828	596.00
266.416	588.00
267.016	600.00
267.604	588.00
268.196	592.00
268.784	588.00
269.380	596.00
269.972	592.00
270.556	584.00
271.152	596.00
271.740	588.00
272.332	592.00
272.920	588.00
273.516	596.00
274.108	592.00
274.696	588.00
275.284	588.00
275.876	592.00
276.464	588.00
277.060	596.00
277.644	584.00
278.232	588.00
278.820	588.00
279.400	580.00
279.988	588.00
280.576	588.00
280.952	376.00
281.616	664.00
282.216	600.00
282.816	600.00
283.388	572.00
283.960	572.00
284.544	584.00
285.132	588.00
285.720	588.00
286.320	600.00
286.948	628.00
287.548	600.00
288.144	596.00
288.736	592.00
289.336	600.00
289.936	600.00
290.536	600.00
291.116	580.00
291.708	592.00
292.300	592.00
292.900	600.00
293.488	588.00
294.076	588.00
294.668	592.00
295.252	584.00
295.848	596.00
296.440	592.00
297.028	588.00
297.620	592.00
298.208	588.00
298.800	592.00
299.392	592.00
299.984	592.00
300.580	596.00
301.168	588.00
301.756	588.00
302.348	592.00
302.940	592.00
303.528	588.00
304.116	588.00
304.704	588.00
305.292	588.00
305.884	592.00
306.472	588.00
307.060	588.00
307.648	588.00
308.236	588.00
308.824	588.00
309.412	588.00
310.000	588.00
310.588	588.00
311.172	584.00
311.760	588.00
312.348	588.00
312.936	588.00
313.520	584.00
314.104	584.00
314.692	588.00
315.280	588.00
315.868	588.00
316.452	584.00
317.040	588.00
317.628	588.00
318.212	584.00
318.804	592.00
319.384	580.00
319.968	584.00
320.560	592.00
321.144	584.00
321.736	592.00
322.320	584.00
322.908	588.00
323.492	584.00
324.080	588.00
324.668	588.00
325.256	588.00
325.840	584.00
326.424	584.00
327.012	588.00
327.596	584.00
328.184	588.00
328.772	588.00
329.352	580.00
329.936	584.00
330.524	588.00
331.108	584.00
331.696	588.00
332.280	584.00
332.864	584.00
333.452	588.00
334.040	588.00
334.628	588.00
335.220	592.00
335.804	584.00
336.388	584.00
336.976	588.00
337.564	588.00
338.152	588.00
338.744	592.00
339.328	584.00
339.920	592.00
340.504	584.00
341.096	592.00
341.692	596.00
342.280	588.00
342.868	588.00
343.452	584.00
344.044	592.00
344.632	588.00
345.220	588.00
345.812	592.00
346.404	592.00
346.996	592.00
347.588	592.00
348.184	596.00
348.772	588.00
349.368	596.00
349.960	592.00
350.556	596.00
351.144	588.00
351.736	592.00
352.332	596.00
352.920	588.00
353.520	600.00
354.112	592.00
354.700	588.00
355.296	596.00
355.884	588.00
356.484	600.00
357.072	588.00
357.660	588.00
358.248	588.00
358.836	588.00
359.424	588.00
360.008	584.00
360.592	584.00
361.176	584.00
361.760	584.00
362.348	588.00
362.920	572.00
363.500	580.00
364.076	576.00
364.648	572.00
365.228	580.00
365.804	576.00
366.380	576.00
366.956	576.00
367.540	584.00
368.108	568.00
368.684	576.00
369.256	572.00
369.836	580.00
370.416	580.00
370.984	568.00
371.580	596.00
372.152	572.00
372.732	580.00
373.308	576.00
373.892	584.00
374.472	580.00
375.056	584.00
375.636	580.00
376.220	584.00
376.800	580.00
377.384	584.00
377.972	588.00
378.548	576.00
379.136	588.00
379.716	580.00
380.304	588.00
380.888	584.00
381.476	588.00
382.060	584.00
382.648	588.00
383.236	588.00
383.824	588.00
384.404	580.00
384.988	584.00
385.576	588.00
386.160	584.00
386.744	584.00
387.340	596.00
387.916	576.00
388.500	584.00
389.080	580.00
389.668	588.00
390.252	584.00
390.832	580.00
391.408	576.00
391.992	584.00
392.568	576.00
393.148	580.00
393.720	572.00
394.296	576.00
394.872	576.00
395.456	584.00
396.028	572.00
396.596	568.00
397.172	576.00
397.636	464.00
398.296	660.00
398.876	580.00
399.456	580.00
400.028	572.00
400.600	572.00
401.176	576.00
401.752	576.00
402.324	572.00
402.900	576.00
403.464	564.00
404.052	588.00
404.628	576.00
405.204	576.00
405.776	572.00
406.352	576.00
406.932	580.00
407.504	572.00
408.080	576.00
408.656	576.00
409.216	560.00
409.816	600.00
410.400	584.00
410.972	572.00
411.556	584.00
412.132	576.00
412.708	576.00
413.284	576.00
413.860	576.00
414.432	572.00
415.012	580.00
415.584	572.00
416.160	576.00
416.720	560.00
417.320	600.00
417.892	572.00
418.468	576.00
419.044	576.00
419.620	576.00
420.200	580.00
420.776	576.00
421.352	576.00
421.924	572.00
422.500	576.00
422.916	416.00
423.612	696.00
424.200	588.00
424.784	584.00
425.364	580.00
425.940	576.00
426.512	572.00
427.088	576.00
427.656	568.00
428.228	572.00
428.604	376.00
429.288	684.00
429.880	592.00
430.464	584.00
431.040	576.00
431.616	576.00
432.192	576.00
432.768	576.00
433.332	564.00
433.908	576.00
434.480	572.00
435.060	580.00
435.632	572.00
436.204	572.00
436.780	576.00
437.356	576.00
437.932	576.00
438.508	576.00
439.084	576.00
439.664	580.00
440.240	576.00
440.824	584.00
441.400	576.00
441.980	580.00
442.560	580.00
443.144	584.00
443.736	592.00
444.312	576.00
444.892	580.00
445.472	580.00
446.052	580.00
446.636	584.00
447.220	584.00
447.800	580.00
448.376	576.00
448.960	584.00
449.544	584.00
450.128	584.00
450.708	580.00
451.292	584.00
451.876	584.00
452.464	588.00
453.044	580.00
453.628	584.00
454.212	584.00
454.792	580.00
455.388	596.00
455.884	496.00
456.552	668.00
457.136	584.00
457.720	584.00
458.304	584.00
458.892	588.00
459.488	596.00
460.068	580.00
460.632	564.00
461.240	608.00
461.828	588.00
462.420	592.00
463.008	588.00
463.592	584.00
464.180	588.00
464.776	596.00
465.352	576.00
465.940	588.00
466.524	584.00
467.108	584.00
467.688	580.00
468.276	588.00
468.856	580.00
469.444	588.00
470.028	584.00
470.608	580.00
471.188	580.00
471.776	588.00
472.364	588.00
472.948	584.00
473.528	580.00
474.104	576.00
474.688	584.00
475.268	580.00
475.848	580.00
476.424	576.00
477.004	580.00
477.580	576.00
478.152	572.00
478.740	588.00
479.316	576.00
479.888	572.00
480.468	580.00
481.044	576.00
481.632	588.00
482.208	576.00
482.784	576.00
483.364	580.00
483.944	580.00
484.532	588.00
484.920	388.00
485.540	620.00
486.064	524.00
486.652	588.00
487.100	448.00
487.800	700.00
488.388	588.00
488.960	572.00
489.524	564.00
490.088	564.00
490.652	564.00
491.220	568.00
491.816	596.00
492.432	616.00
492.888	456.00
493.584	696.00
494.184	600.00
494.776	592.00
495.360	584.00
495.776	416.00
496.228	452.00
496.880	652.00
497.488	608.00
498.088	600.00
498.688	600.00
499.288	600.00
499.876	588.00
500.472	596.00
501.056	584.00
501.648	592.00
502.240	592.00
502.828	588.00
503.420	592.00
504.008	588.00
504.596	588.00
505.180	584.00
505.768	588.00
506.356	588.00
506.940	584.00
507.528	588.00
508.112	584.00
508.700	588.00
509.288	588.00
509.880	592.00
510.464	584.00
511.048	584.00
511.460	412.00
512.156	696.00
512.760	604.00
513.364	604.00
513.952	588.00
514.380	428.00
515.064	684.00
515.664	600.00
516.272	608.00
516.868	596.00
517.460	592.00
518.052	592.00
518.524	472.00
519.224	700.00
519.824	600.00
520.420	596.00
521.008	588.00
521.600	592.00
522.200	600.00
522.788	588.00
523.380	592.00
523.972	592.00
524.560	588.00
525.156	596.00
525.744	588.00
526.332	588.00
526.924	592.00
527.512	588.00
528.108	596.00
528.704	596.00
529.288	584.00
529.876	588.00
530.460	584.00
531.056	596.00
531.644	588.00
532.228	584.00
532.816	588.00
533.404	588.00
533.996	592.00
534.584	588.00
535.180	596.00
535.764	584.00
536.356	592.00
536.940	584.00
537.528	588.00
538.116	588.00
538.708	592.00
539.292	584.00
539.880	588.00
540.464	584.00
541.052	588.00
541.640	588.00
542.228	588.00
542.816	588.00
543.408	592.00
544.000	592.00
544.592	592.00
545.188	596.00
545.776	588.00
546.364	588.00
546.952	588.00
547.540	588.00
548.120	580.00
548.704	584.00
549.288	584.00
549.864	576.00
550.448	584.00
551.024	576.00
551.600	576.00
552.176	576.00
552.752	576.00
553.336	584.00
553.908	572.00
554.488	580.00
555.060	572.00
555.640	580.00
556.216	576.00
556.792	576.00
557.372	580.00
557.948	576.00
558.528	580.00
559.116	588.00
559.700	584.00
560.280	580.00
560.864	584.00
561.440	576.00
562.028	588.00
562.604	576.00
563.188	584.00
563.764	576.00
564.340	576.00
564.928	588.00
565.508	580.00
566.088	580.00
566.664	576.00
567.248	584.00
567.832	584.00
568.412	580.00
568.988	576.00
569.572	584.00
570.152	580.00
570.576	424.00
571.092	516.00
571.560	468.00
572.000	440.00
572.696	696.00
573.288	592.00
573.880	592.00
574.472	592.00
575.056	584.00
575.644	588.00
576.220	576.00
576.796	576.00
577.368	572.00
577.944	576.00
578.520	576.00
579.092	572.00
579.668	576.00
580.088	420.00
580.760	672.00
581.360	600.00
581.948	588.00
582.508	560.00
582.980	472.00
583.364	384.00
584.048	684.00
584.540	492.00
585.236	696.00
585.828	592.00
586.420	592.00
587.008	588.00
587.596	588.00
588.176	580.00
588.756	580.00
589.336	580.00
589.920	584.00
590.500	580.00
591.084	584.00
591.672	588.00
592.252	580.00
592.832	580.00
593.420	588.00
594.008	588.00
594.588	580.00
595.172	584.00
595.752	580.00
596.336	584.00
596.920	584.00
597.396	476.00
597.800	404.00
598.488	688.00
599.088	600.00
599.692	604.00
600.272	580.00
600.844	572.00
601.412	568.00
601.984	572.00
602.556	572.00
602.996	440.00
603.476	480.00
604.140	664.00
604.740	600.00
605.340	600.00
605.912	572.00
606.480	568.00
607.056	576.00
607.640	584.00
608.220	580.00
608.836	616.00
609.412	576.00
609.776	364.00
610.452	676.00
611.052	600.00
611.648	596.00
612.236	588.00
612.688	452.00
613.364	676.00
613.964	600.00
614.548	584.00
615.132	584.00
615.712	580.00
616.296	584.00
616.888	592.00
617.468	580.00
618.048	580.00
618.624	576.00
619.212	588.00
619.800	588.00
620.384	584.00
620.964	580.00
621.548	584.00
622.132	584.00
622.716	584.00
623.296	580.00
623.880	584.00
624.464	584.00
625.048	584.00
625.476	428.00
626.180	704.00
626.784	604.00
627.372	588.00
627.968	596.00
628.556	588.00
629.144	588.00
629.732	588.00
630.316	584.00
630.896	580.00
631.404	508.00
632.072	668.00
632.672	600.00
633.072	400.00
633.756	684.00
634.356	600.00
634.768	412.00
635.296	528.00
635.972	676.00
636.584	612.00
637.156	572.00
637.724	568.00
638.208	484.00
638.868	660.00
639.448	580.00
639.836	388.00
640.520	684.00
641.124	604.00
641.704	580.00
642.312	608.00
642.928	616.00
643.528	600.00
644.120	592.00
644.716	596.00
645.304	588.00
645.892	588.00
646.480	588.00
647.068	588.00
647.660	592.00
648.244	584.00
648.836	592.00
649.424	588.00
650.012	588.00
650.608	596.00
651.032	424.00
651.528	496.00
652.180	652.00
652.780	600.00
653.392	612.00
653.844	452.00
654.548	704.00
655.152	604.00
655.752	600.00
656.348	596.00
656.776	428.00
657.472	696.00
657.908	436.00
658.628	720.00
659.228	600.00
659.824	596.00
660.420	596.00
661.004	584.00
661.588	584.00
662.172	584.00
662.756	584.00
663.344	588.00
663.924	580.00
664.508	584.00
665.084	576.00
665.668	584.00
666.252	584.00
666.844	592.00
667.420	576.00
668.004	584.00
668.580	576.00
669.160	580.00
669.744	584.00
670.320	576.00
670.892	572.00
671.464	572.00
672.044	580.00
672.620	576.00
673.192	572.00
673.768	576.00
674.344	576.00
674.920	576.00
675.492	572.00
676.068	576.00
676.632	564.00
677.208	576.00
677.776	568.00
678.348	572.00
678.912	564.00
679.484	572.00
680.056	572.00
680.632	576.00
681.204	572.00
681.772	568.00
682.344	572.00
682.920	576.00
683.484	564.00
684.056	572.00
684.620	564.00
685.196	576.00
685.760	564.00
686.324	564.00
686.892	568.00
687.460	568.00
688.032	572.00
688.596	564.00
689.072	476.00
689.736	664.00
690.196	460.00
690.884	688.00
691.388	504.00
691.824	436.00
692.508	684.00
693.092	584.00
693.620	528.00
694.280	660.00
694.864	584.00
695.444	580.00
696.024	580.00
696.608	584.00
697.192	584.00
697.768	576.00
698.348	580.00
698.932	584.00
699.516	584.00
700.092	576.00
700.676	584.00
701.256	580.00
701.840	584.00
702.428	588.00
703.004	576.00
703.580	576.00
704.164	584.00
704.752	588.00
705.248	496.00
705.916	668.00
706.500	584.00
707.084	584.00
707.672	588.00
708.252	580.00
708.836	584.00
709.420	584.00
709.888	468.00
710.340	452.00
711.048	708.00
711.652	604.00
712.252	600.00
712.852	600.00
713.448	596.00
714.048	600.00
714.644	596.00
715.236	592.00
715.824	588.00
716.416	592.00
717.000	584.00
717.596	596.00
718.180	584.00
718.760	580.00
719.344	584.00
719.928	584.00
720.508	580.00
721.092	584.00
721.672	580.00
722.248	576.00
722.828	580.00
723.292	464.00
723.836	544.00
724.496	660.00
724.900	404.00
725.584	684.00
726.180	596.00
726.784	604.00
727.376	592.00
727.760	384.00
728.432	672.00
729.032	600.00
729.632	600.00
730.220	588.00
730.628	408.00
731.308	680.00
731.908	600.00
732.492	584.00
733.068	576.00
733.492	424.00
733.996	504.00
734.648	652.00
735.244	596.00
735.828	584.00
736.236	408.00
736.920	684.00
737.400	480.00
738.104	704.00
738.692	588.00
739.280	588.00
739.868	588.00
740.272	404.00
740.968	696.00
741.556	588.00
742.156	600.00
742.760	604.00
743.352	592.00
743.940	588.00
744.340	400.00
745.060	720.00
745.592	532.00
746.300	708.00
746.912	612.00
747.520	608.00
748.124	604.00
748.740	616.00
749.336	596.00
749.776	440.00
750.508	732.00
751.136	628.00
751.756	620.00
752.376	620.00
752.836	460.00
753.556	720.00
754.016	460.00
754.752	736.00
755.416	664.00
756.036	620.00
756.656	620.00
757.272	616.00
757.884	612.00
758.396	512.00
759.112	716.00
759.604	492.00
760.340	736.00
760.976	636.00
761.596	620.00
762.200	604.00
762.812	612.00
763.424	612.00
764.036	612.00
764.452	416.00
765.176	724.00
765.828	652.00
766.452	624.00
767.068	616.00
767.668	600.00
768.272	604.00
768.872	600.00
769.476	604.00
770.068	592.00
770.616	548.00
771.264	648.00
771.872	608.00
772.472	600.00
773.060	588.00
773.652	592.00
774.248	596.00
774.844	596.00
775.428	584.00
776.020	592.00
776.608	588.00
777.196	588.00
777.784	588.00
778.368	584.00
778.944	576.00
779.516	572.00
780.080	564.00
780.632	552.00
781.188	556.00
781.744	556.00
782.292	548.00
782.836	544.00
783.384	548.00
783.788	404.00
784.376	588.00
784.948	572.00
785.508	560.00
786.060	552.00
786.612	552.00
787.152	540.00
787.688	536.00
788.228	540.00
788.764	536.00
789.300	536.00
789.832	532.00
790.368	536.00
790.900	532.00
791.292	392.00
791.932	640.00
792.384	452.00
792.984	600.00
793.532	548.00
793.984	452.00
794.620	636.00
795.160	540.00
795.696	536.00
796.236	540.00
796.772	536.00
797.308	536.00
797.840	532.00
798.380	540.00
798.916	536.00
799.452	536.00
799.992	540.00
800.464	472.00
801.080	616.00
801.628	548.00
802.168	540.00
802.716	548.00
803.208	492.00
803.808	600.00
804.296	488.00
804.896	600.00
805.304	408.00
805.872	568.00
806.436	564.00
806.988	552.00
807.540	552.00
808.088	548.00
808.636	548.00
809.184	548.00
809.736	552.00
810.252	516.00
810.828	576.00
811.376	548.00
811.880	504.00
812.480	600.00
813.032	552.00
813.588	556.00
814.140	552.00
814.692	552.00
815.252	560.00
815.692	440.00
816.096	404.00
816.772	676.00
817.344	572.00
817.920	576.00
818.484	564.00
819.044	560.00
819.608	564.00
820.168	560.00
820.732	564.00
821.296	564.00
821.852	556.00
822.408	556.00
822.968	560.00
823.348	380.00
823.816	468.00
824.212	396.00
824.792	580.00
825.368	576.00
825.940	572.00
826.416	476.00
827.076	660.00
827.652	576.00
828.224	572.00
828.648	424.00
829.336	688.00
829.912	576.00
830.484	572.00
831.052	568.00
831.616	564.00
832.180	564.00
832.744	564.00
833.312	568.00
833.880	568.00
834.440	560.00
835.004	564.00
835.564	560.00
836.128	564.00
836.688	560.00
837.244	556.00
837.804	560.00
838.364	560.00
838.928	564.00
839.484	556.00
840.044	560.00
840.600	556.00
841.156	556.00
841.720	564.00
842.280	560.00
842.840	560.00
843.392	552.00
843.952	560.00
844.516	564.00
845.076	560.00
845.640	564.00
846.196	556.00
846.756	560.00
847.316	560.00
847.880	564.00
848.440	560.00
848.996	556.00
849.556	560.00
850.128	572.00
850.692	564.00
851.260	568.00
851.832	572.00
852.404	572.00
852.984	580.00
853.552	568.00
854.128	576.00
854.692	564.00
855.264	572.00
855.832	568.00
856.392	560.00
856.960	568.00
857.524	564.00
857.996	472.00
858.632	636.00
859.204	572.00
859.764	560.00
860.248	484.00
860.732	484.00
861.284	552.00
861.932	648.00
862.508	576.00
863.076	568.00
863.640	564.00
864.204	564.00
864.764	560.00
865.320	556.00
865.884	564.00
866.444	560.00
867.004	560.00
867.556	552.00
868.116	560.00
868.668	552.00
869.228	560.00
869.788	560.00
870.348	560.00
870.904	556.00
871.464	560.00
872.020	556.00
872.580	560.00
873.136	556.00
873.696	560.00
874.256	560.00
874.816	560.00
875.380	564.00
875.936	556.00
876.496	560.00
877.056	560.00
877.620	564.00
878.188	568.00
878.748	560.00
879.312	564.00
879.876	564.00
880.444	568.00
881.008	564.00
881.580	572.00
882.144	564.00
882.708	564.00
883.276	568.00
883.844	568.00
884.416	572.00
884.980	564.00
885.548	568.00
886.112	564.00
886.680	568.00
887.252	572.00
887.824	572.00
888.392	568.00
888.956	564.00
889.528	572.00
890.092	564.00
890.668	576.00
891.240	572.00
891.808	568.00
892.372	564.00
892.944	572.00
893.516	572.00
894.080	564.00
894.652	572.00
895.216	564.00
895.788	572.00
896.160	372.00
896.840	680.00
897.428	588.00
898.004	576.00
898.580	576.00
899.152	572.00
899.716	564.00
900.288	572.00
900.852	564.00
901.416	564.00
901.988	572.00
902.552	564.00
903.116	564.00
903.680	564.00
904.240	560.00
904.804	564.00
905.368	564.00
905.928	560.00
906.484	556.00
907.064	580.00
907.624	560.00
908.200	576.00
908.756	556.00
909.320	564.00
909.888	568.00
910.452	564.00
911.016	564.00
911.580	564.00
912.140	560.00
912.704	564.00
913.276	572.00
913.828	552.00
914.260	432.00
914.692	432.00
915.068	376.00
915.392	324.00
915.824	432.00
916.236	412.00
916.652	416.00
917.120	468.00
917.512	392.00
917.936	424.00
918.356	420.00
918.780	424.00
919.200	420.00
919.600	400.00
920.044	444.00
920.468	424.00
921.144	676.00
921.740	596.00
922.168	428.00
922.860	692.00
923.448	588.00
924.028	580.00
924.620	592.00
925.076	456.00
925.760	684.00
926.204	444.00
926.864	660.00
927.460	596.00
928.044	584.00
928.620	576.00
929.196	576.00
929.772	576.00
930.348	576.00
930.772	424.00
931.460	688.00
932.040	580.00
932.620	580.00
933.192	572.00
933.768	576.00
934.336	568.00
934.908	572.00
935.484	576.00
936.052	568.00
936.608	556.00
937.204	596.00
937.780	576.00
938.348	568.00
938.920	572.00
939.492	572.00
940.068	576.00
940.640	572.00
941.196	556.00
941.776	580.00
942.348	572.00
942.920	572.00
943.492	572.00
944.056	564.00
944.628	572.00
945.196	568.00
945.668	472.00
946.340	672.00
946.912	572.00
947.480	568.00
948.052	572.00
948.456	404.00
949.020	564.00
949.684	664.00
950.280	596.00
950.864	584.00
951.444	580.00
952.028	584.00
952.444	416.00
953.128	684.00
953.688	560.00
954.304	616.00
954.892	588.00
955.452	560.00
956.036	584.00
956.624	588.00
957.188	564.00
957.760	572.00
958.328	568.00
958.900	572.00
959.472	572.00
960.036	564.00
960.612	576.00
961.096	484.00
961.736	640.00
962.268	532.00
962.888	620.00
963.460	572.00
964.032	572.00
964.604	572.00
965.176	572.00
965.760	584.00
966.340	580.00
966.728	388.00
967.196	468.00
967.852	656.00
968.460	608.00
969.060	600.00
969.660	600.00
970.248	588.00
970.840	592.00
971.424	584.00
972.008	584.00
972.580	572.00
973.184	604.00
973.764	580.00
974.344	580.00
974.928	584.00
975.508	580.00
976.092	584.00
976.580	488.00
977.244	664.00
977.828	584.00
978.412	584.00
978.992	580.00
979.572	580.00
980.148	576.00
980.724	576.00
981.300	576.00
981.876	576.00
982.272	396.00
982.868	596.00
983.468	600.00
984.060	592.00
984.652	592.00
985.068	416.00
985.764	696.00
986.360	596.00
986.948	588.00
987.540	592.00
988.124	584.00
988.708	584.00
989.288	580.00
989.872	584.00
990.448	576.00
991.032	584.00
991.608	576.00
992.188	580.00
992.768	580.00
993.344	576.00
993.932	588.00
994.508	576.00
995.092	584.00
995.668	576.00
996.252	584.00
996.828	576.00
997.404	576.00
997.988	584.00
998.564	576.00
999.136	572.00
999.712	576.00
1000.284	572.00
1000.852	568.00
1001.428	576.00
1002.000	572.00
1002.576	576.00
1003.148	572.00
1003.716	568.00
1004.288	572.00
1004.860	572.00
1005.428	568.00
1006.000	572.00
1006.564	564.00
1007.136	572.00
1007.700	564.00
1008.264	564.00
1008.832	568.00
1009.400	568.00
1009.972	572.00
1010.536	564.00
1011.100	564.00
1011.672	572.00
1012.240	568.00
1012.808	568.00
1013.376	568.00
1013.948	572.00
1014.512	564.00
1015.048	536.00
1015.664	616.00
1016.236	572.00
1016.820	584.00
1017.396	576.00
1017.980	584.00
1018.564	584.00
1019.144	580.00
1019.724	580.00
1020.304	580.00
1020.884	580.00
1021.464	580.00
1022.040	576.00
1022.616	576.00
1023.188	572.00
1023.768	580.00
1024.352	584.00
1024.916	564.00
1025.492	576.00
1026.068	576.00
1026.648	580.00
1027.224	576.00
1027.800	576.00
1028.376	576.00
1028.952	576.00
1029.536	584.00
1030.112	576.00
1030.688	576.00
1031.264	576.00
1031.840	576.00
1032.420	580.00
1033.000	580.00
1033.572	572.00
1034.144	572.00
1034.712	568.00
1035.292	580.00
1035.860	568.00
1036.432	572.00
1037.004	572.00
1037.572	568.00
1037.936	364.00
1038.564	628.00
1039.164	600.00
1039.748	584.00
1040.236	488.00
1040.796	560.00
1041.448	652.00
1042.032	584.00
1042.472	440.00
1043.108	636.00
1043.552	444.00
1044.252	700.00
1044.832	580.00
1045.324	492.00
1045.948	624.00
1046.544	596.00
1047.108	564.00
1047.672	564.00
1048.232	560.00
1048.804	572.00
1049.364	560.00
1049.928	564.00
1050.432	504.00
1051.064	632.00
1051.636	572.00
1052.204	568.00
1052.696	492.00
1053.344	648.00
1053.916	572.00
1054.480	564.00
1055.004	524.00
1055.620	616.00
1056.192	572.00
1056.764	572.00
1057.328	564.00
1057.904	576.00
1058.472	568.00
1059.040	568.00
1059.616	576.00
1060.188	572.00
1060.576	388.00
1061.184	608.00
1061.776	592.00
1062.368	592.00
1062.952	584.00
1063.536	584.00
1064.112	576.00
1064.680	568.00
1065.260	580.00
1065.744	484.00
1066.400	656.00
1066.836	436.00
1067.236	400.00
1067.912	676.00
1068.372	460.00
1069.072	700.00
1069.656	584.00
1070.240	584.00
1070.816	576.00
1071.388	572.00
1071.960	572.00
1072.536	576.00
1073.112	576.00
1073.684	572.00
1074.252	568.00
1074.716	464.00
1075.376	660.00
1075.972	596.00
1076.496	524.00
1077.144	648.00
1077.724	580.00
1078.308	584.00
1078.884	576.00
1079.464	580.00
1080.036	572.00
1080.616	580.00
1081.124	508.00
1081.760	636.00
1082.332	572.00
1082.908	576.00
1083.480	572.00
1084.056	576.00
1084.628	572.00
1085.200	572.00
1085.768	568.00
1086.216	448.00
1086.880	664.00
1087.332	452.00
1088.004	672.00
1088.592	588.00
1089.176	584.00
1089.752	576.00
1090.312	560.00
1090.904	592.00
1091.476	572.00
1092.004	528.00
1092.612	608.00
1093.180	568.00
1093.744	564.00
1094.308	564.00
1094.876	568.00
1095.440	564.00
1096.012	572.00
1096.580	568.00
1097.048	468.00
1097.712	664.00
1098.300	588.00
1098.872	572.00
1099.452	580.00
1100.036	584.00
1100.616	580.00
1101.192	576.00
1101.572	380.00
1102.260	688.00
1102.860	600.00
1103.236	376.00
1103.924	688.00
1104.420	496.00
1105.096	676.00
1105.700	604.00
1106.284	584.00
1106.864	580.00
1107.440	576.00
1108.016	576.00
1108.584	568.00
1109.156	572.00
1109.728	572.00
1110.292	564.00
1110.860	568.00
1111.416	556.00
1112.000	584.00
1112.564	564.00
1113.128	564.00
1113.700	572.00
1114.104	404.00
1114.800	696.00
1115.304	504.00
1115.964	660.00
1116.536	572.00
1117.108	572.00
1117.672	564.00
1118.236	564.00
1118.800	564.00
1119.364	564.00
1119.928	564.00
1120.488	560.00
1121.052	564.00
1121.612	560.00
1122.176	564.00
1122.728	552.00
1123.292	564.00
1123.752	460.00
1124.388	636.00
1124.952	564.00
1125.512	560.00
1126.080	568.00
1126.652	572.00
1127.220	568.00
1127.788	568.00
1128.352	564.00
1128.924	572.00
1129.488	564.00
1130.056	568.00
1130.620	564.00
1131.184	564.00
1131.760	576.00
1132.332	572.00
1132.908	576.00
1133.472	564.00
1134.036	564.00
1134.608	572.00
1135.180	572.00
1135.744	564.00
1136.308	564.00
1136.876	568.00
1137.444	568.00
1138.004	560.00
1138.568	564.00
1139.132	564.00
1139.704	572.00
1140.268	564.00
1140.832	564.00
1141.404	572.00
1141.956	552.00
1142.520	564.00
1143.080	560.00
1143.644	564.00
1144.204	560.00
1144.760	556.00
1145.320	560.00
1145.884	564.00
1146.444	560.00
1147.000	556.00
1147.556	556.00
1148.120	564.00
1148.680	560.00
1149.240	560.00
1149.796	556.00
1150.364	568.00
1150.920	556.00
1151.480	560.00
1152.040	560.00
1152.604	564.00
1153.092	488.00
1153.720	628.00
1154.280	560.00
1154.844	564.00
1155.404	560.00
1155.956	552.00
1156.512	556.00
1157.068	556.00
1157.632	564.00
1158.188	556.00
1158.752	564.00
1159.300	548.00
1159.852	552.00
1160.208	356.00
1160.832	624.00
1161.408	576.00
1161.980	572.00
1162.424	444.00
1163.092	668.00
1163.668	576.00
1164.240	572.00
1164.704	464.00
1165.372	668.00
1165.940	568.00
1166.504	564.00
1166.992	488.00
1167.620	628.00
1168.180	560.00
1168.732	552.00
1169.296	564.00
1169.756	460.00
1170.224	468.00
1170.916	692.00
1171.496	580.00
1172.060	564.00
1172.620	560.00
1173.184	564.00
1173.744	560.00
1174.300	556.00
1174.856	556.00
1175.420	564.00
1175.976	556.00
1176.396	420.00
1177.060	664.00
1177.640	580.00
1178.208	568.00
1178.768	560.00
1179.328	560.00
1179.892	564.00
1180.364	472.00
1181.016	652.00
1181.576	560.00
1182.132	556.00
1182.692	560.00
1183.252	560.00
1183.804	552.00
1184.304	500.00
1184.916	612.00
1185.476	560.00
1186.008	532.00
1186.592	584.00
1187.144	552.00
1187.704	560.00
1188.256	552.00
1188.724	468.00
1189.372	648.00
1189.932	560.00
1190.492	560.00
1191.052	560.00
1191.604	552.00
1192.164	560.00
1192.628	464.00
1193.300	672.00
1193.864	564.00
1194.424	560.00
1194.980	556.00
1195.428	448.00
1196.068	640.00
1196.516	448.00
1197.200	684.00
1197.624	424.00
1198.216	592.00
1198.704	488.00
1199.368	664.00
1199.764	396.00
1200.408	644.00
1200.992	584.00
1201.564	572.00
1202.116	552.00
1202.676	560.00
1203.244	568.00
1203.808	564.00
1204.252	444.00
1204.944	692.00
1205.516	572.00
1206.080	564.00
1206.644	564.00
1207.204	560.00
1207.776	572.00
1208.352	576.00
1208.780	428.00
1209.464	684.00
1209.940	476.00
1210.632	692.00
1211.212	580.00
1211.776	564.00
1212.348	572.00
1212.920	572.00
1213.484	564.00
1214.048	564.00
1214.616	568.00
1215.176	560.00
1215.736	560.00
1216.296	560.00
1216.856	560.00
1217.376	520.00
1217.976	600.00
1218.536	560.00
1219.032	496.00
1219.644	612.00
1220.212	568.00
1220.768	556.00
1221.324	556.00
1221.884	560.00
1222.448	564.00
1223.008	560.00
1223.560	552.00
1224.124	564.00
1224.684	560.00
1225.244	560.00
1225.748	504.00
1226.376	628.00
1226.944	568.00
1227.504	560.00
1228.060	556.00
1228.516	456.00
1229.164	648.00
1229.732	568.00
1230.296	564.00
1230.856	560.00
1231.420	564.00
1231.980	560.00
1232.384	404.00
1233.060	676.00
1233.644	584.00
1234.216	572.00
1234.656	440.00
1235.320	664.00
1235.896	576.00
1236.464	568.00
1236.908	444.00
1237.592	684.00
1238.156	564.00
1238.720	564.00
1239.280	560.00
1239.708	428.00
1240.388	680.00
1240.956	568.00
1241.520	564.00
1242.080	560.00
1242.644	564.00
1243.208	564.00
1243.768	560.00
1244.212	444.00
1244.856	644.00
1245.272	416.00
1245.956	684.00
1246.540	584.00
1246.920	380.00
1247.372	452.00
1248.068	696.00
1248.656	588.00
1249.240	584.00
1249.816	576.00
1250.392	576.00
1250.944	552.00
1251.400	456.00
1251.868	468.00
1252.532	664.00
1253.120	588.00
1253.692	572.00
1254.204	512.00
1254.840	636.00
1255.420	580.00
1255.992	572.00
1256.564	572.00
1257.128	564.00
1257.692	564.00
1258.252	560.00
1258.816	564.00
1259.388	572.00
1259.832	444.00
1260.504	672.00
1261.080	576.00
1261.652	572.00
1262.224	572.00
1262.692	468.00
1263.348	656.00
1263.924	576.00
1264.492	568.00
1265.060	568.00
1265.624	564.00
1266.184	560.00
1266.752	568.00
1267.312	560.00
1267.872	560.00
1268.328	456.00
1268.988	660.00
1269.552	564.00
1270.112	560.00
1270.672	560.00
1271.224	552.00
1271.784	560.00
1272.344	560.00
1272.900	556.00
1273.460	560.00
1274.012	552.00
1274.572	560.00
1275.136	564.00
1275.692	556.00
1276.248	556.00
1276.808	560.00
1277.364	556.00
1277.924	560.00
1278.480	556.00
1279.036	556.00
1279.552	516.00
1280.156	604.00
1280.724	568.00
1281.284	560.00
1281.664	380.00
1282.312	648.00
1282.908	596.00
1283.496	588.00
1283.936	440.00
1284.620	684.00
1285.216	596.00
1285.796	580.00
1286.368	572.00
1286.944	576.00
1287.516	572.00
1288.092	576.00
1288.656	564.00
1289.228	572.00
1289.804	576.00
1290.372	568.00
1290.940	568.00
1291.508	568.00
1292.076	568.00
1292.488	412.00
1293.176	688.00
1293.692	516.00
1294.096	404.00
1294.720	624.00
1295.304	584.00
1295.892	588.00
1296.468	576.00
1297.052	584.00
1297.620	568.00
1298.200	580.00
1298.764	564.00
1299.328	564.00
1299.900	572.00
1300.456	556.00
1301.016	560.00
1301.584	568.00
1302.152	568.00
1302.732	580.00
1303.304	572.00
1303.884	580.00
1304.460	576.00
1305.044	584.00
1305.624	580.00
1306.208	584.00
1306.784	576.00
1307.360	576.00
1307.944	584.00
1308.508	564.00
1309.084	576.00
1309.656	572.00
1310.228	572.00
1310.804	576.00
1311.376	572.00
1311.940	564.00
1312.508	568.00
1313.076	568.00
1313.648	572.00
1314.212	564.00
1314.780	568.00
1315.344	564.00
1315.908	564.00
1316.476	568.00
1317.044	568.00
1317.612	568.00
1318.068	456.00
1318.712	644.00
1319.300	588.00
1319.864	564.00
1320.428	564.00
1321.000	572.00
1321.560	560.00
1321.960	400.00
1322.544	584.00
1323.132	588.00
1323.688	556.00
1324.288	600.00
1324.848	560.00
1325.412	564.00
1325.972	560.00
1326.540	568.00
1327.004	464.00
1327.396	392.00
1328.064	668.00
1328.640	576.00
1329.216	576.00
1329.792	576.00
1330.360	568.00
1330.924	564.00
1331.488	564.00
1332.048	560.00
1332.608	560.00
1333.168	560.00
1333.724	556.00
1334.284	560.00
1334.840	556.00
1335.400	560.00
1335.960	560.00
1336.512	552.00
1337.076	564.00
1337.636	560.00
1338.188	552.00
1338.748	560.00
1339.312	564.00
1339.852	540.00
1340.436	584.00
1341.000	564.00
1341.560	560.00
1342.112	552.00
1342.672	560.00
1343.236	564.00
1343.796	560.00
1344.356	560.00
1344.736	380.00
1345.140	404.00
1345.812	672.00
1346.392	580.00
1346.976	584.00
1347.552	576.00
1348.124	572.00
1348.688	564.00
1349.252	564.00
1349.812	560.00
1350.384	572.00
1350.948	564.00
1351.512	564.00
1352.084	572.00
1352.588	504.00
1353.224	636.00
1353.796	572.00
1354.360	564.00
1354.932	572.00
1355.408	476.00
1356.060	652.00
1356.524	464.00
1357.180	656.00
1357.760	580.00
1358.320	560.00
1358.884	564.00
1359.444	560.00
1360.004	560.00
1360.568	564.00
1361.120	552.00
1361.680	560.00
1362.232	552.00
1362.792	560.00
1363.344	552.00
1363.900	556.00
1364.456	556.00
1365.004	548.00
1365.568	564.00
1366.120	552.00
1366.676	556.00
1367.232	556.00
1367.784	552.00
1368.344	560.00
1368.908	564.00
1369.472	564.00
1370.040	568.00
1370.604	564.00
1371.168	564.00
1371.736	568.00
1372.304	568.00
1372.872	568.00
1373.440	568.00
1374.008	568.00
1374.580	572.00
1375.156	576.00
1375.728	572.00
1376.304	576.00
1376.880	576.00
1377.464	584.00
1378.048	584.00
1378.624	576.00
1379.200	576.00
1379.784	584.00
1380.372	588.00
1380.952	580.00
1381.540	588.00
1382.128	588.00
1382.704	576.00
1383.280	576.00
1383.860	580.00
1384.440	580.00
1385.020	580.00
1385.604	584.00
1386.184	580.00
1386.764	580.00
1387.352	588.00
1387.924	572.00
1388.512	588.00
1389.088	576.00
1389.664	576.00
1390.252	588.00
1390.820	568.00
1391.408	588.00
1391.984	576.00
1392.560	576.00
1393.132	572.00
1393.716	584.00
1394.304	588.00
1394.896	592.00
1395.492	596.00
1396.080	588.00
1396.672	592.00
1397.264	592.00
1397.864	600.00
1398.452	588.00
1399.036	584.00
1399.624	588.00
1400.212	588.00
1400.808	596.00
1401.388	580.00
1401.972	584.00
1402.556	584.00
1403.140	584.00
1403.728	588.00
1404.304	576.00
1404.892	588.00
1405.472	580.00
1406.056	584.00
1406.640	584.00
1407.212	572.00
1407.788	576.00
1408.368	580.00
1408.948	580.00
1409.524	576.00
1410.100	576.00
1410.676	576.00
1411.260	584.00
1411.836	576.00
1412.412	576.00
1412.988	576.00
1413.560	572.00
1414.136	576.00
1414.708	572.00
1415.284	576.00
1415.856	572.00
1416.420	564.00
1416.992	572.00
1417.556	564.00
1418.120	564.00
1418.692	572.00
1419.260	568.00
1419.828	568.00
1420.392	564.00
1420.964	572.00
1421.528	564.00
1422.104	576.00
1422.664	560.00
1423.096	432.00
1423.764	668.00
1424.340	576.00
1424.740	400.00
1425.232	492.00
1425.916	684.00
1426.488	572.00
1427.044	556.00
1427.592	548.00
1428.152	560.00
1428.692	540.00
1429.252	560.00
1429.792	540.00
1430.340	548.00
1430.880	540.00
1431.416	536.00
1431.968	552.00
1432.492	524.00
1432.896	404.00
1433.580	684.00
1434.140	560.00
1434.548	408.00
1435.172	624.00
1435.732	560.00
1436.288	556.00
1436.832	544.00
1437.372	540.00
1437.916	544.00
1438.456	540.00
1438.992	536.00
1439.460	468.00
1440.056	596.00
1440.584	528.00
1441.144	560.00
1441.692	548.00
1442.232	540.00
1442.772	540.00
1443.320	548.00
1443.864	544.00
1444.408	544.00
1444.948	540.00
1445.496	548.00
1446.044	548.00
1446.588	544.00
1447.136	548.00
1447.684	548.00
1448.232	548.00
1448.780	548.00
1449.324	544.00
1449.872	548.00
1450.424	552.00
1450.972	548.00
1451.520	548.00
1452.072	552.00
1452.612	540.00
1453.160	548.00
1453.708	548.00
1454.256	548.00
1454.800	544.00
1455.348	548.00
1455.888	540.00
1456.428	540.00
1456.796	368.00
1457.392	596.00
1457.952	560.00
1458.416	464.00
1459.056	640.00
1459.504	448.00
1460.056	552.00
1460.668	612.00
1461.196	528.00
1461.780	584.00
1462.300	520.00
1462.720	420.00
1463.376	656.00
1463.936	560.00
1464.384	448.00
1465.020	636.00
1465.492	472.00
1465.980	488.00
1466.640	660.00
1467.204	564.00
1467.756	552.00
1468.308	552.00
1468.864	556.00
1469.416	552.00
1469.872	456.00
1470.492	620.00
1471.044	552.00
1471.592	548.00
1472.136	544.00
1472.680	544.00
1473.220	540.00
1473.660	440.00
1474.072	412.00
1474.724	652.00
1475.288	564.00
1475.848	560.00
1476.412	564.00
1476.780	368.00
1477.424	644.00
1477.996	572.00
1478.552	556.00
1479.108	556.00
1479.476	368.00
1480.116	640.00
1480.680	564.00
1481.240	560.00
1481.640	400.00
1482.304	664.00
1482.872	568.00
1483.428	556.00
1483.988	560.00
1484.540	552.00
1485.092	552.00
1485.648	556.00
1486.200	552.00
1486.748	548.00
1487.300	552.00
1487.852	552.00
1488.404	552.00
1488.964	560.00
1489.520	556.00
1489.916	396.00
1490.384	468.00
1491.028	644.00
1491.612	584.00
1492.188	576.00
1492.604	416.00
1493.080	476.00
1493.724	644.00
1494.312	588.00
1494.912	600.00
1495.368	456.00
1496.076	708.00
1496.676	600.00
1497.248	572.00
1497.824	576.00
1498.396	572.00
1498.960	564.00
1499.520	560.00
1500.080	560.00
1500.528	448.00
1501.192	664.00
1501.760	568.00
1502.312	552.00
1502.872	560.00
1503.420	548.00
1503.972	552.00
1504.448	476.00
1505.072	624.00
1505.628	556.00
1506.064	436.00
1506.712	648.00
1507.224	512.00
1507.828	604.00
1508.384	556.00
1508.932	548.00
1509.476	544.00
1510.024	548.00
1510.464	440.00
1511.100	636.00
1511.660	560.00
1512.212	552.00
1512.760	548.00
1513.312	552.00
1513.860	548.00
1514.408	548.00
1514.956	548.00
1515.508	552.00
1516.052	544.00
1516.600	548.00
1517.148	548.00
1517.700	552.00
1518.260	560.00
1518.808	548.00
1519.360	552.00
1519.900	540.00
1520.448	548.00
1520.988	540.00
1521.536	548.00
1522.076	540.00
1522.624	548.00
1523.168	544.00
1523.712	544.00
1524.252	540.00
1524.800	548.00
1525.348	548.00
1525.888	540.00
1526.432	544.00
1526.960	528.00
1527.536	576.00
1528.096	560.00
1528.660	564.00
1529.212	552.00
1529.772	560.00
1530.328	556.00
1530.888	560.00
1531.452	564.00
1532.020	568.00
1532.592	572.00
1533.160	568.00
1533.724	564.00
1534.296	572.00
1534.860	564.00
1535.424	564.00
1535.992	568.00
1536.548	556.00
1537.120	572.00
1537.684	564.00
1538.236	552.00
1538.796	560.00
1539.356	560.00
1539.908	552.00
1540.460	552.00
1541.008	548.00
1541.572	564.00
1542.132	560.00
1542.672	540.00
1543.224	552.00
1543.768	544.00
1544.308	540.00
1544.860	552.00
1545.300	440.00
1545.748	448.00
1546.420	672.00
1546.988	568.00
1547.556	568.00
1548.120	564.00
1548.684	564.00
1549.244	560.00
1549.804	560.00
1550.364	560.00
1550.920	556.00
1551.480	560.00
1552.036	556.00
1552.588	552.00
1553.144	556.00
1553.696	552.00
1554.248	552.00
1554.804	556.00
1555.356	552.00
1555.908	552.00
1556.460	552.00
1557.016	556.00
1557.572	556.00
1558.124	552.00
1558.632	508.00
1559.232	600.00
1559.788	556.00
1560.336	548.00
1560.896	560.00
1561.448	552.00
1562.000	552.00
1562.556	556.00
1563.108	552.00
1563.660	552.00
1564.216	556.00
1564.768	552.00
1565.328	560.00
1565.880	552.00
1566.428	548.00
1566.980	552.00
1567.532	552.00
1568.084	552.00
1568.640	556.00
1569.196	556.00
1569.756	560.00
1570.320	564.00
1570.884	564.00
1571.444	560.00
1572.012	568.00
1572.580	568.00
1573.144	564.00
1573.704	560.00
1574.268	564.00
1574.840	572.00
1575.404	564.00
1575.968	564.00
1576.532	564.00
1577.100	568.00
1577.628	528.00
1578.228	600.00
1578.792	564.00
1579.360	568.00
1579.924	564.00
1580.488	564.00
1580.888	400.00
1581.468	580.00
1582.052	584.00
1582.648	596.00
1583.212	564.00
1583.764	552.00
1584.316	552.00
1584.876	560.00
1585.428	552.00
1586.000	572.00
1586.552	552.00
1587.128	576.00
1587.688	560.00
1588.248	560.00
1588.804	556.00
1589.364	560.00
1589.924	560.00
1590.476	552.00
1591.032	556.00
1591.588	556.00
1592.148	560.00
1592.708	560.00
1593.260	552.00
1593.820	560.00
1594.376	556.00
1594.936	560.00
1595.496	560.00
1596.056	560.00
1596.624	568.00
1597.200	576.00
1597.772	572.00
1598.340	568.00
1598.916	576.00
1599.480	564.00
1600.032	552.00
1600.592	560.00
1601.148	556.00
1601.708	560.00
1602.268	560.00
1602.816	548.00
1603.364	548.00
1603.908	544.00
1604.460	552.00
1605.008	548.00
1605.556	548.00
1606.112	556.00
1606.548	436.00
1607.204	656.00
1607.768	564.00
1608.332	564.00
1608.892	560.00
1609.312	420.00
1609.980	668.00
1610.460	480.00
1611.096	636.00
1611.656	560.00
1612.024	368.00
1612.680	656.00
1613.256	576.00
1613.816	560.00
1614.372	556.00
1614.932	560.00
1615.484	552.00
1615.936	452.00
1616.560	624.00
1617.008	448.00
1617.660	652.00
1618.220	560.00
1618.768	548.00
1619.208	440.00
1619.844	636.00
1620.396	552.00
1620.944	548.00
1621.484	540.00
1622.032	548.00
1622.572	540.00
1623.120	548.00
1623.668	548.00
1624.208	540.00
1624.748	540.00
1625.296	548.00
1625.752	456.00
1626.384	632.00
1626.936	552.00
1627.484	548.00
1628.024	540.00
1628.572	548.00
1629.116	544.00
1629.612	496.00
1629.976	364.00
1630.604	628.00
1631.192	588.00
1631.756	564.00
1632.300	544.00
1632.876	576.00
1633.428	552.00
1633.976	548.00
1634.528	552.00
1635.080	552.00
1635.628	548.00
1636.112	484.00
1636.736	624.00
1637.288	552.00
1637.836	548.00
1638.388	552.00
1638.940	552.00
1639.488	548.00
1639.928	440.00
1640.368	440.00
1640.784	416.00
1641.372	588.00
1642.032	660.00
1642.604	572.00
1643.172	568.00
1643.736	564.00
1644.292	556.00
1644.852	560.00
1645.404	552.00
1645.956	552.00
1646.520	564.00
1647.076	556.00
1647.628	552.00
1648.068	440.00
1648.740	672.00
1649.196	456.00
1649.596	400.00
1650.036	440.00
1650.676	640.00
1651.256	580.00
1651.832	576.00
1652.420	588.00
1652.892	472.00
1653.472	580.00
1654.068	596.00
1654.692	624.00
1655.256	564.00
1655.816	560.00
1656.376	560.00
1656.932	556.00
1657.492	560.00
1658.044	552.00
1658.604	560.00
1659.116	512.00
1659.716	600.00
1660.276	560.00
1660.828	552.00
1661.380	552.00
1661.856	476.00
1662.492	636.00
1663.056	564.00
1663.604	548.00
1664.156	552.00
1664.712	556.00
1665.260	548.00
1665.660	400.00
1666.320	660.00
1666.800	480.00
1667.456	656.00
1668.020	564.00
1668.580	560.00
1669.140	560.00
1669.640	500.00
1670.252	612.00
1670.804	552.00
1671.268	464.00
1671.892	624.00
1672.356	464.00
1673.000	644.00
1673.552	552.00
1674.012	460.00
1674.632	620.00
1675.204	572.00
1675.772	568.00
1676.328	556.00
1676.864	536.00
1677.444	580.00
1678.004	560.00
1678.504	500.00
1679.104	600.00
1679.664	560.00
1680.216	552.00
1680.764	548.00
1681.320	556.00
1681.680	360.00
1682.316	636.00
1682.892	576.00
1683.468	576.00
1683.880	412.00
1684.332	452.00
1685.016	684.00
1685.592	576.00
1686.164	572.00
1686.720	556.00
1687.280	560.00
1687.832	552.00
1688.316	484.00
1688.940	624.00
1689.500	560.00
1690.000	500.00
1690.600	600.00
1691.092	492.00
1691.716	624.00
1692.268	552.00
1692.828	560.00
1693.376	548.00
1693.928	552.00
1694.476	548.00
1695.028	552.00
1695.580	552.00
1696.140	560.00
1696.700	560.00
1697.264	564.00
1697.840	576.00
1698.412	572.00
1698.956	544.00
1699.548	592.00
1700.124	576.00
1700.684	560.00
1701.248	564.00
1701.812	564.00
1702.376	564.00
1702.936	560.00
1703.496	560.00
1704.052	556.00
1704.612	560.00
1705.172	560.00
1705.736	564.00
1706.296	560.00
1706.856	560.00
1707.420	564.00
1707.984	564.00
1708.544	560.00
1709.104	560.00
1709.660	556.00
1710.220	560.00
1710.780	560.00
1711.332	552.00
1711.880	548.00
1712.436	556.00
1712.956	520.00
1713.532	576.00
1714.080	548.00
1714.620	540.00
1715.168	548.00
1715.708	540.00
1716.248	540.00
1716.796	548.00
1717.336	540.00
1717.872	536.00
1718.412	540.00
1718.956	544.00
1719.496	540.00
1720.036	540.00
1720.576	540.00
1721.124	548.00
1721.660	536.00
1722.200	540.00
1722.748	548.00
1723.176	428.00
1723.616	440.00
1724.156	540.00
1724.792	636.00
1725.364	572.00
1725.928	564.00
1726.500	572.00
1727.052	552.00
1727.608	556.00
1728.088	480.00
1728.684	596.00
1729.288	604.00
1729.836	548.00
1730.380	544.00
1730.928	548.00
1731.476	548.00
1732.024	548.00
1732.572	548.00
1733.120	548.00
1733.668	548.00
1734.224	556.00
1734.764	540.00
1735.308	544.00
1735.856	548.00
1736.404	548.00
1736.944	540.00
1737.492	548.00
1738.028	536.00
1738.572	544.00
1739.116	544.00
1739.652	536.00
1740.188	536.00
1740.728	540.00
1741.264	536.00
1741.804	540.00
1742.340	536.00
1742.876	536.00
1743.416	540.00
1743.964	548.00
1744.504	540.00
1745.040	536.00
1745.580	540.00
1746.128	548.00
1746.664	536.00
1747.208	544.00
1747.624	416.00
1748.232	608.00
1748.820	588.00
1749.344	524.00
1749.908	564.00
1750.444	536.00
1750.984	540.00
1751.524	540.00
1752.068	544.00
1752.608	540.00
1753.152	544.00
1753.696	544.00
1754.236	540.00
1754.784	548.00
1755.320	536.00
1755.860	540.00
1756.408	548.00
1756.956	548.00
1757.500	544.00
1758.044	544.00
1758.584	540.00
1759.132	548.00
1759.672	540.00
1760.224	552.00
1760.760	536.00
1761.312	552.00
1761.848	536.00
1762.396	548.00
1762.936	540.00
1763.484	548.00
1764.024	540.00
1764.572	548.00
1764.952	380.00
1765.616	664.00
1766.184	568.00
1766.736	552.00
1767.284	548.00
1767.828	544.00
1768.376	548.00
1768.916	540.00
1769.452	536.00
1770.000	548.00
1770.540	540.00
1771.076	536.00
1771.612	536.00
1772.152	540.00
1772.696	544.00
1773.240	544.00
1773.780	540.00
1774.328	548.00
1774.880	552.00
1775.428	548.00
1775.968	540.00
1776.360	392.00
1777.016	656.00
1777.536	520.00
1778.140	604.00
1778.692	552.00
1779.120	428.00
1779.588	468.00
1780.268	680.00
1780.696	428.00
1781.380	684.00
1781.944	564.00
1782.492	548.00
1783.032	540.00
1783.484	452.00
1784.120	636.00
1784.632	512.00
1785.196	564.00
1785.736	540.00
1786.280	544.00
1786.808	528.00
1787.348	540.00
1787.884	536.00
1788.412	528.00
1788.948	536.00
1789.484	536.00
1790.024	540.00
1790.564	540.00
1791.100	536.00
1791.532	432.00
1792.068	536.00
1792.708	640.00
1793.276	568.00
1793.824	548.00
1794.372	548.00
1794.920	548.00
1795.472	552.00
1796.012	540.00
1796.464	452.00
1797.100	636.00
1797.572	472.00
1798.200	628.00
1798.612	412.00
1799.272	660.00
