  1.2960000e+000  7.5600000e+002
  2.0480000e+000  7.5200000e+002
  2.8160000e+000  7.6800000e+002
  3.5800000e+000  7.6400000e+002
  4.3400000e+000  7.6000000e+002
  5.1000000e+000  7.6000000e+002
  5.8600000e+000  7.6000000e+002
  6.6240000e+000  7.6400000e+002
  7.3840000e+000  7.6000000e+002
  8.1440000e+000  7.6000000e+002
  8.9040000e+000  7.6000000e+002
  9.6640000e+000  7.6000000e+002
  1.0420000e+001  7.5600000e+002
  1.1180000e+001  7.6000000e+002
  1.1940000e+001  7.6000000e+002
  1.2696000e+001  7.5600000e+002
  1.3452000e+001  7.5600000e+002
  1.4204000e+001  7.5200000e+002
  1.4964000e+001  7.6000000e+002
  1.5716000e+001  7.5200000e+002
  1.6472000e+001  7.5600000e+002
  1.7228000e+001  7.5600000e+002
  1.7988000e+001  7.6000000e+002
  1.8744000e+001  7.5600000e+002
  1.9504000e+001  7.6000000e+002
  2.0272000e+001  7.6800000e+002
  2.1036000e+001  7.6400000e+002
  2.1796000e+001  7.6000000e+002
  2.2560000e+001  7.6400000e+002
  2.3324000e+001  7.6400000e+002
  2.4088000e+001  7.6400000e+002
  2.4848000e+001  7.6000000e+002
  2.5612000e+001  7.6400000e+002
  2.6372000e+001  7.6000000e+002
  2.7128000e+001  7.5600000e+002
  2.7884000e+001  7.5600000e+002
  2.8640000e+001  7.5600000e+002
  2.9396000e+001  7.5600000e+002
  3.0156000e+001  7.6000000e+002
  3.0912000e+001  7.5600000e+002
  3.1672000e+001  7.6000000e+002
  3.2432000e+001  7.6000000e+002
  3.3188000e+001  7.5600000e+002
  3.3956000e+001  7.6800000e+002
  3.4720000e+001  7.6400000e+002
  3.5480000e+001  7.6000000e+002
  3.6244000e+001  7.6400000e+002
  3.7004000e+001  7.6000000e+002
  3.7764000e+001  7.6000000e+002
  3.8524000e+001  7.6000000e+002
  3.9284000e+001  7.6000000e+002
  4.0044000e+001  7.6000000e+002
  4.0804000e+001  7.6000000e+002
  4.1564000e+001  7.6000000e+002
  4.2316000e+001  7.5200000e+002
  4.3072000e+001  7.5600000e+002
  4.3828000e+001  7.5600000e+002
  4.4580000e+001  7.5200000e+002
  4.5332000e+001  7.5200000e+002
  4.6088000e+001  7.5600000e+002
  4.6836000e+001  7.4800000e+002
  4.7592000e+001  7.5600000e+002
  4.8344000e+001  7.5200000e+002
  4.9096000e+001  7.5200000e+002
  4.9852000e+001  7.5600000e+002
  5.0604000e+001  7.5200000e+002
  5.1360000e+001  7.5600000e+002
  5.2112000e+001  7.5200000e+002
  5.2868000e+001  7.5600000e+002
  5.3616000e+001  7.4800000e+002
  5.4368000e+001  7.5200000e+002
  5.5120000e+001  7.5200000e+002
  5.5876000e+001  7.5600000e+002
  5.6632000e+001  7.5600000e+002
  5.7388000e+001  7.5600000e+002
  5.8136000e+001  7.4800000e+002
  5.8892000e+001  7.5600000e+002
  5.9644000e+001  7.5200000e+002
  6.0396000e+001  7.5200000e+002
  6.1152000e+001  7.5600000e+002
  6.1904000e+001  7.5200000e+002
  6.2656000e+001  7.5200000e+002
  6.3412000e+001  7.5600000e+002
  6.4164000e+001  7.5200000e+002
  6.4920000e+001  7.5600000e+002
  6.5676000e+001  7.5600000e+002
  6.6428000e+001  7.5200000e+002
  6.7180000e+001  7.5200000e+002
  6.7932000e+001  7.5200000e+002
  6.8680000e+001  7.4800000e+002
  6.9432000e+001  7.5200000e+002
  7.0184000e+001  7.5200000e+002
  7.0936000e+001  7.5200000e+002
  7.1688000e+001  7.5200000e+002
  7.2440000e+001  7.5200000e+002
  7.3192000e+001  7.5200000e+002
  7.3936000e+001  7.4400000e+002
  7.4684000e+001  7.4800000e+002
  7.5432000e+001  7.4800000e+002
  7.6180000e+001  7.4800000e+002
  7.6928000e+001  7.4800000e+002
  7.7676000e+001  7.4800000e+002
  7.8424000e+001  7.4800000e+002
  7.9172000e+001  7.4800000e+002
  7.9920000e+001  7.4800000e+002
  8.0668000e+001  7.4800000e+002
  8.1416000e+001  7.4800000e+002
  8.2164000e+001  7.4800000e+002
  8.2912000e+001  7.4800000e+002
  8.3660000e+001  7.4800000e+002
  8.4412000e+001  7.5200000e+002
  8.5160000e+001  7.4800000e+002
  8.5908000e+001  7.4800000e+002
  8.6656000e+001  7.4800000e+002
  8.7404000e+001  7.4800000e+002
  8.8152000e+001  7.4800000e+002
  8.8900000e+001  7.4800000e+002
  8.9648000e+001  7.4800000e+002
  9.0396000e+001  7.4800000e+002
  9.1144000e+001  7.4800000e+002
  9.1892000e+001  7.4800000e+002
  9.2636000e+001  7.4400000e+002
  9.3388000e+001  7.5200000e+002
  9.4140000e+001  7.5200000e+002
  9.4888000e+001  7.4800000e+002
  9.5636000e+001  7.4800000e+002
  9.6388000e+001  7.5200000e+002
  9.7140000e+001  7.5200000e+002
  9.7892000e+001  7.5200000e+002
  9.8644000e+001  7.5200000e+002
  9.9396000e+001  7.5200000e+002
  1.0014400e+002  7.4800000e+002
  1.0089600e+002  7.5200000e+002
  1.0164400e+002  7.4800000e+002
  1.0238800e+002  7.4400000e+002
  1.0314000e+002  7.5200000e+002
  1.0388800e+002  7.4800000e+002
  1.0463600e+002  7.4800000e+002
  1.0538800e+002  7.5200000e+002
  1.0614000e+002  7.5200000e+002
  1.0688400e+002  7.4400000e+002
  1.0762800e+002  7.4400000e+002
  1.0838000e+002  7.5200000e+002
  1.0913200e+002  7.5200000e+002
  1.0987600e+002  7.4400000e+002
  1.1062800e+002  7.5200000e+002
  1.1138000e+002  7.5200000e+002
  1.1212800e+002  7.4800000e+002
  1.1287600e+002  7.4800000e+002
  1.1362800e+002  7.5200000e+002
  1.1437600e+002  7.4800000e+002
  1.1512000e+002  7.4400000e+002
  1.1586800e+002  7.4800000e+002
  1.1662000e+002  7.5200000e+002
  1.1737200e+002  7.5200000e+002
  1.1812400e+002  7.5200000e+002
  1.1888000e+002  7.5600000e+002
  1.1963600e+002  7.5600000e+002
  1.2038800e+002  7.5200000e+002
  1.2114400e+002  7.5600000e+002
  1.2190000e+002  7.5600000e+002
  1.2266000e+002  7.6000000e+002
  1.2341200e+002  7.5200000e+002
  1.2417200e+002  7.6000000e+002
  1.2493200e+002  7.6000000e+002
  1.2568800e+002  7.5600000e+002
  1.2644400e+002  7.5600000e+002
  1.2720000e+002  7.5600000e+002
  1.2796000e+002  7.6000000e+002
  1.2871200e+002  7.5200000e+002
  1.2946400e+002  7.5200000e+002
  1.3022400e+002  7.6000000e+002
  1.3098000e+002  7.5600000e+002
  1.3173200e+002  7.5200000e+002
  1.3248800e+002  7.5600000e+002
  1.3324400e+002  7.5600000e+002
  1.3400000e+002  7.5600000e+002
  1.3475200e+002  7.5200000e+002
  1.3551200e+002  7.6000000e+002
  1.3626800e+002  7.5600000e+002
  1.3702000e+002  7.5200000e+002
  1.3776800e+002  7.4800000e+002
  1.3852800e+002  7.6000000e+002
  1.3928000e+002  7.5200000e+002
  1.4003200e+002  7.5200000e+002
  1.4078400e+002  7.5200000e+002
  1.4154000e+002  7.5600000e+002
  1.4228400e+002  7.4400000e+002
  1.4304000e+002  7.5600000e+002
  1.4379200e+002  7.5200000e+002
  1.4454000e+002  7.4800000e+002
  1.4529600e+002  7.5600000e+002
  1.4604400e+002  7.4800000e+002
  1.4679600e+002  7.5200000e+002
  1.4754400e+002  7.4800000e+002
  1.4829200e+002  7.4800000e+002
  1.4904400e+002  7.5200000e+002
  1.4979600e+002  7.5200000e+002
  1.5053200e+002  7.3600000e+002
  1.5128000e+002  7.4800000e+002
  1.5202400e+002  7.4400000e+002
  1.5276400e+002  7.4000000e+002
  1.5350400e+002  7.4000000e+002
  1.5424000e+002  7.3600000e+002
  1.5498000e+002  7.4000000e+002
  1.5571600e+002  7.3600000e+002
  1.5645200e+002  7.3600000e+002
  1.5718800e+002  7.3600000e+002
  1.5792400e+002  7.3600000e+002
  1.5866800e+002  7.4400000e+002
  1.5940400e+002  7.3600000e+002
  1.6014400e+002  7.4000000e+002
  1.6088400e+002  7.4000000e+002
  1.6161600e+002  7.3200000e+002
  1.6235200e+002  7.3600000e+002
  1.6308400e+002  7.3200000e+002
  1.6381600e+002  7.3200000e+002
  1.6454800e+002  7.3200000e+002
  1.6528400e+002  7.3600000e+002
  1.6602000e+002  7.3600000e+002
  1.6657200e+002  5.5200000e+002
  1.6745600e+002  8.8400000e+002
  1.6819200e+002  7.3600000e+002
  1.6893200e+002  7.4000000e+002
  1.6966400e+002  7.3200000e+002
  1.7040000e+002  7.3600000e+002
  1.7113200e+002  7.3200000e+002
  1.7186400e+002  7.3200000e+002
  1.7260400e+002  7.4000000e+002
  1.7334400e+002  7.4000000e+002
  1.7408400e+002  7.4000000e+002
  1.7482800e+002  7.4400000e+002
  1.7557200e+002  7.4400000e+002
  1.7631200e+002  7.4000000e+002
  1.7705600e+002  7.4400000e+002
  1.7779600e+002  7.4000000e+002
  1.7853600e+002  7.4000000e+002
  1.7928000e+002  7.4400000e+002
  1.8001600e+002  7.3600000e+002
  1.8076000e+002  7.4400000e+002
  1.8149600e+002  7.3600000e+002
  1.8223200e+002  7.3600000e+002
  1.8297600e+002  7.4400000e+002
  1.8372800e+002  7.5200000e+002
  1.8446800e+002  7.4000000e+002
  1.8520800e+002  7.4000000e+002
  1.8592800e+002  7.2000000e+002
  1.8641200e+002  4.8400000e+002
  1.8726400e+002  8.5200000e+002
  1.8803200e+002  7.6800000e+002
  1.8877200e+002  7.4000000e+002
  1.8950400e+002  7.3200000e+002
  1.9024400e+002  7.4000000e+002
  1.9098000e+002  7.3600000e+002
  1.9171600e+002  7.3600000e+002
  1.9245200e+002  7.3600000e+002
  1.9319600e+002  7.4400000e+002
  1.9393600e+002  7.4000000e+002
  1.9467600e+002  7.4000000e+002
  1.9541600e+002  7.4000000e+002
  1.9615600e+002  7.4000000e+002
  1.9690000e+002  7.4400000e+002
  1.9764000e+002  7.4000000e+002
  1.9838000e+002  7.4000000e+002
  1.9912400e+002  7.4400000e+002
  1.9986000e+002  7.3600000e+002
  2.0060000e+002  7.4000000e+002
  2.0134400e+002  7.4400000e+002
  2.0208400e+002  7.4000000e+002
  2.0282400e+002  7.4000000e+002
  2.0356400e+002  7.4000000e+002
  2.0430400e+002  7.4000000e+002
  2.0504400e+002  7.4000000e+002
  2.0578000e+002  7.3600000e+002
  2.0652000e+002  7.4000000e+002
  2.0725200e+002  7.3200000e+002
  2.0798400e+002  7.3200000e+002
  2.0872400e+002  7.4000000e+002
  2.0946400e+002  7.4000000e+002
  2.1020400e+002  7.4000000e+002
  2.1094400e+002  7.4000000e+002
  2.1168400e+002  7.4000000e+002
  2.1241600e+002  7.3200000e+002
  2.1315600e+002  7.4000000e+002
  2.1390000e+002  7.4400000e+002
  2.1464000e+002  7.4000000e+002
  2.1538000e+002  7.4000000e+002
  2.1611600e+002  7.3600000e+002
  2.1685600e+002  7.4000000e+002
  2.1760000e+002  7.4400000e+002
  2.1833600e+002  7.3600000e+002
  2.1907600e+002  7.4000000e+002
  2.1981600e+002  7.4000000e+002
  2.2055200e+002  7.3600000e+002
  2.2129200e+002  7.4000000e+002
  2.2203600e+002  7.4400000e+002
  2.2277200e+002  7.3600000e+002
  2.2351200e+002  7.4000000e+002
  2.2425200e+002  7.4000000e+002
  2.2499200e+002  7.4000000e+002
  2.2573200e+002  7.4000000e+002
  2.2647200e+002  7.4000000e+002
  2.2721200e+002  7.4000000e+002
  2.2794800e+002  7.3600000e+002
  2.2868800e+002  7.4000000e+002
  2.2942400e+002  7.3600000e+002
  2.3016000e+002  7.3600000e+002
  2.3090000e+002  7.4000000e+002
  2.3163600e+002  7.3600000e+002
  2.3237200e+002  7.3600000e+002
  2.3311200e+002  7.4000000e+002
  2.3385200e+002  7.4000000e+002
  2.3439600e+002  5.4400000e+002
  2.3528800e+002  8.9200000e+002
  2.3602800e+002  7.4000000e+002
  2.3677200e+002  7.4400000e+002
  2.3751200e+002  7.4000000e+002
  2.3825200e+002  7.4000000e+002
  2.3899600e+002  7.4400000e+002
  2.3956400e+002  5.6800000e+002
  2.4046000e+002  8.9600000e+002
  2.4119200e+002  7.3200000e+002
  2.4193200e+002  7.4000000e+002
  2.4267200e+002  7.4000000e+002
  2.4341600e+002  7.4400000e+002
  2.4416000e+002  7.4400000e+002
  2.4490000e+002  7.4000000e+002
  2.4564400e+002  7.4400000e+002
  2.4638800e+002  7.4400000e+002
  2.4713200e+002  7.4400000e+002
  2.4787200e+002  7.4000000e+002
  2.4861600e+002  7.4400000e+002
  2.4936400e+002  7.4800000e+002
  2.5010400e+002  7.4000000e+002
  2.5084800e+002  7.4400000e+002
  2.5159200e+002  7.4400000e+002
  2.5233600e+002  7.4400000e+002
  2.5308000e+002  7.4400000e+002
  2.5382800e+002  7.4800000e+002
  2.5457200e+002  7.4400000e+002
  2.5531600e+002  7.4400000e+002
  2.5606400e+002  7.4800000e+002
  2.5680400e+002  7.4000000e+002
  2.5755200e+002  7.4800000e+002
  2.5829200e+002  7.4000000e+002
  2.5903600e+002  7.4400000e+002
  2.5978400e+002  7.4800000e+002
  2.6052800e+002  7.4000000e+002
  2.6127600e+002  7.4800000e+002
  2.6181600e+002  5.4000000e+002
  2.6276800e+002  9.5200000e+002
  2.6352400e+002  7.5600000e+002
  2.6427600e+002  7.5200000e+002
  2.6502400e+002  7.4800000e+002
  2.6576800e+002  7.4400000e+002
  2.6651600e+002  7.4800000e+002
  2.6706000e+002  5.4400000e+002
  2.6800800e+002  9.4800000e+002
  2.6876800e+002  7.6000000e+002
  2.6951600e+002  7.4800000e+002
  2.7026400e+002  7.4800000e+002
  2.7101200e+002  7.4800000e+002
  2.7176000e+002  7.4800000e+002
  2.7250800e+002  7.4800000e+002
  2.7325200e+002  7.4400000e+002
  2.7400000e+002  7.4800000e+002
  2.7474800e+002  7.4800000e+002
  2.7549200e+002  7.4400000e+002
  2.7624400e+002  7.5200000e+002
  2.7699200e+002  7.4800000e+002
  2.7773600e+002  7.4400000e+002
  2.7848800e+002  7.5200000e+002
  2.7924000e+002  7.5200000e+002
  2.7999200e+002  7.5200000e+002
  2.8074400e+002  7.5200000e+002
  2.8150000e+002  7.5600000e+002
  2.8225200e+002  7.5200000e+002
  2.8300000e+002  7.4800000e+002
  2.8375600e+002  7.5600000e+002
  2.8451200e+002  7.5600000e+002
  2.8526000e+002  7.4800000e+002
  2.8601200e+002  7.5200000e+002
  2.8676800e+002  7.5600000e+002
  2.8752000e+002  7.5200000e+002
  2.8827600e+002  7.5600000e+002
  2.8902800e+002  7.5200000e+002
  2.8978800e+002  7.6000000e+002
  2.9053600e+002  7.4800000e+002
  2.9129200e+002  7.5600000e+002
  2.9204800e+002  7.5600000e+002
  2.9279600e+002  7.4800000e+002
  2.9354800e+002  7.5200000e+002
  2.9430800e+002  7.6000000e+002
  2.9506000e+002  7.5200000e+002
  2.9581200e+002  7.5200000e+002
  2.9656400e+002  7.5200000e+002
  2.9731600e+002  7.5200000e+002
  2.9806400e+002  7.4800000e+002
  2.9881600e+002  7.5200000e+002
  2.9957200e+002  7.5600000e+002
  3.0031600e+002  7.4400000e+002
  3.0106800e+002  7.5200000e+002
  3.0181600e+002  7.4800000e+002
  3.0256400e+002  7.4800000e+002
  3.0331600e+002  7.5200000e+002
  3.0406400e+002  7.4800000e+002
  3.0481600e+002  7.5200000e+002
  3.0556400e+002  7.4800000e+002
  3.0631600e+002  7.5200000e+002
  3.0706800e+002  7.5200000e+002
  3.0781200e+002  7.4400000e+002
  3.0856400e+002  7.5200000e+002
  3.0930800e+002  7.4400000e+002
  3.1006000e+002  7.5200000e+002
  3.1080800e+002  7.4800000e+002
  3.1155200e+002  7.4400000e+002
  3.1230400e+002  7.5200000e+002
  3.1305200e+002  7.4800000e+002
  3.1379200e+002  7.4000000e+002
  3.1454000e+002  7.4800000e+002
  3.1528800e+002  7.4800000e+002
  3.1602400e+002  7.3600000e+002
  3.1677200e+002  7.4800000e+002
  3.1751600e+002  7.4400000e+002
  3.1826000e+002  7.4400000e+002
  3.1900400e+002  7.4400000e+002
  3.1974400e+002  7.4000000e+002
  3.2049200e+002  7.4800000e+002
  3.2124000e+002  7.4800000e+002
  3.2196400e+002  7.2400000e+002
  3.2273200e+002  7.6800000e+002
  3.2348000e+002  7.4800000e+002
  3.2422800e+002  7.4800000e+002
  3.2497600e+002  7.4800000e+002
  3.2571200e+002  7.3600000e+002
  3.2646000e+002  7.4800000e+002
  3.2720800e+002  7.4800000e+002
  3.2794800e+002  7.4000000e+002
  3.2869600e+002  7.4800000e+002
  3.2944400e+002  7.4800000e+002
  3.3018400e+002  7.4000000e+002
  3.3093600e+002  7.5200000e+002
  3.3168000e+002  7.4400000e+002
  3.3242000e+002  7.4000000e+002
  3.3316800e+002  7.4800000e+002
  3.3391600e+002  7.4800000e+002
  3.3466000e+002  7.4400000e+002
  3.3540800e+002  7.4800000e+002
  3.3616000e+002  7.5200000e+002
  3.3690400e+002  7.4400000e+002
  3.3765200e+002  7.4800000e+002
  3.3840000e+002  7.4800000e+002
  3.3915200e+002  7.5200000e+002
  3.3989600e+002  7.4400000e+002
  3.4064400e+002  7.4800000e+002
  3.4139600e+002  7.5200000e+002
  3.4214000e+002  7.4400000e+002
  3.4288400e+002  7.4400000e+002
  3.4366000e+002  7.7600000e+002
  3.4441200e+002  7.5200000e+002
  3.4516400e+002  7.5200000e+002
  3.4592000e+002  7.5600000e+002
  3.4667600e+002  7.5600000e+002
  3.4742800e+002  7.5200000e+002
  3.4818400e+002  7.5600000e+002
  3.4894000e+002  7.5600000e+002
  3.4969600e+002  7.5600000e+002
  3.5044800e+002  7.5200000e+002
  3.5120800e+002  7.6000000e+002
  3.5196400e+002  7.5600000e+002
  3.5271600e+002  7.5200000e+002
  3.5347200e+002  7.5600000e+002
  3.5422800e+002  7.5600000e+002
  3.5498000e+002  7.5200000e+002
  3.5573200e+002  7.5200000e+002
  3.5648800e+002  7.5600000e+002
  3.5724000e+002  7.5200000e+002
  3.5799200e+002  7.5200000e+002
  3.5874400e+002  7.5200000e+002
  3.5950000e+002  7.5600000e+002
  3.6024400e+002  7.4400000e+002
  3.6100000e+002  7.5600000e+002
  3.6175200e+002  7.5200000e+002
  3.6250000e+002  7.4800000e+002
  3.6325200e+002  7.5200000e+002
  3.6382000e+002  5.6800000e+002
  3.6472800e+002  9.0800000e+002
  3.6546400e+002  7.3600000e+002
  3.6621200e+002  7.4800000e+002
  3.6695600e+002  7.4400000e+002
  3.6770400e+002  7.4800000e+002
  3.6845200e+002  7.4800000e+002
  3.6919200e+002  7.4000000e+002
  3.6994000e+002  7.4800000e+002
  3.7068000e+002  7.4000000e+002
  3.7142800e+002  7.4800000e+002
  3.7218000e+002  7.5200000e+002
  3.7292000e+002  7.4000000e+002
  3.7366800e+002  7.4800000e+002
  3.7442000e+002  7.5200000e+002
  3.7516800e+002  7.4800000e+002
  3.7590800e+002  7.4000000e+002
  3.7666000e+002  7.5200000e+002
  3.7740800e+002  7.4800000e+002
  3.7814400e+002  7.3600000e+002
  3.7889600e+002  7.5200000e+002
  3.7964400e+002  7.4800000e+002
  3.8038400e+002  7.4000000e+002
  3.8113200e+002  7.4800000e+002
  3.8188000e+002  7.4800000e+002
  3.8262400e+002  7.4400000e+002
  3.8336800e+002  7.4400000e+002
  3.8412000e+002  7.5200000e+002
  3.8486800e+002  7.4800000e+002
  3.8561200e+002  7.4400000e+002
  3.8636400e+002  7.5200000e+002
  3.8711600e+002  7.5200000e+002
  3.8786400e+002  7.4800000e+002
  3.8860800e+002  7.4400000e+002
  3.8936000e+002  7.5200000e+002
  3.9011200e+002  7.5200000e+002
  3.9085600e+002  7.4400000e+002
  3.9160400e+002  7.4800000e+002
  3.9235600e+002  7.5200000e+002
  3.9310400e+002  7.4800000e+002
  3.9385200e+002  7.4800000e+002
  3.9460400e+002  7.5200000e+002
  3.9535600e+002  7.5200000e+002
  3.9610400e+002  7.4800000e+002
  3.9686000e+002  7.5600000e+002
  3.9761200e+002  7.5200000e+002
  3.9836000e+002  7.4800000e+002
  3.9911200e+002  7.5200000e+002
  3.9986800e+002  7.5600000e+002
  4.0061600e+002  7.4800000e+002
  4.0136800e+002  7.5200000e+002
  4.0211600e+002  7.4800000e+002
  4.0286000e+002  7.4400000e+002
  4.0361200e+002  7.5200000e+002
  4.0436800e+002  7.5600000e+002
  4.0512400e+002  7.5600000e+002
  4.0587600e+002  7.5200000e+002
  4.0662800e+002  7.5200000e+002
  4.0737600e+002  7.4800000e+002
  4.0812400e+002  7.4800000e+002
  4.0887600e+002  7.5200000e+002
  4.0962000e+002  7.4400000e+002
  4.1036400e+002  7.4400000e+002
  4.1110800e+002  7.4400000e+002
  4.1186000e+002  7.5200000e+002
  4.1260800e+002  7.4800000e+002
  4.1335600e+002  7.4800000e+002
  4.1410400e+002  7.4800000e+002
  4.1484800e+002  7.4400000e+002
  4.1559200e+002  7.4400000e+002
  4.1633200e+002  7.4000000e+002
  4.1707600e+002  7.4400000e+002
  4.1782000e+002  7.4400000e+002
  4.1856800e+002  7.4800000e+002
  4.1931600e+002  7.4800000e+002
  4.2006000e+002  7.4400000e+002
  4.2080000e+002  7.4000000e+002
  4.2154400e+002  7.4400000e+002
  4.2229200e+002  7.4800000e+002
  4.2302800e+002  7.3600000e+002
  4.2377600e+002  7.4800000e+002
  4.2452000e+002  7.4400000e+002
  4.2526000e+002  7.4000000e+002
  4.2600400e+002  7.4400000e+002
  4.2674400e+002  7.4000000e+002
  4.2748800e+002  7.4400000e+002
  4.2823600e+002  7.4800000e+002
  4.2897600e+002  7.4000000e+002
  4.2971600e+002  7.4000000e+002
  4.3046000e+002  7.4400000e+002
  4.3119600e+002  7.3600000e+002
  4.3194400e+002  7.4800000e+002
  4.3268800e+002  7.4400000e+002
  4.3342400e+002  7.3600000e+002
  4.3416400e+002  7.4000000e+002
  4.3490800e+002  7.4400000e+002
  4.3564400e+002  7.3600000e+002
  4.3638800e+002  7.4400000e+002
  4.3713200e+002  7.4400000e+002
  4.3787200e+002  7.4000000e+002
  4.3861600e+002  7.4400000e+002
  4.3936400e+002  7.4800000e+002
  4.4010800e+002  7.4400000e+002
  4.4085600e+002  7.4800000e+002
  4.4160400e+002  7.4800000e+002
  4.4234400e+002  7.4000000e+002
  4.4309200e+002  7.4800000e+002
  4.4384000e+002  7.4800000e+002
  4.4458000e+002  7.4000000e+002
  4.4532800e+002  7.4800000e+002
  4.4607600e+002  7.4800000e+002
  4.4681600e+002  7.4000000e+002
  4.4756000e+002  7.4400000e+002
  4.4830400e+002  7.4400000e+002
  4.4905200e+002  7.4800000e+002
  4.4979200e+002  7.4000000e+002
  4.5054000e+002  7.4800000e+002
  4.5128800e+002  7.4800000e+002
  4.5202800e+002  7.4000000e+002
  4.5277600e+002  7.4800000e+002
  4.5352000e+002  7.4400000e+002
  4.5426400e+002  7.4400000e+002
  4.5501600e+002  7.5200000e+002
  4.5576000e+002  7.4400000e+002
  4.5650400e+002  7.4400000e+002
  4.5725200e+002  7.4800000e+002
  4.5800000e+002  7.4800000e+002
  4.5874800e+002  7.4800000e+002
  4.5949600e+002  7.4800000e+002
  4.6024000e+002  7.4400000e+002
  4.6098400e+002  7.4400000e+002
  4.6173600e+002  7.5200000e+002
  4.6248400e+002  7.4800000e+002
  4.6322400e+002  7.4000000e+002
  4.6397200e+002  7.4800000e+002
  4.6472400e+002  7.5200000e+002
  4.6546400e+002  7.4000000e+002
  4.6620800e+002  7.4400000e+002
  4.6695600e+002  7.4800000e+002
  4.6770000e+002  7.4400000e+002
  4.6845200e+002  7.5200000e+002
  4.6920000e+002  7.4800000e+002
  4.6994400e+002  7.4400000e+002
  4.7069600e+002  7.5200000e+002
  4.7144800e+002  7.5200000e+002
  4.7218800e+002  7.4000000e+002
  4.7293600e+002  7.4800000e+002
  4.7368800e+002  7.5200000e+002
  4.7443600e+002  7.4800000e+002
  4.7518400e+002  7.4800000e+002
  4.7593600e+002  7.5200000e+002
  4.7668800e+002  7.5200000e+002
  4.7743200e+002  7.4400000e+002
  4.7818400e+002  7.5200000e+002
  4.7893600e+002  7.5200000e+002
  4.7968400e+002  7.4800000e+002
  4.8043200e+002  7.4800000e+002
  4.8097600e+002  5.4400000e+002
  4.8192400e+002  9.4800000e+002
  4.8268400e+002  7.6000000e+002
  4.8343200e+002  7.4800000e+002
  4.8418000e+002  7.4800000e+002
  4.8492800e+002  7.4800000e+002
  4.8568000e+002  7.5200000e+002
  4.8642400e+002  7.4400000e+002
  4.8716800e+002  7.4400000e+002
  4.8791600e+002  7.4800000e+002
  4.8866400e+002  7.4800000e+002
  4.8941200e+002  7.4800000e+002
  4.9015600e+002  7.4400000e+002
  4.9090400e+002  7.4800000e+002
  4.9165600e+002  7.5200000e+002
  4.9240000e+002  7.4400000e+002
  4.9314800e+002  7.4800000e+002
  4.9389600e+002  7.4800000e+002
  4.9463600e+002  7.4000000e+002
  4.9538400e+002  7.4800000e+002
  4.9612800e+002  7.4400000e+002
  4.9687600e+002  7.4800000e+002
  4.9762000e+002  7.4400000e+002
  4.9836800e+002  7.4800000e+002
  4.9912000e+002  7.5200000e+002
  4.9986800e+002  7.4800000e+002
  5.0060800e+002  7.4000000e+002
  5.0136000e+002  7.5200000e+002
  5.0189200e+002  5.3200000e+002
  5.0279600e+002  9.0400000e+002
  5.0354000e+002  7.4400000e+002
  5.0429200e+002  7.5200000e+002
  5.0504000e+002  7.4800000e+002
  5.0578400e+002  7.4400000e+002
  5.0653600e+002  7.5200000e+002
  5.0728400e+002  7.4800000e+002
  5.0802800e+002  7.4400000e+002
  5.0877600e+002  7.4800000e+002
  5.0952400e+002  7.4800000e+002
  5.1026400e+002  7.4000000e+002
  5.1101600e+002  7.5200000e+002
  5.1176400e+002  7.4800000e+002
  5.1251200e+002  7.4800000e+002
  5.1326000e+002  7.4800000e+002
  5.1400800e+002  7.4800000e+002
  5.1475600e+002  7.4800000e+002
  5.1549600e+002  7.4000000e+002
  5.1624800e+002  7.5200000e+002
  5.1699600e+002  7.4800000e+002
  5.1774000e+002  7.4400000e+002
  5.1848800e+002  7.4800000e+002
  5.1923600e+002  7.4800000e+002
  5.1998000e+002  7.4400000e+002
  5.2073200e+002  7.5200000e+002
  5.2148400e+002  7.5200000e+002
  5.2222400e+002  7.4000000e+002
  5.2297600e+002  7.5200000e+002
  5.2372800e+002  7.5200000e+002
  5.2446800e+002  7.4000000e+002
  5.2522000e+002  7.5200000e+002
  5.2596800e+002  7.4800000e+002
  5.2671200e+002  7.4400000e+002
  5.2746000e+002  7.4800000e+002
  5.2820800e+002  7.4800000e+002
  5.2874000e+002  5.3200000e+002
  5.2970000e+002  9.6000000e+002
  5.3045200e+002  7.5200000e+002
  5.3120000e+002  7.4800000e+002
  5.3194400e+002  7.4400000e+002
  5.3268000e+002  7.3600000e+002
  5.3342000e+002  7.4000000e+002
  5.3416800e+002  7.4800000e+002
  5.3491200e+002  7.4400000e+002
  5.3565600e+002  7.4400000e+002
  5.3640000e+002  7.4400000e+002
  5.3714400e+002  7.4400000e+002
  5.3788800e+002  7.4400000e+002
  5.3862800e+002  7.4000000e+002
  5.3936400e+002  7.3600000e+002
  5.4010400e+002  7.4000000e+002
  5.4084000e+002  7.3600000e+002
  5.4158000e+002  7.4000000e+002
  5.4231600e+002  7.3600000e+002
  5.4306000e+002  7.4400000e+002
  5.4380000e+002  7.4000000e+002
  5.4454000e+002  7.4000000e+002
  5.4528000e+002  7.4000000e+002
  5.4602000e+002  7.4000000e+002
  5.4675600e+002  7.3600000e+002
  5.4749200e+002  7.3600000e+002
  5.4822800e+002  7.3600000e+002
  5.4896800e+002  7.4000000e+002
  5.4971200e+002  7.4400000e+002
  5.5046000e+002  7.4800000e+002
  5.5120400e+002  7.4400000e+002
  5.5194400e+002  7.4000000e+002
  5.5268800e+002  7.4400000e+002
  5.5342400e+002  7.3600000e+002
  5.5416800e+002  7.4400000e+002
  5.5491200e+002  7.4400000e+002
  5.5564800e+002  7.3600000e+002
  5.5639200e+002  7.4400000e+002
  5.5713200e+002  7.4000000e+002
  5.5787200e+002  7.4000000e+002
  5.5861600e+002  7.4400000e+002
  5.5936400e+002  7.4800000e+002
  5.6010000e+002  7.3600000e+002
  5.6084800e+002  7.4800000e+002
  5.6159600e+002  7.4800000e+002
  5.6233200e+002  7.3600000e+002
  5.6308000e+002  7.4800000e+002
  5.6382400e+002  7.4400000e+002
  5.6456000e+002  7.3600000e+002
  5.6530400e+002  7.4400000e+002
  5.6604800e+002  7.4400000e+002
  5.6678800e+002  7.4000000e+002
  5.6753600e+002  7.4800000e+002
  5.6828000e+002  7.4400000e+002
  5.6902000e+002  7.4000000e+002
  5.6976400e+002  7.4400000e+002
  5.7050800e+002  7.4400000e+002
  5.7124800e+002  7.4000000e+002
  5.7199600e+002  7.4800000e+002
  5.7274000e+002  7.4400000e+002
  5.7348000e+002  7.4000000e+002
  5.7422400e+002  7.4400000e+002
  5.7496800e+002  7.4400000e+002
  5.7570400e+002  7.3600000e+002
  5.7645200e+002  7.4800000e+002
  5.7719600e+002  7.4400000e+002
  5.7793600e+002  7.4000000e+002
  5.7868000e+002  7.4400000e+002
  5.7942400e+002  7.4400000e+002
  5.8016800e+002  7.4400000e+002
  5.8090800e+002  7.4000000e+002
  5.8165200e+002  7.4400000e+002
  5.8239600e+002  7.4400000e+002
  5.8314400e+002  7.4800000e+002
  5.8388800e+002  7.4400000e+002
  5.8463600e+002  7.4800000e+002
  5.8537200e+002  7.3600000e+002
  5.8611600e+002  7.4400000e+002
  5.8685600e+002  7.4000000e+002
  5.8760400e+002  7.4800000e+002
  5.8834400e+002  7.4000000e+002
  5.8908400e+002  7.4000000e+002
  5.8982400e+002  7.4000000e+002
  5.9055600e+002  7.3200000e+002
  5.9129600e+002  7.4000000e+002
  5.9203200e+002  7.3600000e+002
  5.9276800e+002  7.3600000e+002
  5.9350400e+002  7.3600000e+002
  5.9424000e+002  7.3600000e+002
  5.9497600e+002  7.3600000e+002
  5.9571600e+002  7.4000000e+002
  5.9645600e+002  7.4000000e+002
  5.9719200e+002  7.3600000e+002
  5.9793200e+002  7.4000000e+002
  5.9867200e+002  7.4000000e+002
  5.9941600e+002  7.4400000e+002
  6.0015600e+002  7.4000000e+002
  6.0090000e+002  7.4400000e+002
  6.0164400e+002  7.4400000e+002
  6.0238000e+002  7.3600000e+002
  6.0312800e+002  7.4800000e+002
  6.0387200e+002  7.4400000e+002
  6.0461200e+002  7.4000000e+002
  6.0535600e+002  7.4400000e+002
  6.0610000e+002  7.4400000e+002
  6.0684000e+002  7.4000000e+002
  6.0758800e+002  7.4800000e+002
  6.0833200e+002  7.4400000e+002
  6.0907200e+002  7.4000000e+002
  6.0982000e+002  7.4800000e+002
  6.1056400e+002  7.4400000e+002
  6.1130800e+002  7.4400000e+002
  6.1205600e+002  7.4800000e+002
  6.1280000e+002  7.4400000e+002
  6.1354800e+002  7.4800000e+002
  6.1429200e+002  7.4400000e+002
  6.1504000e+002  7.4800000e+002
  6.1578800e+002  7.4800000e+002
  6.1652800e+002  7.4000000e+002
  6.1727600e+002  7.4800000e+002
  6.1802400e+002  7.4800000e+002
  6.1876800e+002  7.4400000e+002
  6.1951200e+002  7.4400000e+002
  6.2026000e+002  7.4800000e+002
  6.2100400e+002  7.4400000e+002
  6.2174800e+002  7.4400000e+002
  6.2249600e+002  7.4800000e+002
  6.2324400e+002  7.4800000e+002
  6.2399200e+002  7.4800000e+002
  6.2474000e+002  7.4800000e+002
  6.2548800e+002  7.4800000e+002
  6.2623600e+002  7.4800000e+002
  6.2698800e+002  7.5200000e+002
  6.2774000e+002  7.5200000e+002
  6.2849200e+002  7.5200000e+002
  6.2924400e+002  7.5200000e+002
  6.3000400e+002  7.6000000e+002
  6.3076800e+002  7.6400000e+002
  6.3152400e+002  7.5600000e+002
  6.3228800e+002  7.6400000e+002
  6.3304800e+002  7.6000000e+002
  6.3359200e+002  5.4400000e+002
  6.3451200e+002  9.2000000e+002
  6.3527200e+002  7.6000000e+002
  6.3603200e+002  7.6000000e+002
  6.3678800e+002  7.5600000e+002
  6.3754800e+002  7.6000000e+002
  6.3830400e+002  7.5600000e+002
  6.3905600e+002  7.5200000e+002
  6.3980800e+002  7.5200000e+002
  6.4056400e+002  7.5600000e+002
  6.4131200e+002  7.4800000e+002
  6.4206400e+002  7.5200000e+002
  6.4282000e+002  7.5600000e+002
  6.4356800e+002  7.4800000e+002
  6.4431600e+002  7.4800000e+002
  6.4507200e+002  7.5600000e+002
  6.4582400e+002  7.5200000e+002
  6.4658000e+002  7.5600000e+002
  6.4733200e+002  7.5200000e+002
  6.4808800e+002  7.5600000e+002
  6.4883600e+002  7.4800000e+002
  6.4959200e+002  7.5600000e+002
  6.5034800e+002  7.5600000e+002
  6.5109600e+002  7.4800000e+002
  6.5185200e+002  7.5600000e+002
  6.5260400e+002  7.5200000e+002
  6.5336000e+002  7.5600000e+002
  6.5411200e+002  7.5200000e+002
  6.5486400e+002  7.5200000e+002
  6.5561600e+002  7.5200000e+002
  6.5636800e+002  7.5200000e+002
  6.5690800e+002  5.4000000e+002
  6.5782000e+002  9.1200000e+002
  6.5857200e+002  7.5200000e+002
  6.5932000e+002  7.4800000e+002
  6.6007200e+002  7.5200000e+002
  6.6081600e+002  7.4400000e+002
  6.6156400e+002  7.4800000e+002
  6.6231200e+002  7.4800000e+002
  6.6306400e+002  7.5200000e+002
  6.6380800e+002  7.4400000e+002
  6.6455600e+002  7.4800000e+002
  6.6530400e+002  7.4800000e+002
  6.6604800e+002  7.4400000e+002
  6.6679600e+002  7.4800000e+002
  6.6754400e+002  7.4800000e+002
  6.6829200e+002  7.4800000e+002
  6.6904000e+002  7.4800000e+002
  6.6979200e+002  7.5200000e+002
  6.7053200e+002  7.4000000e+002
  6.7127600e+002  7.4400000e+002
  6.7202400e+002  7.4800000e+002
  6.7256800e+002  5.4400000e+002
  6.7350800e+002  9.4000000e+002
  6.7425200e+002  7.4400000e+002
  6.7500400e+002  7.5200000e+002
  6.7574800e+002  7.4400000e+002
  6.7649600e+002  7.4800000e+002
  6.7724400e+002  7.4800000e+002
  6.7798400e+002  7.4000000e+002
  6.7872800e+002  7.4400000e+002
  6.7945200e+002  7.2400000e+002
  6.8021600e+002  7.6400000e+002
  6.8094000e+002  7.2400000e+002
  6.8168800e+002  7.4800000e+002
  6.8244000e+002  7.5200000e+002
  6.8314400e+002  7.0400000e+002
  6.8389600e+002  7.5200000e+002
  6.8464400e+002  7.4800000e+002
  6.8535200e+002  7.0800000e+002
  6.8611600e+002  7.6400000e+002
  6.8687200e+002  7.5600000e+002
  6.8758000e+002  7.0800000e+002
  6.8834000e+002  7.6000000e+002
  6.8906000e+002  7.2000000e+002
  6.8977200e+002  7.1200000e+002
  6.9052800e+002  7.5600000e+002
  6.9127600e+002  7.4800000e+002
  6.9197600e+002  7.0000000e+002
  6.9273600e+002  7.6000000e+002
  6.9348400e+002  7.4800000e+002
  6.9418800e+002  7.0400000e+002
  6.9494800e+002  7.6000000e+002
  6.9569600e+002  7.4800000e+002
  6.9639200e+002  6.9600000e+002
  6.9715600e+002  7.6400000e+002
  6.9790800e+002  7.5200000e+002
  6.9860400e+002  6.9600000e+002
  6.9936000e+002  7.5600000e+002
  7.0009600e+002  7.3600000e+002
  7.0078400e+002  6.8800000e+002
  7.0153200e+002  7.4800000e+002
  7.0227600e+002  7.4400000e+002
  7.0297600e+002  7.0000000e+002
  7.0370800e+002  7.3200000e+002
  7.0445200e+002  7.4400000e+002
  7.0517600e+002  7.2400000e+002
  7.0590800e+002  7.3200000e+002
  7.0665600e+002  7.4800000e+002
  7.0736400e+002  7.0800000e+002
  7.0810400e+002  7.4000000e+002
  7.0883600e+002  7.3200000e+002
  7.0953600e+002  7.0000000e+002
  7.1028400e+002  7.4800000e+002
  7.1100800e+002  7.2400000e+002
  7.1174000e+002  7.3200000e+002
  7.1247200e+002  7.3200000e+002
  7.1316400e+002  6.9200000e+002
  7.1391600e+002  7.5200000e+002
  7.1461200e+002  6.9600000e+002
  7.1537200e+002  7.6000000e+002
  7.1610400e+002  7.3200000e+002
  7.1679200e+002  6.8800000e+002
  7.1754400e+002  7.5200000e+002
  7.1823200e+002  6.8800000e+002
  7.1896400e+002  7.3200000e+002
  7.1969200e+002  7.2800000e+002
  7.2039600e+002  7.0400000e+002
  7.2111600e+002  7.2000000e+002
  7.2185600e+002  7.4000000e+002
  7.2254400e+002  6.8800000e+002
  7.2328000e+002  7.3600000e+002
  7.2401200e+002  7.3200000e+002
  7.2465600e+002  6.4400000e+002
  7.2542000e+002  7.6400000e+002
  7.2614800e+002  7.2800000e+002
  7.2684000e+002  6.9200000e+002
  7.2757600e+002  7.3600000e+002
  7.2831200e+002  7.3600000e+002
  7.2898800e+002  6.7600000e+002
  7.2971600e+002  7.2800000e+002
  7.3042400e+002  7.0800000e+002
  7.3113600e+002  7.1200000e+002
  7.3186800e+002  7.3200000e+002
  7.3256000e+002  6.9200000e+002
  7.3328400e+002  7.2400000e+002
  7.3402000e+002  7.3600000e+002
  7.3470400e+002  6.8400000e+002
  7.3542000e+002  7.1600000e+002
  7.3614800e+002  7.2800000e+002
  7.3683600e+002  6.8800000e+002
  7.3756000e+002  7.2400000e+002
  7.3829200e+002  7.3200000e+002
  7.3897600e+002  6.8400000e+002
  7.3971200e+002  7.3600000e+002
  7.4043600e+002  7.2400000e+002
  7.4113200e+002  6.9600000e+002
  7.4184000e+002  7.0800000e+002
  7.4257600e+002  7.3600000e+002
  7.4330400e+002  7.2800000e+002
  7.4402800e+002  7.2400000e+002
  7.4472000e+002  6.9200000e+002
  7.4546800e+002  7.4800000e+002
  7.4620800e+002  7.4000000e+002
  7.4691200e+002  7.0400000e+002
  7.4766800e+002  7.5600000e+002
  7.4841600e+002  7.4800000e+002
  7.4910400e+002  6.8800000e+002
  7.4984800e+002  7.4400000e+002
  7.5058400e+002  7.3600000e+002
  7.5129200e+002  7.0800000e+002
  7.5203200e+002  7.4000000e+002
  7.5277600e+002  7.4400000e+002
  7.5351600e+002  7.4000000e+002
  7.5422000e+002  7.0400000e+002
  7.5498000e+002  7.6000000e+002
  7.5572800e+002  7.4800000e+002
  7.5642400e+002  6.9600000e+002
  7.5718000e+002  7.5600000e+002
  7.5792800e+002  7.4800000e+002
  7.5863600e+002  7.0800000e+002
  7.5936800e+002  7.3200000e+002
  7.6012000e+002  7.5200000e+002
  7.6081600e+002  6.9600000e+002
  7.6156800e+002  7.5200000e+002
  7.6232000e+002  7.5200000e+002
  7.6303200e+002  7.1200000e+002
  7.6378000e+002  7.4800000e+002
  7.6453200e+002  7.5200000e+002
  7.6527600e+002  7.4400000e+002
  7.6598800e+002  7.1200000e+002
  7.6674800e+002  7.6000000e+002
  7.6750800e+002  7.6000000e+002
  7.6822400e+002  7.1600000e+002
  7.6898800e+002  7.6400000e+002
  7.6974800e+002  7.6000000e+002
  7.7047600e+002  7.2800000e+002
  7.7119600e+002  7.2000000e+002
  7.7194800e+002  7.5200000e+002
  7.7270000e+002  7.5200000e+002
  7.7340800e+002  7.0800000e+002
  7.7417200e+002  7.6400000e+002
  7.7492400e+002  7.5200000e+002
  7.7563200e+002  7.0800000e+002
  7.7639200e+002  7.6000000e+002
  7.7714400e+002  7.5200000e+002
  7.7784800e+002  7.0400000e+002
  7.7859600e+002  7.4800000e+002
  7.7934800e+002  7.5200000e+002
  7.8008000e+002  7.3200000e+002
  7.8082000e+002  7.4000000e+002
  7.8158400e+002  7.6400000e+002
  7.8234000e+002  7.5600000e+002
  7.8303200e+002  6.9200000e+002
  7.8378800e+002  7.5600000e+002
  7.8454400e+002  7.5600000e+002
  7.8524800e+002  7.0400000e+002
  7.8601600e+002  7.6800000e+002
  7.8674400e+002  7.2800000e+002
  7.8746000e+002  7.1600000e+002
  7.8822000e+002  7.6000000e+002
  7.8874800e+002  5.2800000e+002
  7.8962000e+002  8.7200000e+002
  7.9040400e+002  7.8400000e+002
  7.9115200e+002  7.4800000e+002
  7.9188800e+002  7.3600000e+002
  7.9262000e+002  7.3200000e+002
  7.9334400e+002  7.2400000e+002
  7.9409600e+002  7.5200000e+002
  7.9483200e+002  7.3600000e+002
  7.9556000e+002  7.2800000e+002
  7.9630800e+002  7.4800000e+002
  7.9704000e+002  7.3200000e+002
  7.9776000e+002  7.2000000e+002
  7.9850800e+002  7.4800000e+002
  7.9925600e+002  7.4800000e+002
  7.9996000e+002  7.0400000e+002
  8.0071600e+002  7.5600000e+002
  8.0144800e+002  7.3200000e+002
  8.0217600e+002  7.2800000e+002
  8.0292800e+002  7.5200000e+002
  8.0362800e+002  7.0000000e+002
  8.0436400e+002  7.3600000e+002
  8.0510000e+002  7.3600000e+002
  8.0580000e+002  7.0000000e+002
  8.0654800e+002  7.4800000e+002
  8.0729600e+002  7.4800000e+002
  8.0798800e+002  6.9200000e+002
  8.0874000e+002  7.5200000e+002
  8.0947200e+002  7.3200000e+002
  8.1016800e+002  6.9600000e+002
  8.1091600e+002  7.4800000e+002
  8.1162400e+002  7.0800000e+002
  8.1232400e+002  7.0000000e+002
  8.1307200e+002  7.4800000e+002
  8.1376800e+002  6.9600000e+002
  8.1451200e+002  7.4400000e+002
  8.1524000e+002  7.2800000e+002
  8.1592800e+002  6.8800000e+002
  8.1666800e+002  7.4000000e+002
  8.1740800e+002  7.4000000e+002
  8.1810400e+002  6.9600000e+002
  8.1886400e+002  7.6000000e+002
  8.1957600e+002  7.1200000e+002
  8.2028000e+002  7.0400000e+002
  8.2103200e+002  7.5200000e+002
  8.2155600e+002  5.2400000e+002
  8.2242800e+002  8.7200000e+002
  8.2320800e+002  7.8000000e+002
  8.2396000e+002  7.5200000e+002
  8.2469200e+002  7.3200000e+002
  8.2543200e+002  7.4000000e+002
  8.2613600e+002  7.0400000e+002
  8.2684000e+002  7.0400000e+002
  8.2758800e+002  7.4800000e+002
  8.2828400e+002  6.9600000e+002
  8.2900400e+002  7.2000000e+002
  8.2974400e+002  7.4000000e+002
  8.3043600e+002  6.9200000e+002
  8.3117600e+002  7.4000000e+002
  8.3191600e+002  7.4000000e+002
  8.3260800e+002  6.9200000e+002
  8.3336400e+002  7.5600000e+002
  8.3409600e+002  7.3200000e+002
  8.3479200e+002  6.9600000e+002
  8.3552800e+002  7.3600000e+002
  8.3623600e+002  7.0800000e+002
  8.3695600e+002  7.2000000e+002
  8.3769600e+002  7.4000000e+002
  8.3840000e+002  7.0400000e+002
  8.3913200e+002  7.3200000e+002
  8.3987600e+002  7.4400000e+002
  8.4057200e+002  6.9600000e+002
  8.4127600e+002  7.0400000e+002
  8.4201600e+002  7.4000000e+002
  8.4271200e+002  6.9600000e+002
  8.4346400e+002  7.5200000e+002
  8.4420000e+002  7.3600000e+002
  8.4488400e+002  6.8400000e+002
  8.4563200e+002  7.4800000e+002
  8.4634000e+002  7.0800000e+002
  8.4708400e+002  7.4400000e+002
  8.4781200e+002  7.2800000e+002
  8.4854800e+002  7.3600000e+002
  8.4928800e+002  7.4000000e+002
  8.4996800e+002  6.8000000e+002
  8.5070800e+002  7.4000000e+002
  8.5139600e+002  6.8800000e+002
  8.5215200e+002  7.5600000e+002
  8.5288800e+002  7.3600000e+002
  8.5358800e+002  7.0000000e+002
  8.5434000e+002  7.5200000e+002
  8.5504400e+002  7.0400000e+002
  8.5578400e+002  7.4000000e+002
  8.5650800e+002  7.2400000e+002
  8.5720400e+002  6.9600000e+002
  8.5794000e+002  7.3600000e+002
  8.5867600e+002  7.3600000e+002
  8.5936400e+002  6.8800000e+002
  8.6010800e+002  7.4400000e+002
  8.6084000e+002  7.3200000e+002
  8.6153600e+002  6.9600000e+002
  8.6228800e+002  7.5200000e+002
  8.6302400e+002  7.3600000e+002
  8.6372000e+002  6.9600000e+002
  8.6446000e+002  7.4000000e+002
  8.6517200e+002  7.1200000e+002
  8.6586800e+002  6.9600000e+002
  8.6660800e+002  7.4000000e+002
  8.6734000e+002  7.3200000e+002
  8.6804000e+002  7.0000000e+002
  8.6878000e+002  7.4000000e+002
  8.6951200e+002  7.3200000e+002
  8.7019600e+002  6.8400000e+002
  8.7092400e+002  7.2800000e+002
  8.7166000e+002  7.3600000e+002
  8.7234800e+002  6.8800000e+002
  8.7307600e+002  7.2800000e+002
  8.7380400e+002  7.2800000e+002
  8.7434000e+002  5.3600000e+002
  8.7519600e+002  8.5600000e+002
  8.7594400e+002  7.4800000e+002
  8.7663600e+002  6.9200000e+002
  8.7737200e+002  7.3600000e+002
  8.7809600e+002  7.2400000e+002
  8.7878000e+002  6.8400000e+002
  8.7951600e+002  7.3600000e+002
  8.8024800e+002  7.3200000e+002
  8.8093200e+002  6.8400000e+002
  8.8166400e+002  7.3200000e+002
  8.8237200e+002  7.0800000e+002
  8.8306000e+002  6.8800000e+002
  8.8378000e+002  7.2000000e+002
  8.8450400e+002  7.2400000e+002
  8.8519200e+002  6.8800000e+002
  8.8592400e+002  7.3200000e+002
  8.8662000e+002  6.9600000e+002
  8.8730800e+002  6.8800000e+002
  8.8804000e+002  7.3200000e+002
  8.8872400e+002  6.8400000e+002
  8.8944800e+002  7.2400000e+002
  8.9016800e+002  7.2000000e+002
  8.9084800e+002  6.8000000e+002
  8.9158000e+002  7.3200000e+002
  8.9230800e+002  7.2800000e+002
  8.9298800e+002  6.8000000e+002
  8.9373200e+002  7.4400000e+002
  8.9445200e+002  7.2000000e+002
  8.9513200e+002  6.8000000e+002
  8.9585200e+002  7.2000000e+002
  8.9653600e+002  6.8400000e+002
  8.9724000e+002  7.0400000e+002
  8.9796400e+002  7.2400000e+002
  8.9864000e+002  6.7600000e+002
  8.9935200e+002  7.1200000e+002
  9.0007200e+002  7.2000000e+002
  9.0074800e+002  6.7600000e+002
  9.0146400e+002  7.1600000e+002
  9.0218400e+002  7.2000000e+002
  9.0286000e+002  6.7600000e+002
  9.0357600e+002  7.1600000e+002
  9.0428000e+002  7.0400000e+002
  9.0495600e+002  6.7600000e+002
  9.0568000e+002  7.2400000e+002
  9.0636000e+002  6.8000000e+002
  9.0708800e+002  7.2800000e+002
  9.0780800e+002  7.2000000e+002
  9.0848000e+002  6.7200000e+002
  9.0920400e+002  7.2400000e+002
  9.0992000e+002  7.1600000e+002
  9.1058800e+002  6.6800000e+002
  9.1130000e+002  7.1200000e+002
  9.1200800e+002  7.0800000e+002
  9.1269600e+002  6.8800000e+002
  9.1340000e+002  7.0400000e+002
  9.1411600e+002  7.1600000e+002
  9.1481200e+002  6.9600000e+002
  9.1552400e+002  7.1200000e+002
  9.1624400e+002  7.2000000e+002
  9.1692400e+002  6.8000000e+002
  9.1764400e+002  7.2000000e+002
  9.1836400e+002  7.2000000e+002
  9.1904400e+002  6.8000000e+002
  9.1976800e+002  7.2400000e+002
  9.2048800e+002  7.2000000e+002
  9.2116400e+002  6.7600000e+002
  9.2187600e+002  7.1200000e+002
  9.2257600e+002  7.0000000e+002
  9.2325600e+002  6.8000000e+002
  9.2397600e+002  7.2000000e+002
  9.2469200e+002  7.1600000e+002
  9.2536000e+002  6.6800000e+002
  9.2608800e+002  7.2800000e+002
  9.2678000e+002  6.9200000e+002
  9.2746800e+002  6.8800000e+002
  9.2819200e+002  7.2400000e+002
  9.2886800e+002  6.7600000e+002
  9.2959200e+002  7.2400000e+002
  9.3030800e+002  7.1600000e+002
  9.3098000e+002  6.7200000e+002
  9.3170800e+002  7.2800000e+002
  9.3240000e+002  6.9200000e+002
  9.3308000e+002  6.8000000e+002
  9.3380400e+002  7.2400000e+002
  9.3447600e+002  6.7200000e+002
  9.3517200e+002  6.9600000e+002
  9.3587600e+002  7.0400000e+002
  9.3656400e+002  6.8800000e+002
  9.3724400e+002  6.8000000e+002
  9.3796400e+002  7.2000000e+002
  9.3866000e+002  6.9600000e+002
  9.3933600e+002  6.7600000e+002
  9.4006000e+002  7.2400000e+002
  9.4073600e+002  6.7600000e+002
  9.4141200e+002  6.7600000e+002
  9.4212000e+002  7.0800000e+002
  9.4280800e+002  6.8800000e+002
  9.4349600e+002  6.8800000e+002
  9.4400000e+002  5.0400000e+002
  9.4484000e+002  8.4000000e+002
  9.4557200e+002  7.3200000e+002
  9.4626000e+002  6.8800000e+002
  9.4694000e+002  6.8000000e+002
  9.4765600e+002  7.1600000e+002
  9.4833200e+002  6.7600000e+002
  9.4900800e+002  6.7600000e+002
  9.4972400e+002  7.1600000e+002
  9.5042400e+002  7.0000000e+002
  9.5108800e+002  6.6400000e+002
  9.5180800e+002  7.2000000e+002
  9.5251200e+002  7.0400000e+002
  9.5317200e+002  6.6000000e+002
  9.5388800e+002  7.1600000e+002
  9.5458000e+002  6.9200000e+002
  9.5524800e+002  6.6800000e+002
  9.5596400e+002  7.1600000e+002
  9.5662800e+002  6.6400000e+002
  9.5733600e+002  7.0800000e+002
  9.5804000e+002  7.0400000e+002
  9.5869600e+002  6.5600000e+002
  9.5941200e+002  7.1600000e+002
  9.6009200e+002  6.8000000e+002
  9.6076400e+002  6.7200000e+002
  9.6147200e+002  7.0800000e+002
  9.6213600e+002  6.6400000e+002
  9.6283600e+002  7.0000000e+002
  9.6353200e+002  6.9600000e+002
  9.6418800e+002  6.5600000e+002
  9.6488800e+002  7.0000000e+002
  9.6557600e+002  6.8800000e+002
  9.6622800e+002  6.5200000e+002
  9.6691200e+002  6.8400000e+002
  9.6760000e+002  6.8800000e+002
  9.6817200e+002  5.7200000e+002
  9.6874000e+002  5.6800000e+002
  9.6958400e+002  8.4400000e+002
  9.7028400e+002  7.0000000e+002
  9.7096000e+002  6.7600000e+002
  9.7166000e+002  7.0000000e+002
  9.7232000e+002  6.6000000e+002
  9.7300800e+002  6.8800000e+002
  9.7370000e+002  6.9200000e+002
  9.7434800e+002  6.4800000e+002
  9.7504800e+002  7.0000000e+002
  9.7572000e+002  6.7200000e+002
  9.7638000e+002  6.6000000e+002
  9.7708000e+002  7.0000000e+002
  9.7776800e+002  6.8800000e+002
  9.7841600e+002  6.4800000e+002
  9.7911600e+002  7.0000000e+002
  9.7980400e+002  6.8800000e+002
  9.8045600e+002  6.5200000e+002
  9.8116000e+002  7.0400000e+002
  9.8184000e+002  6.8000000e+002
  9.8249600e+002  6.5600000e+002
  9.8318000e+002  6.8400000e+002
  9.8387600e+002  6.9600000e+002
  9.8456000e+002  6.8400000e+002
  9.8522000e+002  6.6000000e+002
  9.8592000e+002  7.0000000e+002
  9.8661200e+002  6.9200000e+002
  9.8726800e+002  6.5600000e+002
  9.8797200e+002  7.0400000e+002
  9.8866000e+002  6.8800000e+002
  9.8932000e+002  6.6000000e+002
  9.9001600e+002  6.9600000e+002
  9.9070400e+002  6.8800000e+002
  9.9136400e+002  6.6000000e+002
  9.9206000e+002  6.9600000e+002
  9.9275200e+002  6.9200000e+002
  9.9340800e+002  6.5600000e+002
  9.9410400e+002  6.9600000e+002
  9.9479200e+002  6.8800000e+002
  9.9544800e+002  6.5600000e+002
  9.9591200e+002  4.6400000e+002
  9.9675600e+002  8.4400000e+002
  9.9744800e+002  6.9200000e+002
  9.9814400e+002  6.9600000e+002
  9.9883600e+002  6.9200000e+002
  9.9948800e+002  6.5200000e+002
  1.0001840e+003  6.9600000e+002
  1.0008480e+003  6.6400000e+002
  1.0015080e+003  6.6000000e+002
  1.0022000e+003  6.9200000e+002
  1.0028520e+003  6.5200000e+002
  1.0033160e+003  4.6400000e+002
  1.0037560e+003  4.4000000e+002
  1.0043640e+003  6.0800000e+002
  1.0048120e+003  4.4800000e+002
  1.0052760e+003  4.6400000e+002
  1.0059240e+003  6.4800000e+002
  1.0064480e+003  5.2400000e+002
  1.0069480e+003  5.0000000e+002
  1.0073520e+003  4.0400000e+002
  1.0078520e+003  5.0000000e+002
  1.0083560e+003  5.0400000e+002
  1.0088840e+003  5.2800000e+002
  1.0093840e+003  5.0000000e+002
  1.0099280e+003  5.4400000e+002
  1.0104440e+003  5.1600000e+002
  1.0110000e+003  5.5600000e+002
  1.0116520e+003  6.5200000e+002
  1.0121440e+003  4.9200000e+002
  1.0126120e+003  4.6800000e+002
  1.0130520e+003  4.4000000e+002
  1.0135800e+003  5.2800000e+002
  1.0140520e+003  4.7200000e+002
  1.0146640e+003  6.1200000e+002
  1.0152080e+003  5.4400000e+002
  1.0156960e+003  4.8800000e+002
  1.0162960e+003  6.0000000e+002
  1.0168200e+003  5.2400000e+002
  1.0172800e+003  4.6000000e+002
  1.0177520e+003  4.7200000e+002
  1.0182400e+003  4.8800000e+002
  1.0187400e+003  5.0000000e+002
  1.0192160e+003  4.7600000e+002
  1.0196600e+003  4.4400000e+002
  1.0201240e+003  4.6400000e+002
  1.0205760e+003  4.5200000e+002
  1.0210640e+003  4.8800000e+002
  1.0215200e+003  4.5600000e+002
  1.0220080e+003  4.8800000e+002
  1.0225040e+003  4.9600000e+002
  1.0229560e+003  4.5200000e+002
  1.0234320e+003  4.7600000e+002
  1.0240520e+003  6.2000000e+002
  1.0245360e+003  4.8400000e+002
  1.0250400e+003  5.0400000e+002
  1.0256760e+003  6.3600000e+002
  1.0261760e+003  5.0000000e+002
  1.0266360e+003  4.6000000e+002
  1.0271200e+003  4.8400000e+002
  1.0275760e+003  4.5600000e+002
  1.0280600e+003  4.8400000e+002
  1.0285240e+003  4.6400000e+002
  1.0289560e+003  4.3200000e+002
  1.0294240e+003  4.6800000e+002
  1.0298960e+003  4.7200000e+002
  1.0303720e+003  4.7600000e+002
  1.0308400e+003  4.6800000e+002
  1.0313040e+003  4.6400000e+002
  1.0318080e+003  5.0400000e+002
  1.0323200e+003  5.1200000e+002
  1.0327360e+003  4.1600000e+002
  1.0332160e+003  4.8000000e+002
  1.0336880e+003  4.7200000e+002
  1.0341440e+003  4.5600000e+002
  1.0345920e+003  4.4800000e+002
  1.0350440e+003  4.5200000e+002
  1.0355000e+003  4.5600000e+002
  1.0359560e+003  4.5600000e+002
  1.0364720e+003  5.1600000e+002
  1.0370160e+003  5.4400000e+002
  1.0374440e+003  4.2800000e+002
  1.0380200e+003  5.7600000e+002
  1.0386720e+003  6.5200000e+002
  1.0392160e+003  5.4400000e+002
  1.0397280e+003  5.1200000e+002
  1.0403000e+003  5.7200000e+002
  1.0408640e+003  5.6400000e+002
  1.0414480e+003  5.8400000e+002
  1.0419360e+003  4.8800000e+002
  1.0424320e+003  4.9600000e+002
  1.0429360e+003  5.0400000e+002
  1.0435280e+003  5.9200000e+002
  1.0442160e+003  6.8800000e+002
  1.0447160e+003  5.0000000e+002
  1.0452080e+003  4.9200000e+002
  1.0458040e+003  5.9600000e+002
  1.0464720e+003  6.6800000e+002
  1.0470280e+003  5.5600000e+002
  1.0476400e+003  6.1200000e+002
  1.0482480e+003  6.0800000e+002
  1.0488360e+003  5.8800000e+002
  1.0493040e+003  4.6800000e+002
  1.0497840e+003  4.8000000e+002
  1.0502760e+003  4.9200000e+002
  1.0507240e+003  4.4800000e+002
  1.0512120e+003  4.8800000e+002
  1.0518000e+003  5.8800000e+002
  1.0525000e+003  7.0000000e+002
  1.0530160e+003  5.1600000e+002
  1.0534720e+003  4.5600000e+002
  1.0539360e+003  4.6400000e+002
  1.0544240e+003  4.8800000e+002
  1.0548720e+003  4.4800000e+002
  1.0553440e+003  4.7200000e+002
  1.0559520e+003  6.0800000e+002
  1.0566360e+003  6.8400000e+002
  1.0571320e+003  4.9600000e+002
  1.0575960e+003  4.6400000e+002
  1.0580960e+003  5.0000000e+002
  1.0586960e+003  6.0000000e+002
  1.0594080e+003  7.1200000e+002
  1.0599200e+003  5.1200000e+002
  1.0603680e+003  4.4800000e+002
  1.0608520e+003  4.8400000e+002
  1.0613360e+003  4.8400000e+002
  1.0617760e+003  4.4000000e+002
  1.0622680e+003  4.9200000e+002
  1.0628520e+003  5.8400000e+002
  1.0635400e+003  6.8800000e+002
  1.0640480e+003  5.0800000e+002
  1.0645440e+003  4.9600000e+002
  1.0651240e+003  5.8000000e+002
  1.0656440e+003  5.2000000e+002
  1.0660960e+003  4.5200000e+002
  1.0667480e+003  6.5200000e+002
  1.0672640e+003  5.1600000e+002
  1.0677720e+003  5.0800000e+002
  1.0683560e+003  5.8400000e+002
  1.0690680e+003  7.1200000e+002
  1.0695280e+003  4.6000000e+002
  1.0700000e+003  4.7200000e+002
  1.0704720e+003  4.7200000e+002
  1.0709600e+003  4.8800000e+002
  1.0715160e+003  5.5600000e+002
  1.0722480e+003  7.3200000e+002
  1.0727640e+003  5.1600000e+002
  1.0732200e+003  4.5600000e+002
  1.0736960e+003  4.7600000e+002
  1.0741680e+003  4.7200000e+002
  1.0746040e+003  4.3600000e+002
  1.0751160e+003  5.1200000e+002
  1.0756920e+003  5.7600000e+002
  1.0764040e+003  7.1200000e+002
  1.0769520e+003  5.4800000e+002
  1.0774280e+003  4.7600000e+002
  1.0779120e+003  4.8400000e+002
  1.0784880e+003  5.7600000e+002
  1.0791600e+003  6.7200000e+002
  1.0797040e+003  5.4400000e+002
  1.0802640e+003  5.6000000e+002
  1.0810160e+003  7.5200000e+002
  1.0814920e+003  4.7600000e+002
  1.0819640e+003  4.7200000e+002
  1.0824440e+003  4.8000000e+002
  1.0828760e+003  4.3200000e+002
  1.0834080e+003  5.3200000e+002
  1.0839080e+003  5.0000000e+002
  1.0843800e+003  4.7200000e+002
  1.0850400e+003  6.6000000e+002
  1.0855360e+003  4.9600000e+002
  1.0860080e+003  4.7200000e+002
  1.0864280e+003  4.2000000e+002
  1.0868560e+003  4.2800000e+002
  1.0873480e+003  4.9200000e+002
  1.0878520e+003  5.0400000e+002
  1.0883240e+003  4.7200000e+002
  1.0888840e+003  5.6000000e+002
  1.0895040e+003  6.2000000e+002
  1.0900560e+003  5.5200000e+002
  1.0905560e+003  5.0000000e+002
  1.0910240e+003  4.6800000e+002
  1.0914360e+003  4.1200000e+002
  1.0919160e+003  4.8000000e+002
  1.0924080e+003  4.9200000e+002
  1.0928560e+003  4.4800000e+002
  1.0933480e+003  4.9200000e+002
  1.0939160e+003  5.6800000e+002
  1.0944280e+003  5.1200000e+002
  1.0949320e+003  5.0400000e+002
  1.0955360e+003  6.0400000e+002
  1.0960320e+003  4.9600000e+002
  1.0965200e+003  4.8800000e+002
  1.0970000e+003  4.8000000e+002
  1.0975800e+003  5.8000000e+002
  1.0980800e+003  5.0000000e+002
  1.0987840e+003  7.0400000e+002
  1.0992680e+003  4.8400000e+002
  1.0998600e+003  5.9200000e+002
  1.1003600e+003  5.0000000e+002
  1.1011000e+003  7.4000000e+002
  1.1017120e+003  6.1200000e+002
  1.1024080e+003  6.9600000e+002
  1.1029440e+003  5.3600000e+002
  1.1033960e+003  4.5200000e+002
  1.1039480e+003  5.5200000e+002
  1.1044680e+003  5.2000000e+002
  1.1049720e+003  5.0400000e+002
  1.1054560e+003  4.8400000e+002
  1.1059480e+003  4.9200000e+002
  1.1065200e+003  5.7200000e+002
  1.1071920e+003  6.7200000e+002
  1.1076960e+003  5.0400000e+002
  1.1081480e+003  4.5200000e+002
  1.1086200e+003  4.7200000e+002
  1.1091720e+003  5.5200000e+002
  1.1096600e+003  4.8800000e+002
  1.1102160e+003  5.5600000e+002
  1.1108760e+003  6.6000000e+002
  1.1113840e+003  5.0800000e+002
  1.1119680e+003  5.8400000e+002
  1.1125680e+003  6.0000000e+002
  1.1131480e+003  5.8000000e+002
  1.1136320e+003  4.8400000e+002
  1.1140920e+003  4.6000000e+002
  1.1145400e+003  4.4800000e+002
  1.1150280e+003  4.8800000e+002
  1.1155840e+003  5.5600000e+002
  1.1160040e+003  4.2000000e+002
  1.1165000e+003  4.9600000e+002
  1.1170480e+003  5.4800000e+002
  1.1176240e+003  5.7600000e+002
  1.1182120e+003  5.8800000e+002
  1.1188800e+003  6.6800000e+002
  1.1193960e+003  5.1600000e+002
  1.1198280e+003  4.3200000e+002
  1.1202880e+003  4.6000000e+002
  1.1207640e+003  4.7600000e+002
  1.1212120e+003  4.4800000e+002
  1.1217040e+003  4.9200000e+002
  1.1222800e+003  5.7600000e+002
  1.1230160e+003  7.3600000e+002
  1.1235040e+003  4.8800000e+002
  1.1239440e+003  4.4000000e+002
  1.1244320e+003  4.8800000e+002
  1.1249480e+003  5.1600000e+002
  1.1254040e+003  4.5600000e+002
  1.1259520e+003  5.4800000e+002
  1.1264680e+003  5.1600000e+002
  1.1269280e+003  4.6000000e+002
  1.1273840e+003  4.5600000e+002
  1.1278360e+003  4.5200000e+002
  1.1284720e+003  6.3600000e+002
  1.1289880e+003  5.1600000e+002
  1.1294800e+003  4.9200000e+002
  1.1299600e+003  4.8000000e+002
  1.1305240e+003  5.6400000e+002
  1.1311000e+003  5.7600000e+002
  1.1315640e+003  4.6400000e+002
  1.1323600e+003  7.9600000e+002
  1.1328680e+003  5.0800000e+002
  1.1333200e+003  4.5200000e+002
  1.1338080e+003  4.8800000e+002
  1.1342560e+003  4.4800000e+002
  1.1347120e+003  4.5600000e+002
  1.1351800e+003  4.6800000e+002
  1.1356760e+003  4.9600000e+002
  1.1361520e+003  4.7600000e+002
  1.1366520e+003  5.0000000e+002
  1.1371000e+003  4.4800000e+002
  1.1375440e+003  4.4400000e+002
  1.1381080e+003  5.6400000e+002
  1.1388040e+003  6.9600000e+002
  1.1393160e+003  5.1200000e+002
  1.1397720e+003  4.5600000e+002
  1.1402320e+003  4.6000000e+002
  1.1407080e+003  4.7600000e+002
  1.1411480e+003  4.4000000e+002
  1.1416320e+003  4.8400000e+002
  1.1420920e+003  4.6000000e+002
  1.1425320e+003  4.4000000e+002
  1.1430160e+003  4.8400000e+002
  1.1435120e+003  4.9600000e+002
  1.1439600e+003  4.4800000e+002
  1.1444080e+003  4.4800000e+002
  1.1448720e+003  4.6400000e+002
  1.1453040e+003  4.3200000e+002
  1.1457600e+003  4.5600000e+002
  1.1462000e+003  4.4000000e+002
  1.1466520e+003  4.5200000e+002
  1.1471080e+003  4.5600000e+002
  1.1475640e+003  4.5600000e+002
  1.1480160e+003  4.5200000e+002
  1.1484680e+003  4.5200000e+002
  1.1489840e+003  5.1600000e+002
  1.1495320e+003  5.4800000e+002
  1.1499560e+003  4.2400000e+002
  1.1504560e+003  5.0000000e+002
  1.1510160e+003  5.6000000e+002
  1.1516120e+003  5.9600000e+002
  1.1521960e+003  5.8400000e+002
  1.1526480e+003  4.5200000e+002
  1.1531120e+003  4.6400000e+002
  1.1535800e+003  4.6800000e+002
  1.1540240e+003  4.4400000e+002
  1.1545120e+003  4.8800000e+002
  1.1549960e+003  4.8400000e+002
  1.1554400e+003  4.4400000e+002
  1.1558920e+003  4.5200000e+002
  1.1563560e+003  4.6400000e+002
  1.1567880e+003  4.3200000e+002
  1.1572680e+003  4.8000000e+002
  1.1577600e+003  4.9200000e+002
  1.1582120e+003  4.5200000e+002
  1.1586680e+003  4.5600000e+002
  1.1592360e+003  5.6800000e+002
  1.1596680e+003  4.3200000e+002
  1.1604280e+003  7.6000000e+002
  1.1609320e+003  5.0400000e+002
  1.1614520e+003  5.2000000e+002
  1.1619040e+003  4.5200000e+002
  1.1623800e+003  4.7600000e+002
  1.1629640e+003  5.8400000e+002
  1.1635680e+003  6.0400000e+002
  1.1641320e+003  5.6400000e+002
  1.1645960e+003  4.6400000e+002
  1.1650760e+003  4.8000000e+002
  1.1655600e+003  4.8400000e+002
  1.1659920e+003  4.3200000e+002
  1.1664600e+003  4.6800000e+002
  1.1669280e+003  4.6800000e+002
  1.1673680e+003  4.4000000e+002
  1.1678400e+003  4.7200000e+002
  1.1683080e+003  4.6800000e+002
  1.1687520e+003  4.4400000e+002
  1.1692120e+003  4.6000000e+002
  1.1696680e+003  4.5600000e+002
  1.1701120e+003  4.4400000e+002
  1.1705880e+003  4.7600000e+002
  1.1710760e+003  4.8800000e+002
  1.1716880e+003  6.1200000e+002
  1.1721720e+003  4.8400000e+002
  1.1728040e+003  6.3200000e+002
  1.1733200e+003  5.1600000e+002
  1.1738000e+003  4.8000000e+002
  1.1742400e+003  4.4000000e+002
  1.1747280e+003  4.8800000e+002
  1.1752120e+003  4.8400000e+002
  1.1757880e+003  5.7600000e+002
  1.1762680e+003  4.8000000e+002
  1.1767320e+003  4.6400000e+002
  1.1771960e+003  4.6400000e+002
  1.1778760e+003  6.8000000e+002
  1.1783720e+003  4.9600000e+002
  1.1788920e+003  5.2000000e+002
  1.1793320e+003  4.4000000e+002
  1.1798080e+003  4.7600000e+002
  1.1804040e+003  5.9600000e+002
  1.1810760e+003  6.7200000e+002
  1.1815600e+003  4.8400000e+002
  1.1820480e+003  4.8800000e+002
  1.1825880e+003  5.4000000e+002
  1.1830120e+003  4.2400000e+002
  1.1834960e+003  4.8400000e+002
  1.1840680e+003  5.7200000e+002
  1.1847520e+003  6.8400000e+002
  1.1852720e+003  5.2000000e+002
  1.1857280e+003  4.5600000e+002
  1.1861720e+003  4.4400000e+002
  1.1867080e+003  5.3600000e+002
  1.1871720e+003  4.6400000e+002
  1.1876520e+003  4.8000000e+002
  1.1882080e+003  5.5600000e+002
  1.1889120e+003  7.0400000e+002
  1.1893920e+003  4.8000000e+002
  1.1898680e+003  4.7600000e+002
  1.1903280e+003  4.6000000e+002
  1.1907640e+003  4.3600000e+002
  1.1912400e+003  4.7600000e+002
  1.1917040e+003  4.6400000e+002
  1.1921680e+003  4.6400000e+002
  1.1926680e+003  5.0000000e+002
  1.1931440e+003  4.7600000e+002
  1.1936280e+003  4.8400000e+002
  1.1941920e+003  5.6400000e+002
  1.1948600e+003  6.6800000e+002
  1.1954000e+003  5.4000000e+002
  1.1958520e+003  4.5200000e+002
  1.1962960e+003  4.4400000e+002
  1.1969200e+003  6.2400000e+002
  1.1976040e+003  6.8400000e+002
  1.1981400e+003  5.3600000e+002
  1.1985840e+003  4.4400000e+002
  1.1990560e+003  4.7200000e+002
  1.1996880e+003  6.3200000e+002
  1.2001840e+003  4.9600000e+002
  1.2006560e+003  4.7200000e+002
  1.2011200e+003  4.6400000e+002
  1.2016000e+003  4.8000000e+002
  1.2020520e+003  4.5200000e+002
  1.2024960e+003  4.4400000e+002
  1.2030400e+003  5.4400000e+002
  1.2036240e+003  5.8400000e+002
  1.2041080e+003  4.8400000e+002
  1.2047240e+003  6.1600000e+002
  1.2052640e+003  5.4000000e+002
  1.2057520e+003  4.8800000e+002
  1.2062240e+003  4.7200000e+002
  1.2067000e+003  4.7600000e+002
  1.2072000e+003  5.0000000e+002
  1.2077640e+003  5.6400000e+002
  1.2085080e+003  7.4400000e+002
  1.2089920e+003  4.8400000e+002
  1.2094320e+003  4.4000000e+002
  1.2100560e+003  6.2400000e+002
  1.2105600e+003  5.0400000e+002
  1.2110320e+003  4.7200000e+002
  1.2114920e+003  4.6000000e+002
  1.2119680e+003  4.7600000e+002
  1.2124120e+003  4.4400000e+002
  1.2128560e+003  4.4400000e+002
  1.2133480e+003  4.9200000e+002
  1.2138520e+003  5.0400000e+002
  1.2142840e+003  4.3200000e+002
  1.2147320e+003  4.4800000e+002
  1.2152120e+003  4.8000000e+002
  1.2156520e+003  4.4000000e+002
  1.2161200e+003  4.6800000e+002
  1.2165840e+003  4.6400000e+002
  1.2170200e+003  4.3600000e+002
  1.2175080e+003  4.8800000e+002
  1.2179840e+003  4.7600000e+002
  1.2184160e+003  4.3200000e+002
  1.2188680e+003  4.5200000e+002
  1.2193440e+003  4.7600000e+002
  1.2197920e+003  4.4800000e+002
  1.2202760e+003  4.8400000e+002
  1.2207360e+003  4.6000000e+002
  1.2211880e+003  4.5200000e+002
  1.2216400e+003  4.5200000e+002
  1.2221120e+003  4.7200000e+002
  1.2226160e+003  5.0400000e+002
  1.2230360e+003  4.2000000e+002
  1.2235320e+003  4.9600000e+002
  1.2240120e+003  4.8000000e+002
  1.2244440e+003  4.3200000e+002
  1.2248920e+003  4.4800000e+002
  1.2253600e+003  4.6800000e+002
  1.2257960e+003  4.3600000e+002
  1.2262640e+003  4.6800000e+002
  1.2267360e+003  4.7200000e+002
  1.2271720e+003  4.3600000e+002
  1.2276480e+003  4.7600000e+002
  1.2281160e+003  4.6800000e+002
  1.2285640e+003  4.4800000e+002
  1.2290200e+003  4.5600000e+002
  1.2295040e+003  4.8400000e+002
  1.2299480e+003  4.4400000e+002
  1.2304440e+003  4.9600000e+002
  1.2309000e+003  4.5600000e+002
  1.2313720e+003  4.7200000e+002
  1.2318560e+003  4.8400000e+002
  1.2324320e+003  5.7600000e+002
  1.2329440e+003  5.1200000e+002
  1.2334440e+003  5.0000000e+002
  1.2340480e+003  6.0400000e+002
  1.2345640e+003  5.1600000e+002
  1.2350400e+003  4.7600000e+002
  1.2355000e+003  4.6000000e+002
  1.2359520e+003  4.5200000e+002
  1.2364280e+003  4.7600000e+002
  1.2368640e+003  4.3600000e+002
  1.2373160e+003  4.5200000e+002
  1.2378000e+003  4.8400000e+002
  1.2382440e+003  4.4400000e+002
  1.2387080e+003  4.6400000e+002
  1.2391600e+003  4.5200000e+002
  1.2396120e+003  4.5200000e+002
  1.2400720e+003  4.6000000e+002
  1.2405800e+003  5.0800000e+002
  1.2410600e+003  4.8000000e+002
  1.2415120e+003  4.5200000e+002
  1.2419480e+003  4.3600000e+002
  1.2424040e+003  4.5600000e+002
  1.2428520e+003  4.4800000e+002
  1.2433320e+003  4.8000000e+002
  1.2438040e+003  4.7200000e+002
  1.2442600e+003  4.5600000e+002
  1.2447040e+003  4.4400000e+002
  1.2451880e+003  4.8400000e+002
  1.2456440e+003  4.5600000e+002
  1.2461040e+003  4.6000000e+002
  1.2465680e+003  4.6400000e+002
  1.2470120e+003  4.4400000e+002
  1.2474760e+003  4.6400000e+002
  1.2479440e+003  4.6800000e+002
  1.2483920e+003  4.4800000e+002
  1.2488400e+003  4.4800000e+002
  1.2493040e+003  4.6400000e+002
  1.2497600e+003  4.5600000e+002
  1.2502200e+003  4.6000000e+002
  1.2506680e+003  4.4800000e+002
  1.2511200e+003  4.5200000e+002
  1.2515720e+003  4.5200000e+002
  1.2520720e+003  5.0000000e+002
  1.2525760e+003  5.0400000e+002
  1.2530080e+003  4.3200000e+002
  1.2534600e+003  4.5200000e+002
  1.2539240e+003  4.6400000e+002
  1.2543600e+003  4.3600000e+002
  1.2548200e+003  4.6000000e+002
  1.2553160e+003  4.9600000e+002
  1.2557480e+003  4.3200000e+002
  1.2562120e+003  4.6400000e+002
  1.2566760e+003  4.6400000e+002
  1.2571120e+003  4.3600000e+002
  1.2575840e+003  4.7200000e+002
  1.2580520e+003  4.6800000e+002
  1.2584880e+003  4.3600000e+002
  1.2589600e+003  4.7200000e+002
  1.2594360e+003  4.7600000e+002
  1.2598840e+003  4.4800000e+002
  1.2603280e+003  4.4400000e+002
  1.2607960e+003  4.6800000e+002
  1.2612440e+003  4.4800000e+002
  1.2617080e+003  4.6400000e+002
  1.2621480e+003  4.4000000e+002
  1.2625920e+003  4.4400000e+002
  1.2630440e+003  4.5200000e+002
  1.2634920e+003  4.4800000e+002
  1.2640080e+003  5.1600000e+002
  1.2645280e+003  5.2000000e+002
  1.2649400e+003  4.1200000e+002
  1.2655400e+003  6.0000000e+002
  1.2660680e+003  5.2800000e+002
  1.2666800e+003  6.1200000e+002
  1.2671600e+003  4.8000000e+002
  1.2676200e+003  4.6000000e+002
  1.2680640e+003  4.4400000e+002
  1.2685320e+003  4.6800000e+002
  1.2690440e+003  5.1200000e+002
  1.2694880e+003  4.4400000e+002
  1.2699400e+003  4.5200000e+002
  1.2703960e+003  4.5600000e+002
  1.2708320e+003  4.3600000e+002
  1.2713080e+003  4.7600000e+002
  1.2717760e+003  4.6800000e+002
  1.2722120e+003  4.3600000e+002
  1.2726560e+003  4.4400000e+002
  1.2731240e+003  4.6800000e+002
  1.2735720e+003  4.4800000e+002
  1.2740440e+003  4.7200000e+002
  1.2745240e+003  4.8000000e+002
  1.2749840e+003  4.6000000e+002
  1.2754520e+003  4.6800000e+002
  1.2759080e+003  4.5600000e+002
  1.2763320e+003  4.2400000e+002
  1.2767920e+003  4.6000000e+002
  1.2772600e+003  4.6800000e+002
  1.2777000e+003  4.4000000e+002
  1.2781640e+003  4.6400000e+002
  1.2786360e+003  4.7200000e+002
  1.2790840e+003  4.4800000e+002
  1.2795560e+003  4.7200000e+002
  1.2800320e+003  4.7600000e+002
  1.2804800e+003  4.4800000e+002
  1.2809360e+003  4.5600000e+002
  1.2813880e+003  4.5200000e+002
  1.2818280e+003  4.4000000e+002
  1.2822840e+003  4.5600000e+002
  1.2827280e+003  4.4400000e+002
  1.2831720e+003  4.4400000e+002
  1.2836240e+003  4.5200000e+002
  1.2840640e+003  4.4000000e+002
  1.2845920e+003  5.2800000e+002
  1.2850400e+003  4.4800000e+002
  1.2854920e+003  4.5200000e+002
  1.2859640e+003  4.7200000e+002
  1.2864120e+003  4.4800000e+002
  1.2868600e+003  4.4800000e+002
  1.2873120e+003  4.5200000e+002
  1.2877480e+003  4.3600000e+002
  1.2882160e+003  4.6800000e+002
  1.2886960e+003  4.8000000e+002
  1.2891480e+003  4.5200000e+002
  1.2895920e+003  4.4400000e+002
  1.2900480e+003  4.5600000e+002
  1.2905000e+003  4.5200000e+002
  1.2909560e+003  4.5600000e+002
  1.2913960e+003  4.4000000e+002
  1.2918360e+003  4.4000000e+002
  1.2923080e+003  4.7200000e+002
  1.2928120e+003  5.0400000e+002
  1.2932560e+003  4.4400000e+002
  1.2937120e+003  4.5600000e+002
  1.2941640e+003  4.5200000e+002
  1.2946200e+003  4.5600000e+002
  1.2950800e+003  4.6000000e+002
  1.2955440e+003  4.6400000e+002
  1.2960040e+003  4.6000000e+002
  1.2964440e+003  4.4000000e+002
  1.2969240e+003  4.8000000e+002
  1.2973800e+003  4.5600000e+002
  1.2978040e+003  4.2400000e+002
  1.2982600e+003  4.5600000e+002
  1.2987200e+003  4.6000000e+002
  1.2991520e+003  4.3200000e+002
  1.2996160e+003  4.6400000e+002
  1.3001120e+003  4.9600000e+002
  1.3005520e+003  4.4000000e+002
  1.3010080e+003  4.5600000e+002
  1.3014840e+003  4.7600000e+002
  1.3019400e+003  4.5600000e+002
  1.3023840e+003  4.4400000e+002
  1.3028360e+003  4.5200000e+002
  1.3032680e+003  4.3200000e+002
  1.3037320e+003  4.6400000e+002
  1.3042120e+003  4.8000000e+002
  1.3046560e+003  4.4400000e+002
  1.3051000e+003  4.4400000e+002
  1.3055560e+003  4.5600000e+002
  1.3059960e+003  4.4000000e+002
  1.3064720e+003  4.7600000e+002
  1.3069360e+003  4.6400000e+002
  1.3073760e+003  4.4000000e+002
  1.3078480e+003  4.7200000e+002
  1.3083720e+003  5.2400000e+002
  1.3088320e+003  4.6000000e+002
  1.3093040e+003  4.7200000e+002
  1.3098680e+003  5.6400000e+002
  1.3105440e+003  6.7600000e+002
  1.3110960e+003  5.5200000e+002
  1.3115280e+003  4.3200000e+002
  1.3120160e+003  4.8800000e+002
  1.3125840e+003  5.6800000e+002
  1.3131320e+003  5.4800000e+002
  1.3135680e+003  4.3600000e+002
  1.3140040e+003  4.3600000e+002
  1.3144480e+003  4.4400000e+002
  1.3148920e+003  4.4400000e+002
  1.3153440e+003  4.5200000e+002
  1.3159920e+003  6.4800000e+002
  1.3164800e+003  4.8800000e+002
  1.3169480e+003  4.6800000e+002
  1.3173960e+003  4.4800000e+002
  1.3178440e+003  4.4800000e+002
  1.3182960e+003  4.5200000e+002
  1.3187520e+003  4.5600000e+002
  1.3192040e+003  4.5200000e+002
  1.3196600e+003  4.5600000e+002
  1.3201320e+003  4.7200000e+002
  1.3206200e+003  4.8800000e+002
  1.3210400e+003  4.2000000e+002
  1.3214840e+003  4.4400000e+002
  1.3219720e+003  4.8800000e+002
  1.3224560e+003  4.8400000e+002
  1.3229600e+003  5.0400000e+002
  1.3234880e+003  5.2800000e+002
  1.3239640e+003  4.7600000e+002
  1.3244320e+003  4.6800000e+002
  1.3248880e+003  4.5600000e+002
  1.3253520e+003  4.6400000e+002
  1.3258040e+003  4.5200000e+002
  1.3262560e+003  4.5200000e+002
  1.3267360e+003  4.8000000e+002
  1.3273560e+003  6.2000000e+002
  1.3278680e+003  5.1200000e+002
  1.3283520e+003  4.8400000e+002
  1.3287920e+003  4.4000000e+002
  1.3292520e+003  4.6000000e+002
  1.3297160e+003  4.6400000e+002
  1.3301600e+003  4.4400000e+002
  1.3306120e+003  4.5200000e+002
  1.3310680e+003  4.5600000e+002
  1.3315240e+003  4.5600000e+002
  1.3319880e+003  4.6400000e+002
  1.3324760e+003  4.8800000e+002
  1.3329960e+003  5.2000000e+002
  1.3335600e+003  5.6400000e+002
  1.3341640e+003  6.0400000e+002
  1.3346360e+003  4.7200000e+002
  1.3351080e+003  4.7200000e+002
  1.3355960e+003  4.8800000e+002
  1.3360320e+003  4.3600000e+002
  1.3364960e+003  4.6400000e+002
  1.3369680e+003  4.7200000e+002
  1.3374080e+003  4.4000000e+002
  1.3378560e+003  4.4800000e+002
  1.3383200e+003  4.6400000e+002
  1.3387520e+003  4.3200000e+002
  1.3392200e+003  4.6800000e+002
  1.3396880e+003  4.6800000e+002
  1.3401240e+003  4.3600000e+002
  1.3405840e+003  4.6000000e+002
  1.3410440e+003  4.6000000e+002
  1.3414800e+003  4.3600000e+002
  1.3419360e+003  4.5600000e+002
  1.3424000e+003  4.6400000e+002
  1.3428400e+003  4.4000000e+002
  1.3433080e+003  4.6800000e+002
  1.3437760e+003  4.6800000e+002
  1.3442120e+003  4.3600000e+002
  1.3446600e+003  4.4800000e+002
  1.3451320e+003  4.7200000e+002
  1.3455680e+003  4.3600000e+002
  1.3460280e+003  4.6000000e+002
  1.3464960e+003  4.6800000e+002
  1.3469440e+003  4.4800000e+002
  1.3474200e+003  4.7600000e+002
  1.3479920e+003  5.7200000e+002
  1.3484200e+003  4.2800000e+002
  1.3488320e+003  4.1200000e+002
  1.3492200e+003  3.8800000e+002
  1.3496640e+003  4.4400000e+002
  1.3501120e+003  4.4800000e+002
  1.3505560e+003  4.4400000e+002
  1.3510080e+003  4.5200000e+002
  1.3514880e+003  4.8000000e+002
  1.3519720e+003  4.8400000e+002
  1.3524680e+003  4.9600000e+002
  1.3530320e+003  5.6400000e+002
  1.3535080e+003  4.7600000e+002
  1.3539600e+003  4.5200000e+002
  1.3546280e+003  6.6800000e+002
  1.3551480e+003  5.2000000e+002
  1.3556360e+003  4.8800000e+002
  1.3560840e+003  4.4800000e+002
  1.3566680e+003  5.8400000e+002
  1.3572800e+003  6.1200000e+002
  1.3578360e+003  5.5600000e+002
  1.3583080e+003  4.7200000e+002
  1.3587560e+003  4.4800000e+002
  1.3592080e+003  4.5200000e+002
  1.3596840e+003  4.7600000e+002
  1.3601560e+003  4.7200000e+002
  1.3606080e+003  4.5200000e+002
  1.3610320e+003  4.2400000e+002
  1.3615040e+003  4.7200000e+002
  1.3619720e+003  4.6800000e+002
  1.3624120e+003  4.4000000e+002
  1.3628640e+003  4.5200000e+002
  1.3633120e+003  4.4800000e+002
  1.3637760e+003  4.6400000e+002
  1.3642360e+003  4.6000000e+002
  1.3646880e+003  4.5200000e+002
  1.3651360e+003  4.4800000e+002
  1.3655880e+003  4.5200000e+002
  1.3660360e+003  4.4800000e+002
  1.3665160e+003  4.8000000e+002
  1.3670240e+003  5.0800000e+002
  1.3674440e+003  4.2000000e+002
  1.3678960e+003  4.5200000e+002
  1.3683440e+003  4.4800000e+002
  1.3687800e+003  4.3600000e+002
  1.3692240e+003  4.4400000e+002
  1.3696800e+003  4.5600000e+002
  1.3701320e+003  4.5200000e+002
  1.3706200e+003  4.8800000e+002
  1.3711640e+003  5.4400000e+002
  1.3715720e+003  4.0800000e+002
  1.3720440e+003  4.7200000e+002
  1.3725120e+003  4.6800000e+002
  1.3729480e+003  4.3600000e+002
  1.3733640e+003  4.1600000e+002
  1.3738040e+003  4.4000000e+002
  1.3742440e+003  4.4000000e+002
  1.3746880e+003  4.4400000e+002
  1.3751600e+003  4.7200000e+002
  1.3756280e+003  4.6800000e+002
  1.3760640e+003  4.3600000e+002
  1.3765200e+003  4.5600000e+002
  1.3769960e+003  4.7600000e+002
  1.3774440e+003  4.4800000e+002
  1.3779000e+003  4.5600000e+002
  1.3783760e+003  4.7600000e+002
  1.3788120e+003  4.3600000e+002
  1.3792800e+003  4.6800000e+002
  1.3797640e+003  4.8400000e+002
  1.3802080e+003  4.4400000e+002
  1.3806520e+003  4.4400000e+002
  1.3810880e+003  4.3600000e+002
  1.3815440e+003  4.5600000e+002
  1.3819920e+003  4.4800000e+002
  1.3824480e+003  4.5600000e+002
  1.3829080e+003  4.6000000e+002
  1.3833640e+003  4.5600000e+002
  1.3838160e+003  4.5200000e+002
  1.3842920e+003  4.7600000e+002
  1.3848120e+003  5.2000000e+002
  1.3852440e+003  4.3200000e+002
  1.3857080e+003  4.6400000e+002
  1.3861560e+003  4.4800000e+002
  1.3865880e+003  4.3200000e+002
  1.3870520e+003  4.6400000e+002
  1.3875400e+003  4.8800000e+002
  1.3879880e+003  4.4800000e+002
  1.3884440e+003  4.5600000e+002
  1.3889040e+003  4.6000000e+002
  1.3893840e+003  4.8000000e+002
  1.3899480e+003  5.6400000e+002
  1.3904600e+003  5.1200000e+002
  1.3911280e+003  6.6800000e+002
  1.3916360e+003  5.0800000e+002
  1.3921160e+003  4.8000000e+002
  1.3925720e+003  4.5600000e+002
  1.3930520e+003  4.8000000e+002
  1.3935280e+003  4.7600000e+002
  1.3939480e+003  4.2000000e+002
  1.3944360e+003  4.8800000e+002
  1.3950000e+003  5.6400000e+002
  1.3957000e+003  7.0000000e+002
  1.3961840e+003  4.8400000e+002
  1.3966720e+003  4.8800000e+002
  1.3972160e+003  5.4400000e+002
  1.3976440e+003  4.2800000e+002
  1.3981840e+003  5.4000000e+002
  1.3988760e+003  6.9200000e+002
  1.3993480e+003  4.7200000e+002
  1.3998160e+003  4.6800000e+002
  1.4002720e+003  4.5600000e+002
  1.4007200e+003  4.4800000e+002
  1.4011640e+003  4.4400000e+002
  1.4016320e+003  4.6800000e+002
  1.4021040e+003  4.7200000e+002
  1.4025400e+003  4.3600000e+002
  1.4030040e+003  4.6400000e+002
  1.4034720e+003  4.6800000e+002
  1.4039000e+003  4.2800000e+002
  1.4043440e+003  4.4400000e+002
  1.4048200e+003  4.7600000e+002
  1.4052840e+003  4.6400000e+002
  1.4057160e+003  4.3200000e+002
  1.4061680e+003  4.5200000e+002
  1.4066560e+003  4.8800000e+002
  1.4070880e+003  4.3200000e+002
  1.4075400e+003  4.5200000e+002
  1.4080160e+003  4.7600000e+002
  1.4084640e+003  4.4800000e+002
  1.4088880e+003  4.2400000e+002
  1.4093320e+003  4.4400000e+002
  1.4098040e+003  4.7200000e+002
  1.4103040e+003  5.0000000e+002
  1.4107440e+003  4.4000000e+002
  1.4111960e+003  4.5200000e+002
  1.4116600e+003  4.6400000e+002
  1.4120920e+003  4.3200000e+002
  1.4125520e+003  4.6000000e+002
  1.4130080e+003  4.5600000e+002
  1.4134400e+003  4.3200000e+002
  1.4139080e+003  4.6800000e+002
  1.4143760e+003  4.6800000e+002
  1.4148120e+003  4.3600000e+002
  1.4152600e+003  4.4800000e+002
  1.4157280e+003  4.6800000e+002
  1.4161680e+003  4.4000000e+002
  1.4166240e+003  4.5600000e+002
  1.4171160e+003  4.9200000e+002
  1.4175600e+003  4.4400000e+002
  1.4180200e+003  4.6000000e+002
  1.4185160e+003  4.9600000e+002
  1.4189560e+003  4.4000000e+002
  1.4194040e+003  4.4800000e+002
  1.4200280e+003  6.2400000e+002
  1.4206760e+003  6.4800000e+002
  1.4211760e+003  5.0000000e+002
  1.4216240e+003  4.4800000e+002
  1.4220960e+003  4.7200000e+002
  1.4225560e+003  4.6000000e+002
  1.4229880e+003  4.3200000e+002
  1.4234440e+003  4.5600000e+002
  1.4239080e+003  4.6400000e+002
  1.4243520e+003  4.4400000e+002
  1.4248200e+003  4.6800000e+002
  1.4252840e+003  4.6400000e+002
  1.4257200e+003  4.3600000e+002
  1.4261880e+003  4.6800000e+002
  1.4266640e+003  4.7600000e+002
  1.4271040e+003  4.4000000e+002
  1.4275560e+003  4.5200000e+002
  1.4280360e+003  4.8000000e+002
  1.4285000e+003  4.6400000e+002
  1.4289640e+003  4.6400000e+002
  1.4295680e+003  6.0400000e+002
  1.4302360e+003  6.6800000e+002
  1.4307080e+003  4.7200000e+002
  1.4311560e+003  4.4800000e+002
  1.4316120e+003  4.5600000e+002
  1.4320640e+003  4.5200000e+002
  1.4325480e+003  4.8400000e+002
  1.4330480e+003  5.0000000e+002
  1.4334920e+003  4.4400000e+002
  1.4339360e+003  4.4400000e+002
  1.4344040e+003  4.6800000e+002
  1.4348360e+003  4.3200000e+002
  1.4353000e+003  4.6400000e+002
  1.4357560e+003  4.5600000e+002
  1.4361920e+003  4.3600000e+002
  1.4366560e+003  4.6400000e+002
  1.4371160e+003  4.6000000e+002
  1.4375560e+003  4.4000000e+002
  1.4380160e+003  4.6000000e+002
  1.4384880e+003  4.7200000e+002
  1.4389280e+003  4.4000000e+002
  1.4393920e+003  4.6400000e+002
  1.4398520e+003  4.6000000e+002
  1.4402840e+003  4.3200000e+002
  1.4407520e+003  4.6800000e+002
  1.4412080e+003  4.5600000e+002
  1.4416520e+003  4.4400000e+002
  1.4421080e+003  4.5600000e+002
  1.4425880e+003  4.8000000e+002
  1.4430400e+003  4.5200000e+002
  1.4435000e+003  4.6000000e+002
  1.4439560e+003  4.5600000e+002
  1.4443840e+003  4.2800000e+002
  1.4448400e+003  4.5600000e+002
  1.4453040e+003  4.6400000e+002
  1.4457440e+003  4.4000000e+002
  1.4462080e+003  4.6400000e+002
  1.4466640e+003  4.5600000e+002
  1.4471040e+003  4.4000000e+002
  1.4475720e+003  4.6800000e+002
  1.4480440e+003  4.7200000e+002
  1.4484800e+003  4.3600000e+002
  1.4489360e+003  4.5600000e+002
  1.4493960e+003  4.6000000e+002
  1.4498320e+003  4.3600000e+002
  1.4502960e+003  4.6400000e+002
  1.4507680e+003  4.7200000e+002
  1.4512000e+003  4.3200000e+002
  1.4516520e+003  4.5200000e+002
  1.4521200e+003  4.6800000e+002
  1.4525600e+003  4.4000000e+002
  1.4530240e+003  4.6400000e+002
  1.4534800e+003  4.5600000e+002
  1.4539120e+003  4.3200000e+002
  1.4543760e+003  4.6400000e+002
  1.4548360e+003  4.6000000e+002
  1.4552720e+003  4.3600000e+002
  1.4557320e+003  4.6000000e+002
  1.4561960e+003  4.6400000e+002
  1.4566360e+003  4.4000000e+002
  1.4571040e+003  4.6800000e+002
  1.4575640e+003  4.6000000e+002
  1.4580040e+003  4.4000000e+002
  1.4584680e+003  4.6400000e+002
  1.4589360e+003  4.6800000e+002
  1.4593760e+003  4.4000000e+002
  1.4598280e+003  4.5200000e+002
  1.4603000e+003  4.7200000e+002
  1.4607600e+003  4.6000000e+002
  1.4612080e+003  4.4800000e+002
  1.4616800e+003  4.7200000e+002
  1.4621320e+003  4.5200000e+002
  1.4626320e+003  5.0000000e+002
  1.4632080e+003  5.7600000e+002
  1.4636920e+003  4.8400000e+002
  1.4641400e+003  4.4800000e+002
  1.4645880e+003  4.4800000e+002
  1.4652120e+003  6.2400000e+002
  1.4656920e+003  4.8000000e+002
  1.4661560e+003  4.6400000e+002
  1.4665960e+003  4.4000000e+002
  1.4670480e+003  4.5200000e+002
  1.4675400e+003  4.9200000e+002
  1.4679840e+003  4.4400000e+002
  1.4684480e+003  4.6400000e+002
  1.4690800e+003  6.3200000e+002
  1.4697280e+003  6.4800000e+002
  1.4702000e+003  4.7200000e+002
  1.4706600e+003  4.6000000e+002
  1.4711080e+003  4.4800000e+002
  1.4715760e+003  4.6800000e+002
  1.4720800e+003  5.0400000e+002
  1.4727880e+003  7.0800000e+002
  1.4733720e+003  5.8400000e+002
  1.4738600e+003  4.8800000e+002
  1.4743320e+003  4.7200000e+002
  1.4749160e+003  5.8400000e+002
  1.4756080e+003  6.9200000e+002
  1.4760880e+003  4.8000000e+002
  1.4765320e+003  4.4400000e+002
  1.4769880e+003  4.5600000e+002
  1.4774440e+003  4.5600000e+002
  1.4778840e+003  4.4000000e+002
  1.4783240e+003  4.4000000e+002
  1.4787640e+003  4.4000000e+002
  1.4792280e+003  4.6400000e+002
  1.4797000e+003  4.7200000e+002
  1.4801560e+003  4.5600000e+002
  1.4806120e+003  4.5600000e+002
  1.4810920e+003  4.8000000e+002
  1.4815360e+003  4.4400000e+002
  1.4819880e+003  4.5200000e+002
  1.4824480e+003  4.6000000e+002
  1.4828680e+003  4.2000000e+002
  1.4833240e+003  4.5600000e+002
  1.4837800e+003  4.5600000e+002
  1.4842080e+003  4.2800000e+002
  1.4846800e+003  4.7200000e+002
  1.4851560e+003  4.7600000e+002
  1.4855920e+003  4.3600000e+002
  1.4860480e+003  4.5600000e+002
  1.4865480e+003  5.0000000e+002
  1.4871880e+003  6.4000000e+002
  1.4876600e+003  4.7200000e+002
  1.4881160e+003  4.5600000e+002
  1.4885440e+003  4.2800000e+002
  1.4889880e+003  4.4400000e+002
  1.4894480e+003  4.6000000e+002
  1.4898920e+003  4.4400000e+002
  1.4903400e+003  4.4800000e+002
  1.4907840e+003  4.4400000e+002
  1.4912200e+003  4.3600000e+002
  1.4916920e+003  4.7200000e+002
  1.4922400e+003  5.4800000e+002
  1.4928000e+003  5.6000000e+002
  1.4934520e+003  6.5200000e+002
  1.4939360e+003  4.8400000e+002
  1.4944120e+003  4.7600000e+002
  1.4948840e+003  4.7200000e+002
  1.4953080e+003  4.2400000e+002
  1.4957920e+003  4.8400000e+002
  1.4962560e+003  4.6400000e+002
  1.4966720e+003  4.1600000e+002
  1.4971520e+003  4.8000000e+002
  1.4976320e+003  4.8000000e+002
  1.4980520e+003  4.2000000e+002
  1.4985360e+003  4.8400000e+002
  1.4990080e+003  4.7200000e+002
  1.4994240e+003  4.1600000e+002
  1.4998840e+003  4.6000000e+002
  1.5003480e+003  4.6400000e+002
  1.5007880e+003  4.4000000e+002
  1.5012040e+003  4.1600000e+002
  1.5016400e+003  4.3600000e+002
  1.5020840e+003  4.4400000e+002
  1.5025640e+003  4.8000000e+002
  1.5030720e+003  5.0800000e+002
  1.5035560e+003  4.8400000e+002
  1.5041080e+003  5.5200000e+002
  1.5046160e+003  5.0800000e+002
  1.5052600e+003  6.4400000e+002
  1.5057320e+003  4.7200000e+002
  1.5061760e+003  4.4400000e+002
  1.5066280e+003  4.5200000e+002
  1.5071040e+003  4.7600000e+002
  1.5075840e+003  4.8000000e+002
  1.5080680e+003  4.8400000e+002
  1.5084960e+003  4.2800000e+002
  1.5089760e+003  4.8000000e+002
  1.5094400e+003  4.6400000e+002
  1.5098520e+003  4.1200000e+002
  1.5103160e+003  4.6400000e+002
  1.5107800e+003  4.6400000e+002
  1.5112040e+003  4.2400000e+002
  1.5116600e+003  4.5600000e+002
  1.5121200e+003  4.6000000e+002
  1.5125520e+003  4.3200000e+002
  1.5130120e+003  4.6000000e+002
  1.5135000e+003  4.8800000e+002
  1.5139360e+003  4.3600000e+002
  1.5144080e+003  4.7200000e+002
  1.5149000e+003  4.9200000e+002
  1.5153600e+003  4.6000000e+002
  1.5158240e+003  4.6400000e+002
  1.5162800e+003  4.5600000e+002
  1.5166960e+003  4.1600000e+002
  1.5172000e+003  5.0400000e+002
  1.5177600e+003  5.6000000e+002
  1.5184560e+003  6.9600000e+002
  1.5189200e+003  4.6400000e+002
  1.5193720e+003  4.5200000e+002
  1.5198240e+003  4.5200000e+002
  1.5202760e+003  4.5200000e+002
  1.5207560e+003  4.8000000e+002
  1.5212440e+003  4.8800000e+002
  1.5216800e+003  4.3600000e+002
  1.5221160e+003  4.3600000e+002
  1.5225840e+003  4.6800000e+002
  1.5230440e+003  4.6000000e+002
  1.5234760e+003  4.3200000e+002
  1.5239240e+003  4.4800000e+002
  1.5243720e+003  4.4800000e+002
  1.5248320e+003  4.6000000e+002
  1.5253120e+003  4.8000000e+002
  1.5257640e+003  4.5200000e+002
  1.5262280e+003  4.6400000e+002
  1.5266840e+003  4.5600000e+002
  1.5271160e+003  4.3200000e+002
  1.5275560e+003  4.4000000e+002
  1.5280280e+003  4.7200000e+002
  1.5284680e+003  4.4000000e+002
  1.5289320e+003  4.6400000e+002
  1.5294160e+003  4.8400000e+002
  1.5298560e+003  4.4000000e+002
  1.5303160e+003  4.6000000e+002
  1.5308160e+003  5.0000000e+002
  1.5312680e+003  4.5200000e+002
  1.5317160e+003  4.4800000e+002
  1.5321760e+003  4.6000000e+002
  1.5325920e+003  4.1600000e+002
  1.5330720e+003  4.8000000e+002
  1.5335360e+003  4.6400000e+002
  1.5339600e+003  4.2400000e+002
  1.5344360e+003  4.7600000e+002
  1.5348960e+003  4.6000000e+002
  1.5353120e+003  4.1600000e+002
  1.5357640e+003  4.5200000e+002
  1.5362240e+003  4.6000000e+002
  1.5366560e+003  4.3200000e+002
  1.5371200e+003  4.6400000e+002
  1.5375800e+003  4.6000000e+002
  1.5380160e+003  4.3600000e+002
  1.5384760e+003  4.6000000e+002
  1.5389400e+003  4.6400000e+002
  1.5393760e+003  4.3600000e+002
  1.5398280e+003  4.5200000e+002
  1.5403000e+003  4.7200000e+002
  1.5407360e+003  4.3600000e+002
  1.5412000e+003  4.6400000e+002
  1.5416880e+003  4.8800000e+002
  1.5421280e+003  4.4000000e+002
  1.5425880e+003  4.6000000e+002
  1.5430640e+003  4.7600000e+002
  1.5435080e+003  4.4400000e+002
  1.5439520e+003  4.4400000e+002
  1.5444040e+003  4.5200000e+002
  1.5448360e+003  4.3200000e+002
  1.5452800e+003  4.4400000e+002
  1.5457320e+003  4.5200000e+002
  1.5461840e+003  4.5200000e+002
  1.5466720e+003  4.8800000e+002
  1.5471880e+003  5.1600000e+002
  1.5476160e+003  4.2800000e+002
  1.5480600e+003  4.4400000e+002
  1.5485080e+003  4.4800000e+002
  1.5489400e+003  4.3200000e+002
  1.5494040e+003  4.6400000e+002
  1.5498560e+003  4.5200000e+002
  1.5502920e+003  4.3600000e+002
  1.5507560e+003  4.6400000e+002
  1.5512320e+003  4.7600000e+002
  1.5516680e+003  4.3600000e+002
  1.5521200e+003  4.5200000e+002
  1.5525960e+003  4.7600000e+002
  1.5530360e+003  4.4000000e+002
  1.5534840e+003  4.4800000e+002
  1.5539360e+003  4.5200000e+002
  1.5543720e+003  4.3600000e+002
  1.5548520e+003  4.8000000e+002
  1.5553320e+003  4.8000000e+002
  1.5557800e+003  4.4800000e+002
  1.5562360e+003  4.5600000e+002
  1.5567200e+003  4.8400000e+002
  1.5571680e+003  4.4800000e+002
  1.5575920e+003  4.2400000e+002
  1.5580600e+003  4.6800000e+002
  1.5585320e+003  4.7200000e+002
  1.5589720e+003  4.4000000e+002
  1.5594000e+003  4.2800000e+002
  1.5598560e+003  4.5600000e+002
  1.5603160e+003  4.6000000e+002
  1.5607560e+003  4.4000000e+002
  1.5612240e+003  4.6800000e+002
  1.5617040e+003  4.8000000e+002
  1.5621360e+003  4.3200000e+002
  1.5625880e+003  4.5200000e+002
  1.5630400e+003  4.5200000e+002
  1.5634800e+003  4.4000000e+002
  1.5639400e+003  4.6000000e+002
  1.5644240e+003  4.8400000e+002
  1.5648640e+003  4.4000000e+002
  1.5653120e+003  4.4800000e+002
  1.5657920e+003  4.8000000e+002
  1.5662480e+003  4.5600000e+002
  1.5666960e+003  4.4800000e+002
  1.5671520e+003  4.5600000e+002
  1.5675760e+003  4.2400000e+002
  1.5680360e+003  4.6000000e+002
  1.5684960e+003  4.6000000e+002
  1.5689360e+003  4.4000000e+002
  1.5693920e+003  4.5600000e+002
  1.5698480e+003  4.5600000e+002
  1.5702920e+003  4.4400000e+002
  1.5707560e+003  4.6400000e+002
  1.5712320e+003  4.7600000e+002
  1.5716640e+003  4.3200000e+002
  1.5721080e+003  4.4400000e+002
  1.5725600e+003  4.5200000e+002
  1.5730320e+003  4.7200000e+002
  1.5735280e+003  4.9600000e+002
  1.5739760e+003  4.4800000e+002
  1.5744200e+003  4.4400000e+002
  1.5748880e+003  4.6800000e+002
  1.5753080e+003  4.2000000e+002
  1.5757560e+003  4.4800000e+002
  1.5762040e+003  4.4800000e+002
  1.5766400e+003  4.3600000e+002
  1.5771080e+003  4.6800000e+002
  1.5776000e+003  4.9200000e+002
  1.5780520e+003  4.5200000e+002
  1.5784960e+003  4.4400000e+002
  1.5789760e+003  4.8000000e+002
  1.5794360e+003  4.6000000e+002
  1.5800400e+003  6.0400000e+002
  1.5806600e+003  6.2000000e+002
  1.5811680e+003  5.0800000e+002
  1.5816440e+003  4.7600000e+002
  1.5820760e+003  4.3200000e+002
  1.5825320e+003  4.5600000e+002
  1.5829960e+003  4.6400000e+002
  1.5834360e+003  4.4000000e+002
  1.5839000e+003  4.6400000e+002
  1.5843640e+003  4.6400000e+002
  1.5847960e+003  4.3200000e+002
  1.5852440e+003  4.4800000e+002
  1.5856920e+003  4.4800000e+002
  1.5861440e+003  4.5200000e+002
  1.5866040e+003  4.6000000e+002
  1.5871000e+003  4.9600000e+002
  1.5875680e+003  4.6800000e+002
  1.5880680e+003  5.0000000e+002
  1.5886320e+003  5.6400000e+002
  1.5893040e+003  6.7200000e+002
  1.5897880e+003  4.8400000e+002
  1.5902560e+003  4.6800000e+002
  1.5907080e+003  4.5200000e+002
  1.5911360e+003  4.2800000e+002
  1.5915800e+003  4.4400000e+002
  1.5920600e+003  4.8000000e+002
  1.5925080e+003  4.4800000e+002
  1.5929640e+003  4.5600000e+002
  1.5934320e+003  4.6800000e+002
  1.5938680e+003  4.3600000e+002
  1.5943240e+003  4.5600000e+002
  1.5947840e+003  4.6000000e+002
  1.5952200e+003  4.3600000e+002
  1.5956760e+003  4.5600000e+002
  1.5961360e+003  4.6000000e+002
  1.5965800e+003  4.4400000e+002
  1.5970520e+003  4.7200000e+002
  1.5975160e+003  4.6400000e+002
  1.5979520e+003  4.3600000e+002
  1.5983920e+003  4.4000000e+002
  1.5988640e+003  4.7200000e+002
  1.5993400e+003  4.7600000e+002
  1.5997960e+003  4.5600000e+002
  1.6002160e+003  4.2000000e+002
  1.6006720e+003  4.5600000e+002
  1.6011360e+003  4.6400000e+002
  1.6015800e+003  4.4400000e+002
  1.6020360e+003  4.5600000e+002
  1.6025040e+003  4.6800000e+002
  1.6029560e+003  4.5200000e+002
  1.6034280e+003  4.7200000e+002
  1.6039320e+003  5.0400000e+002
  1.6044920e+003  5.6000000e+002
  1.6049640e+003  4.7200000e+002
  1.6054200e+003  4.5600000e+002
  1.6059160e+003  4.9600000e+002
  1.6065440e+003  6.2800000e+002
  1.6072080e+003  6.6400000e+002
  1.6077120e+003  5.0400000e+002
  1.6081520e+003  4.4000000e+002
  1.6086080e+003  4.5600000e+002
  1.6090600e+003  4.5200000e+002
  1.6095240e+003  4.6400000e+002
  1.6100120e+003  4.8800000e+002
  1.6104840e+003  4.7200000e+002
  1.6109640e+003  4.8000000e+002
  1.6114240e+003  4.6000000e+002
  1.6118760e+003  4.5200000e+002
  1.6124160e+003  5.4000000e+002
  1.6131080e+003  6.9200000e+002
  1.6136000e+003  4.9200000e+002
  1.6140920e+003  4.9200000e+002
  1.6145480e+003  4.5600000e+002
  1.6151320e+003  5.8400000e+002
  1.6157280e+003  5.9600000e+002
  1.6162240e+003  4.9600000e+002
  1.6167600e+003  5.3600000e+002
  1.6172200e+003  4.6000000e+002
  1.6176600e+003  4.4000000e+002
  1.6181600e+003  5.0000000e+002
  1.6186360e+003  4.7600000e+002
  1.6192480e+003  6.1200000e+002
  1.6199080e+003  6.6000000e+002
  1.6203800e+003  4.7200000e+002
  1.6208400e+003  4.6000000e+002
  1.6212840e+003  4.4400000e+002
  1.6217320e+003  4.4800000e+002
  1.6221840e+003  4.5200000e+002
  1.6226480e+003  4.6400000e+002
  1.6231480e+003  5.0000000e+002
  1.6236000e+003  4.5200000e+002
  1.6240600e+003  4.6000000e+002
  1.6246840e+003  6.2400000e+002
  1.6253320e+003  6.4800000e+002
  1.6258040e+003  4.7200000e+002
  1.6262600e+003  4.5600000e+002
  1.6267080e+003  4.4800000e+002
  1.6271560e+003  4.4800000e+002
  1.6276280e+003  4.7200000e+002
  1.6281440e+003  5.1600000e+002
  1.6288240e+003  6.8000000e+002
  1.6292800e+003  4.5600000e+002
  1.6298600e+003  5.8000000e+002
  1.6303360e+003  4.7600000e+002
  1.6307960e+003  4.6000000e+002
  1.6312480e+003  4.5200000e+002
  1.6317000e+003  4.5200000e+002
  1.6321520e+003  4.5200000e+002
  1.6326080e+003  4.5600000e+002
  1.6331160e+003  5.0800000e+002
  1.6335880e+003  4.7200000e+002
  1.6340800e+003  4.9200000e+002
  1.6346640e+003  5.8400000e+002
  1.6353120e+003  6.4800000e+002
  1.6358160e+003  5.0400000e+002
  1.6363120e+003  4.9600000e+002
  1.6369160e+003  6.0400000e+002
  1.6374320e+003  5.1600000e+002
  1.6378720e+003  4.4000000e+002
  1.6383240e+003  4.5200000e+002
  1.6389360e+003  6.1200000e+002
  1.6394480e+003  5.1200000e+002
  1.6399480e+003  5.0000000e+002
  1.6404120e+003  4.6400000e+002
  1.6408360e+003  4.2400000e+002
  1.6413200e+003  4.8400000e+002
  1.6419320e+003  6.1200000e+002
  1.6425840e+003  6.5200000e+002
  1.6430720e+003  4.8800000e+002
  1.6435200e+003  4.4800000e+002
  1.6439680e+003  4.4800000e+002
  1.6444320e+003  4.6400000e+002
  1.6452400e+003  8.0800000e+002
  1.6457720e+003  5.3200000e+002
  1.6466360e+003  8.6400000e+002
  1.6471520e+003  5.1600000e+002
  1.6479920e+003  8.4000000e+002
  1.6484960e+003  5.0400000e+002
  1.6489840e+003  4.8800000e+002
  1.6494120e+003  4.2800000e+002
  1.6498840e+003  4.7200000e+002
  1.6503480e+003  4.6400000e+002
  1.6507760e+003  4.2800000e+002
  1.6512440e+003  4.6800000e+002
  1.6517000e+003  4.5600000e+002
  1.6521360e+003  4.3600000e+002
  1.6525800e+003  4.4400000e+002
  1.6530280e+003  4.4800000e+002
  1.6535040e+003  4.7600000e+002
  1.6540440e+003  5.4000000e+002
  1.6547160e+003  6.7200000e+002
  1.6553000e+003  5.8400000e+002
  1.6557880e+003  4.8800000e+002
  1.6562280e+003  4.4000000e+002
  1.6566720e+003  4.4400000e+002
  1.6571480e+003  4.7600000e+002
  1.6576360e+003  4.8800000e+002
  1.6580840e+003  4.4800000e+002
  1.6585600e+003  4.7600000e+002
  1.6591720e+003  6.1200000e+002
  1.6598520e+003  6.8000000e+002
  1.6603440e+003  4.9200000e+002
  1.6607960e+003  4.5200000e+002
  1.6612720e+003  4.7600000e+002
  1.6617840e+003  5.1200000e+002
  1.6622000e+003  4.1600000e+002
  1.6626760e+003  4.7600000e+002
  1.6631520e+003  4.7600000e+002
  1.6635680e+003  4.1600000e+002
  1.6640400e+003  4.7200000e+002
  1.6645040e+003  4.6400000e+002
  1.6649160e+003  4.1200000e+002
  1.6654040e+003  4.8800000e+002
  1.6658720e+003  4.6800000e+002
  1.6662800e+003  4.0800000e+002
  1.6667400e+003  4.6000000e+002
  1.6671960e+003  4.5600000e+002
  1.6676320e+003  4.3600000e+002
  1.6680840e+003  4.5200000e+002
  1.6685440e+003  4.6000000e+002
  1.6689880e+003  4.4400000e+002
  1.6694440e+003  4.5600000e+002
  1.6698960e+003  4.5200000e+002
  1.6703480e+003  4.5200000e+002
  1.6708240e+003  4.7600000e+002
  1.6713400e+003  5.1600000e+002
  1.6717680e+003  4.2800000e+002
  1.6722240e+003  4.5600000e+002
  1.6727120e+003  4.8800000e+002
  1.6731600e+003  4.4800000e+002
  1.6736200e+003  4.6000000e+002
  1.6740760e+003  4.5600000e+002
  1.6744960e+003  4.2000000e+002
  1.6749480e+003  4.5200000e+002
  1.6754040e+003  4.5600000e+002
  1.6758520e+003  4.4800000e+002
  1.6763160e+003  4.6400000e+002
  1.6768000e+003  4.8400000e+002
  1.6772520e+003  4.5200000e+002
  1.6776960e+003  4.4400000e+002
  1.6781440e+003  4.4800000e+002
  1.6786000e+003  4.5600000e+002
  1.6790720e+003  4.7200000e+002
  1.6795680e+003  4.9600000e+002
  1.6800080e+003  4.4000000e+002
  1.6804680e+003  4.6000000e+002
  1.6809800e+003  5.1200000e+002
  1.6814440e+003  4.6400000e+002
  1.6819080e+003  4.6400000e+002
  1.6823680e+003  4.6000000e+002
  1.6827760e+003  4.0800000e+002
  1.6832280e+003  4.5200000e+002
  1.6836840e+003  4.5600000e+002
  1.6841240e+003  4.4000000e+002
  1.6845840e+003  4.6000000e+002
  1.6850520e+003  4.6800000e+002
  1.6854960e+003  4.4400000e+002
  1.6859680e+003  4.7200000e+002
  1.6864440e+003  4.7600000e+002
  1.6869000e+003  4.5600000e+002
  1.6873440e+003  4.4400000e+002
  1.6878040e+003  4.6000000e+002
  1.6882600e+003  4.5600000e+002
  1.6887160e+003  4.5600000e+002
  1.6891760e+003  4.6000000e+002
  1.6896720e+003  4.9600000e+002
  1.6902080e+003  5.3600000e+002
  1.6906240e+003  4.1600000e+002
  1.6910800e+003  4.5600000e+002
  1.6915200e+003  4.4000000e+002
  1.6919480e+003  4.2800000e+002
  1.6924080e+003  4.6000000e+002
  1.6928680e+003  4.6000000e+002
  1.6933080e+003  4.4000000e+002
  1.6937800e+003  4.7200000e+002
  1.6942720e+003  4.9200000e+002
  1.6947240e+003  4.5200000e+002
  1.6951680e+003  4.4400000e+002
  1.6956160e+003  4.4800000e+002
  1.6960600e+003  4.4400000e+002
  1.6965440e+003  4.8400000e+002
  1.6970760e+003  5.3200000e+002
  1.6975320e+003  4.5600000e+002
  1.6981240e+003  5.9200000e+002
  1.6987800e+003  6.5600000e+002
  1.6993040e+003  5.2400000e+002
  1.6998120e+003  5.0800000e+002
  1.7002600e+003  4.4800000e+002
  1.7006880e+003  4.2800000e+002
  1.7011280e+003  4.4000000e+002
  1.7015840e+003  4.5600000e+002
  1.7020400e+003  4.5600000e+002
  1.7025240e+003  4.8400000e+002
  1.7030040e+003  4.8000000e+002
  1.7034440e+003  4.4000000e+002
  1.7039040e+003  4.6000000e+002
  1.7043680e+003  4.6400000e+002
  1.7048080e+003  4.4000000e+002
  1.7052800e+003  4.7200000e+002
  1.7057400e+003  4.6000000e+002
  1.7061840e+003  4.4400000e+002
  1.7066440e+003  4.6000000e+002
  1.7071080e+003  4.6400000e+002
  1.7075560e+003  4.4800000e+002
  1.7080280e+003  4.7200000e+002
  1.7085120e+003  4.8400000e+002
  1.7089640e+003  4.5200000e+002
  1.7094120e+003  4.4800000e+002
  1.7098920e+003  4.8000000e+002
  1.7103520e+003  4.6000000e+002
  1.7107960e+003  4.4400000e+002
  1.7112560e+003  4.6000000e+002
  1.7116960e+003  4.4000000e+002
  1.7121560e+003  4.6000000e+002
  1.7126080e+003  4.5200000e+002
  1.7130560e+003  4.4800000e+002
  1.7135360e+003  4.8000000e+002
  1.7140560e+003  5.2000000e+002
  1.7144880e+003  4.3200000e+002
  1.7149320e+003  4.4400000e+002
  1.7153920e+003  4.6000000e+002
  1.7158360e+003  4.4400000e+002
  1.7163000e+003  4.6400000e+002
  1.7167880e+003  4.8800000e+002
  1.7172280e+003  4.4000000e+002
  1.7176840e+003  4.5600000e+002
  1.7181440e+003  4.6000000e+002
  1.7185880e+003  4.4400000e+002
  1.7190520e+003  4.6400000e+002
  1.7195080e+003  4.5600000e+002
  1.7199720e+003  4.6400000e+002
  1.7204960e+003  5.2400000e+002
  1.7209320e+003  4.3600000e+002
  1.7213960e+003  4.6400000e+002
  1.7218680e+003  4.7200000e+002
  1.7223120e+003  4.4400000e+002
  1.7227520e+003  4.4000000e+002
  1.7232040e+003  4.5200000e+002
  1.7236560e+003  4.5200000e+002
  1.7241360e+003  4.8000000e+002
  1.7246600e+003  5.2400000e+002
  1.7250880e+003  4.2800000e+002
  1.7255600e+003  4.7200000e+002
  1.7260600e+003  5.0000000e+002
  1.7265000e+003  4.4000000e+002
  1.7269360e+003  4.3600000e+002
  1.7273960e+003  4.6000000e+002
  1.7278280e+003  4.3200000e+002
  1.7282880e+003  4.6000000e+002
  1.7287520e+003  4.6400000e+002
  1.7291960e+003  4.4400000e+002
  1.7296800e+003  4.8400000e+002
  1.7301720e+003  4.9200000e+002
  1.7306200e+003  4.4800000e+002
  1.7310720e+003  4.5200000e+002
  1.7315520e+003  4.8000000e+002
  1.7320080e+003  4.5600000e+002
  1.7324880e+003  4.8000000e+002
  1.7330480e+003  5.6000000e+002
  1.7334800e+003  4.3200000e+002
  1.7340440e+003  5.6400000e+002
  1.7345680e+003  5.2400000e+002
  1.7351760e+003  6.0800000e+002
  1.7356600e+003  4.8400000e+002
  1.7361080e+003  4.4800000e+002
  1.7365760e+003  4.6800000e+002
  1.7370280e+003  4.5200000e+002
  1.7374840e+003  4.5600000e+002
  1.7379520e+003  4.6800000e+002
  1.7384640e+003  5.1200000e+002
  1.7389160e+003  4.5200000e+002
  1.7393720e+003  4.5600000e+002
  1.7398480e+003  4.7600000e+002
  1.7402920e+003  4.4400000e+002
  1.7407320e+003  4.4000000e+002
  1.7411960e+003  4.6400000e+002
  1.7416400e+003  4.4400000e+002
  1.7420920e+003  4.5200000e+002
  1.7425520e+003  4.6000000e+002
  1.7430240e+003  4.7200000e+002
  1.7435400e+003  5.1600000e+002
  1.7439800e+003  4.4000000e+002
  1.7444200e+003  4.4000000e+002
  1.7448720e+003  4.5200000e+002
  1.7453400e+003  4.6800000e+002
  1.7458160e+003  4.7600000e+002
  1.7462680e+003  4.5200000e+002
  1.7467080e+003  4.4000000e+002
  1.7471640e+003  4.5600000e+002
  1.7476160e+003  4.5200000e+002
  1.7480840e+003  4.6800000e+002
  1.7486000e+003  5.1600000e+002
  1.7490400e+003  4.4000000e+002
  1.7495040e+003  4.6400000e+002
  1.7499920e+003  4.8800000e+002
  1.7504280e+003  4.3600000e+002
  1.7508720e+003  4.4400000e+002
  1.7513240e+003  4.5200000e+002
  1.7517720e+003  4.4800000e+002
  1.7522400e+003  4.6800000e+002
  1.7527320e+003  4.9200000e+002
  1.7531800e+003  4.4800000e+002
  1.7536240e+003  4.4400000e+002
  1.7540760e+003  4.5200000e+002
  1.7545280e+003  4.5200000e+002
  1.7549960e+003  4.6800000e+002
  1.7555120e+003  5.1600000e+002
  1.7559560e+003  4.4400000e+002
  1.7564120e+003  4.5600000e+002
  1.7569040e+003  4.9200000e+002
  1.7573360e+003  4.3200000e+002
  1.7577840e+003  4.4800000e+002
  1.7582440e+003  4.6000000e+002
  1.7586840e+003  4.4000000e+002
  1.7591440e+003  4.6000000e+002
  1.7596160e+003  4.7200000e+002
  1.7600640e+003  4.4800000e+002
  1.7605200e+003  4.5600000e+002
  1.7609800e+003  4.6000000e+002
  1.7614360e+003  4.5600000e+002
  1.7619080e+003  4.7200000e+002
  1.7624160e+003  5.0800000e+002
  1.7628600e+003  4.4400000e+002
  1.7633280e+003  4.6800000e+002
  1.7639280e+003  6.0000000e+002
  1.7645520e+003  6.2400000e+002
  1.7650400e+003  4.8800000e+002
  1.7655800e+003  5.4000000e+002
  1.7660640e+003  4.8400000e+002
  1.7665240e+003  4.6000000e+002
  1.7669840e+003  4.6000000e+002
  1.7674400e+003  4.5600000e+002
  1.7679160e+003  4.7600000e+002
  1.7684240e+003  5.0800000e+002
  1.7688600e+003  4.3600000e+002
  1.7692960e+003  4.3600000e+002
  1.7697520e+003  4.5600000e+002
  1.7702240e+003  4.7200000e+002
  1.7707200e+003  4.9600000e+002
  1.7711680e+003  4.4800000e+002
  1.7716120e+003  4.4400000e+002
  1.7720720e+003  4.6000000e+002
  1.7725120e+003  4.4000000e+002
  1.7730040e+003  4.9200000e+002
  1.7734800e+003  4.7600000e+002
  1.7739600e+003  4.8000000e+002
  1.7743960e+003  4.3600000e+002
  1.7748400e+003  4.4400000e+002
  1.7752920e+003  4.5200000e+002
  1.7757400e+003  4.4800000e+002
  1.7762320e+003  4.9200000e+002
  1.7767320e+003  5.0000000e+002
  1.7771880e+003  4.5600000e+002
  1.7776120e+003  4.2400000e+002
  1.7780600e+003  4.4800000e+002
  1.7785360e+003  4.7600000e+002
  1.7790160e+003  4.8000000e+002
  1.7794680e+003  4.5200000e+002
  1.7799680e+003  5.0000000e+002
  1.7805680e+003  6.0000000e+002
  1.7811560e+003  5.8800000e+002
  1.7817320e+003  5.7600000e+002
  1.7822240e+003  4.9200000e+002
  1.7826960e+003  4.7200000e+002
  1.7833200e+003  6.2400000e+002
  1.7838320e+003  5.1200000e+002
  1.7843000e+003  4.6800000e+002
  1.7847480e+003  4.4800000e+002
  1.7852160e+003  4.6800000e+002
  1.7857280e+003  5.1200000e+002
  1.7861680e+003  4.4000000e+002
  1.7866320e+003  4.6400000e+002
  1.7871160e+003  4.8400000e+002
  1.7875840e+003  4.6800000e+002
  1.7880880e+003  5.0400000e+002
  1.7885400e+003  4.5200000e+002
  1.7891400e+003  6.0000000e+002
  1.7897000e+003  5.6000000e+002
  1.7902000e+003  5.0000000e+002
  1.7906840e+003  4.8400000e+002
  1.7911400e+003  4.5600000e+002
  1.7915800e+003  4.4000000e+002
  1.7920520e+003  4.7200000e+002
  1.7926400e+003  5.8800000e+002
  1.7931520e+003  5.1200000e+002
  1.7938680e+003  7.1600000e+002
  1.7943480e+003  4.8000000e+002
  1.7948120e+003  4.6400000e+002
  1.7952760e+003  4.6400000e+002
  1.7957480e+003  4.7200000e+002
  1.7962000e+003  4.5200000e+002
  1.7966720e+003  4.7200000e+002
  1.7972080e+003  5.3600000e+002
  1.7976400e+003  4.3200000e+002
  1.7981040e+003  4.6400000e+002
  1.7985840e+003  4.8000000e+002
