  1.6920000e+000  6.9200000e+002
  2.3600000e+000  6.6800000e+002
  3.0400000e+000  6.8000000e+002
  3.7640000e+000  7.2400000e+002
  4.4600000e+000  6.9600000e+002
  5.1480000e+000  6.8800000e+002
  5.8520000e+000  7.0400000e+002
  6.5400000e+000  6.8800000e+002
  7.2360000e+000  6.9600000e+002
  7.9320000e+000  6.9600000e+002
  8.6080000e+000  6.7600000e+002
  9.2880000e+000  6.8000000e+002
  9.9640000e+000  6.7600000e+002
  1.0648000e+001  6.8400000e+002
  1.1320000e+001  6.7200000e+002
  1.1992000e+001  6.7200000e+002
  1.2664000e+001  6.7200000e+002
  1.3332000e+001  6.6800000e+002
  1.4012000e+001  6.8000000e+002
  1.4672000e+001  6.6000000e+002
  1.5344000e+001  6.7200000e+002
  1.6004000e+001  6.6000000e+002
  1.6672000e+001  6.6800000e+002
  1.7328000e+001  6.5600000e+002
  1.7996000e+001  6.6800000e+002
  1.8652000e+001  6.5600000e+002
  1.9316000e+001  6.6400000e+002
  2.0000000e+001  6.8400000e+002
  2.0676000e+001  6.7600000e+002
  2.1356000e+001  6.8000000e+002
  2.2044000e+001  6.8800000e+002
  2.2732000e+001  6.8800000e+002
  2.3420000e+001  6.8800000e+002
  2.4092000e+001  6.7200000e+002
  2.4784000e+001  6.9200000e+002
  2.5476000e+001  6.9200000e+002
  2.6144000e+001  6.6800000e+002
  2.6832000e+001  6.8800000e+002
  2.7504000e+001  6.7200000e+002
  2.8172000e+001  6.6800000e+002
  2.8832000e+001  6.6000000e+002
  2.9500000e+001  6.6800000e+002
  3.0172000e+001  6.7200000e+002
  3.0832000e+001  6.6000000e+002
  3.1512000e+001  6.8000000e+002
  3.2176000e+001  6.6400000e+002
  3.2844000e+001  6.6800000e+002
  3.3504000e+001  6.6000000e+002
  3.4184000e+001  6.8000000e+002
  3.4868000e+001  6.8400000e+002
  3.5544000e+001  6.7600000e+002
  3.6216000e+001  6.7200000e+002
  3.6892000e+001  6.7600000e+002
  3.7564000e+001  6.7200000e+002
  3.8244000e+001  6.8000000e+002
  3.8900000e+001  6.5600000e+002
  3.9580000e+001  6.8000000e+002
  4.0256000e+001  6.7600000e+002
  4.0920000e+001  6.6400000e+002
  4.1604000e+001  6.8400000e+002
  4.2280000e+001  6.7600000e+002
  4.2940000e+001  6.6000000e+002
  4.3628000e+001  6.8800000e+002
  4.4304000e+001  6.7600000e+002
  4.4972000e+001  6.6800000e+002
  4.5652000e+001  6.8000000e+002
  4.6332000e+001  6.8000000e+002
  4.7000000e+001  6.6800000e+002
  4.7692000e+001  6.9200000e+002
  4.8376000e+001  6.8400000e+002
  4.9052000e+001  6.7600000e+002
  4.9732000e+001  6.8000000e+002
  5.0408000e+001  6.7600000e+002
  5.1080000e+001  6.7200000e+002
  5.1752000e+001  6.7200000e+002
  5.2428000e+001  6.7600000e+002
  5.3108000e+001  6.8000000e+002
  5.3800000e+001  6.9200000e+002
  5.4484000e+001  6.8400000e+002
  5.5176000e+001  6.9200000e+002
  5.5864000e+001  6.8800000e+002
  5.6552000e+001  6.8800000e+002
  5.7256000e+001  7.0400000e+002
  5.7956000e+001  7.0000000e+002
  5.8648000e+001  6.9200000e+002
  5.9344000e+001  6.9600000e+002
  6.0060000e+001  7.1600000e+002
  6.0740000e+001  6.8000000e+002
  6.1456000e+001  7.1600000e+002
  6.2148000e+001  6.9200000e+002
  6.2828000e+001  6.8000000e+002
  6.3488000e+001  6.6000000e+002
  6.4180000e+001  6.9200000e+002
  6.4852000e+001  6.7200000e+002
  6.5516000e+001  6.6400000e+002
  6.6208000e+001  6.9200000e+002
  6.6876000e+001  6.6800000e+002
  6.7552000e+001  6.7600000e+002
  6.8220000e+001  6.6800000e+002
  6.8892000e+001  6.7200000e+002
  6.9568000e+001  6.7600000e+002
  7.0236000e+001  6.6800000e+002
  7.0908000e+001  6.7200000e+002
  7.1584000e+001  6.7600000e+002
  7.2284000e+001  7.0000000e+002
  7.2972000e+001  6.8800000e+002
  7.3668000e+001  6.9600000e+002
  7.4360000e+001  6.9200000e+002
  7.5040000e+001  6.8000000e+002
  7.5724000e+001  6.8400000e+002
  7.6404000e+001  6.8000000e+002
  7.7080000e+001  6.7600000e+002
  7.7752000e+001  6.7200000e+002
  7.8432000e+001  6.8000000e+002
  7.9120000e+001  6.8800000e+002
  7.9796000e+001  6.7600000e+002
  8.0472000e+001  6.7600000e+002
  8.1152000e+001  6.8000000e+002
  8.1832000e+001  6.8000000e+002
  8.2516000e+001  6.8400000e+002
  8.3196000e+001  6.8000000e+002
  8.3900000e+001  7.0400000e+002
  8.4592000e+001  6.9200000e+002
  8.5280000e+001  6.8800000e+002
  8.5960000e+001  6.8000000e+002
  8.6668000e+001  7.0800000e+002
  8.7348000e+001  6.8000000e+002
  8.8048000e+001  7.0000000e+002
  8.8736000e+001  6.8800000e+002
  8.9424000e+001  6.8800000e+002
  9.0116000e+001  6.9200000e+002
  9.0796000e+001  6.8000000e+002
  9.1476000e+001  6.8000000e+002
  9.2172000e+001  6.9600000e+002
  9.2860000e+001  6.8800000e+002
  9.3552000e+001  6.9200000e+002
  9.4260000e+001  7.0800000e+002
  9.4952000e+001  6.9200000e+002
  9.5644000e+001  6.9200000e+002
  9.6340000e+001  6.9600000e+002
  9.7048000e+001  7.0800000e+002
  9.7728000e+001  6.8000000e+002
  9.8432000e+001  7.0400000e+002
  9.9116000e+001  6.8400000e+002
  9.9808000e+001  6.9200000e+002
  1.0048000e+002  6.7200000e+002
  1.0118000e+002  7.0000000e+002
  1.0186000e+002  6.8000000e+002
  1.0254800e+002  6.8800000e+002
  1.0322400e+002  6.7600000e+002
  1.0390000e+002  6.7600000e+002
  1.0460000e+002  7.0000000e+002
  1.0528400e+002  6.8400000e+002
  1.0596800e+002  6.8400000e+002
  1.0666400e+002  6.9600000e+002
  1.0734800e+002  6.8400000e+002
  1.0803200e+002  6.8400000e+002
  1.0872000e+002  6.8800000e+002
  1.0939600e+002  6.7600000e+002
  1.1008400e+002  6.8800000e+002
  1.1076400e+002  6.8000000e+002
  1.1143200e+002  6.6800000e+002
  1.1213200e+002  7.0000000e+002
  1.1281600e+002  6.8400000e+002
  1.1351200e+002  6.9600000e+002
  1.1419200e+002  6.8000000e+002
  1.1486800e+002  6.7600000e+002
  1.1555200e+002  6.8400000e+002
  1.1622400e+002  6.7200000e+002
  1.1688400e+002  6.6000000e+002
  1.1755600e+002  6.7200000e+002
  1.1821600e+002  6.6000000e+002
  1.1888800e+002  6.7200000e+002
  1.1955200e+002  6.6400000e+002
  1.2019600e+002  6.4400000e+002
  1.2089600e+002  7.0000000e+002
  1.2156400e+002  6.6800000e+002
  1.2223200e+002  6.6800000e+002
  1.2290400e+002  6.7200000e+002
  1.2358400e+002  6.8000000e+002
  1.2426800e+002  6.8400000e+002
  1.2495600e+002  6.8800000e+002
  1.2564400e+002  6.8800000e+002
  1.2634800e+002  7.0400000e+002
  1.2704800e+002  7.0000000e+002
  1.2774400e+002  6.9600000e+002
  1.2845200e+002  7.0800000e+002
  1.2914400e+002  6.9200000e+002
  1.2983600e+002  6.9200000e+002
  1.3052400e+002  6.8800000e+002
  1.3120400e+002  6.8000000e+002
  1.3189200e+002  6.8800000e+002
  1.3256400e+002  6.7200000e+002
  1.3324000e+002  6.7600000e+002
  1.3389200e+002  6.5200000e+002
  1.3459200e+002  7.0000000e+002
  1.3526000e+002  6.6800000e+002
  1.3592800e+002  6.6800000e+002
  1.3660400e+002  6.7600000e+002
  1.3727200e+002  6.6800000e+002
  1.3794400e+002  6.7200000e+002
  1.3862400e+002  6.8000000e+002
  1.3930000e+002  6.7600000e+002
  1.3997200e+002  6.7200000e+002
  1.4064800e+002  6.7600000e+002
  1.4132400e+002  6.7600000e+002
  1.4199200e+002  6.6800000e+002
  1.4267200e+002  6.8000000e+002
  1.4335200e+002  6.8000000e+002
  1.4402400e+002  6.7200000e+002
  1.4471200e+002  6.8800000e+002
  1.4539600e+002  6.8400000e+002
  1.4608400e+002  6.8800000e+002
  1.4676000e+002  6.7600000e+002
  1.4744800e+002  6.8800000e+002
  1.4813600e+002  6.8800000e+002
  1.4882000e+002  6.8400000e+002
  1.4950400e+002  6.8400000e+002
  1.5019200e+002  6.8800000e+002
  1.5087200e+002  6.8000000e+002
  1.5154800e+002  6.7600000e+002
  1.5224400e+002  6.9600000e+002
  1.5293200e+002  6.8800000e+002
  1.5362000e+002  6.8800000e+002
  1.5429200e+002  6.7200000e+002
  1.5499600e+002  7.0400000e+002
  1.5567600e+002  6.8000000e+002
  1.5635600e+002  6.8000000e+002
  1.5703600e+002  6.8000000e+002
  1.5772800e+002  6.9200000e+002
  1.5842000e+002  6.9200000e+002
  1.5911600e+002  6.9600000e+002
  1.5982400e+002  7.0800000e+002
  1.6052400e+002  7.0000000e+002
  1.6122400e+002  7.0000000e+002
  1.6194000e+002  7.1600000e+002
  1.6264000e+002  7.0000000e+002
  1.6333600e+002  6.9600000e+002
  1.6403600e+002  7.0000000e+002
  1.6472000e+002  6.8400000e+002
  1.6540400e+002  6.8400000e+002
  1.6608800e+002  6.8400000e+002
  1.6676400e+002  6.7600000e+002
  1.6743600e+002  6.7200000e+002
  1.6814800e+002  7.1200000e+002
  1.6883600e+002  6.8800000e+002
  1.6954000e+002  7.0400000e+002
  1.7023600e+002  6.9600000e+002
  1.7094400e+002  7.0800000e+002
  1.7164400e+002  7.0000000e+002
  1.7234400e+002  7.0000000e+002
  1.7304800e+002  7.0400000e+002
  1.7374400e+002  6.9600000e+002
  1.7442000e+002  6.7600000e+002
  1.7512400e+002  7.0400000e+002
  1.7581600e+002  6.9200000e+002
  1.7648000e+002  6.6400000e+002
  1.7717600e+002  6.9600000e+002
  1.7787600e+002  7.0000000e+002
  1.7855600e+002  6.8000000e+002
  1.7923600e+002  6.8000000e+002
  1.7993200e+002  6.9600000e+002
  1.8062000e+002  6.8800000e+002
  1.8130400e+002  6.8400000e+002
  1.8200800e+002  7.0400000e+002
  1.8270800e+002  7.0000000e+002
  1.8342400e+002  7.1600000e+002
  1.8412400e+002  7.0000000e+002
  1.8482000e+002  6.9600000e+002
  1.8552000e+002  7.0000000e+002
  1.8621200e+002  6.9200000e+002
  1.8690400e+002  6.9200000e+002
  1.8759200e+002  6.8800000e+002
  1.8828800e+002  6.9600000e+002
  1.8898800e+002  7.0000000e+002
  1.8969600e+002  7.0800000e+002
  1.9040400e+002  7.0800000e+002
  1.9109600e+002  6.9200000e+002
  1.9178800e+002  6.9200000e+002
  1.9247600e+002  6.8800000e+002
  1.9315200e+002  6.7600000e+002
  1.9382000e+002  6.6800000e+002
  1.9449200e+002  6.7200000e+002
  1.9515200e+002  6.6000000e+002
  1.9581200e+002  6.6000000e+002
  1.9647200e+002  6.6000000e+002
  1.9713200e+002  6.6000000e+002
  1.9779600e+002  6.6400000e+002
  1.9846400e+002  6.6800000e+002
  1.9912000e+002  6.5600000e+002
  1.9980800e+002  6.8800000e+002
  2.0048000e+002  6.7200000e+002
  2.0116400e+002  6.8400000e+002
  2.0184800e+002  6.8400000e+002
  2.0252400e+002  6.7600000e+002
  2.0320800e+002  6.8400000e+002
  2.0388400e+002  6.7600000e+002
  2.0455600e+002  6.7200000e+002
  2.0523200e+002  6.7600000e+002
  2.0590000e+002  6.6800000e+002
  2.0656800e+002  6.6800000e+002
  2.0723600e+002  6.6800000e+002
  2.0790400e+002  6.6800000e+002
  2.0857600e+002  6.7200000e+002
  2.0924400e+002  6.6800000e+002
  2.0992000e+002  6.7600000e+002
  2.1058400e+002  6.6400000e+002
  2.1127200e+002  6.8800000e+002
  2.1194400e+002  6.7200000e+002
  2.1261200e+002  6.6800000e+002
  2.1329200e+002  6.8000000e+002
  2.1396800e+002  6.7600000e+002
  2.1463600e+002  6.6800000e+002
  2.1532400e+002  6.8800000e+002
  2.1599600e+002  6.7200000e+002
  2.1666800e+002  6.7200000e+002
  2.1736400e+002  6.9600000e+002
  2.1804800e+002  6.8400000e+002
  2.1874000e+002  6.9200000e+002
  2.1943600e+002  6.9600000e+002
  2.2010800e+002  6.7200000e+002
  2.2083200e+002  7.2400000e+002
  2.2152000e+002  6.8800000e+002
  2.2221600e+002  6.9600000e+002
  2.2291600e+002  7.0000000e+002
  2.2360800e+002  6.9200000e+002
  2.2431200e+002  7.0400000e+002
  2.2500400e+002  6.9200000e+002
  2.2569200e+002  6.8800000e+002
  2.2639200e+002  7.0000000e+002
  2.2708400e+002  6.9200000e+002
  2.2777600e+002  6.9200000e+002
  2.2848400e+002  7.0800000e+002
  2.2919200e+002  7.0800000e+002
  2.2988000e+002  6.8800000e+002
  2.3057200e+002  6.9200000e+002
  2.3124800e+002  6.7600000e+002
  2.3194000e+002  6.9200000e+002
  2.3262400e+002  6.8400000e+002
  2.3331200e+002  6.8800000e+002
  2.3400800e+002  6.9600000e+002
  2.3469600e+002  6.8800000e+002
  2.3537600e+002  6.8000000e+002
  2.3607200e+002  6.9600000e+002
  2.3676400e+002  6.9200000e+002
  2.3745200e+002  6.8800000e+002
  2.3814400e+002  6.9200000e+002
  2.3883600e+002  6.9200000e+002
  2.3953200e+002  6.9600000e+002
  2.4021600e+002  6.8400000e+002
  2.4090000e+002  6.8400000e+002
  2.4159200e+002  6.9200000e+002
  2.4228000e+002  6.8800000e+002
  2.4296400e+002  6.8400000e+002
  2.4365600e+002  6.9200000e+002
  2.4433600e+002  6.8000000e+002
  2.4501200e+002  6.7600000e+002
  2.4569600e+002  6.8400000e+002
  2.4637200e+002  6.7600000e+002
  2.4703600e+002  6.6400000e+002
  2.4771600e+002  6.8000000e+002
  2.4838400e+002  6.6800000e+002
  2.4905200e+002  6.6800000e+002
  2.4972400e+002  6.7200000e+002
  2.5038400e+002  6.6000000e+002
  2.5107200e+002  6.8800000e+002
  2.5174000e+002  6.6800000e+002
  2.5241600e+002  6.7600000e+002
  2.5308800e+002  6.7200000e+002
  2.5374800e+002  6.6000000e+002
  2.5442400e+002  6.7600000e+002
  2.5509600e+002  6.7200000e+002
  2.5576400e+002  6.6800000e+002
  2.5644800e+002  6.8400000e+002
  2.5713200e+002  6.8400000e+002
  2.5781600e+002  6.8400000e+002
  2.5849600e+002  6.8000000e+002
  2.5917600e+002  6.8000000e+002
  2.5984800e+002  6.7200000e+002
  2.6052800e+002  6.7600000e+002
  2.6120000e+002  6.7200000e+002
  2.6187600e+002  6.7600000e+002
  2.6254400e+002  6.6800000e+002
  2.6322000e+002  6.7600000e+002
  2.6388400e+002  6.6400000e+002
  2.6455200e+002  6.6800000e+002
  2.6524000e+002  6.8800000e+002
  2.6591200e+002  6.7200000e+002
  2.6659600e+002  6.8400000e+002
  2.6726400e+002  6.6800000e+002
  2.6793600e+002  6.7200000e+002
  2.6862400e+002  6.8800000e+002
  2.6930800e+002  6.8400000e+002
  2.7000000e+002  6.9200000e+002
  2.7068400e+002  6.8400000e+002
  2.7136800e+002  6.8400000e+002
  2.7206800e+002  7.0000000e+002
  2.7276400e+002  6.9600000e+002
  2.7344800e+002  6.8400000e+002
  2.7414000e+002  6.9200000e+002
  2.7483200e+002  6.9200000e+002
  2.7550400e+002  6.7200000e+002
  2.7619200e+002  6.8800000e+002
  2.7686400e+002  6.7200000e+002
  2.7753600e+002  6.7200000e+002
  2.7820800e+002  6.7200000e+002
  2.7888000e+002  6.7200000e+002
  2.7957200e+002  6.9200000e+002
  2.8024400e+002  6.7200000e+002
  2.8092400e+002  6.8000000e+002
  2.8161200e+002  6.8800000e+002
  2.8230400e+002  6.9200000e+002
  2.8298800e+002  6.8400000e+002
  2.8368800e+002  7.0000000e+002
  2.8438000e+002  6.9200000e+002
  2.8507200e+002  6.9200000e+002
  2.8576800e+002  6.9600000e+002
  2.8646800e+002  7.0000000e+002
  2.8717600e+002  7.0800000e+002
  2.8786800e+002  6.9200000e+002
  2.8856800e+002  7.0000000e+002
  2.8926400e+002  6.9600000e+002
  2.8996400e+002  7.0000000e+002
  2.9065600e+002  6.9200000e+002
  2.9134400e+002  6.8800000e+002
  2.9203600e+002  6.9200000e+002
  2.9271600e+002  6.8000000e+002
  2.9339200e+002  6.7600000e+002
  2.9408000e+002  6.8800000e+002
  2.9476000e+002  6.8000000e+002
  2.9542800e+002  6.6800000e+002
  2.9610800e+002  6.8000000e+002
  2.9678400e+002  6.7600000e+002
  2.9745200e+002  6.6800000e+002
  2.9813600e+002  6.8400000e+002
  2.9880000e+002  6.6400000e+002
  2.9946800e+002  6.6800000e+002
  3.0014400e+002  6.7600000e+002
  3.0081600e+002  6.7200000e+002
  3.0148000e+002  6.6400000e+002
  3.0215600e+002  6.7600000e+002
  3.0283200e+002  6.7600000e+002
  3.0350800e+002  6.7600000e+002
  3.0419600e+002  6.8800000e+002
  3.0486800e+002  6.7200000e+002
  3.0554800e+002  6.8000000e+002
  3.0623200e+002  6.8400000e+002
  3.0691200e+002  6.8000000e+002
  3.0758400e+002  6.7200000e+002
  3.0826800e+002  6.8400000e+002
  3.0893600e+002  6.6800000e+002
  3.0960800e+002  6.7200000e+002
  3.1029200e+002  6.8400000e+002
  3.1096400e+002  6.7200000e+002
  3.1164000e+002  6.7600000e+002
  3.1231200e+002  6.7200000e+002
  3.1298400e+002  6.7200000e+002
  3.1366800e+002  6.8400000e+002
  3.1434800e+002  6.8000000e+002
  3.1502400e+002  6.7600000e+002
  3.1570800e+002  6.8400000e+002
  3.1638800e+002  6.8000000e+002
  3.1708400e+002  6.9600000e+002
  3.1776400e+002  6.8000000e+002
  3.1843200e+002  6.6800000e+002
  3.1911600e+002  6.8400000e+002
  3.1979200e+002  6.7600000e+002
  3.2045600e+002  6.6400000e+002
  3.2113200e+002  6.7600000e+002
  3.2181200e+002  6.8000000e+002
  3.2248400e+002  6.7200000e+002
  3.2316000e+002  6.7600000e+002
  3.2383200e+002  6.7200000e+002
  3.2449600e+002  6.6400000e+002
  3.2517200e+002  6.7600000e+002
  3.2583600e+002  6.6400000e+002
  3.2650000e+002  6.6400000e+002
  3.2717200e+002  6.7200000e+002
  3.2783200e+002  6.6000000e+002
  3.2848800e+002  6.5600000e+002
  3.2915200e+002  6.6400000e+002
  3.2980800e+002  6.5600000e+002
  3.3046400e+002  6.5600000e+002
  3.3112400e+002  6.6000000e+002
  3.3178400e+002  6.6000000e+002
  3.3244800e+002  6.6400000e+002
  3.3311200e+002  6.6400000e+002
  3.3377600e+002  6.6400000e+002
  3.3444400e+002  6.6800000e+002
  3.3511600e+002  6.7200000e+002
  3.3579200e+002  6.7600000e+002
  3.3646000e+002  6.6800000e+002
  3.3713200e+002  6.7200000e+002
  3.3780400e+002  6.7200000e+002
  3.3847200e+002  6.6800000e+002
  3.3914800e+002  6.7600000e+002
  3.3981600e+002  6.6800000e+002
  3.4048400e+002  6.6800000e+002
  3.4116800e+002  6.8400000e+002
  3.4183600e+002  6.6800000e+002
  3.4249600e+002  6.6000000e+002
  3.4314800e+002  6.5200000e+002
  3.4383200e+002  6.8400000e+002
  3.4449200e+002  6.6000000e+002
  3.4514800e+002  6.5600000e+002
  3.4583200e+002  6.8400000e+002
  3.4649600e+002  6.6400000e+002
  3.4717600e+002  6.8000000e+002
  3.4785200e+002  6.7600000e+002
  3.4852000e+002  6.6800000e+002
  3.4920000e+002  6.8000000e+002
  3.4987600e+002  6.7600000e+002
  3.5055200e+002  6.7600000e+002
  3.5123600e+002  6.8400000e+002
  3.5190800e+002  6.7200000e+002
  3.5258000e+002  6.7200000e+002
  3.5325200e+002  6.7200000e+002
  3.5392400e+002  6.7200000e+002
  3.5461600e+002  6.9200000e+002
  3.5529600e+002  6.8000000e+002
  3.5597600e+002  6.8000000e+002
  3.5666800e+002  6.9200000e+002
  3.5734000e+002  6.7200000e+002
  3.5802400e+002  6.8400000e+002
  3.5869200e+002  6.6800000e+002
  3.5937200e+002  6.8000000e+002
  3.6003600e+002  6.6400000e+002
  3.6069600e+002  6.6000000e+002
  3.6136800e+002  6.7200000e+002
  3.6203200e+002  6.6400000e+002
  3.6268800e+002  6.5600000e+002
  3.6335600e+002  6.6800000e+002
  3.6401600e+002  6.6000000e+002
  3.6467600e+002  6.6000000e+002
  3.6532800e+002  6.5200000e+002
  3.6598800e+002  6.6000000e+002
  3.6664400e+002  6.5600000e+002
  3.6730000e+002  6.5600000e+002
  3.6795600e+002  6.5600000e+002
  3.6862000e+002  6.6400000e+002
  3.6928000e+002  6.6000000e+002
  3.6994000e+002  6.6000000e+002
  3.7060400e+002  6.6400000e+002
  3.7128000e+002  6.7600000e+002
  3.7196000e+002  6.8000000e+002
  3.7262800e+002  6.6800000e+002
  3.7331200e+002  6.8400000e+002
  3.7399600e+002  6.8400000e+002
  3.7467600e+002  6.8000000e+002
  3.7536000e+002  6.8400000e+002
  3.7604000e+002  6.8000000e+002
  3.7671600e+002  6.7600000e+002
  3.7739600e+002  6.8000000e+002
  3.7807600e+002  6.8000000e+002
  3.7875200e+002  6.7600000e+002
  3.7944000e+002  6.8800000e+002
  3.8012400e+002  6.8400000e+002
  3.8080000e+002  6.7600000e+002
  3.8149200e+002  6.9200000e+002
  3.8218400e+002  6.9200000e+002
  3.8288400e+002  7.0000000e+002
  3.8357200e+002  6.8800000e+002
  3.8426400e+002  6.9200000e+002
  3.8496400e+002  7.0000000e+002
  3.8566000e+002  6.9600000e+002
  3.8634400e+002  6.8400000e+002
  3.8704000e+002  6.9600000e+002
  3.8772800e+002  6.8800000e+002
  3.8842000e+002  6.9200000e+002
  3.8911200e+002  6.9200000e+002
  3.8980400e+002  6.9200000e+002
  3.9050800e+002  7.0400000e+002
  3.9120400e+002  6.9600000e+002
  3.9189200e+002  6.8800000e+002
  3.9259600e+002  7.0400000e+002
  3.9328000e+002  6.8400000e+002
  3.9396000e+002  6.8000000e+002
  3.9465600e+002  6.9600000e+002
  3.9534000e+002  6.8400000e+002
  3.9603200e+002  6.9200000e+002
  3.9672000e+002  6.8800000e+002
  3.9739600e+002  6.7600000e+002
  3.9807200e+002  6.7600000e+002
  3.9877200e+002  7.0000000e+002
  3.9944400e+002  6.7200000e+002
  4.0011600e+002  6.7200000e+002
  4.0081200e+002  6.9600000e+002
  4.0147200e+002  6.6000000e+002
  4.0214000e+002  6.6800000e+002
  4.0279200e+002  6.5200000e+002
  4.0346400e+002  6.7200000e+002
  4.0411600e+002  6.5200000e+002
  4.0479600e+002  6.8000000e+002
  4.0547600e+002  6.8000000e+002
  4.0614000e+002  6.6400000e+002
  4.0680400e+002  6.6400000e+002
  4.0746800e+002  6.6400000e+002
  4.0814400e+002  6.7600000e+002
  4.0882400e+002  6.8000000e+002
  4.0950800e+002  6.8400000e+002
  4.1018400e+002  6.7600000e+002
  4.1083600e+002  6.5200000e+002
  4.1153600e+002  7.0000000e+002
  4.1221600e+002  6.8000000e+002
  4.1288400e+002  6.6800000e+002
  4.1357600e+002  6.9200000e+002
  4.1425600e+002  6.8000000e+002
  4.1492800e+002  6.7200000e+002
  4.1563200e+002  7.0400000e+002
  4.1632000e+002  6.8800000e+002
  4.1702000e+002  7.0000000e+002
  4.1772400e+002  7.0400000e+002
  4.1840800e+002  6.8400000e+002
  4.1910800e+002  7.0000000e+002
  4.1979200e+002  6.8400000e+002
  4.2046800e+002  6.7600000e+002
  4.2116400e+002  6.9600000e+002
  4.2184800e+002  6.8400000e+002
  4.2253200e+002  6.8400000e+002
  4.2324000e+002  7.0800000e+002
  4.2392800e+002  6.8800000e+002
  4.2461600e+002  6.8800000e+002
  4.2530400e+002  6.8800000e+002
  4.2601600e+002  7.1200000e+002
  4.2670800e+002  6.9200000e+002
  4.2740800e+002  7.0000000e+002
  4.2809600e+002  6.8800000e+002
  4.2880400e+002  7.0800000e+002
  4.2949200e+002  6.8800000e+002
  4.3018000e+002  6.8800000e+002
  4.3086800e+002  6.8800000e+002
  4.3155200e+002  6.8400000e+002
  4.3224400e+002  6.9200000e+002
  4.3292800e+002  6.8400000e+002
  4.3360800e+002  6.8000000e+002
  4.3428400e+002  6.7600000e+002
  4.3496800e+002  6.8400000e+002
  4.3562000e+002  6.5200000e+002
  4.3631600e+002  6.9600000e+002
  4.3698800e+002  6.7200000e+002
  4.3766000e+002  6.7200000e+002
  4.3835200e+002  6.9200000e+002
  4.3904000e+002  6.8800000e+002
  4.3973600e+002  6.9600000e+002
  4.4041600e+002  6.8000000e+002
  4.4110800e+002  6.9200000e+002
  4.4178800e+002  6.8000000e+002
  4.4247600e+002  6.8800000e+002
  4.4315600e+002  6.8000000e+002
  4.4386000e+002  7.0400000e+002
  4.4454800e+002  6.8800000e+002
  4.4524000e+002  6.9200000e+002
  4.4592000e+002  6.8000000e+002
  4.4660800e+002  6.8800000e+002
  4.4727600e+002  6.6800000e+002
  4.4794800e+002  6.7200000e+002
  4.4861600e+002  6.6800000e+002
  4.4928400e+002  6.6800000e+002
  4.4995200e+002  6.6800000e+002
  4.5062800e+002  6.7600000e+002
  4.5128000e+002  6.5200000e+002
  4.5196400e+002  6.8400000e+002
  4.5264800e+002  6.8400000e+002
  4.5332400e+002  6.7600000e+002
  4.5399600e+002  6.7200000e+002
  4.5467200e+002  6.7600000e+002
  4.5535600e+002  6.8400000e+002
  4.5604000e+002  6.8400000e+002
  4.5672400e+002  6.8400000e+002
  4.5741200e+002  6.8800000e+002
  4.5809200e+002  6.8000000e+002
  4.5877600e+002  6.8400000e+002
  4.5946400e+002  6.8800000e+002
  4.6014000e+002  6.7600000e+002
  4.6082400e+002  6.8400000e+002
  4.6150400e+002  6.8000000e+002
  4.6217200e+002  6.6800000e+002
  4.6282400e+002  6.5200000e+002
  4.6351200e+002  6.8800000e+002
  4.6417600e+002  6.6400000e+002
  4.6484000e+002  6.6400000e+002
  4.6551200e+002  6.7200000e+002
  4.6617200e+002  6.6000000e+002
  4.6683200e+002  6.6000000e+002
  4.6749200e+002  6.6000000e+002
  4.6814800e+002  6.5600000e+002
  4.6879200e+002  6.4400000e+002
  4.6945200e+002  6.6000000e+002
  4.7010400e+002  6.5200000e+002
  4.7076800e+002  6.6400000e+002
  4.7143200e+002  6.6400000e+002
  4.7209200e+002  6.6000000e+002
  4.7275200e+002  6.6000000e+002
  4.7342000e+002  6.6800000e+002
  4.7410000e+002  6.8000000e+002
  4.7477600e+002  6.7600000e+002
  4.7545600e+002  6.8000000e+002
  4.7613200e+002  6.7600000e+002
  4.7683200e+002  7.0000000e+002
  4.7750400e+002  6.7200000e+002
  4.7821200e+002  7.0800000e+002
  4.7892800e+002  7.1600000e+002
  4.7962800e+002  7.0000000e+002
  4.8029200e+002  6.6400000e+002
  4.8099200e+002  7.0000000e+002
  4.8166400e+002  6.7200000e+002
  4.8232400e+002  6.6000000e+002
  4.8299600e+002  6.7200000e+002
  4.8365600e+002  6.6000000e+002
  4.8431600e+002  6.6000000e+002
  4.8498000e+002  6.6400000e+002
  4.8562800e+002  6.4800000e+002
  4.8629200e+002  6.6400000e+002
  4.8695600e+002  6.6400000e+002
  4.8763200e+002  6.7600000e+002
  4.8830800e+002  6.7600000e+002
  4.8898800e+002  6.8000000e+002
  4.8966000e+002  6.7200000e+002
  4.9034000e+002  6.8000000e+002
  4.9102000e+002  6.8000000e+002
  4.9169200e+002  6.7200000e+002
  4.9238000e+002  6.8800000e+002
  4.9305600e+002  6.7600000e+002
  4.9372400e+002  6.6800000e+002
  4.9441200e+002  6.8800000e+002
  4.9508800e+002  6.7600000e+002
  4.9577200e+002  6.8400000e+002
  4.9646800e+002  6.9600000e+002
  4.9715200e+002  6.8400000e+002
  4.9782800e+002  6.7600000e+002
  4.9852000e+002  6.9200000e+002
  4.9918800e+002  6.6800000e+002
  4.9986000e+002  6.7200000e+002
  5.0054800e+002  6.8800000e+002
  5.0123600e+002  6.8800000e+002
  5.0190800e+002  6.7200000e+002
  5.0259200e+002  6.8400000e+002
  5.0325600e+002  6.6400000e+002
  5.0393200e+002  6.7600000e+002
  5.0460000e+002  6.6800000e+002
  5.0527200e+002  6.7200000e+002
  5.0596000e+002  6.8800000e+002
  5.0663600e+002  6.7600000e+002
  5.0731200e+002  6.7600000e+002
  5.0800800e+002  6.9600000e+002
  5.0868400e+002  6.7600000e+002
  5.0935600e+002  6.7200000e+002
  5.1003600e+002  6.8000000e+002
  5.1071200e+002  6.7600000e+002
  5.1140000e+002  6.8800000e+002
  5.1208000e+002  6.8000000e+002
  5.1276800e+002  6.8800000e+002
  5.1346800e+002  7.0000000e+002
  5.1416400e+002  6.9600000e+002
  5.1486400e+002  7.0000000e+002
  5.1554400e+002  6.8000000e+002
  5.1626000e+002  7.1600000e+002
  5.1696400e+002  7.0400000e+002
  5.1766400e+002  7.0000000e+002
  5.1837600e+002  7.1200000e+002
  5.1906400e+002  6.8800000e+002
  5.1975200e+002  6.8800000e+002
  5.2044400e+002  6.9200000e+002
  5.2113600e+002  6.9200000e+002
  5.2181600e+002  6.8000000e+002
  5.2248800e+002  6.7200000e+002
  5.2318000e+002  6.9200000e+002
  5.2386000e+002  6.8000000e+002
  5.2454000e+002  6.8000000e+002
  5.2523200e+002  6.9200000e+002
  5.2592000e+002  6.8800000e+002
  5.2660000e+002  6.8000000e+002
  5.2730000e+002  7.0000000e+002
  5.2798000e+002  6.8000000e+002
  5.2866000e+002  6.8000000e+002
  5.2934000e+002  6.8000000e+002
  5.3001600e+002  6.7600000e+002
  5.3068000e+002  6.6400000e+002
  5.3134400e+002  6.6400000e+002
  5.3200000e+002  6.5600000e+002
  5.3266000e+002  6.6000000e+002
  5.3331200e+002  6.5200000e+002
  5.3398000e+002  6.6800000e+002
  5.3463200e+002  6.5200000e+002
  5.3528400e+002  6.5200000e+002
  5.3593600e+002  6.5200000e+002
  5.3659200e+002  6.5600000e+002
  5.3724400e+002  6.5200000e+002
  5.3790400e+002  6.6000000e+002
  5.3856400e+002  6.6000000e+002
  5.3922400e+002  6.6000000e+002
  5.3990400e+002  6.8000000e+002
  5.4056800e+002  6.6400000e+002
  5.4124800e+002  6.8000000e+002
  5.4192000e+002  6.7200000e+002
  5.4259600e+002  6.7600000e+002
  5.4327600e+002  6.8000000e+002
  5.4395600e+002  6.8000000e+002
  5.4462400e+002  6.6800000e+002
  5.4531600e+002  6.9200000e+002
  5.4599200e+002  6.7600000e+002
  5.4668400e+002  6.9200000e+002
  5.4738400e+002  7.0000000e+002
  5.4806800e+002  6.8400000e+002
  5.4877200e+002  7.0400000e+002
  5.4946800e+002  6.9600000e+002
  5.5015600e+002  6.8800000e+002
  5.5086800e+002  7.1200000e+002
  5.5156000e+002  6.9200000e+002
  5.5223600e+002  6.7600000e+002
  5.5292800e+002  6.9200000e+002
  5.5361600e+002  6.8800000e+002
  5.5429600e+002  6.8000000e+002
  5.5498400e+002  6.8800000e+002
  5.5566400e+002  6.8000000e+002
  5.5634000e+002  6.7600000e+002
  5.5702400e+002  6.8400000e+002
  5.5770000e+002  6.7600000e+002
  5.5837600e+002  6.7600000e+002
  5.5904400e+002  6.6800000e+002
  5.5971200e+002  6.6800000e+002
  5.6038800e+002  6.7600000e+002
  5.6106400e+002  6.7600000e+002
  5.6173600e+002  6.7200000e+002
  5.6241200e+002  6.7600000e+002
  5.6309200e+002  6.8000000e+002
  5.6376000e+002  6.6800000e+002
  5.6443200e+002  6.7200000e+002
  5.6509600e+002  6.6400000e+002
  5.6576000e+002  6.6400000e+002
  5.6644400e+002  6.8400000e+002
  5.6712800e+002  6.8400000e+002
  5.6782400e+002  6.9600000e+002
  5.6850000e+002  6.7600000e+002
  5.6920400e+002  7.0400000e+002
  5.6990000e+002  6.9600000e+002
  5.7060000e+002  7.0000000e+002
  5.7131600e+002  7.1600000e+002
  5.7201200e+002  6.9600000e+002
  5.7270800e+002  6.9600000e+002
  5.7341200e+002  7.0400000e+002
  5.7411200e+002  7.0000000e+002
  5.7479600e+002  6.8400000e+002
  5.7548400e+002  6.8800000e+002
  5.7617200e+002  6.8800000e+002
  5.7685200e+002  6.8000000e+002
  5.7752400e+002  6.7200000e+002
  5.7821600e+002  6.9200000e+002
  5.7890000e+002  6.8400000e+002
  5.7957200e+002  6.7200000e+002
  5.8026000e+002  6.8800000e+002
  5.8094400e+002  6.8400000e+002
  5.8162000e+002  6.7600000e+002
  5.8229200e+002  6.7200000e+002
  5.8298000e+002  6.8800000e+002
  5.8365600e+002  6.7600000e+002
  5.8433200e+002  6.7600000e+002
  5.8500400e+002  6.7200000e+002
  5.8567200e+002  6.6800000e+002
  5.8633600e+002  6.6400000e+002
  5.8699600e+002  6.6000000e+002
  5.8765600e+002  6.6000000e+002
  5.8831200e+002  6.5600000e+002
  5.8897200e+002  6.6000000e+002
  5.8963600e+002  6.6400000e+002
  5.9029600e+002  6.6000000e+002
  5.9097600e+002  6.8000000e+002
  5.9164400e+002  6.6800000e+002
  5.9231200e+002  6.6800000e+002
  5.9298800e+002  6.7600000e+002
  5.9365200e+002  6.6400000e+002
  5.9432400e+002  6.7200000e+002
  5.9499200e+002  6.6800000e+002
  5.9566400e+002  6.7200000e+002
  5.9633600e+002  6.7200000e+002
  5.9700400e+002  6.6800000e+002
  5.9768000e+002  6.7600000e+002
  5.9834400e+002  6.6400000e+002
  5.9902000e+002  6.7600000e+002
  5.9970000e+002  6.8000000e+002
  6.0037200e+002  6.7200000e+002
  6.0106000e+002  6.8800000e+002
  6.0173600e+002  6.7600000e+002
  6.0240400e+002  6.6800000e+002
  6.0309200e+002  6.8800000e+002
  6.0376800e+002  6.7600000e+002
  6.0446000e+002  6.9200000e+002
  6.0514000e+002  6.8000000e+002
  6.0582000e+002  6.8000000e+002
  6.0651600e+002  6.9600000e+002
  6.0718800e+002  6.7200000e+002
  6.0786000e+002  6.7200000e+002
  6.0854000e+002  6.8000000e+002
  6.0922000e+002  6.8000000e+002
  6.0988400e+002  6.6400000e+002
  6.1057600e+002  6.9200000e+002
  6.1124400e+002  6.6800000e+002
  6.1191600e+002  6.7200000e+002
  6.1259200e+002  6.7600000e+002
  6.1325600e+002  6.6400000e+002
  6.1392800e+002  6.7200000e+002
  6.1460400e+002  6.7600000e+002
  6.1527600e+002  6.7200000e+002
  6.1593600e+002  6.6000000e+002
  6.1662400e+002  6.8800000e+002
  6.1731200e+002  6.8800000e+002
  6.1800400e+002  6.9200000e+002
  6.1868000e+002  6.7600000e+002
  6.1936000e+002  6.8000000e+002
  6.2005600e+002  6.9600000e+002
  6.2073600e+002  6.8000000e+002
  6.2142000e+002  6.8400000e+002
  6.2211200e+002  6.9200000e+002
  6.2278400e+002  6.7200000e+002
  6.2345600e+002  6.7200000e+002
  6.2413600e+002  6.8000000e+002
  6.2480400e+002  6.6800000e+002
  6.2548000e+002  6.7600000e+002
  6.2614400e+002  6.6400000e+002
  6.2681200e+002  6.6800000e+002
  6.2747200e+002  6.6000000e+002
  6.2812800e+002  6.5600000e+002
  6.2879200e+002  6.6400000e+002
  6.2945600e+002  6.6400000e+002
  6.3012400e+002  6.6800000e+002
  6.3080400e+002  6.8000000e+002
  6.3147200e+002  6.6800000e+002
  6.3216000e+002  6.8800000e+002
  6.3282800e+002  6.6800000e+002
  6.3349200e+002  6.6400000e+002
  6.3417600e+002  6.8400000e+002
  6.3484800e+002  6.7200000e+002
  6.3552400e+002  6.7600000e+002
  6.3622400e+002  7.0000000e+002
  6.3690400e+002  6.8000000e+002
  6.3758000e+002  6.7600000e+002
  6.3826000e+002  6.8000000e+002
  6.3892800e+002  6.6800000e+002
  6.3960000e+002  6.7200000e+002
  6.4026400e+002  6.6400000e+002
  6.4094800e+002  6.8400000e+002
  6.4161600e+002  6.6800000e+002
  6.4228000e+002  6.6400000e+002
  6.4294000e+002  6.6000000e+002
  6.4360800e+002  6.6800000e+002
  6.4427600e+002  6.6800000e+002
  6.4494400e+002  6.6800000e+002
  6.4560800e+002  6.6400000e+002
  6.4629200e+002  6.8400000e+002
  6.4696000e+002  6.6800000e+002
  6.4762400e+002  6.6400000e+002
  6.4830800e+002  6.8400000e+002
  6.4897200e+002  6.6400000e+002
  6.4964000e+002  6.6800000e+002
  6.5030800e+002  6.6800000e+002
  6.5097200e+002  6.6400000e+002
  6.5162400e+002  6.5200000e+002
  6.5228400e+002  6.6000000e+002
  6.5295200e+002  6.6800000e+002
  6.5361200e+002  6.6000000e+002
  6.5423200e+002  6.2000000e+002
  6.5492400e+002  6.9200000e+002
  6.5558400e+002  6.6000000e+002
  6.5621600e+002  6.3200000e+002
  6.5691600e+002  7.0000000e+002
  6.5758400e+002  6.6800000e+002
  6.5821200e+002  6.2800000e+002
  6.5891200e+002  7.0000000e+002
  6.5958800e+002  6.7600000e+002
  6.6022800e+002  6.4000000e+002
  6.6093600e+002  7.0800000e+002
  6.6161600e+002  6.8000000e+002
  6.6226400e+002  6.4800000e+002
  6.6296800e+002  7.0400000e+002
  6.6364400e+002  6.7600000e+002
  6.6431600e+002  6.7200000e+002
  6.6498800e+002  6.7200000e+002
  6.6566000e+002  6.7200000e+002
  6.6633600e+002  6.7600000e+002
  6.6700400e+002  6.6800000e+002
  6.6766800e+002  6.6400000e+002
  6.6834400e+002  6.7600000e+002
  6.6901600e+002  6.7200000e+002
  6.6968400e+002  6.6800000e+002
  6.7036400e+002  6.8000000e+002
  6.7103200e+002  6.6800000e+002
  6.7170400e+002  6.7200000e+002
  6.7239200e+002  6.8800000e+002
  6.7306800e+002  6.7600000e+002
  6.7374000e+002  6.7200000e+002
  6.7442800e+002  6.8800000e+002
  6.7510800e+002  6.8000000e+002
  6.7577600e+002  6.6800000e+002
  6.7646000e+002  6.8400000e+002
  6.7713600e+002  6.7600000e+002
  6.7780800e+002  6.7200000e+002
  6.7848400e+002  6.7600000e+002
  6.7915200e+002  6.6800000e+002
  6.7981200e+002  6.6000000e+002
  6.8049200e+002  6.8000000e+002
  6.8115600e+002  6.6400000e+002
  6.8181600e+002  6.6000000e+002
  6.8247200e+002  6.5600000e+002
  6.8313200e+002  6.6000000e+002
  6.8378400e+002  6.5200000e+002
  6.8444000e+002  6.5600000e+002
  6.8511600e+002  6.7600000e+002
  6.8577600e+002  6.6000000e+002
  6.8643200e+002  6.5600000e+002
  6.8712000e+002  6.8800000e+002
  6.8778000e+002  6.6000000e+002
  6.8843600e+002  6.5600000e+002
  6.8911600e+002  6.8000000e+002
  6.8978000e+002  6.6400000e+002
  6.9045600e+002  6.7600000e+002
  6.9114800e+002  6.9200000e+002
  6.9182400e+002  6.7600000e+002
  6.9250000e+002  6.7600000e+002
  6.9316800e+002  6.6800000e+002
  6.9385600e+002  6.8800000e+002
  6.9452800e+002  6.7200000e+002
  6.9520000e+002  6.7200000e+002
  6.9587600e+002  6.7600000e+002
  6.9655600e+002  6.8000000e+002
  6.9721600e+002  6.6000000e+002
  6.9787200e+002  6.5600000e+002
  6.9855600e+002  6.8400000e+002
  6.9921600e+002  6.6000000e+002
  6.9987600e+002  6.6000000e+002
  7.0052000e+002  6.4400000e+002
  7.0118800e+002  6.6800000e+002
  7.0184800e+002  6.6000000e+002
  7.0251200e+002  6.6400000e+002
  7.0316800e+002  6.5600000e+002
  7.0384400e+002  6.7600000e+002
  7.0450400e+002  6.6000000e+002
  7.0516400e+002  6.6000000e+002
  7.0581600e+002  6.5200000e+002
  7.0648000e+002  6.6400000e+002
  7.0713200e+002  6.5200000e+002
  7.0778400e+002  6.5200000e+002
  7.0844000e+002  6.5600000e+002
  7.0910000e+002  6.6000000e+002
  7.0975600e+002  6.5600000e+002
  7.1041600e+002  6.6000000e+002
  7.1109200e+002  6.7600000e+002
  7.1176000e+002  6.6800000e+002
  7.1242800e+002  6.6800000e+002
  7.1309600e+002  6.6800000e+002
  7.1378000e+002  6.8400000e+002
  7.1444800e+002  6.6800000e+002
  7.1512400e+002  6.7600000e+002
  7.1578000e+002  6.5600000e+002
  7.1645200e+002  6.7200000e+002
  7.1712400e+002  6.7200000e+002
  7.1778400e+002  6.6000000e+002
  7.1845200e+002  6.6800000e+002
  7.1911200e+002  6.6000000e+002
  7.1977600e+002  6.6400000e+002
  7.2043600e+002  6.6000000e+002
  7.2111200e+002  6.7600000e+002
  7.2178000e+002  6.6800000e+002
  7.2244800e+002  6.6800000e+002
  7.2314000e+002  6.9200000e+002
  7.2381200e+002  6.7200000e+002
  7.2449200e+002  6.8000000e+002
  7.2517600e+002  6.8400000e+002
  7.2585600e+002  6.8000000e+002
  7.2653200e+002  6.7600000e+002
  7.2719600e+002  6.6400000e+002
  7.2788400e+002  6.8800000e+002
  7.2855600e+002  6.7200000e+002
  7.2922400e+002  6.6800000e+002
  7.2990000e+002  6.7600000e+002
  7.3056800e+002  6.6800000e+002
  7.3124000e+002  6.7200000e+002
  7.3191600e+002  6.7600000e+002
  7.3258400e+002  6.6800000e+002
  7.3325600e+002  6.7200000e+002
  7.3395200e+002  6.9600000e+002
  7.3462800e+002  6.7600000e+002
  7.3529200e+002  6.6400000e+002
  7.3598000e+002  6.8800000e+002
  7.3664800e+002  6.6800000e+002
  7.3731200e+002  6.6400000e+002
  7.3798400e+002  6.7200000e+002
  7.3864400e+002  6.6000000e+002
  7.3930800e+002  6.6400000e+002
  7.3996400e+002  6.5600000e+002
  7.4064800e+002  6.8400000e+002
  7.4131600e+002  6.6800000e+002
  7.4197200e+002  6.5600000e+002
  7.4264400e+002  6.7200000e+002
  7.4330400e+002  6.6000000e+002
  7.4396400e+002  6.6000000e+002
  7.4464800e+002  6.8400000e+002
  7.4531600e+002  6.6800000e+002
  7.4597600e+002  6.6000000e+002
  7.4664800e+002  6.7200000e+002
  7.4730800e+002  6.6000000e+002
  7.4797200e+002  6.6400000e+002
  7.4863200e+002  6.6000000e+002
  7.4929600e+002  6.6400000e+002
  7.4996000e+002  6.6400000e+002
  7.5062000e+002  6.6000000e+002
  7.5130000e+002  6.8000000e+002
  7.5196400e+002  6.6400000e+002
  7.5262400e+002  6.6000000e+002
  7.5330800e+002  6.8400000e+002
  7.5398000e+002  6.7200000e+002
  7.5465600e+002  6.7600000e+002
  7.5533200e+002  6.7600000e+002
  7.5600800e+002  6.7600000e+002
  7.5668400e+002  6.7600000e+002
  7.5735200e+002  6.6800000e+002
  7.5802400e+002  6.7200000e+002
  7.5870800e+002  6.8400000e+002
  7.5938800e+002  6.8000000e+002
  7.6006400e+002  6.7600000e+002
  7.6074000e+002  6.7600000e+002
  7.6141200e+002  6.7200000e+002
  7.6208800e+002  6.7600000e+002
  7.6275200e+002  6.6400000e+002
  7.6342400e+002  6.7200000e+002
  7.6409200e+002  6.6800000e+002
  7.6476000e+002  6.6800000e+002
  7.6543600e+002  6.7600000e+002
  7.6611600e+002  6.8000000e+002
  7.6679600e+002  6.8000000e+002
  7.6749200e+002  6.9600000e+002
  7.6817200e+002  6.8000000e+002
  7.6884800e+002  6.7600000e+002
  7.6954000e+002  6.9200000e+002
  7.7022800e+002  6.8800000e+002
  7.7091600e+002  6.8800000e+002
  7.7160800e+002  6.9200000e+002
  7.7229600e+002  6.8800000e+002
  7.7296800e+002  6.7200000e+002
  7.7365600e+002  6.8800000e+002
  7.7432800e+002  6.7200000e+002
  7.7500400e+002  6.7600000e+002
  7.7569600e+002  6.9200000e+002
  7.7637200e+002  6.7600000e+002
  7.7704000e+002  6.6800000e+002
  7.7771600e+002  6.7600000e+002
  7.7838800e+002  6.7200000e+002
  7.7906800e+002  6.8000000e+002
  7.7974800e+002  6.8000000e+002
  7.8043200e+002  6.8400000e+002
  7.8111600e+002  6.8400000e+002
  7.8181200e+002  6.9600000e+002
  7.8249200e+002  6.8000000e+002
  7.8317600e+002  6.8400000e+002
  7.8386400e+002  6.8800000e+002
  7.8454000e+002  6.7600000e+002
  7.8521200e+002  6.7200000e+002
  7.8590400e+002  6.9200000e+002
  7.8658800e+002  6.8400000e+002
  7.8726800e+002  6.8000000e+002
  7.8796000e+002  6.9200000e+002
  7.8865200e+002  6.9200000e+002
  7.8934000e+002  6.8800000e+002
  7.9004400e+002  7.0400000e+002
  7.9074400e+002  7.0000000e+002
  7.9143200e+002  6.8800000e+002
  7.9211200e+002  6.8000000e+002
  7.9281200e+002  7.0000000e+002
  7.9349600e+002  6.8400000e+002
  7.9418400e+002  6.8800000e+002
  7.9490000e+002  7.1600000e+002
  7.9559600e+002  6.9600000e+002
  7.9630000e+002  7.0400000e+002
  7.9702000e+002  7.2000000e+002
  7.9772400e+002  7.0400000e+002
  7.9842800e+002  7.0400000e+002
  7.9913600e+002  7.0800000e+002
  7.9984000e+002  7.0400000e+002
  8.0053200e+002  6.9200000e+002
  8.0123600e+002  7.0400000e+002
  8.0193600e+002  7.0000000e+002
  8.0262400e+002  6.8800000e+002
  8.0332800e+002  7.0400000e+002
  8.0402800e+002  7.0000000e+002
  8.0474000e+002  7.1200000e+002
  8.0544800e+002  7.0800000e+002
  8.0614800e+002  7.0000000e+002
  8.0686400e+002  7.1600000e+002
  8.0756000e+002  6.9600000e+002
  8.0826000e+002  7.0000000e+002
  8.0896400e+002  7.0400000e+002
  8.0966400e+002  7.0000000e+002
  8.1036400e+002  7.0000000e+002
  8.1106400e+002  7.0000000e+002
  8.1176800e+002  7.0400000e+002
  8.1246400e+002  6.9600000e+002
  8.1316800e+002  7.0400000e+002
  8.1387600e+002  7.0800000e+002
  8.1458000e+002  7.0400000e+002
  8.1530000e+002  7.2000000e+002
  8.1600800e+002  7.0800000e+002
  8.1670800e+002  7.0000000e+002
  8.1741600e+002  7.0800000e+002
  8.1811600e+002  7.0000000e+002
  8.1881200e+002  6.9600000e+002
  8.1951200e+002  7.0000000e+002
  8.2020000e+002  6.8800000e+002
  8.2087200e+002  6.7200000e+002
  8.2156800e+002  6.9600000e+002
  8.2225200e+002  6.8400000e+002
  8.2292800e+002  6.7600000e+002
  8.2363600e+002  7.0800000e+002
  8.2432800e+002  6.9200000e+002
  8.2502400e+002  6.9600000e+002
  8.2573600e+002  7.1200000e+002
  8.2643200e+002  6.9600000e+002
  8.2712400e+002  6.9200000e+002
  8.2780400e+002  6.8000000e+002
  8.2848800e+002  6.8400000e+002
  8.2917200e+002  6.8400000e+002
  8.2985200e+002  6.8000000e+002
  8.3054000e+002  6.8800000e+002
  8.3122400e+002  6.8400000e+002
  8.3192000e+002  6.9600000e+002
  8.3261200e+002  6.9200000e+002
  8.3330800e+002  6.9600000e+002
  8.3400400e+002  6.9600000e+002
  8.3469200e+002  6.8800000e+002
  8.3538000e+002  6.8800000e+002
  8.3607600e+002  6.9600000e+002
  8.3676000e+002  6.8400000e+002
  8.3745200e+002  6.9200000e+002
  8.3814400e+002  6.9200000e+002
  8.3884400e+002  7.0000000e+002
  8.3953600e+002  6.9200000e+002
  8.4024400e+002  7.0800000e+002
  8.4095200e+002  7.0800000e+002
  8.4164000e+002  6.8800000e+002
  8.4235200e+002  7.1200000e+002
  8.4304000e+002  6.8800000e+002
  8.4371200e+002  6.7200000e+002
  8.4442400e+002  7.1200000e+002
  8.4511600e+002  6.9200000e+002
  8.4581200e+002  6.9600000e+002
  8.4650800e+002  6.9600000e+002
  8.4718800e+002  6.8000000e+002
  8.4787200e+002  6.8400000e+002
  8.4856400e+002  6.9200000e+002
  8.4924800e+002  6.8400000e+002
  8.4992800e+002  6.8000000e+002
  8.5061600e+002  6.8800000e+002
  8.5129200e+002  6.7600000e+002
  8.5197200e+002  6.8000000e+002
  8.5264400e+002  6.7200000e+002
  8.5330800e+002  6.6400000e+002
  8.5400000e+002  6.9200000e+002
  8.5468000e+002  6.8000000e+002
  8.5536000e+002  6.8000000e+002
  8.5605200e+002  6.9200000e+002
  8.5672400e+002  6.7200000e+002
  8.5740400e+002  6.8000000e+002
  8.5808000e+002  6.7600000e+002
  8.5875600e+002  6.7600000e+002
  8.5944800e+002  6.9200000e+002
  8.6013600e+002  6.8800000e+002
  8.6082400e+002  6.8800000e+002
  8.6151600e+002  6.9200000e+002
  8.6219600e+002  6.8000000e+002
  8.6288000e+002  6.8400000e+002
  8.6357200e+002  6.9200000e+002
  8.6426000e+002  6.8800000e+002
  8.6494000e+002  6.8000000e+002
  8.6563600e+002  6.9600000e+002
  8.6632400e+002  6.8800000e+002
  8.6700400e+002  6.8000000e+002
  8.6769600e+002  6.9200000e+002
  8.6839200e+002  6.9600000e+002
  8.6908000e+002  6.8800000e+002
  8.6977200e+002  6.9200000e+002
  8.7046800e+002  6.9600000e+002
  8.7115200e+002  6.8400000e+002
  8.7183600e+002  6.8400000e+002
  8.7252000e+002  6.8400000e+002
  8.7321200e+002  6.9200000e+002
  8.7389600e+002  6.8400000e+002
  8.7457600e+002  6.8000000e+002
  8.7525600e+002  6.8000000e+002
  8.7594000e+002  6.8400000e+002
  8.7661600e+002  6.7600000e+002
  8.7729200e+002  6.7600000e+002
  8.7800000e+002  7.0800000e+002
  8.7869200e+002  6.9200000e+002
  8.7937200e+002  6.8000000e+002
  8.8006800e+002  6.9600000e+002
  8.8074800e+002  6.8000000e+002
  8.8142400e+002  6.7600000e+002
  8.8212400e+002  7.0000000e+002
  8.8280800e+002  6.8400000e+002
  8.8348400e+002  6.7600000e+002
  8.8416400e+002  6.8000000e+002
  8.8484400e+002  6.8000000e+002
  8.8552000e+002  6.7600000e+002
  8.8620000e+002  6.8000000e+002
  8.8688000e+002  6.8000000e+002
  8.8754800e+002  6.6800000e+002
  8.8824400e+002  6.9600000e+002
  8.8892400e+002  6.8000000e+002
  8.8961200e+002  6.8800000e+002
  8.9031200e+002  7.0000000e+002
  8.9100400e+002  6.9200000e+002
  8.9170800e+002  7.0400000e+002
  8.9240400e+002  6.9600000e+002
  8.9310400e+002  7.0000000e+002
  8.9378400e+002  6.8000000e+002
  8.9445600e+002  6.7200000e+002
  8.9514000e+002  6.8400000e+002
  8.9581200e+002  6.7200000e+002
  8.9647600e+002  6.6400000e+002
  8.9716000e+002  6.8400000e+002
  8.9782800e+002  6.6800000e+002
  8.9850400e+002  6.7600000e+002
  8.9917600e+002  6.7200000e+002
  8.9984800e+002  6.7200000e+002
  9.0051200e+002  6.6400000e+002
  9.0120400e+002  6.9200000e+002
  9.0188000e+002  6.7600000e+002
  9.0255200e+002  6.7200000e+002
  9.0324400e+002  6.9200000e+002
  9.0393600e+002  6.9200000e+002
  9.0462800e+002  6.9200000e+002
  9.0534400e+002  7.1600000e+002
  9.0604000e+002  6.9600000e+002
  9.0673200e+002  6.9200000e+002
  9.0743200e+002  7.0000000e+002
  9.0812000e+002  6.8800000e+002
  9.0880800e+002  6.8800000e+002
  9.0950800e+002  7.0000000e+002
  9.1019200e+002  6.8400000e+002
  9.1088800e+002  6.9600000e+002
  9.1158800e+002  7.0000000e+002
  9.1227200e+002  6.8400000e+002
  9.1296800e+002  6.9600000e+002
  9.1367200e+002  7.0400000e+002
  9.1436800e+002  6.9600000e+002
  9.1505200e+002  6.8400000e+002
  9.1574800e+002  6.9600000e+002
  9.1643600e+002  6.8800000e+002
  9.1712800e+002  6.9200000e+002
  9.1780800e+002  6.8000000e+002
  9.1848400e+002  6.7600000e+002
  9.1916400e+002  6.8000000e+002
  9.1984800e+002  6.8400000e+002
  9.2052800e+002  6.8000000e+002
  9.2123600e+002  7.0800000e+002
  9.2193600e+002  7.0000000e+002
  9.2262800e+002  6.9200000e+002
  9.2334400e+002  7.1600000e+002
  9.2403600e+002  6.9200000e+002
  9.2473200e+002  6.9600000e+002
  9.2543200e+002  7.0000000e+002
  9.2612800e+002  6.9600000e+002
  9.2681600e+002  6.8800000e+002
  9.2752000e+002  7.0400000e+002
  9.2820400e+002  6.8400000e+002
  9.2886800e+002  6.6400000e+002
  9.2955200e+002  6.8400000e+002
  9.3021600e+002  6.6400000e+002
  9.3088400e+002  6.6800000e+002
  9.3156000e+002  6.7600000e+002
  9.3222400e+002  6.6400000e+002
  9.3288400e+002  6.6000000e+002
  9.3354400e+002  6.6000000e+002
  9.3420000e+002  6.5600000e+002
  9.3485600e+002  6.5600000e+002
  9.3550800e+002  6.5200000e+002
  9.3616000e+002  6.5200000e+002
  9.3682400e+002  6.6400000e+002
  9.3749200e+002  6.6800000e+002
  9.3817200e+002  6.8000000e+002
  9.3884000e+002  6.6800000e+002
  9.3950000e+002  6.6000000e+002
  9.4017200e+002  6.7200000e+002
  9.4083200e+002  6.6000000e+002
  9.4147600e+002  6.4400000e+002
  9.4215200e+002  6.7600000e+002
  9.4281200e+002  6.6000000e+002
  9.4347200e+002  6.6000000e+002
  9.4412800e+002  6.5600000e+002
  9.4481600e+002  6.8800000e+002
  9.4548800e+002  6.7200000e+002
  9.4615200e+002  6.6400000e+002
  9.4682400e+002  6.7200000e+002
  9.4748800e+002  6.6400000e+002
  9.4814400e+002  6.5600000e+002
  9.4881600e+002  6.7200000e+002
  9.4947600e+002  6.6000000e+002
  9.5013200e+002  6.5600000e+002
  9.5078400e+002  6.5200000e+002
  9.5143600e+002  6.5200000e+002
  9.5208400e+002  6.4800000e+002
  9.5272400e+002  6.4000000e+002
  9.5338000e+002  6.5600000e+002
  9.5402400e+002  6.4400000e+002
  9.5466000e+002  6.3600000e+002
  9.5530800e+002  6.4800000e+002
  9.5596400e+002  6.5600000e+002
  9.5661200e+002  6.4800000e+002
  9.5725600e+002  6.4400000e+002
  9.5790800e+002  6.5200000e+002
  9.5858000e+002  6.7200000e+002
  9.5924000e+002  6.6000000e+002
  9.5990800e+002  6.6800000e+002
  9.6057600e+002  6.6800000e+002
  9.6124000e+002  6.6400000e+002
  9.6189600e+002  6.5600000e+002
  9.6257200e+002  6.7600000e+002
  9.6322800e+002  6.5600000e+002
  9.6388400e+002  6.5600000e+002
  9.6455200e+002  6.6800000e+002
  9.6518800e+002  6.3600000e+002
  9.6585600e+002  6.6800000e+002
  9.6651600e+002  6.6000000e+002
  9.6717200e+002  6.5600000e+002
  9.6782800e+002  6.5600000e+002
  9.6848400e+002  6.5600000e+002
  9.6916000e+002  6.7600000e+002
  9.6982000e+002  6.6000000e+002
  9.7048000e+002  6.6000000e+002
  9.7116000e+002  6.8000000e+002
  9.7182000e+002  6.6000000e+002
  9.7248000e+002  6.6000000e+002
  9.7316800e+002  6.8800000e+002
  9.7384000e+002  6.7200000e+002
  9.7451200e+002  6.7200000e+002
  9.7519200e+002  6.8000000e+002
  9.7586800e+002  6.7600000e+002
  9.7655200e+002  6.8400000e+002
  9.7723200e+002  6.8000000e+002
  9.7791200e+002  6.8000000e+002
  9.7858800e+002  6.7600000e+002
  9.7927200e+002  6.8400000e+002
  9.7994800e+002  6.7600000e+002
  9.8061600e+002  6.6800000e+002
  9.8129600e+002  6.8000000e+002
  9.8196400e+002  6.6800000e+002
  9.8263200e+002  6.6800000e+002
  9.8331200e+002  6.8000000e+002
  9.8397600e+002  6.6400000e+002
  9.8463600e+002  6.6000000e+002
  9.8532800e+002  6.9200000e+002
  9.8599600e+002  6.6800000e+002
  9.8667200e+002  6.7600000e+002
  9.8736000e+002  6.8800000e+002
  9.8803200e+002  6.7200000e+002
  9.8868800e+002  6.5600000e+002
  9.8937200e+002  6.8400000e+002
  9.9004000e+002  6.6800000e+002
  9.9069600e+002  6.5600000e+002
  9.9138800e+002  6.9200000e+002
  9.9204800e+002  6.6000000e+002
  9.9270000e+002  6.5200000e+002
  9.9338800e+002  6.8800000e+002
  9.9405200e+002  6.6400000e+002
  9.9470400e+002  6.5200000e+002
  9.9538000e+002  6.7600000e+002
  9.9604000e+002  6.6000000e+002
  9.9671200e+002  6.7200000e+002
  9.9737600e+002  6.6400000e+002
  9.9803600e+002  6.6000000e+002
  9.9871200e+002  6.7600000e+002
  9.9937200e+002  6.6000000e+002
  1.0000240e+003  6.5200000e+002
  1.0006960e+003  6.7200000e+002
  1.0013680e+003  6.7200000e+002
  1.0020200e+003  6.5200000e+002
  1.0027000e+003  6.8000000e+002
  1.0033680e+003  6.6800000e+002
  1.0040200e+003  6.5200000e+002
  1.0046800e+003  6.6000000e+002
  1.0053360e+003  6.5600000e+002
  1.0060000e+003  6.6400000e+002
  1.0066680e+003  6.6800000e+002
  1.0073240e+003  6.5600000e+002
  1.0080040e+003  6.8000000e+002
  1.0086720e+003  6.6800000e+002
  1.0093240e+003  6.5200000e+002
  1.0099960e+003  6.7200000e+002
  1.0106480e+003  6.5200000e+002
  1.0113080e+003  6.6000000e+002
  1.0119800e+003  6.7200000e+002
  1.0126360e+003  6.5600000e+002
  1.0132680e+003  6.3200000e+002
  1.0139480e+003  6.8000000e+002
  1.0146040e+003  6.5600000e+002
  1.0152800e+003  6.7600000e+002
  1.0159440e+003  6.6400000e+002
  1.0166040e+003  6.6000000e+002
  1.0172840e+003  6.8000000e+002
  1.0179480e+003  6.6400000e+002
  1.0186160e+003  6.6800000e+002
  1.0192840e+003  6.6800000e+002
  1.0199560e+003  6.7200000e+002
  1.0206480e+003  6.9200000e+002
  1.0213200e+003  6.7200000e+002
  1.0220000e+003  6.8000000e+002
  1.0226840e+003  6.8400000e+002
  1.0233600e+003  6.7600000e+002
  1.0240520e+003  6.9200000e+002
  1.0247320e+003  6.8000000e+002
  1.0254000e+003  6.6800000e+002
  1.0260920e+003  6.9200000e+002
  1.0267640e+003  6.7200000e+002
  1.0274280e+003  6.6400000e+002
  1.0281240e+003  6.9600000e+002
  1.0287920e+003  6.6800000e+002
  1.0294600e+003  6.6800000e+002
  1.0301480e+003  6.8800000e+002
  1.0308280e+003  6.8000000e+002
  1.0315080e+003  6.8000000e+002
  1.0321880e+003  6.8000000e+002
  1.0328560e+003  6.6800000e+002
  1.0335480e+003  6.9200000e+002
  1.0342200e+003  6.7200000e+002
  1.0348880e+003  6.6800000e+002
  1.0355640e+003  6.7600000e+002
  1.0362240e+003  6.6000000e+002
  1.0369000e+003  6.7600000e+002
  1.0375720e+003  6.7200000e+002
  1.0382400e+003  6.6800000e+002
  1.0389200e+003  6.8000000e+002
  1.0395800e+003  6.6000000e+002
  1.0402480e+003  6.6800000e+002
  1.0409400e+003  6.9200000e+002
  1.0416000e+003  6.6000000e+002
  1.0422760e+003  6.7600000e+002
  1.0429360e+003  6.6000000e+002
  1.0436120e+003  6.7600000e+002
  1.0442760e+003  6.6400000e+002
  1.0449440e+003  6.6800000e+002
  1.0456160e+003  6.7200000e+002
  1.0462800e+003  6.6400000e+002
  1.0469320e+003  6.5200000e+002
  1.0475920e+003  6.6000000e+002
  1.0482440e+003  6.5200000e+002
  1.0489120e+003  6.6800000e+002
  1.0495760e+003  6.6400000e+002
  1.0502320e+003  6.5600000e+002
  1.0509160e+003  6.8400000e+002
  1.0515760e+003  6.6000000e+002
  1.0522520e+003  6.7600000e+002
  1.0529360e+003  6.8400000e+002
  1.0536000e+003  6.6400000e+002
  1.0542760e+003  6.7600000e+002
  1.0549440e+003  6.6800000e+002
  1.0556120e+003  6.6800000e+002
  1.0562760e+003  6.6400000e+002
  1.0569480e+003  6.7200000e+002
  1.0576240e+003  6.7600000e+002
  1.0583000e+003  6.7600000e+002
  1.0589680e+003  6.6800000e+002
  1.0596520e+003  6.8400000e+002
  1.0603200e+003  6.6800000e+002
  1.0609800e+003  6.6000000e+002
  1.0616800e+003  7.0000000e+002
  1.0623400e+003  6.6000000e+002
  1.0630360e+003  6.9600000e+002
  1.0637160e+003  6.8000000e+002
  1.0643720e+003  6.5600000e+002
  1.0650880e+003  7.1600000e+002
  1.0657680e+003  6.8000000e+002
  1.0664320e+003  6.6400000e+002
  1.0671080e+003  6.7600000e+002
  1.0677760e+003  6.6800000e+002
  1.0684080e+003  6.3200000e+002
  1.0690880e+003  6.8000000e+002
  1.0697400e+003  6.5200000e+002
  1.0703720e+003  6.3200000e+002
  1.0710360e+003  6.6400000e+002
  1.0716840e+003  6.4800000e+002
  1.0723160e+003  6.3200000e+002
  1.0729880e+003  6.7200000e+002
  1.0736400e+003  6.5200000e+002
  1.0742800e+003  6.4000000e+002
  1.0749520e+003  6.7200000e+002
  1.0756040e+003  6.5200000e+002
  1.0762520e+003  6.4800000e+002
  1.0769320e+003  6.8000000e+002
  1.0775880e+003  6.5600000e+002
  1.0782600e+003  6.7200000e+002
  1.0789240e+003  6.6400000e+002
  1.0796000e+003  6.7600000e+002
  1.0802920e+003  6.9200000e+002
  1.0809720e+003  6.8000000e+002
  1.0816480e+003  6.7600000e+002
  1.0823200e+003  6.7200000e+002
  1.0830000e+003  6.8000000e+002
  1.0836760e+003  6.7600000e+002
  1.0843600e+003  6.8400000e+002
  1.0850440e+003  6.8400000e+002
  1.0857280e+003  6.8400000e+002
  1.0864040e+003  6.7600000e+002
  1.0870840e+003  6.8000000e+002
  1.0877600e+003  6.7600000e+002
  1.0884440e+003  6.8400000e+002
  1.0891160e+003  6.7200000e+002
  1.0897840e+003  6.6800000e+002
  1.0904640e+003  6.8000000e+002
  1.0911400e+003  6.7600000e+002
  1.0918120e+003  6.7200000e+002
  1.0924920e+003  6.8000000e+002
  1.0931560e+003  6.6400000e+002
  1.0938160e+003  6.6000000e+002
  1.0944920e+003  6.7600000e+002
  1.0951600e+003  6.6800000e+002
  1.0958200e+003  6.6000000e+002
  1.0964960e+003  6.7600000e+002
  1.0971640e+003  6.6800000e+002
  1.0978320e+003  6.6800000e+002
  1.0985120e+003  6.8000000e+002
  1.0991880e+003  6.7600000e+002
  1.0998520e+003  6.6400000e+002
  1.1005240e+003  6.7200000e+002
  1.1011880e+003  6.6400000e+002
  1.1018560e+003  6.6800000e+002
  1.1025280e+003  6.7200000e+002
  1.1031960e+003  6.6800000e+002
  1.1038600e+003  6.6400000e+002
  1.1045360e+003  6.7600000e+002
  1.1052040e+003  6.6800000e+002
  1.1058640e+003  6.6000000e+002
  1.1065400e+003  6.7600000e+002
  1.1072040e+003  6.6400000e+002
  1.1078720e+003  6.6800000e+002
  1.1085320e+003  6.6000000e+002
  1.1091840e+003  6.5200000e+002
  1.1098440e+003  6.6000000e+002
  1.1105000e+003  6.5600000e+002
  1.1111560e+003  6.5600000e+002
  1.1118200e+003  6.6400000e+002
  1.1124800e+003  6.6000000e+002
  1.1131280e+003  6.4800000e+002
  1.1137920e+003  6.6400000e+002
  1.1144520e+003  6.6000000e+002
  1.1150960e+003  6.4400000e+002
  1.1157560e+003  6.6000000e+002
  1.1164200e+003  6.6400000e+002
  1.1170840e+003  6.6400000e+002
  1.1177480e+003  6.6400000e+002
  1.1184080e+003  6.6000000e+002
  1.1190880e+003  6.8000000e+002
  1.1197680e+003  6.8000000e+002
  1.1204440e+003  6.7600000e+002
  1.1211440e+003  7.0000000e+002
  1.1218240e+003  6.8000000e+002
  1.1225000e+003  6.7600000e+002
  1.1232000e+003  7.0000000e+002
  1.1238800e+003  6.8000000e+002
  1.1245440e+003  6.6400000e+002
  1.1252200e+003  6.7600000e+002
  1.1258960e+003  6.7600000e+002
  1.1265640e+003  6.6800000e+002
  1.1272400e+003  6.7600000e+002
  1.1279040e+003  6.6400000e+002
  1.1285760e+003  6.7200000e+002
  1.1292440e+003  6.6800000e+002
  1.1299120e+003  6.6800000e+002
  1.1305800e+003  6.6800000e+002
  1.1312520e+003  6.7200000e+002
  1.1319080e+003  6.5600000e+002
  1.1325920e+003  6.8400000e+002
  1.1332600e+003  6.6800000e+002
  1.1339240e+003  6.6400000e+002
  1.1346160e+003  6.9200000e+002
  1.1352920e+003  6.7600000e+002
  1.1359680e+003  6.7600000e+002
  1.1366480e+003  6.8000000e+002
  1.1373200e+003  6.7200000e+002
  1.1380000e+003  6.8000000e+002
  1.1386760e+003  6.7600000e+002
  1.1393480e+003  6.7200000e+002
  1.1400440e+003  6.9600000e+002
  1.1407200e+003  6.7600000e+002
  1.1413880e+003  6.6800000e+002
  1.1420640e+003  6.7600000e+002
  1.1427280e+003  6.6400000e+002
  1.1433960e+003  6.6800000e+002
  1.1440600e+003  6.6400000e+002
  1.1447240e+003  6.6400000e+002
  1.1453880e+003  6.6400000e+002
  1.1460640e+003  6.7600000e+002
  1.1467320e+003  6.6800000e+002
  1.1474040e+003  6.7200000e+002
  1.1480760e+003  6.7200000e+002
  1.1487440e+003  6.6800000e+002
  1.1494120e+003  6.6800000e+002
  1.1500760e+003  6.6400000e+002
  1.1507440e+003  6.6800000e+002
  1.1514040e+003  6.6000000e+002
  1.1520760e+003  6.7200000e+002
  1.1527520e+003  6.7600000e+002
  1.1534120e+003  6.6000000e+002
  1.1540920e+003  6.8000000e+002
  1.1547680e+003  6.7600000e+002
  1.1554440e+003  6.7600000e+002
  1.1561360e+003  6.9200000e+002
  1.1568040e+003  6.6800000e+002
  1.1574680e+003  6.6400000e+002
  1.1581520e+003  6.8400000e+002
  1.1588240e+003  6.7200000e+002
  1.1595040e+003  6.8000000e+002
  1.1601760e+003  6.7200000e+002
  1.1608360e+003  6.6000000e+002
  1.1615240e+003  6.8800000e+002
  1.1621880e+003  6.6400000e+002
  1.1628480e+003  6.6000000e+002
  1.1635120e+003  6.6400000e+002
  1.1641680e+003  6.5600000e+002
  1.1648360e+003  6.6800000e+002
  1.1655000e+003  6.6400000e+002
  1.1661720e+003  6.7200000e+002
  1.1668480e+003  6.7600000e+002
  1.1675200e+003  6.7200000e+002
  1.1681880e+003  6.6800000e+002
  1.1688720e+003  6.8400000e+002
  1.1695560e+003  6.8400000e+002
  1.1702400e+003  6.8400000e+002
  1.1709480e+003  7.0800000e+002
  1.1716400e+003  6.9200000e+002
  1.1723240e+003  6.8400000e+002
  1.1730320e+003  7.0800000e+002
  1.1737240e+003  6.9200000e+002
  1.1744040e+003  6.8000000e+002
  1.1750920e+003  6.8800000e+002
  1.1757680e+003  6.7600000e+002
  1.1764480e+003  6.8000000e+002
  1.1771280e+003  6.8000000e+002
  1.1778000e+003  6.7200000e+002
  1.1784960e+003  6.9600000e+002
  1.1791840e+003  6.8800000e+002
  1.1798600e+003  6.7600000e+002
  1.1805520e+003  6.9200000e+002
  1.1812480e+003  6.9600000e+002
  1.1819360e+003  6.8800000e+002
  1.1826240e+003  6.8800000e+002
  1.1833200e+003  6.9600000e+002
  1.1839960e+003  6.7600000e+002
  1.1846840e+003  6.8800000e+002
  1.1853520e+003  6.6800000e+002
  1.1860200e+003  6.6800000e+002
  1.1866920e+003  6.7200000e+002
  1.1873560e+003  6.6400000e+002
  1.1880200e+003  6.6400000e+002
  1.1886880e+003  6.6800000e+002
  1.1893440e+003  6.5600000e+002
  1.1900080e+003  6.6400000e+002
  1.1906920e+003  6.8400000e+002
  1.1913560e+003  6.6400000e+002
  1.1920200e+003  6.6400000e+002
  1.1927000e+003  6.8000000e+002
  1.1933680e+003  6.6800000e+002
  1.1940280e+003  6.6000000e+002
  1.1947040e+003  6.7600000e+002
  1.1953680e+003  6.6400000e+002
  1.1960200e+003  6.5200000e+002
  1.1967080e+003  6.8800000e+002
  1.1973760e+003  6.6800000e+002
  1.1980240e+003  6.4800000e+002
  1.1987200e+003  6.9600000e+002
  1.1993840e+003  6.6400000e+002
  1.2000280e+003  6.4400000e+002
  1.2006840e+003  6.5600000e+002
  1.2013480e+003  6.6400000e+002
  1.2020200e+003  6.7200000e+002
  1.2026880e+003  6.6800000e+002
  1.2033560e+003  6.6800000e+002
  1.2040320e+003  6.7600000e+002
  1.2046960e+003  6.6400000e+002
  1.2053600e+003  6.6400000e+002
  1.2060320e+003  6.7200000e+002
  1.2067080e+003  6.7600000e+002
  1.2073640e+003  6.5600000e+002
  1.2080440e+003  6.8000000e+002
  1.2087120e+003  6.6800000e+002
  1.2093640e+003  6.5200000e+002
  1.2100400e+003  6.7600000e+002
  1.2107000e+003  6.6000000e+002
  1.2113600e+003  6.6000000e+002
  1.2120400e+003  6.8000000e+002
  1.2127000e+003  6.6000000e+002
  1.2133600e+003  6.6000000e+002
  1.2140480e+003  6.8800000e+002
  1.2147160e+003  6.6800000e+002
  1.2153800e+003  6.6400000e+002
  1.2160680e+003  6.8800000e+002
  1.2167320e+003  6.6400000e+002
  1.2174000e+003  6.6800000e+002
  1.2180600e+003  6.6000000e+002
  1.2187240e+003  6.6400000e+002
  1.2193840e+003  6.6000000e+002
  1.2200280e+003  6.4400000e+002
  1.2206880e+003  6.6000000e+002
  1.2213240e+003  6.3600000e+002
  1.2219720e+003  6.4800000e+002
  1.2226200e+003  6.4800000e+002
  1.2232840e+003  6.6400000e+002
  1.2239360e+003  6.5200000e+002
  1.2245920e+003  6.5600000e+002
  1.2252520e+003  6.6000000e+002
  1.2259000e+003  6.4800000e+002
  1.2265720e+003  6.7200000e+002
  1.2272240e+003  6.5200000e+002
  1.2278720e+003  6.4800000e+002
  1.2285280e+003  6.5600000e+002
  1.2291680e+003  6.4000000e+002
  1.2298040e+003  6.3600000e+002
  1.2304560e+003  6.5200000e+002
  1.2310920e+003  6.3600000e+002
  1.2317320e+003  6.4000000e+002
  1.2323760e+003  6.4400000e+002
  1.2330120e+003  6.3600000e+002
  1.2336640e+003  6.5200000e+002
  1.2343080e+003  6.4400000e+002
  1.2349520e+003  6.4400000e+002
  1.2356120e+003  6.6000000e+002
  1.2362680e+003  6.5600000e+002
  1.2369200e+003  6.5200000e+002
  1.2375760e+003  6.5600000e+002
  1.2382400e+003  6.6400000e+002
  1.2389280e+003  6.8800000e+002
  1.2396360e+003  7.0800000e+002
  1.2403480e+003  7.1200000e+002
  1.2410760e+003  7.2800000e+002
  1.2417880e+003  7.1200000e+002
  1.2425080e+003  7.2000000e+002
  1.2432120e+003  7.0400000e+002
  1.2439120e+003  7.0000000e+002
  1.2446160e+003  7.0400000e+002
  1.2453240e+003  7.0800000e+002
  1.2460160e+003  6.9200000e+002
  1.2467320e+003  7.1600000e+002
  1.2474160e+003  6.8400000e+002
  1.2481200e+003  7.0400000e+002
  1.2488000e+003  6.8000000e+002
  1.2494800e+003  6.8000000e+002
  1.2501600e+003  6.8000000e+002
  1.2508280e+003  6.6800000e+002
  1.2515200e+003  6.9200000e+002
  1.2521960e+003  6.7600000e+002
  1.2528880e+003  6.9200000e+002
  1.2535600e+003  6.7200000e+002
  1.2542240e+003  6.6400000e+002
  1.2549000e+003  6.7600000e+002
  1.2555520e+003  6.5200000e+002
  1.2562320e+003  6.8000000e+002
  1.2568960e+003  6.6400000e+002
  1.2575480e+003  6.5200000e+002
  1.2582040e+003  6.5600000e+002
  1.2588520e+003  6.4800000e+002
  1.2595120e+003  6.6000000e+002
  1.2601520e+003  6.4000000e+002
  1.2608080e+003  6.5600000e+002
  1.2614480e+003  6.4000000e+002
  1.2620800e+003  6.3200000e+002
  1.2627200e+003  6.4000000e+002
  1.2633480e+003  6.2800000e+002
  1.2640040e+003  6.5600000e+002
  1.2646440e+003  6.4000000e+002
  1.2652800e+003  6.3600000e+002
  1.2659440e+003  6.6400000e+002
  1.2665920e+003  6.4800000e+002
  1.2672680e+003  6.7600000e+002
  1.2679240e+003  6.5600000e+002
  1.2685760e+003  6.5200000e+002
  1.2692360e+003  6.6000000e+002
  1.2698840e+003  6.4800000e+002
  1.2705440e+003  6.6000000e+002
  1.2711800e+003  6.3600000e+002
  1.2718120e+003  6.3200000e+002
  1.2724720e+003  6.6000000e+002
  1.2731040e+003  6.3200000e+002
  1.2737440e+003  6.4000000e+002
  1.2743920e+003  6.4800000e+002
  1.2750320e+003  6.4000000e+002
  1.2756840e+003  6.5200000e+002
  1.2763120e+003  6.2800000e+002
  1.2769480e+003  6.3600000e+002
  1.2775800e+003  6.3200000e+002
  1.2782480e+003  6.6800000e+002
  1.2788880e+003  6.4000000e+002
  1.2795320e+003  6.4400000e+002
  1.2801920e+003  6.6000000e+002
  1.2808440e+003  6.5200000e+002
  1.2814880e+003  6.4400000e+002
  1.2821440e+003  6.5600000e+002
  1.2827880e+003  6.4400000e+002
  1.2834360e+003  6.4800000e+002
  1.2841080e+003  6.7200000e+002
  1.2847680e+003  6.6000000e+002
  1.2854280e+003  6.6000000e+002
  1.2861000e+003  6.7200000e+002
  1.2867720e+003  6.7200000e+002
  1.2874680e+003  6.9600000e+002
  1.2881440e+003  6.7600000e+002
  1.2888160e+003  6.7200000e+002
  1.2894920e+003  6.7600000e+002
  1.2901560e+003  6.6400000e+002
  1.2908440e+003  6.8800000e+002
  1.2915080e+003  6.6400000e+002
  1.2921680e+003  6.6000000e+002
  1.2928280e+003  6.6000000e+002
  1.2934840e+003  6.5600000e+002
  1.2941520e+003  6.6800000e+002
  1.2948240e+003  6.7200000e+002
  1.2954880e+003  6.6400000e+002
  1.2961960e+003  7.0800000e+002
  1.2968720e+003  6.7600000e+002
  1.2975720e+003  7.0000000e+002
  1.2982520e+003  6.8000000e+002
  1.2989240e+003  6.7200000e+002
  1.2996120e+003  6.8800000e+002
  1.3002840e+003  6.7200000e+002
  1.3009440e+003  6.6000000e+002
  1.3016120e+003  6.6800000e+002
  1.3022640e+003  6.5200000e+002
  1.3029400e+003  6.7600000e+002
  1.3036000e+003  6.6000000e+002
  1.3042400e+003  6.4000000e+002
  1.3049120e+003  6.7200000e+002
  1.3055720e+003  6.6000000e+002
  1.3062560e+003  6.8400000e+002
  1.3069280e+003  6.7200000e+002
  1.3076000e+003  6.7200000e+002
  1.3082920e+003  6.9200000e+002
  1.3089640e+003  6.7200000e+002
  1.3096440e+003  6.8000000e+002
  1.3103120e+003  6.6800000e+002
  1.3109680e+003  6.5600000e+002
  1.3116520e+003  6.8400000e+002
  1.3123120e+003  6.6000000e+002
  1.3129680e+003  6.5600000e+002
  1.3136280e+003  6.6000000e+002
  1.3142880e+003  6.6000000e+002
  1.3149720e+003  6.8400000e+002
  1.3156320e+003  6.6000000e+002
  1.3163200e+003  6.8800000e+002
  1.3170040e+003  6.8400000e+002
  1.3176680e+003  6.6400000e+002
  1.3183480e+003  6.8000000e+002
  1.3190120e+003  6.6400000e+002
  1.3197040e+003  6.9200000e+002
  1.3203760e+003  6.7200000e+002
  1.3210360e+003  6.6000000e+002
  1.3217120e+003  6.7600000e+002
  1.3223640e+003  6.5200000e+002
  1.3230360e+003  6.7200000e+002
  1.3236880e+003  6.5200000e+002
  1.3243640e+003  6.7600000e+002
  1.3250360e+003  6.7200000e+002
  1.3257000e+003  6.6400000e+002
  1.3263720e+003  6.7200000e+002
  1.3270320e+003  6.6000000e+002
  1.3277040e+003  6.7200000e+002
  1.3283640e+003  6.6000000e+002
  1.3290160e+003  6.5200000e+002
  1.3296800e+003  6.6400000e+002
  1.3303280e+003  6.4800000e+002
  1.3310040e+003  6.7600000e+002
  1.3316600e+003  6.5600000e+002
  1.3323160e+003  6.5600000e+002
  1.3329840e+003  6.6800000e+002
  1.3336440e+003  6.6000000e+002
  1.3343280e+003  6.8400000e+002
  1.3349960e+003  6.6800000e+002
  1.3356720e+003  6.7600000e+002
  1.3363360e+003  6.6400000e+002
  1.3370000e+003  6.6400000e+002
  1.3376800e+003  6.8000000e+002
  1.3383440e+003  6.6400000e+002
  1.3390200e+003  6.7600000e+002
  1.3396880e+003  6.6800000e+002
  1.3403640e+003  6.7600000e+002
  1.3410320e+003  6.6800000e+002
  1.3417040e+003  6.7200000e+002
  1.3423760e+003  6.7200000e+002
  1.3430480e+003  6.7200000e+002
  1.3437280e+003  6.8000000e+002
  1.3443880e+003  6.6000000e+002
  1.3450720e+003  6.8400000e+002
  1.3457360e+003  6.6400000e+002
  1.3464040e+003  6.6800000e+002
  1.3470760e+003  6.7200000e+002
  1.3477400e+003  6.6400000e+002
  1.3484160e+003  6.7600000e+002
  1.3490760e+003  6.6000000e+002
  1.3497480e+003  6.7200000e+002
  1.3504200e+003  6.7200000e+002
  1.3510840e+003  6.6400000e+002
  1.3517880e+003  7.0400000e+002
  1.3524680e+003  6.8000000e+002
  1.3531440e+003  6.7600000e+002
  1.3538400e+003  6.9600000e+002
  1.3545240e+003  6.8400000e+002
  1.3552000e+003  6.7600000e+002
  1.3559440e+003  7.4400000e+002
  1.3566160e+003  6.7200000e+002
  1.3573040e+003  6.8800000e+002
  1.3580200e+003  7.1600000e+002
  1.3587440e+003  7.2400000e+002
  1.3594360e+003  6.9200000e+002
  1.3601320e+003  6.9600000e+002
  1.3608280e+003  6.9600000e+002
  1.3615080e+003  6.8000000e+002
  1.3621920e+003  6.8400000e+002
  1.3628360e+003  6.4400000e+002
  1.3635280e+003  6.9200000e+002
  1.3641480e+003  6.2000000e+002
  1.3648000e+003  6.5200000e+002
  1.3654680e+003  6.6800000e+002
  1.3661000e+003  6.3200000e+002
  1.3667640e+003  6.6400000e+002
  1.3674320e+003  6.6800000e+002
  1.3681120e+003  6.8000000e+002
  1.3687840e+003  6.7200000e+002
  1.3694680e+003  6.8400000e+002
  1.3701520e+003  6.8400000e+002
  1.3708320e+003  6.8000000e+002
  1.3715240e+003  6.9200000e+002
  1.3722200e+003  6.9600000e+002
  1.3729000e+003  6.8000000e+002
  1.3735640e+003  6.6400000e+002
  1.3742560e+003  6.9200000e+002
  1.3749440e+003  6.8800000e+002
  1.3756080e+003  6.6400000e+002
  1.3762960e+003  6.8800000e+002
  1.3769560e+003  6.6000000e+002
  1.3776600e+003  7.0400000e+002
  1.3783240e+003  6.6400000e+002
  1.3790240e+003  7.0000000e+002
  1.3796920e+003  6.6800000e+002
  1.3803400e+003  6.4800000e+002
  1.3810160e+003  6.7600000e+002
  1.3816680e+003  6.5200000e+002
  1.3823400e+003  6.7200000e+002
  1.3829960e+003  6.5600000e+002
  1.3836360e+003  6.4000000e+002
  1.3843120e+003  6.7600000e+002
  1.3849640e+003  6.5200000e+002
  1.3856560e+003  6.9200000e+002
  1.3863120e+003  6.5600000e+002
  1.3870120e+003  7.0000000e+002
  1.3876680e+003  6.5600000e+002
  1.3883400e+003  6.7200000e+002
  1.3890000e+003  6.6000000e+002
  1.3896720e+003  6.7200000e+002
  1.3903280e+003  6.5600000e+002
  1.3909880e+003  6.6000000e+002
  1.3916360e+003  6.4800000e+002
  1.3922920e+003  6.5600000e+002
  1.3929480e+003  6.5600000e+002
  1.3936040e+003  6.5600000e+002
  1.3942680e+003  6.6400000e+002
  1.3949160e+003  6.4800000e+002
  1.3955840e+003  6.6800000e+002
  1.3962320e+003  6.4800000e+002
  1.3968960e+003  6.6400000e+002
  1.3975400e+003  6.4400000e+002
  1.3982040e+003  6.6400000e+002
  1.3988440e+003  6.4000000e+002
  1.3995040e+003  6.6000000e+002
  1.4001480e+003  6.4400000e+002
  1.4007880e+003  6.4000000e+002
  1.4014400e+003  6.5200000e+002
  1.4020720e+003  6.3200000e+002
  1.4027200e+003  6.4800000e+002
  1.4033560e+003  6.3600000e+002
  1.4040080e+003  6.5200000e+002
  1.4046400e+003  6.3200000e+002
  1.4052960e+003  6.5600000e+002
  1.4059280e+003  6.3200000e+002
  1.4065640e+003  6.3600000e+002
  1.4072040e+003  6.4000000e+002
  1.4078360e+003  6.3200000e+002
  1.4084760e+003  6.4000000e+002
  1.4091080e+003  6.3200000e+002
  1.4097280e+003  6.2000000e+002
  1.4103800e+003  6.5200000e+002
  1.4110040e+003  6.2400000e+002
  1.4116280e+003  6.2400000e+002
  1.4122680e+003  6.4000000e+002
  1.4129080e+003  6.4000000e+002
  1.4135480e+003  6.4000000e+002
  1.4142000e+003  6.5200000e+002
  1.4148840e+003  6.8400000e+002
  1.4155640e+003  6.8000000e+002
  1.4162320e+003  6.6800000e+002
  1.4169200e+003  6.8800000e+002
  1.4176120e+003  6.9200000e+002
  1.4183000e+003  6.8800000e+002
  1.4190040e+003  7.0400000e+002
  1.4196840e+003  6.8000000e+002
  1.4203480e+003  6.6400000e+002
  1.4210200e+003  6.7200000e+002
  1.4216680e+003  6.4800000e+002
  1.4223440e+003  6.7600000e+002
  1.4229880e+003  6.4400000e+002
  1.4236520e+003  6.6400000e+002
  1.4242920e+003  6.4000000e+002
  1.4249440e+003  6.5200000e+002
  1.4255800e+003  6.3600000e+002
  1.4262120e+003  6.3200000e+002
  1.4268440e+003  6.3200000e+002
  1.4274680e+003  6.2400000e+002
  1.4281240e+003  6.5600000e+002
  1.4287640e+003  6.4000000e+002
  1.4294120e+003  6.4800000e+002
  1.4300560e+003  6.4400000e+002
  1.4306960e+003  6.4000000e+002
  1.4313640e+003  6.6800000e+002
  1.4320120e+003  6.4800000e+002
  1.4326520e+003  6.4000000e+002
  1.4333000e+003  6.4800000e+002
  1.4339400e+003  6.4000000e+002
  1.4345920e+003  6.5200000e+002
  1.4352320e+003  6.4000000e+002
  1.4358640e+003  6.3200000e+002
  1.4365200e+003  6.5600000e+002
  1.4371720e+003  6.5200000e+002
  1.4378480e+003  6.7600000e+002
  1.4385000e+003  6.5200000e+002
  1.4391520e+003  6.5200000e+002
  1.4398040e+003  6.5200000e+002
  1.4404440e+003  6.4000000e+002
  1.4410960e+003  6.5200000e+002
  1.4417360e+003  6.4000000e+002
  1.4424000e+003  6.6400000e+002
  1.4430360e+003  6.3600000e+002
  1.4436760e+003  6.4000000e+002
  1.4443240e+003  6.4800000e+002
  1.4449880e+003  6.6400000e+002
  1.4456440e+003  6.5600000e+002
  1.4463240e+003  6.8000000e+002
  1.4469960e+003  6.7200000e+002
  1.4476640e+003  6.6800000e+002
  1.4483400e+003  6.7600000e+002
  1.4490160e+003  6.7600000e+002
  1.4494880e+003  4.7200000e+002
  1.4503480e+003  8.6000000e+002
  1.4510480e+003  7.0000000e+002
  1.4517440e+003  6.9600000e+002
  1.4524200e+003  6.7600000e+002
  1.4530880e+003  6.6800000e+002
  1.4537320e+003  6.4400000e+002
  1.4543840e+003  6.5200000e+002
  1.4550200e+003  6.3600000e+002
  1.4556640e+003  6.4400000e+002
  1.4562920e+003  6.2800000e+002
  1.4569200e+003  6.2800000e+002
  1.4575440e+003  6.2400000e+002
  1.4581680e+003  6.2400000e+002
  1.4588080e+003  6.4000000e+002
  1.4594440e+003  6.3600000e+002
  1.4600320e+003  5.8800000e+002
  1.4606720e+003  6.4000000e+002
  1.4613120e+003  6.4000000e+002
  1.4619360e+003  6.2400000e+002
  1.4625840e+003  6.4800000e+002
  1.4632120e+003  6.2800000e+002
  1.4638640e+003  6.5200000e+002
  1.4644920e+003  6.2800000e+002
  1.4651560e+003  6.6400000e+002
  1.4658040e+003  6.4800000e+002
  1.4664480e+003  6.4400000e+002
  1.4670880e+003  6.4000000e+002
  1.4677480e+003  6.6000000e+002
  1.4683880e+003  6.4000000e+002
  1.4690280e+003  6.4000000e+002
  1.4696880e+003  6.6000000e+002
  1.4703360e+003  6.4800000e+002
  1.4709880e+003  6.5200000e+002
  1.4716400e+003  6.5200000e+002
  1.4722840e+003  6.4400000e+002
  1.4729240e+003  6.4000000e+002
  1.4735680e+003  6.4400000e+002
  1.4741920e+003  6.2400000e+002
  1.4748240e+003  6.3200000e+002
  1.4754400e+003  6.1600000e+002
  1.4760760e+003  6.3600000e+002
  1.4766840e+003  6.0800000e+002
  1.4773320e+003  6.4800000e+002
  1.4779680e+003  6.3600000e+002
  1.4786160e+003  6.4800000e+002
  1.4792640e+003  6.4800000e+002
  1.4799160e+003  6.5200000e+002
  1.4805840e+003  6.6800000e+002
  1.4812560e+003  6.7200000e+002
  1.4819120e+003  6.5600000e+002
  1.4825520e+003  6.4000000e+002
  1.4832160e+003  6.6400000e+002
  1.4838600e+003  6.4400000e+002
  1.4844960e+003  6.3600000e+002
  1.4851360e+003  6.4000000e+002
  1.4857720e+003  6.3600000e+002
  1.4863960e+003  6.2400000e+002
  1.4870520e+003  6.5600000e+002
  1.4876960e+003  6.4400000e+002
  1.4883280e+003  6.3200000e+002
  1.4889840e+003  6.5600000e+002
  1.4896200e+003  6.3600000e+002
  1.4902840e+003  6.6400000e+002
  1.4909240e+003  6.4000000e+002
  1.4915640e+003  6.4000000e+002
  1.4922120e+003  6.4800000e+002
  1.4928520e+003  6.4000000e+002
  1.4935000e+003  6.4800000e+002
  1.4941440e+003  6.4400000e+002
  1.4947840e+003  6.4000000e+002
  1.4954240e+003  6.4000000e+002
  1.4960760e+003  6.5200000e+002
  1.4967400e+003  6.6400000e+002
  1.4974080e+003  6.6800000e+002
  1.4980760e+003  6.6800000e+002
  1.4987600e+003  6.8400000e+002
  1.4994480e+003  6.8800000e+002
  1.5001280e+003  6.8000000e+002
  1.5008080e+003  6.8000000e+002
  1.5015000e+003  6.9200000e+002
  1.5021640e+003  6.6400000e+002
  1.5028520e+003  6.8800000e+002
  1.5034920e+003  6.4000000e+002
  1.5041800e+003  6.8800000e+002
  1.5048400e+003  6.6000000e+002
  1.5055280e+003  6.8800000e+002
  1.5062040e+003  6.7600000e+002
  1.5068600e+003  6.5600000e+002
  1.5075320e+003  6.7200000e+002
  1.5081800e+003  6.4800000e+002
  1.5088320e+003  6.5200000e+002
  1.5095040e+003  6.7200000e+002
  1.5101480e+003  6.4400000e+002
  1.5108240e+003  6.7600000e+002
  1.5114800e+003  6.5600000e+002
  1.5121400e+003  6.6000000e+002
  1.5128120e+003  6.7200000e+002
  1.5134640e+003  6.5200000e+002
  1.5141520e+003  6.8800000e+002
  1.5148120e+003  6.6000000e+002
  1.5155040e+003  6.9200000e+002
  1.5161960e+003  6.9200000e+002
  1.5168240e+003  6.2800000e+002
  1.5175080e+003  6.8400000e+002
  1.5181600e+003  6.5200000e+002
  1.5188520e+003  6.9200000e+002
  1.5195080e+003  6.5600000e+002
  1.5201760e+003  6.6800000e+002
  1.5208360e+003  6.6000000e+002
  1.5215080e+003  6.7200000e+002
  1.5221680e+003  6.6000000e+002
  1.5228520e+003  6.8400000e+002
  1.5235400e+003  6.8800000e+002
  1.5242400e+003  7.0000000e+002
  1.5249200e+003  6.8000000e+002
  1.5256120e+003  6.9200000e+002
  1.5262960e+003  6.8400000e+002
  1.5269920e+003  6.9600000e+002
  1.5276920e+003  7.0000000e+002
  1.5283960e+003  7.0400000e+002
  1.5290760e+003  6.8000000e+002
  1.5297600e+003  6.8400000e+002
  1.5304440e+003  6.8400000e+002
  1.5311040e+003  6.6000000e+002
  1.5317880e+003  6.8400000e+002
  1.5324480e+003  6.6000000e+002
  1.5331160e+003  6.6800000e+002
  1.5337600e+003  6.4400000e+002
  1.5344320e+003  6.7200000e+002
  1.5350640e+003  6.3200000e+002
  1.5357200e+003  6.5600000e+002
  1.5363600e+003  6.4000000e+002
  1.5368200e+003  4.6000000e+002
  1.5376240e+003  8.0400000e+002
  1.5382720e+003  6.4800000e+002
  1.5389240e+003  6.5200000e+002
  1.5395760e+003  6.5200000e+002
  1.5402200e+003  6.4400000e+002
  1.5408720e+003  6.5200000e+002
  1.5415280e+003  6.5600000e+002
  1.5421920e+003  6.6400000e+002
  1.5428720e+003  6.8000000e+002
  1.5435360e+003  6.6400000e+002
  1.5442080e+003  6.7200000e+002
  1.5448960e+003  6.8800000e+002
  1.5455840e+003  6.8800000e+002
  1.5462600e+003  6.7600000e+002
  1.5469360e+003  6.7600000e+002
  1.5475960e+003  6.6000000e+002
  1.5482400e+003  6.4400000e+002
  1.5488960e+003  6.5600000e+002
  1.5495440e+003  6.4800000e+002
  1.5501920e+003  6.4800000e+002
  1.5508400e+003  6.4800000e+002
  1.5514880e+003  6.4800000e+002
  1.5521280e+003  6.4000000e+002
  1.5527800e+003  6.5200000e+002
  1.5534120e+003  6.3200000e+002
  1.5540280e+003  6.1600000e+002
  1.5546680e+003  6.4000000e+002
  1.5552760e+003  6.0800000e+002
  1.5559160e+003  6.4000000e+002
  1.5565200e+003  6.0400000e+002
  1.5571480e+003  6.2800000e+002
  1.5577640e+003  6.1600000e+002
  1.5583920e+003  6.2800000e+002
  1.5590000e+003  6.0800000e+002
  1.5596320e+003  6.3200000e+002
  1.5602360e+003  6.0400000e+002
  1.5608720e+003  6.3600000e+002
  1.5614800e+003  6.0800000e+002
  1.5621040e+003  6.2400000e+002
  1.5627160e+003  6.1200000e+002
  1.5633160e+003  6.0000000e+002
  1.5639280e+003  6.1200000e+002
  1.5645160e+003  5.8800000e+002
  1.5651400e+003  6.2400000e+002
  1.5657320e+003  5.9200000e+002
  1.5663480e+003  6.1600000e+002
  1.5669480e+003  6.0000000e+002
  1.5675440e+003  5.9600000e+002
  1.5681480e+003  6.0400000e+002
  1.5687520e+003  6.0400000e+002
  1.5693640e+003  6.1200000e+002
  1.5699880e+003  6.2400000e+002
  1.5705880e+003  6.0000000e+002
  1.5712120e+003  6.2400000e+002
  1.5718160e+003  6.0400000e+002
  1.5724320e+003  6.1600000e+002
  1.5730480e+003  6.1600000e+002
  1.5736600e+003  6.1200000e+002
  1.5742600e+003  6.0000000e+002
  1.5748760e+003  6.1600000e+002
  1.5754760e+003  6.0000000e+002
  1.5761080e+003  6.3200000e+002
  1.5767200e+003  6.1200000e+002
  1.5773520e+003  6.3200000e+002
  1.5779720e+003  6.2000000e+002
  1.5785800e+003  6.0800000e+002
  1.5792000e+003  6.2000000e+002
  1.5798040e+003  6.0400000e+002
  1.5804200e+003  6.1600000e+002
  1.5810240e+003  6.0400000e+002
  1.5816520e+003  6.2800000e+002
  1.5822600e+003  6.0800000e+002
  1.5828920e+003  6.3200000e+002
  1.5835120e+003  6.2000000e+002
  1.5841240e+003  6.1200000e+002
  1.5847480e+003  6.2400000e+002
  1.5853640e+003  6.1600000e+002
  1.5860040e+003  6.4000000e+002
  1.5866240e+003  6.2000000e+002
  1.5872640e+003  6.4000000e+002
  1.5878920e+003  6.2800000e+002
  1.5885160e+003  6.2400000e+002
  1.5891560e+003  6.4000000e+002
  1.5898000e+003  6.4400000e+002
  1.5904200e+003  6.2000000e+002
  1.5910400e+003  6.2000000e+002
  1.5916760e+003  6.3600000e+002
  1.5922960e+003  6.2000000e+002
  1.5929120e+003  6.1600000e+002
  1.5935400e+003  6.2800000e+002
  1.5941560e+003  6.1600000e+002
  1.5947600e+003  6.0400000e+002
  1.5953760e+003  6.1600000e+002
  1.5959960e+003  6.2000000e+002
  1.5966200e+003  6.2400000e+002
  1.5972280e+003  6.0800000e+002
  1.5978640e+003  6.3600000e+002
  1.5984840e+003  6.2000000e+002
  1.5990920e+003  6.0800000e+002
  1.5997160e+003  6.2400000e+002
  1.6003280e+003  6.1200000e+002
  1.6009520e+003  6.2400000e+002
  1.6015840e+003  6.3200000e+002
  1.6022120e+003  6.2800000e+002
  1.6028600e+003  6.4800000e+002
  1.6035080e+003  6.4800000e+002
  1.6041360e+003  6.2800000e+002
  1.6048040e+003  6.6800000e+002
  1.6054480e+003  6.4400000e+002
  1.6060880e+003  6.4000000e+002
  1.6067480e+003  6.6000000e+002
  1.6073920e+003  6.4400000e+002
  1.6080520e+003  6.6000000e+002
  1.6086960e+003  6.4400000e+002
  1.6093240e+003  6.2800000e+002
  1.6099840e+003  6.6000000e+002
  1.6106160e+003  6.3200000e+002
  1.6112560e+003  6.4000000e+002
  1.6118880e+003  6.3200000e+002
  1.6125080e+003  6.2000000e+002
  1.6131480e+003  6.4000000e+002
  1.6137720e+003  6.2400000e+002
  1.6144200e+003  6.4800000e+002
  1.6150520e+003  6.3200000e+002
  1.6156680e+003  6.1600000e+002
  1.6162960e+003  6.2800000e+002
  1.6169360e+003  6.4000000e+002
  1.6175760e+003  6.4000000e+002
  1.6182280e+003  6.5200000e+002
  1.6188640e+003  6.3600000e+002
  1.6195240e+003  6.6000000e+002
  1.6201640e+003  6.4000000e+002
  1.6208120e+003  6.4800000e+002
  1.6214560e+003  6.4400000e+002
  1.6220760e+003  6.2000000e+002
  1.6227320e+003  6.5600000e+002
  1.6233640e+003  6.3200000e+002
  1.6239920e+003  6.2800000e+002
  1.6246320e+003  6.4000000e+002
  1.6252600e+003  6.2800000e+002
  1.6259120e+003  6.5200000e+002
  1.6265600e+003  6.4800000e+002
  1.6271920e+003  6.3200000e+002
  1.6278400e+003  6.4800000e+002
  1.6284760e+003  6.3600000e+002
  1.6291280e+003  6.5200000e+002
  1.6297680e+003  6.4000000e+002
  1.6304080e+003  6.4000000e+002
  1.6310680e+003  6.6000000e+002
  1.6317080e+003  6.4000000e+002
  1.6323600e+003  6.5200000e+002
  1.6330040e+003  6.4400000e+002
  1.6336360e+003  6.3200000e+002
  1.6342840e+003  6.4800000e+002
  1.6349200e+003  6.3600000e+002
  1.6355400e+003  6.2000000e+002
  1.6361720e+003  6.3200000e+002
  1.6368000e+003  6.2800000e+002
  1.6374440e+003  6.4400000e+002
  1.6380840e+003  6.4000000e+002
  1.6387200e+003  6.3600000e+002
  1.6393720e+003  6.5200000e+002
  1.6400120e+003  6.4000000e+002
  1.6406480e+003  6.3600000e+002
  1.6412920e+003  6.4400000e+002
  1.6419240e+003  6.3200000e+002
  1.6425680e+003  6.4400000e+002
  1.6432040e+003  6.3600000e+002
  1.6438200e+003  6.1600000e+002
  1.6444760e+003  6.5600000e+002
  1.6451080e+003  6.3200000e+002
  1.6457400e+003  6.3200000e+002
  1.6463840e+003  6.4400000e+002
  1.6470080e+003  6.2400000e+002
  1.6476400e+003  6.3200000e+002
  1.6482600e+003  6.2000000e+002
  1.6489040e+003  6.4400000e+002
  1.6495280e+003  6.2400000e+002
  1.6501520e+003  6.2400000e+002
  1.6507920e+003  6.4000000e+002
  1.6514240e+003  6.3200000e+002
  1.6520760e+003  6.5200000e+002
  1.6527120e+003  6.3600000e+002
  1.6533440e+003  6.3200000e+002
  1.6539960e+003  6.5200000e+002
  1.6546280e+003  6.3200000e+002
  1.6552640e+003  6.3600000e+002
  1.6558960e+003  6.3200000e+002
  1.6565400e+003  6.4400000e+002
  1.6571560e+003  6.1600000e+002
  1.6577760e+003  6.2000000e+002
  1.6583960e+003  6.2000000e+002
  1.6590200e+003  6.2400000e+002
  1.6596400e+003  6.2000000e+002
  1.6602720e+003  6.3200000e+002
  1.6609000e+003  6.2800000e+002
  1.6615200e+003  6.2000000e+002
  1.6621440e+003  6.2400000e+002
  1.6627640e+003  6.2000000e+002
  1.6633920e+003  6.2800000e+002
  1.6640080e+003  6.1600000e+002
  1.6646320e+003  6.2400000e+002
  1.6652560e+003  6.2400000e+002
  1.6658680e+003  6.1200000e+002
  1.6665080e+003  6.4000000e+002
  1.6671360e+003  6.2800000e+002
  1.6677600e+003  6.2400000e+002
  1.6684000e+003  6.4000000e+002
  1.6690280e+003  6.2800000e+002
  1.6696800e+003  6.5200000e+002
  1.6703200e+003  6.4000000e+002
  1.6709480e+003  6.2800000e+002
  1.6715960e+003  6.4800000e+002
  1.6722360e+003  6.4000000e+002
  1.6728720e+003  6.3600000e+002
  1.6735040e+003  6.3200000e+002
  1.6741200e+003  6.1600000e+002
  1.6747560e+003  6.3600000e+002
  1.6753760e+003  6.2000000e+002
  1.6760040e+003  6.2800000e+002
  1.6766280e+003  6.2400000e+002
  1.6772360e+003  6.0800000e+002
  1.6778600e+003  6.2400000e+002
  1.6784880e+003  6.2800000e+002
  1.6791200e+003  6.3200000e+002
  1.6797520e+003  6.3200000e+002
  1.6803640e+003  6.1200000e+002
  1.6810280e+003  6.6400000e+002
  1.6816520e+003  6.2400000e+002
  1.6822880e+003  6.3600000e+002
  1.6829240e+003  6.3600000e+002
  1.6835560e+003  6.3200000e+002
  1.6842120e+003  6.5600000e+002
  1.6848560e+003  6.4400000e+002
  1.6854960e+003  6.4000000e+002
  1.6861520e+003  6.5600000e+002
  1.6867880e+003  6.3600000e+002
  1.6874520e+003  6.6400000e+002
  1.6881000e+003  6.4800000e+002
  1.6887600e+003  6.6000000e+002
  1.6894000e+003  6.4000000e+002
  1.6900360e+003  6.3600000e+002
  1.6906760e+003  6.4000000e+002
  1.6912960e+003  6.2000000e+002
  1.6919360e+003  6.4000000e+002
  1.6925680e+003  6.3200000e+002
  1.6931920e+003  6.2400000e+002
  1.6938240e+003  6.3200000e+002
  1.6944480e+003  6.2400000e+002
  1.6951000e+003  6.5200000e+002
  1.6957360e+003  6.3600000e+002
  1.6963600e+003  6.2400000e+002
  1.6969960e+003  6.3600000e+002
  1.6976200e+003  6.2400000e+002
  1.6982720e+003  6.5200000e+002
  1.6989000e+003  6.2800000e+002
  1.6995360e+003  6.3600000e+002
  1.7001720e+003  6.3600000e+002
  1.7008040e+003  6.3200000e+002
  1.7014560e+003  6.5200000e+002
  1.7020960e+003  6.4000000e+002
  1.7027160e+003  6.2000000e+002
  1.7033480e+003  6.3200000e+002
  1.7039680e+003  6.2000000e+002
  1.7046040e+003  6.3600000e+002
  1.7052200e+003  6.1600000e+002
  1.7058320e+003  6.1200000e+002
  1.7064560e+003  6.2400000e+002
  1.7070680e+003  6.1200000e+002
  1.7077080e+003  6.4000000e+002
  1.7083400e+003  6.3200000e+002
  1.7089640e+003  6.2400000e+002
  1.7096200e+003  6.5600000e+002
  1.7102520e+003  6.3200000e+002
  1.7108840e+003  6.3200000e+002
  1.7115240e+003  6.4000000e+002
  1.7121480e+003  6.2400000e+002
  1.7127920e+003  6.4400000e+002
  1.7134200e+003  6.2800000e+002
  1.7140560e+003  6.3600000e+002
  1.7146880e+003  6.3200000e+002
  1.7153000e+003  6.1200000e+002
  1.7159400e+003  6.4000000e+002
  1.7165520e+003  6.1200000e+002
  1.7171920e+003  6.4000000e+002
  1.7178240e+003  6.3200000e+002
  1.7184440e+003  6.2000000e+002
  1.7190800e+003  6.3600000e+002
  1.7197040e+003  6.2400000e+002
  1.7203560e+003  6.5200000e+002
  1.7209880e+003  6.3200000e+002
  1.7216160e+003  6.2800000e+002
  1.7222520e+003  6.3600000e+002
  1.7228800e+003  6.2800000e+002
  1.7235200e+003  6.4000000e+002
  1.7241520e+003  6.3200000e+002
  1.7247720e+003  6.2000000e+002
  1.7254160e+003  6.4400000e+002
  1.7260440e+003  6.2800000e+002
  1.7266760e+003  6.3200000e+002
  1.7273040e+003  6.2800000e+002
  1.7279160e+003  6.1200000e+002
  1.7285560e+003  6.4000000e+002
  1.7291800e+003  6.2400000e+002
  1.7297880e+003  6.0800000e+002
  1.7304240e+003  6.3600000e+002
  1.7310400e+003  6.1600000e+002
  1.7316640e+003  6.2400000e+002
  1.7322760e+003  6.1200000e+002
  1.7328800e+003  6.0400000e+002
  1.7335200e+003  6.4000000e+002
  1.7341360e+003  6.1600000e+002
  1.7347600e+003  6.2400000e+002
  1.7353800e+003  6.2000000e+002
  1.7359960e+003  6.1600000e+002
  1.7366320e+003  6.3600000e+002
  1.7372520e+003  6.2000000e+002
  1.7378680e+003  6.1600000e+002
  1.7385040e+003  6.3600000e+002
  1.7391280e+003  6.2400000e+002
  1.7397640e+003  6.3600000e+002
  1.7404000e+003  6.3600000e+002
  1.7410280e+003  6.2800000e+002
  1.7416560e+003  6.2800000e+002
  1.7423080e+003  6.5200000e+002
  1.7429520e+003  6.4400000e+002
  1.7435800e+003  6.2800000e+002
  1.7442440e+003  6.6400000e+002
  1.7448840e+003  6.4000000e+002
  1.7455360e+003  6.5200000e+002
  1.7461760e+003  6.4000000e+002
  1.7468120e+003  6.3600000e+002
  1.7474760e+003  6.6400000e+002
  1.7481280e+003  6.5200000e+002
  1.7487560e+003  6.2800000e+002
  1.7494160e+003  6.6000000e+002
  1.7500600e+003  6.4400000e+002
  1.7507120e+003  6.5200000e+002
  1.7513560e+003  6.4400000e+002
  1.7519960e+003  6.4000000e+002
  1.7526560e+003  6.6000000e+002
  1.7533080e+003  6.5200000e+002
  1.7539480e+003  6.4000000e+002
  1.7546000e+003  6.5200000e+002
  1.7552320e+003  6.3200000e+002
  1.7558840e+003  6.5200000e+002
  1.7565200e+003  6.3600000e+002
  1.7571480e+003  6.2800000e+002
  1.7577960e+003  6.4800000e+002
  1.7584240e+003  6.2800000e+002
  1.7590560e+003  6.3200000e+002
  1.7596880e+003  6.3200000e+002
  1.7603120e+003  6.2400000e+002
  1.7609560e+003  6.4400000e+002
  1.7615840e+003  6.2800000e+002
  1.7622240e+003  6.4000000e+002
  1.7628640e+003  6.4000000e+002
  1.7634960e+003  6.3200000e+002
  1.7641480e+003  6.5200000e+002
  1.7647800e+003  6.3200000e+002
  1.7654160e+003  6.3600000e+002
  1.7660600e+003  6.4400000e+002
  1.7667000e+003  6.4000000e+002
  1.7673640e+003  6.6400000e+002
  1.7680080e+003  6.4400000e+002
  1.7686520e+003  6.4400000e+002
  1.7693000e+003  6.4800000e+002
  1.7699360e+003  6.3600000e+002
  1.7705920e+003  6.5600000e+002
  1.7712280e+003  6.3600000e+002
  1.7718640e+003  6.3600000e+002
  1.7725040e+003  6.4000000e+002
  1.7731280e+003  6.2400000e+002
  1.7737840e+003  6.5600000e+002
  1.7744200e+003  6.3600000e+002
  1.7750520e+003  6.3200000e+002
  1.7756920e+003  6.4000000e+002
  1.7763240e+003  6.3200000e+002
  1.7769760e+003  6.5200000e+002
  1.7776120e+003  6.3600000e+002
  1.7782360e+003  6.2400000e+002
  1.7788840e+003  6.4800000e+002
  1.7795160e+003  6.3200000e+002
  1.7801680e+003  6.5200000e+002
  1.7808120e+003  6.4400000e+002
  1.7814480e+003  6.3600000e+002
  1.7821120e+003  6.6400000e+002
  1.7827640e+003  6.5200000e+002
  1.7834240e+003  6.6000000e+002
  1.7840800e+003  6.5600000e+002
  1.7847200e+003  6.4000000e+002
  1.7853800e+003  6.6000000e+002
  1.7860200e+003  6.4000000e+002
  1.7866640e+003  6.4400000e+002
  1.7873040e+003  6.4000000e+002
  1.7879320e+003  6.2800000e+002
  1.7885760e+003  6.4400000e+002
  1.7892080e+003  6.3200000e+002
  1.7898240e+003  6.1600000e+002
  1.7904680e+003  6.4400000e+002
  1.7910920e+003  6.2400000e+002
  1.7917320e+003  6.4000000e+002
  1.7923640e+003  6.3200000e+002
  1.7929960e+003  6.3200000e+002
  1.7936480e+003  6.5200000e+002
  1.7942760e+003  6.2800000e+002
  1.7948960e+003  6.2000000e+002
  1.7955360e+003  6.4000000e+002
  1.7961680e+003  6.3200000e+002
  1.7968040e+003  6.3600000e+002
  1.7974360e+003  6.3200000e+002
  1.7980640e+003  6.2800000e+002
