  1.0160000e+000  5.8800000e+002
  1.9480000e+000  9.3200000e+002
  2.7040000e+000  7.5600000e+002
  3.4680000e+000  7.6400000e+002
  4.2320000e+000  7.6400000e+002
  4.8680000e+000  6.3600000e+002
  5.7480000e+000  8.8000000e+002
  6.5160000e+000  7.6800000e+002
  7.2760000e+000  7.6000000e+002
  8.0400000e+000  7.6400000e+002
  8.6600000e+000  6.2000000e+002
  9.5520000e+000  8.9200000e+002
  1.0312000e+001  7.6000000e+002
  1.1076000e+001  7.6400000e+002
  1.1836000e+001  7.6000000e+002
  1.2476000e+001  6.4000000e+002
  1.3356000e+001  8.8000000e+002
  1.3792000e+001  4.3600000e+002
  1.4884000e+001  1.0920000e+003
  1.5644000e+001  7.6000000e+002
  1.6404000e+001  7.6000000e+002
  1.7164000e+001  7.6000000e+002
  1.7748000e+001  5.8400000e+002
  1.8676000e+001  9.2800000e+002
  1.9112000e+001  4.3600000e+002
  2.0196000e+001  1.0840000e+003
  2.0960000e+001  7.6400000e+002
  2.1716000e+001  7.5600000e+002
  2.2468000e+001  7.5200000e+002
  2.3060000e+001  5.9200000e+002
  2.3984000e+001  9.2400000e+002
  2.4424000e+001  4.4000000e+002
  2.5500000e+001  1.0760000e+003
  2.6264000e+001  7.6400000e+002
  2.7024000e+001  7.6000000e+002
  2.7780000e+001  7.5600000e+002
  2.8480000e+001  7.0000000e+002
  2.9288000e+001  8.0800000e+002
  2.9804000e+001  5.1600000e+002
  3.0812000e+001  1.0080000e+003
  3.1568000e+001  7.5600000e+002
  3.2056000e+001  4.8800000e+002
  3.2468000e+001  4.1200000e+002
  3.2880000e+001  4.1200000e+002
  3.3748000e+001  8.6800000e+002
  3.4600000e+001  8.5200000e+002
  3.5072000e+001  4.7200000e+002
  3.6124000e+001  1.0520000e+003
  3.6884000e+001  7.6000000e+002
  3.7644000e+001  7.6000000e+002
  3.8400000e+001  7.5600000e+002
  3.9116000e+001  7.1600000e+002
  3.9912000e+001  7.9600000e+002
  4.0428000e+001  5.1600000e+002
  4.1436000e+001  1.0080000e+003
  4.2192000e+001  7.5600000e+002
  4.2952000e+001  7.6000000e+002
  4.3712000e+001  7.6000000e+002
  4.4468000e+001  7.5600000e+002
  4.5220000e+001  7.5200000e+002
  4.5724000e+001  5.0400000e+002
  4.6740000e+001  1.0160000e+003
  4.7492000e+001  7.5200000e+002
  4.8248000e+001  7.5600000e+002
  4.9004000e+001  7.5600000e+002
  4.9676000e+001  6.7200000e+002
  5.0520000e+001  8.4400000e+002
  5.0992000e+001  4.7200000e+002
  5.2032000e+001  1.0400000e+003
  5.2792000e+001  7.6000000e+002
  5.3548000e+001  7.5600000e+002
  5.4300000e+001  7.5200000e+002
  5.4928000e+001  6.2800000e+002
  5.5808000e+001  8.8000000e+002
  5.6244000e+001  4.3600000e+002
  5.7320000e+001  1.0760000e+003
  5.8068000e+001  7.4800000e+002
  5.8820000e+001  7.5200000e+002
  5.9572000e+001  7.5200000e+002
  6.0200000e+001  6.2800000e+002
  6.1072000e+001  8.7200000e+002
  6.1512000e+001  4.4000000e+002
  6.2580000e+001  1.0680000e+003
  6.3336000e+001  7.5600000e+002
  6.4092000e+001  7.5600000e+002
  6.4840000e+001  7.4800000e+002
  6.5472000e+001  6.3200000e+002
  6.6356000e+001  8.8400000e+002
  6.6796000e+001  4.4000000e+002
  6.7512000e+001  7.1600000e+002
  6.8640000e+001  1.1280000e+003
  6.9248000e+001  6.0800000e+002
  7.0160000e+001  9.1200000e+002
  7.0916000e+001  7.5600000e+002
  7.1672000e+001  7.5600000e+002
  7.2432000e+001  7.6000000e+002
  7.3116000e+001  6.8400000e+002
  7.3944000e+001  8.2800000e+002
  7.4392000e+001  4.4800000e+002
  7.5464000e+001  1.0720000e+003
  7.6228000e+001  7.6400000e+002
  7.6988000e+001  7.6000000e+002
  7.7744000e+001  7.5600000e+002
  7.8276000e+001  5.3200000e+002
  7.9268000e+001  9.9200000e+002
  8.0028000e+001  7.6000000e+002
  8.0788000e+001  7.6000000e+002
  8.1552000e+001  7.6400000e+002
  8.2144000e+001  5.9200000e+002
  8.3068000e+001  9.2400000e+002
  8.3828000e+001  7.6000000e+002
  8.4588000e+001  7.6000000e+002
  8.5348000e+001  7.6000000e+002
  8.5980000e+001  6.3200000e+002
  8.6852000e+001  8.7200000e+002
  8.7612000e+001  7.6000000e+002
  8.8368000e+001  7.5600000e+002
  8.9120000e+001  7.5200000e+002
  8.9740000e+001  6.2000000e+002
  9.0624000e+001  8.8400000e+002
  9.1380000e+001  7.5600000e+002
  9.2132000e+001  7.5200000e+002
  9.2884000e+001  7.5200000e+002
  9.3520000e+001  6.3600000e+002
  9.3884000e+001  3.6400000e+002
  9.4396000e+001  5.1200000e+002
  9.4828000e+001  4.3200000e+002
  9.5908000e+001  1.0800000e+003
  9.6656000e+001  7.4800000e+002
  9.7404000e+001  7.4800000e+002
  9.8156000e+001  7.5200000e+002
  9.8732000e+001  5.7600000e+002
  9.9652000e+001  9.2000000e+002
  1.0040000e+002  7.4800000e+002
  1.0115200e+002  7.5200000e+002
  1.0189600e+002  7.4400000e+002
  1.0260800e+002  7.1200000e+002
  1.0338400e+002  7.7600000e+002
  1.0388000e+002  4.9600000e+002
  1.0487600e+002  9.9600000e+002
  1.0562400e+002  7.4800000e+002
  1.0636800e+002  7.4400000e+002
  1.0710800e+002  7.4000000e+002
  1.0777600e+002  6.6800000e+002
  1.0859200e+002  8.1600000e+002
  1.0904400e+002  4.5200000e+002
  1.1008800e+002  1.0440000e+003
  1.1083200e+002  7.4400000e+002
  1.1157200e+002  7.4000000e+002
  1.1232000e+002  7.4800000e+002
  1.1291600e+002  5.9600000e+002
  1.1380800e+002  8.9200000e+002
  1.1424000e+002  4.3200000e+002
  1.1530800e+002  1.0680000e+003
  1.1604800e+002  7.4000000e+002
  1.1679200e+002  7.4400000e+002
  1.1753600e+002  7.4400000e+002
  1.1813200e+002  5.9600000e+002
  1.1902400e+002  8.9200000e+002
  1.1945600e+002  4.3200000e+002
  1.2052000e+002  1.0640000e+003
  1.2126400e+002  7.4400000e+002
  1.2200800e+002  7.4400000e+002
  1.2275200e+002  7.4400000e+002
  1.2336000e+002  6.0800000e+002
  1.2424400e+002  8.8400000e+002
  1.2498800e+002  7.4400000e+002
  1.2573600e+002  7.4800000e+002
  1.2648800e+002  7.5200000e+002
  1.2720800e+002  7.2000000e+002
  1.2798400e+002  7.7600000e+002
  1.2847600e+002  4.9200000e+002
  1.2949600e+002  1.0200000e+003
  1.3024800e+002  7.5200000e+002
  1.3100000e+002  7.5200000e+002
  1.3175600e+002  7.5600000e+002
  1.3237200e+002  6.1600000e+002
  1.3327200e+002  9.0000000e+002
  1.3402800e+002  7.5600000e+002
  1.3479200e+002  7.6400000e+002
  1.3555200e+002  7.6000000e+002
  1.3617600e+002  6.2400000e+002
  1.3707200e+002  8.9600000e+002
  1.3783200e+002  7.6000000e+002
  1.3860000e+002  7.6800000e+002
  1.3936000e+002  7.6000000e+002
  1.4002400e+002  6.6400000e+002
  1.4089200e+002  8.6800000e+002
  1.4136400e+002  4.7200000e+002
  1.4243600e+002  1.0720000e+003
  1.4321200e+002  7.7600000e+002
  1.4398400e+002  7.7200000e+002
  1.4476000e+002  7.7600000e+002
  1.4530000e+002  5.4000000e+002
  1.4630000e+002  1.0000000e+003
  1.4707200e+002  7.7200000e+002
  1.4784400e+002  7.7200000e+002
  1.4860800e+002  7.6400000e+002
  1.4924000e+002  6.3200000e+002
  1.5014800e+002  9.0800000e+002
  1.5059200e+002  4.4400000e+002
  1.5168800e+002  1.0960000e+003
  1.5246000e+002  7.7200000e+002
  1.5322800e+002  7.6800000e+002
  1.5399200e+002  7.6400000e+002
  1.5466400e+002  6.7200000e+002
  1.5553600e+002  8.7200000e+002
  1.5601200e+002  4.7600000e+002
  1.5708000e+002  1.0680000e+003
  1.5785600e+002  7.7600000e+002
  1.5863200e+002  7.7600000e+002
  1.5940000e+002  7.6800000e+002
  1.6008400e+002  6.8400000e+002
  1.6094400e+002  8.6000000e+002
  1.6142000e+002  4.7600000e+002
  1.6249600e+002  1.0760000e+003
  1.6327200e+002  7.7600000e+002
  1.6404800e+002  7.7600000e+002
  1.6482000e+002  7.7200000e+002
  1.6545200e+002  6.3200000e+002
  1.6636400e+002  9.1200000e+002
  1.6682000e+002  4.5600000e+002
  1.6791600e+002  1.0960000e+003
  1.6868800e+002  7.7200000e+002
  1.6946400e+002  7.7600000e+002
  1.7023600e+002  7.7200000e+002
  1.7090000e+002  6.6400000e+002
  1.7176800e+002  8.6800000e+002
  1.7222400e+002  4.5600000e+002
  1.7331200e+002  1.0880000e+003
  1.7408000e+002  7.6800000e+002
  1.7484800e+002  7.6800000e+002
  1.7560800e+002  7.6000000e+002
  1.7634000e+002  7.3200000e+002
  1.7714400e+002  8.0400000e+002
  1.7766800e+002  5.2400000e+002
  1.7868400e+002  1.0160000e+003
  1.7946000e+002  7.7600000e+002
  1.8023600e+002  7.7600000e+002
  1.8100800e+002  7.7200000e+002
  1.8170000e+002  6.9200000e+002
  1.8255200e+002  8.5200000e+002
  1.8304400e+002  4.9200000e+002
  1.8410800e+002  1.0640000e+003
  1.8488000e+002  7.7200000e+002
  1.8565600e+002  7.7600000e+002
  1.8643200e+002  7.7600000e+002
  1.8716800e+002  7.3600000e+002
  1.8796800e+002  8.0000000e+002
  1.8849600e+002  5.2800000e+002
  1.8952000e+002  1.0240000e+003
  1.9029200e+002  7.7200000e+002
  1.9106400e+002  7.7200000e+002
  1.9184000e+002  7.7600000e+002
  1.9261600e+002  7.7600000e+002
  1.9338400e+002  7.6800000e+002
  1.9395600e+002  5.7200000e+002
  1.9492800e+002  9.7200000e+002
  1.9570000e+002  7.7200000e+002
  1.9647200e+002  7.7200000e+002
  1.9724400e+002  7.7200000e+002
  1.9798000e+002  7.3600000e+002
  1.9879200e+002  8.1200000e+002
  1.9928000e+002  4.8800000e+002
  2.0033200e+002  1.0520000e+003
  2.0110400e+002  7.7200000e+002
  2.0187200e+002  7.6800000e+002
  2.0263600e+002  7.6400000e+002
  2.0329600e+002  6.6000000e+002
  2.0417200e+002  8.7600000e+002
  2.0464800e+002  4.7600000e+002
  2.0571200e+002  1.0640000e+003
  2.0648400e+002  7.7200000e+002
  2.0724800e+002  7.6400000e+002
  2.0801200e+002  7.6400000e+002
  2.0860000e+002  5.8800000e+002
  2.0954000e+002  9.4000000e+002
  2.0998000e+002  4.4000000e+002
  2.1107600e+002  1.0960000e+003
  2.1184400e+002  7.6800000e+002
  2.1261200e+002  7.6800000e+002
  2.1337600e+002  7.6400000e+002
  2.1397200e+002  5.9600000e+002
  2.1490000e+002  9.2800000e+002
  2.1535200e+002  4.5200000e+002
  2.1644000e+002  1.0880000e+003
  2.1720000e+002  7.6000000e+002
  2.1796800e+002  7.6800000e+002
  2.1873200e+002  7.6400000e+002
  2.1930000e+002  5.6800000e+002
  2.2025600e+002  9.5600000e+002
  2.2102400e+002  7.6800000e+002
  2.2179200e+002  7.6800000e+002
  2.2255200e+002  7.6000000e+002
  2.2320400e+002  6.5200000e+002
  2.2408000e+002  8.7600000e+002
  2.2451600e+002  4.3600000e+002
  2.2561600e+002  1.1000000e+003
  2.2638400e+002  7.6800000e+002
  2.2715200e+002  7.6800000e+002
  2.2792000e+002  7.6800000e+002
  2.2843200e+002  5.1200000e+002
  2.2946000e+002  1.0280000e+003
  2.3023200e+002  7.7200000e+002
  2.3100400e+002  7.7200000e+002
  2.3176800e+002  7.6400000e+002
  2.3234800e+002  5.8000000e+002
  2.3330800e+002  9.6000000e+002
  2.3408000e+002  7.7200000e+002
  2.3485200e+002  7.7200000e+002
  2.3562400e+002  7.7200000e+002
  2.3623600e+002  6.1200000e+002
  2.3717200e+002  9.3600000e+002
  2.3761600e+002  4.4400000e+002
  2.3872800e+002  1.1120000e+003
  2.3951200e+002  7.8400000e+002
  2.4029200e+002  7.8000000e+002
  2.4106800e+002  7.7600000e+002
  2.4162400e+002  5.5600000e+002
  2.4262400e+002  1.0000000e+003
  2.4340800e+002  7.8400000e+002
  2.4419200e+002  7.8400000e+002
  2.4497600e+002  7.8400000e+002
  2.4560000e+002  6.2400000e+002
  2.4653600e+002  9.3600000e+002
  2.4732000e+002  7.8400000e+002
  2.4810800e+002  7.8800000e+002
  2.4889200e+002  7.8400000e+002
  2.4947600e+002  5.8400000e+002
  2.5045200e+002  9.7600000e+002
  2.5124000e+002  7.8800000e+002
  2.5202400e+002  7.8400000e+002
  2.5280400e+002  7.8000000e+002
  2.5334000e+002  5.3600000e+002
  2.5438400e+002  1.0440000e+003
  2.5516800e+002  7.8400000e+002
  2.5595200e+002  7.8400000e+002
  2.5674000e+002  7.8800000e+002
  2.5735200e+002  6.1200000e+002
  2.5830800e+002  9.5600000e+002
  2.5909200e+002  7.8400000e+002
  2.5988000e+002  7.8800000e+002
  2.6067200e+002  7.8800000e+002
  2.6129600e+002  6.2400000e+002
  2.6223600e+002  9.4000000e+002
  2.6302400e+002  7.8800000e+002
  2.6381200e+002  7.8800000e+002
  2.6459200e+002  7.8000000e+002
  2.6522000e+002  6.2800000e+002
  2.6616400e+002  9.4400000e+002
  2.6694400e+002  7.8000000e+002
  2.6772800e+002  7.8400000e+002
  2.6851200e+002  7.8400000e+002
  2.6912800e+002  6.1600000e+002
  2.7008400e+002  9.5600000e+002
  2.7086800e+002  7.8400000e+002
  2.7165600e+002  7.8800000e+002
  2.7244400e+002  7.8800000e+002
  2.7308400e+002  6.4000000e+002
  2.7401200e+002  9.2800000e+002
  2.7480000e+002  7.8800000e+002
  2.7559200e+002  7.9200000e+002
  2.7638000e+002  7.8800000e+002
  2.7698800e+002  6.0800000e+002
  2.7794800e+002  9.6000000e+002
  2.7874000e+002  7.9200000e+002
  2.7952800e+002  7.8800000e+002
  2.8030800e+002  7.8000000e+002
  2.8094400e+002  6.3600000e+002
  2.8188800e+002  9.4400000e+002
  2.8267200e+002  7.8400000e+002
  2.8346000e+002  7.8800000e+002
  2.8424800e+002  7.8800000e+002
  2.8488000e+002  6.3200000e+002
  2.8582000e+002  9.4000000e+002
  2.8660400e+002  7.8400000e+002
  2.8739200e+002  7.8800000e+002
  2.8818000e+002  7.8800000e+002
  2.8877600e+002  5.9600000e+002
  2.8974800e+002  9.7200000e+002
  2.9053600e+002  7.8800000e+002
  2.9132400e+002  7.8800000e+002
  2.9210400e+002  7.8000000e+002
  2.9272800e+002  6.2400000e+002
  2.9366800e+002  9.4000000e+002
  2.9428400e+002  6.1600000e+002
  2.9520800e+002  9.2400000e+002
  2.9600000e+002  7.9200000e+002
  2.9678400e+002  7.8400000e+002
  2.9756400e+002  7.8000000e+002
  2.9820000e+002  6.3600000e+002
  2.9912800e+002  9.2800000e+002
  2.9956800e+002  4.4000000e+002
  3.0070400e+002  1.1360000e+003
  3.0148800e+002  7.8400000e+002
  3.0227200e+002  7.8400000e+002
  3.0305600e+002  7.8400000e+002
  3.0368000e+002  6.2400000e+002
  3.0461600e+002  9.3600000e+002
  3.0505600e+002  4.4000000e+002
  3.0618400e+002  1.1280000e+003
  3.0696800e+002  7.8400000e+002
  3.0774800e+002  7.8000000e+002
  3.0852400e+002  7.7600000e+002
  3.0921600e+002  6.9200000e+002
  3.1007200e+002  8.5600000e+002
  3.1055200e+002  4.8000000e+002
  3.1164400e+002  1.0920000e+003
  3.1242000e+002  7.7600000e+002
  3.1320000e+002  7.8000000e+002
  3.1398000e+002  7.8000000e+002
  3.1469200e+002  7.1200000e+002
  3.1554400e+002  8.5200000e+002
  3.1602400e+002  4.8000000e+002
  3.1710800e+002  1.0840000e+003
  3.1788800e+002  7.8000000e+002
  3.1866400e+002  7.7600000e+002
  3.1944000e+002  7.7600000e+002
  3.2006000e+002  6.2000000e+002
  3.2099600e+002  9.3600000e+002
  3.2176400e+002  7.6800000e+002
  3.2254000e+002  7.7600000e+002
  3.2331600e+002  7.7600000e+002
  3.2405600e+002  7.4000000e+002
  3.2485600e+002  8.0000000e+002
  3.2538800e+002  5.3200000e+002
  3.2640400e+002  1.0160000e+003
  3.2717600e+002  7.7200000e+002
  3.2794800e+002  7.7200000e+002
  3.2871600e+002  7.6800000e+002
  3.2933200e+002  6.1600000e+002
  3.3026400e+002  9.3200000e+002
  3.3103200e+002  7.6800000e+002
  3.3180000e+002  7.6800000e+002
  3.3257600e+002  7.7600000e+002
  3.3323200e+002  6.5600000e+002
  3.3411600e+002  8.8400000e+002
  3.3456800e+002  4.5200000e+002
  3.3566800e+002  1.1000000e+003
  3.3644000e+002  7.7200000e+002
  3.3721200e+002  7.7200000e+002
  3.3798000e+002  7.6800000e+002
  3.3858400e+002  6.0400000e+002
  3.3953200e+002  9.4800000e+002
  3.4030000e+002  7.6800000e+002
  3.4107600e+002  7.7600000e+002
  3.4185200e+002  7.7600000e+002
  3.4258000e+002  7.2800000e+002
  3.4340000e+002  8.2000000e+002
  3.4388000e+002  4.8000000e+002
  3.4496000e+002  1.0800000e+003
  3.4574400e+002  7.8400000e+002
  3.4652400e+002  7.8000000e+002
  3.4730000e+002  7.7600000e+002
  3.4785600e+002  5.5600000e+002
  3.4886400e+002  1.0080000e+003
  3.4964400e+002  7.8000000e+002
  3.5042000e+002  7.7600000e+002
  3.5120000e+002  7.8000000e+002
  3.5183200e+002  6.3200000e+002
  3.5276400e+002  9.3200000e+002
  3.5354000e+002  7.7600000e+002
  3.5432400e+002  7.8400000e+002
  3.5511200e+002  7.8800000e+002
  3.5572000e+002  6.0800000e+002
  3.5667200e+002  9.5200000e+002
  3.5745600e+002  7.8400000e+002
  3.5824000e+002  7.8400000e+002
  3.5902400e+002  7.8400000e+002
  3.5965600e+002  6.3200000e+002
  3.6058000e+002  9.2400000e+002
  3.6136400e+002  7.8400000e+002
  3.6214800e+002  7.8400000e+002
  3.6292800e+002  7.8000000e+002
  3.6354000e+002  6.1200000e+002
  3.6448400e+002  9.4400000e+002
  3.6526800e+002  7.8400000e+002
  3.6604800e+002  7.8000000e+002
  3.6682800e+002  7.8000000e+002
  3.6744400e+002  6.1600000e+002
  3.6840000e+002  9.5600000e+002
  3.6918400e+002  7.8400000e+002
  3.6996800e+002  7.8400000e+002
  3.7075600e+002  7.8800000e+002
  3.7128000e+002  5.2400000e+002
  3.7233600e+002  1.0560000e+003
  3.7312400e+002  7.8800000e+002
  3.7388000e+002  7.5600000e+002
  3.7469600e+002  8.1600000e+002
  3.7518800e+002  4.9200000e+002
  3.7627600e+002  1.0880000e+003
  3.7706800e+002  7.9200000e+002
  3.7786000e+002  7.9200000e+002
  3.7864400e+002  7.8400000e+002
  3.7917600e+002  5.3200000e+002
  3.8022800e+002  1.0520000e+003
  3.8102000e+002  7.9200000e+002
  3.8162000e+002  6.0000000e+002
  3.8255600e+002  9.3600000e+002
  3.8310000e+002  5.4400000e+002
  3.8416400e+002  1.0640000e+003
  3.8496400e+002  8.0000000e+002
  3.8575600e+002  7.9200000e+002
  3.8655200e+002  7.9600000e+002
  3.8706400e+002  5.1200000e+002
  3.8814800e+002  1.0840000e+003
  3.8894400e+002  7.9600000e+002
  3.8974000e+002  7.9600000e+002
  3.9053600e+002  7.9600000e+002
  3.9106400e+002  5.2800000e+002
  3.9213600e+002  1.0720000e+003
  3.9294000e+002  8.0400000e+002
  3.9374000e+002  8.0000000e+002
  3.9453600e+002  7.9600000e+002
  3.9510400e+002  5.6800000e+002
  3.9613200e+002  1.0280000e+003
  3.9693600e+002  8.0400000e+002
  3.9773600e+002  8.0000000e+002
  3.9853200e+002  7.9600000e+002
  3.9904400e+002  5.1200000e+002
  4.0014000e+002  1.0960000e+003
  4.0093600e+002  7.9600000e+002
  4.0173600e+002  8.0000000e+002
  4.0253600e+002  8.0000000e+002
  4.0310400e+002  5.6800000e+002
  4.0413600e+002  1.0320000e+003
  4.0493200e+002  7.9600000e+002
  4.0573200e+002  8.0000000e+002
  4.0653200e+002  8.0000000e+002
  4.0710000e+002  5.6800000e+002
  4.0812400e+002  1.0240000e+003
  4.0892400e+002  8.0000000e+002
  4.0972400e+002  8.0000000e+002
  4.1052000e+002  7.9600000e+002
  4.1106800e+002  5.4800000e+002
  4.1211200e+002  1.0440000e+003
  4.1291600e+002  8.0400000e+002
  4.1371200e+002  7.9600000e+002
  4.1450800e+002  7.9600000e+002
  4.1508000e+002  5.7200000e+002
  4.1598000e+002  9.0000000e+002
  4.1642400e+002  4.4400000e+002
  4.1766000e+002  1.2360000e+003
  4.1847200e+002  8.1200000e+002
  4.1917600e+002  7.0400000e+002
  4.2007600e+002  9.0000000e+002
  4.2053200e+002  4.5600000e+002
  4.2167600e+002  1.1440000e+003
  4.2248000e+002  8.0400000e+002
  4.2328000e+002  8.0000000e+002
  4.2407200e+002  7.9200000e+002
  4.2463600e+002  5.6400000e+002
  4.2568000e+002  1.0440000e+003
  4.2648000e+002  8.0000000e+002
  4.2727200e+002  7.9200000e+002
  4.2807200e+002  8.0000000e+002
  4.2867200e+002  6.0000000e+002
  4.2967200e+002  1.0000000e+003
  4.3046800e+002  7.9600000e+002
  4.3126000e+002  7.9200000e+002
  4.3205600e+002  7.9600000e+002
  4.3261200e+002  5.5600000e+002
  4.3365600e+002  1.0440000e+003
  4.3444800e+002  7.9200000e+002
  4.3524400e+002  7.9600000e+002
  4.3604400e+002  8.0000000e+002
  4.3666400e+002  6.2000000e+002
  4.3762800e+002  9.6400000e+002
  4.3842400e+002  7.9600000e+002
  4.3922000e+002  7.9600000e+002
  4.4000800e+002  7.8800000e+002
  4.4058800e+002  5.8000000e+002
  4.4158400e+002  9.9600000e+002
  4.4238000e+002  7.9600000e+002
  4.4316800e+002  7.8800000e+002
  4.4395200e+002  7.8400000e+002
  4.4450000e+002  5.4800000e+002
  4.4554000e+002  1.0400000e+003
  4.4632400e+002  7.8400000e+002
  4.4711200e+002  7.8800000e+002
  4.4790400e+002  7.9200000e+002
  4.4845200e+002  5.4800000e+002
  4.4948400e+002  1.0320000e+003
  4.5027600e+002  7.9200000e+002
  4.5106800e+002  7.9200000e+002
  4.5185600e+002  7.8800000e+002
  4.5242000e+002  5.6400000e+002
  4.5342400e+002  1.0040000e+003
  4.5421600e+002  7.9200000e+002
  4.5500000e+002  7.8400000e+002
  4.5578000e+002  7.8000000e+002
  4.5636400e+002  5.8400000e+002
  4.5735600e+002  9.9200000e+002
  4.5814000e+002  7.8400000e+002
  4.5892400e+002  7.8400000e+002
  4.5971600e+002  7.9200000e+002
  4.6030000e+002  5.8400000e+002
  4.6129200e+002  9.9200000e+002
  4.6208400e+002  7.9200000e+002
  4.6287200e+002  7.8800000e+002
  4.6365600e+002  7.8400000e+002
  4.6423200e+002  5.7600000e+002
  4.6521600e+002  9.8400000e+002
  4.6600400e+002  7.8800000e+002
  4.6678400e+002  7.8000000e+002
  4.6755600e+002  7.7200000e+002
  4.6812800e+002  5.7200000e+002
  4.6911600e+002  9.8800000e+002
  4.6989200e+002  7.7600000e+002
  4.7066800e+002  7.7600000e+002
  4.7145200e+002  7.8400000e+002
  4.7204800e+002  5.9600000e+002
  4.7300400e+002  9.5600000e+002
  4.7378000e+002  7.7600000e+002
  4.7456400e+002  7.8400000e+002
  4.7534000e+002  7.7600000e+002
  4.7596400e+002  6.2400000e+002
  4.7688800e+002  9.2400000e+002
  4.7766400e+002  7.7600000e+002
  4.7844000e+002  7.7600000e+002
  4.7921600e+002  7.7600000e+002
  4.7984800e+002  6.3200000e+002
  4.8076800e+002  9.2000000e+002
  4.8154800e+002  7.8000000e+002
  4.8232800e+002  7.8000000e+002
  4.8310400e+002  7.7600000e+002
  4.8373200e+002  6.2800000e+002
  4.8465600e+002  9.2400000e+002
  4.8543200e+002  7.7600000e+002
  4.8620800e+002  7.7600000e+002
  4.8698400e+002  7.7600000e+002
  4.8759200e+002  6.0800000e+002
  4.8853600e+002  9.4400000e+002
  4.8930800e+002  7.7200000e+002
  4.9008400e+002  7.7600000e+002
  4.9086400e+002  7.8000000e+002
  4.9155600e+002  6.9200000e+002
  4.9240800e+002  8.5200000e+002
  4.9286400e+002  4.5600000e+002
  4.9396000e+002  1.0960000e+003
  4.9473200e+002  7.7200000e+002
  4.9550000e+002  7.6800000e+002
  4.9627200e+002  7.7200000e+002
  4.9679600e+002  5.2400000e+002
  4.9782400e+002  1.0280000e+003
  4.9859200e+002  7.6800000e+002
  4.9936400e+002  7.7200000e+002
  5.0013600e+002  7.7200000e+002
  5.0081600e+002  6.8000000e+002
  5.0167200e+002  8.5600000e+002
  5.0214000e+002  4.6800000e+002
  5.0246800e+002  3.2800000e+002
  5.0316800e+002  7.0000000e+002
  5.0395600e+002  7.8800000e+002
  5.0472000e+002  7.6400000e+002
  5.0548400e+002  7.6400000e+002
  5.0600800e+002  5.2400000e+002
  5.0702800e+002  1.0200000e+003
  5.0779200e+002  7.6400000e+002
  5.0856000e+002  7.6800000e+002
  5.0932400e+002  7.6400000e+002
  5.0991600e+002  5.9200000e+002
  5.1085200e+002  9.3600000e+002
  5.1161600e+002  7.6400000e+002
  5.1238000e+002  7.6400000e+002
  5.1314000e+002  7.6000000e+002
  5.1383600e+002  6.9600000e+002
  5.1467200e+002  8.3600000e+002
  5.1515200e+002  4.8000000e+002
  5.1620800e+002  1.0560000e+003
  5.1697600e+002  7.6800000e+002
  5.1774400e+002  7.6800000e+002
  5.1850800e+002  7.6400000e+002
  5.1904400e+002  5.3600000e+002
  5.2004800e+002  1.0040000e+003
  5.2082000e+002  7.7200000e+002
  5.2159600e+002  7.7600000e+002
  5.2236400e+002  7.6800000e+002
  5.2299200e+002  6.2800000e+002
  5.2390400e+002  9.1200000e+002
  5.2434000e+002  4.3600000e+002
  5.2546000e+002  1.1200000e+003
  5.2622800e+002  7.6800000e+002
  5.2700000e+002  7.7200000e+002
  5.2777600e+002  7.7600000e+002
  5.2834800e+002  5.7200000e+002
  5.2932000e+002  9.7200000e+002
  5.3009600e+002  7.7600000e+002
  5.3087200e+002  7.7600000e+002
  5.3164400e+002  7.7200000e+002
  5.3230400e+002  6.6000000e+002
  5.3319200e+002  8.8800000e+002
  5.3364000e+002  4.4800000e+002
  5.3406000e+002  4.2000000e+002
  5.3474800e+002  6.8800000e+002
  5.3551200e+002  7.6400000e+002
  5.3620000e+002  6.8800000e+002
  5.3705600e+002  8.5600000e+002
  5.3753200e+002  4.7600000e+002
  5.3860800e+002  1.0760000e+003
  5.3938800e+002  7.8000000e+002
  5.4016400e+002  7.7600000e+002
  5.4093600e+002  7.7200000e+002
  5.4155600e+002  6.2000000e+002
  5.4249200e+002  9.3600000e+002
  5.4293200e+002  4.4000000e+002
  5.4405200e+002  1.1200000e+003
  5.4484000e+002  7.8800000e+002
  5.4561600e+002  7.7600000e+002
  5.4638800e+002  7.7200000e+002
  5.4698800e+002  6.0000000e+002
  5.4794400e+002  9.5600000e+002
  5.4872400e+002  7.8000000e+002
  5.4950400e+002  7.8000000e+002
  5.5028000e+002  7.7600000e+002
  5.5096400e+002  6.8400000e+002
  5.5182800e+002  8.6400000e+002
  5.5230400e+002  4.7600000e+002
  5.5339600e+002  1.0920000e+003
  5.5417200e+002  7.7600000e+002
  5.5494800e+002  7.7600000e+002
  5.5572400e+002  7.7600000e+002
  5.5632400e+002  6.0000000e+002
  5.5728400e+002  9.6000000e+002
  5.5806000e+002  7.7600000e+002
  5.5884000e+002  7.8000000e+002
  5.5962400e+002  7.8400000e+002
  5.6036000e+002  7.3600000e+002
  5.6118000e+002  8.2000000e+002
  5.6166800e+002  4.8800000e+002
  5.6275200e+002  1.0840000e+003
  5.6353200e+002  7.8000000e+002
  5.6431200e+002  7.8000000e+002
  5.6509600e+002  7.8400000e+002
  5.6570400e+002  6.0800000e+002
  5.6666000e+002  9.5600000e+002
  5.6744000e+002  7.8000000e+002
  5.6822400e+002  7.8400000e+002
  5.6901200e+002  7.8800000e+002
  5.6966800e+002  6.5600000e+002
  5.7057200e+002  9.0400000e+002
  5.7102400e+002  4.5200000e+002
  5.7214800e+002  1.1240000e+003
  5.7293200e+002  7.8400000e+002
  5.7371200e+002  7.8000000e+002
  5.7449200e+002  7.8000000e+002
  5.7508000e+002  5.8800000e+002
  5.7605200e+002  9.7200000e+002
  5.7683200e+002  7.8000000e+002
  5.7760800e+002  7.7600000e+002
  5.7839200e+002  7.8400000e+002
  5.7904000e+002  6.4800000e+002
  5.7994000e+002  9.0000000e+002
  5.8042000e+002  4.8000000e+002
  5.8150000e+002  1.0800000e+003
  5.8228000e+002  7.8000000e+002
  5.8305600e+002  7.7600000e+002
  5.8383200e+002  7.7600000e+002
  5.8446800e+002  6.3600000e+002
  5.8537200e+002  9.0400000e+002
  5.8581200e+002  4.4000000e+002
  5.8693200e+002  1.1200000e+003
  5.8770400e+002  7.7200000e+002
  5.8847600e+002  7.7200000e+002
  5.8925200e+002  7.7600000e+002
  5.8992000e+002  6.6800000e+002
  5.9080000e+002  8.8000000e+002
  5.9128000e+002  4.8000000e+002
  5.9169600e+002  4.1600000e+002
  5.9236400e+002  6.6800000e+002
  5.9312800e+002  7.6400000e+002
  5.9390000e+002  7.7200000e+002
  5.9466800e+002  7.6800000e+002
  5.9523200e+002  5.6400000e+002
  5.9621600e+002  9.8400000e+002
  5.9698800e+002  7.7200000e+002
  5.9776000e+002  7.7200000e+002
  5.9853600e+002  7.7600000e+002
  5.9918800e+002  6.5200000e+002
  6.0007600e+002  8.8800000e+002
  6.0055200e+002  4.7600000e+002
  6.0162400e+002  1.0720000e+003
  6.0240000e+002  7.7600000e+002
  6.0316400e+002  7.6400000e+002
  6.0393600e+002  7.7200000e+002
  6.0456000e+002  6.2400000e+002
  6.0547600e+002  9.1600000e+002
  6.0591600e+002  4.4000000e+002
  6.0702000e+002  1.1040000e+003
  6.0779200e+002  7.7200000e+002
  6.0856000e+002  7.6800000e+002
  6.0932400e+002  7.6400000e+002
  6.0993600e+002  6.1200000e+002
  6.1086000e+002  9.2400000e+002
  6.1162000e+002  7.6000000e+002
  6.1238400e+002  7.6400000e+002
  6.1314800e+002  7.6400000e+002
  6.1383600e+002  6.8800000e+002
  6.1468000e+002  8.4400000e+002
  6.1515600e+002  4.7600000e+002
  6.1621200e+002  1.0560000e+003
  6.1697600e+002  7.6400000e+002
  6.1774000e+002  7.6400000e+002
  6.1850000e+002  7.6000000e+002
  6.1910800e+002  6.0800000e+002
  6.2002800e+002  9.2000000e+002
  6.2047200e+002  4.4400000e+002
  6.2156800e+002  1.0960000e+003
  6.2232000e+002  7.5200000e+002
  6.2302800e+002  7.0800000e+002
  6.2384400e+002  8.1600000e+002
  6.2432000e+002  4.7600000e+002
  6.2538000e+002  1.0600000e+003
  6.2614400e+002  7.6400000e+002
  6.2690400e+002  7.6000000e+002
  6.2766800e+002  7.6400000e+002
  6.2826800e+002  6.0000000e+002
  6.2919600e+002  9.2800000e+002
  6.2996000e+002  7.6400000e+002
  6.3072800e+002  7.6800000e+002
  6.3149200e+002  7.6400000e+002
  6.3216400e+002  6.7200000e+002
  6.3301200e+002  8.4800000e+002
  6.3348000e+002  4.6800000e+002
  6.3454400e+002  1.0640000e+003
  6.3530400e+002  7.6000000e+002
  6.3606800e+002  7.6400000e+002
  6.3683600e+002  7.6800000e+002
  6.3736000e+002  5.2400000e+002
  6.3836800e+002  1.0080000e+003
  6.3913600e+002  7.6800000e+002
  6.3990400e+002  7.6800000e+002
  6.4066400e+002  7.6000000e+002
  6.4127600e+002  6.1200000e+002
  6.4218800e+002  9.1200000e+002
  6.4295600e+002  7.6800000e+002
  6.4372000e+002  7.6400000e+002
  6.4448000e+002  7.6000000e+002
  6.4510400e+002  6.2400000e+002
  6.4600800e+002  9.0400000e+002
  6.4676800e+002  7.6000000e+002
  6.4752800e+002  7.6000000e+002
  6.4829600e+002  7.6800000e+002
  6.4897200e+002  6.7600000e+002
  6.4982400e+002  8.5200000e+002
  6.5029600e+002  4.7200000e+002
  6.5136400e+002  1.0680000e+003
  6.5212800e+002  7.6400000e+002
  6.5289600e+002  7.6800000e+002
  6.5366000e+002  7.6400000e+002
  6.5433200e+002  6.7200000e+002
  6.5518400e+002  8.5200000e+002
  6.5566800e+002  4.8400000e+002
  6.5672400e+002  1.0560000e+003
  6.5749200e+002  7.6800000e+002
  6.5825600e+002  7.6400000e+002
  6.5902400e+002  7.6800000e+002
  6.5965600e+002  6.3200000e+002
  6.6056800e+002  9.1200000e+002
  6.6133200e+002  7.6400000e+002
  6.6210400e+002  7.7200000e+002
  6.6287600e+002  7.7200000e+002
  6.6358800e+002  7.1200000e+002
  6.6441200e+002  8.2400000e+002
  6.6490000e+002  4.8800000e+002
  6.6596400e+002  1.0640000e+003
  6.6673200e+002  7.6800000e+002
  6.6750000e+002  7.6800000e+002
  6.6827200e+002  7.7200000e+002
  6.6901600e+002  7.4400000e+002
  6.6981600e+002  8.0000000e+002
  6.7033600e+002  5.2000000e+002
  6.7136000e+002  1.0240000e+003
  6.7213600e+002  7.7600000e+002
  6.7290400e+002  7.6800000e+002
  6.7367600e+002  7.7200000e+002
  6.7442000e+002  7.4400000e+002
  6.7522800e+002  8.0800000e+002
  6.7574000e+002  5.1200000e+002
  6.7677600e+002  1.0360000e+003
  6.7755200e+002  7.7600000e+002
  6.7833200e+002  7.8000000e+002
  6.7910400e+002  7.7200000e+002
  6.7975200e+002  6.4800000e+002
  6.8065200e+002  9.0000000e+002
  6.8109200e+002  4.4000000e+002
  6.8151200e+002  4.2000000e+002
  6.8222000e+002  7.0800000e+002
  6.8298400e+002  7.6400000e+002
  6.8376000e+002  7.7600000e+002
  6.8453600e+002  7.7600000e+002
  6.8504400e+002  5.0800000e+002
  6.8609600e+002  1.0520000e+003
  6.8688000e+002  7.8400000e+002
  6.8766000e+002  7.8000000e+002
  6.8844000e+002  7.8000000e+002
  6.8905200e+002  6.1200000e+002
  6.8999200e+002  9.4000000e+002
  6.9077600e+002  7.8400000e+002
  6.9155600e+002  7.8000000e+002
  6.9233600e+002  7.8000000e+002
  6.9302400e+002  6.8800000e+002
  6.9390400e+002  8.8000000e+002
  6.9438000e+002  4.7600000e+002
  6.9547200e+002  1.0920000e+003
  6.9626400e+002  7.9200000e+002
  6.9704800e+002  7.8400000e+002
  6.9782800e+002  7.8000000e+002
  6.9847200e+002  6.4400000e+002
  6.9938400e+002  9.1200000e+002
  6.9986400e+002  4.8000000e+002
  7.0095600e+002  1.0920000e+003
  7.0173200e+002  7.7600000e+002
  7.0250800e+002  7.7600000e+002
  7.0328800e+002  7.8000000e+002
  7.0390400e+002  6.1600000e+002
  7.0483600e+002  9.3200000e+002
  7.0561200e+002  7.7600000e+002
  7.0638800e+002  7.7600000e+002
  7.0716000e+002  7.7200000e+002
  7.0788400e+002  7.2400000e+002
  7.0870800e+002  8.2400000e+002
  7.0919200e+002  4.8400000e+002
  7.1026400e+002  1.0720000e+003
  7.1104000e+002  7.7600000e+002
  7.1182000e+002  7.8000000e+002
  7.1259600e+002  7.7600000e+002
  7.1319600e+002  6.0000000e+002
  7.1414000e+002  9.4400000e+002
  7.1492000e+002  7.8000000e+002
  7.1569600e+002  7.7600000e+002
  7.1646800e+002  7.7200000e+002
  7.1714000e+002  6.7200000e+002
  7.1801600e+002  8.7600000e+002
  7.1847600e+002  4.6000000e+002
  7.1957200e+002  1.0960000e+003
  7.2034400e+002  7.7200000e+002
  7.2111600e+002  7.7200000e+002
  7.2188800e+002  7.7200000e+002
  7.2251600e+002  6.2800000e+002
  7.2342400e+002  9.0800000e+002
  7.2387200e+002  4.4800000e+002
  7.2428800e+002  4.1600000e+002
  7.2498400e+002  6.9600000e+002
  7.2574400e+002  7.6000000e+002
  7.2647600e+002  7.3200000e+002
  7.2728000e+002  8.0400000e+002
  7.2778400e+002  5.0400000e+002
  7.2883600e+002  1.0520000e+003
  7.2960800e+002  7.7200000e+002
  7.3038400e+002  7.7600000e+002
  7.3116000e+002  7.7600000e+002
  7.3174000e+002  5.8000000e+002
  7.3270800e+002  9.6800000e+002
  7.3348400e+002  7.7600000e+002
  7.3426400e+002  7.8000000e+002
  7.3504000e+002  7.7600000e+002
  7.3568000e+002  6.4000000e+002
  7.3658400e+002  9.0400000e+002
  7.3736800e+002  7.8400000e+002
  7.3814400e+002  7.7600000e+002
  7.3891600e+002  7.7200000e+002
  7.3956400e+002  6.4800000e+002
  7.4047200e+002  9.0800000e+002
  7.4124800e+002  7.7600000e+002
  7.4202000e+002  7.7200000e+002
  7.4279600e+002  7.7600000e+002
  7.4341200e+002  6.1600000e+002
  7.4435600e+002  9.4400000e+002
  7.4512800e+002  7.7200000e+002
  7.4590400e+002  7.7600000e+002
  7.4668400e+002  7.8000000e+002
  7.4728000e+002  5.9600000e+002
  7.4824000e+002  9.6000000e+002
  7.4902000e+002  7.8000000e+002
  7.4980000e+002  7.8000000e+002
  7.5058000e+002  7.8000000e+002
  7.5122400e+002  6.4400000e+002
  7.5213600e+002  9.1200000e+002
  7.5291600e+002  7.8000000e+002
  7.5370000e+002  7.8400000e+002
  7.5448000e+002  7.8000000e+002
  7.5510400e+002  6.2400000e+002
  7.5603200e+002  9.2800000e+002
  7.5681600e+002  7.8400000e+002
  7.5759600e+002  7.8000000e+002
  7.5837200e+002  7.7600000e+002
  7.5897600e+002  6.0400000e+002
  7.5992800e+002  9.5200000e+002
  7.6070800e+002  7.8000000e+002
  7.6148800e+002  7.8000000e+002
  7.6226400e+002  7.7600000e+002
  7.6282800e+002  5.6400000e+002
  7.6383200e+002  1.0040000e+003
  7.6461600e+002  7.8400000e+002
  7.6539600e+002  7.8000000e+002
  7.6616800e+002  7.7200000e+002
  7.6677600e+002  6.0800000e+002
  7.6772800e+002  9.5200000e+002
  7.6850800e+002  7.8000000e+002
  7.6928400e+002  7.7600000e+002
  7.7006400e+002  7.8000000e+002
  7.7063200e+002  5.6800000e+002
  7.7162800e+002  9.9600000e+002
  7.7240400e+002  7.7600000e+002
  7.7318400e+002  7.8000000e+002
  7.7396800e+002  7.8400000e+002
  7.7465600e+002  6.8800000e+002
  7.7553200e+002  8.7600000e+002
  7.7600400e+002  4.7200000e+002
  7.7709200e+002  1.0880000e+003
  7.7787600e+002  7.8400000e+002
  7.7866000e+002  7.8400000e+002
  7.7943600e+002  7.7600000e+002
  7.8008000e+002  6.4400000e+002
  7.8099600e+002  9.1600000e+002
  7.8178000e+002  7.8400000e+002
  7.8255600e+002  7.7600000e+002
  7.8333600e+002  7.8000000e+002
  7.8400400e+002  6.6800000e+002
  7.8489600e+002  8.9200000e+002
  7.8534000e+002  4.4400000e+002
  7.8645600e+002  1.1160000e+003
  7.8724000e+002  7.8400000e+002
  7.8801600e+002  7.7600000e+002
  7.8879200e+002  7.7600000e+002
  7.8935600e+002  5.6400000e+002
  7.9034000e+002  9.8400000e+002
  7.9112000e+002  7.8000000e+002
  7.9189600e+002  7.7600000e+002
  7.9266800e+002  7.7200000e+002
  7.9340000e+002  7.3200000e+002
  7.9422800e+002  8.2800000e+002
  7.9471600e+002  4.8800000e+002
  7.9578400e+002  1.0680000e+003
  7.9656800e+002  7.8400000e+002
  7.9734800e+002  7.8000000e+002
  7.9812800e+002  7.8000000e+002
  7.9874800e+002  6.2000000e+002
  7.9968000e+002  9.3200000e+002
  8.0046400e+002  7.8400000e+002
  8.0124400e+002  7.8000000e+002
  8.0202000e+002  7.7600000e+002
  8.0267600e+002  6.5600000e+002
  8.0358400e+002  9.0800000e+002
  8.0436400e+002  7.8000000e+002
  8.0514400e+002  7.8000000e+002
  8.0592400e+002  7.8000000e+002
  8.0657200e+002  6.4800000e+002
  8.0748800e+002  9.1600000e+002
  8.0792800e+002  4.4000000e+002
  8.0905200e+002  1.1240000e+003
  8.0984000e+002  7.8800000e+002
  8.1062400e+002  7.8400000e+002
  8.1140000e+002  7.7600000e+002
  8.1199600e+002  5.9600000e+002
  8.1296400e+002  9.6800000e+002
  8.1374800e+002  7.8400000e+002
  8.1453200e+002  7.8400000e+002
  8.1531600e+002  7.8400000e+002
  8.1595200e+002  6.3600000e+002
  8.1689200e+002  9.4000000e+002
  8.1767200e+002  7.8000000e+002
  8.1846000e+002  7.8800000e+002
  8.1925200e+002  7.9200000e+002
  8.1992000e+002  6.6800000e+002
  8.2082800e+002  9.0800000e+002
  8.2161600e+002  7.8800000e+002
  8.2241200e+002  7.9600000e+002
  8.2320000e+002  7.8800000e+002
  8.2384800e+002  6.4800000e+002
  8.2476400e+002  9.1600000e+002
  8.2521200e+002  4.4800000e+002
  8.2634800e+002  1.1360000e+003
  8.2713600e+002  7.8800000e+002
  8.2792000e+002  7.8400000e+002
  8.2870800e+002  7.8800000e+002
  8.2938400e+002  6.7600000e+002
  8.3028000e+002  8.9600000e+002
  8.3072800e+002  4.4800000e+002
  8.3114800e+002  4.2000000e+002
  8.3186400e+002  7.1600000e+002
  8.3264000e+002  7.7600000e+002
  8.3334800e+002  7.0800000e+002
  8.3420400e+002  8.5600000e+002
  8.3468000e+002  4.7600000e+002
  8.3577200e+002  1.0920000e+003
  8.3656400e+002  7.9200000e+002
  8.3734800e+002  7.8400000e+002
  8.3812800e+002  7.8000000e+002
  8.3873200e+002  6.0400000e+002
  8.3969200e+002  9.6000000e+002
  8.4047600e+002  7.8400000e+002
  8.4125600e+002  7.8000000e+002
  8.4204000e+002  7.8400000e+002
  8.4268000e+002  6.4000000e+002
  8.4360800e+002  9.2800000e+002
  8.4438800e+002  7.8000000e+002
  8.4516800e+002  7.8000000e+002
  8.4595200e+002  7.8400000e+002
  8.4662800e+002  6.7600000e+002
  8.4750800e+002  8.8000000e+002
  8.4794800e+002  4.4000000e+002
  8.4907600e+002  1.1280000e+003
  8.4985200e+002  7.7600000e+002
  8.5062400e+002  7.7200000e+002
  8.5140000e+002  7.7600000e+002
  8.5196000e+002  5.6000000e+002
  8.5295600e+002  9.9600000e+002
  8.5372400e+002  7.6800000e+002
  8.5450000e+002  7.7600000e+002
  8.5527600e+002  7.7600000e+002
  8.5596400e+002  6.8800000e+002
  8.5681600e+002  8.5200000e+002
  8.5729200e+002  4.7600000e+002
  8.5836400e+002  1.0720000e+003
  8.5913600e+002  7.7200000e+002
  8.5990400e+002  7.6800000e+002
  8.6067200e+002  7.6800000e+002
  8.6136800e+002  6.9600000e+002
  8.6221200e+002  8.4400000e+002
  8.6269200e+002  4.8000000e+002
  8.6375200e+002  1.0600000e+003
  8.6452400e+002  7.7200000e+002
  8.6528800e+002  7.6400000e+002
  8.6605200e+002  7.6400000e+002
  8.6674400e+002  6.9200000e+002
  8.6758800e+002  8.4400000e+002
  8.6806400e+002  4.7600000e+002
  8.6912400e+002  1.0600000e+003
  8.6989200e+002  7.6800000e+002
  8.7066000e+002  7.6800000e+002
  8.7142000e+002  7.6000000e+002
  8.7207200e+002  6.5200000e+002
  8.7295200e+002  8.8000000e+002
  8.7340800e+002  4.5600000e+002
  8.7448800e+002  1.0800000e+003
  8.7525200e+002  7.6400000e+002
  8.7602000e+002  7.6800000e+002
  8.7678000e+002  7.6000000e+002
  8.7735600e+002  5.7600000e+002
  8.7829600e+002  9.4000000e+002
  8.7905600e+002  7.6000000e+002
  8.7981600e+002  7.6000000e+002
  8.8057200e+002  7.5600000e+002
  8.8127600e+002  7.0400000e+002
  8.8208800e+002  8.1200000e+002
  8.8256800e+002  4.8000000e+002
  8.8347200e+002  9.0400000e+002
  8.8392800e+002  4.5600000e+002
  8.8509200e+002  1.1640000e+003
  8.8584800e+002  7.5600000e+002
  8.8656800e+002  7.2000000e+002
  8.8736800e+002  8.0000000e+002
  8.8784800e+002  4.8000000e+002
  8.8889200e+002  1.0440000e+003
  8.8965200e+002  7.6000000e+002
  8.9041200e+002  7.6000000e+002
  8.9116800e+002  7.5600000e+002
  8.9181200e+002  6.4400000e+002
  8.9268400e+002  8.7200000e+002
  8.9312800e+002  4.4400000e+002
  8.9420800e+002  1.0800000e+003
  8.9496800e+002  7.6000000e+002
  8.9572800e+002  7.6000000e+002
  8.9649200e+002  7.6400000e+002
  8.9717200e+002  6.8000000e+002
  8.9801200e+002  8.4000000e+002
  8.9848800e+002  4.7600000e+002
  8.9954400e+002  1.0560000e+003
  9.0031200e+002  7.6800000e+002
  9.0107200e+002  7.6000000e+002
  9.0183600e+002  7.6400000e+002
  9.0242400e+002  5.8800000e+002
  9.0337200e+002  9.4800000e+002
  9.0414000e+002  7.6800000e+002
  9.0490400e+002  7.6400000e+002
  9.0567200e+002  7.6800000e+002
  9.0625600e+002  5.8400000e+002
  9.0720800e+002  9.5200000e+002
  9.0797200e+002  7.6400000e+002
  9.0874000e+002  7.6800000e+002
  9.0951200e+002  7.7200000e+002
  9.1012800e+002  6.1600000e+002
  9.1104000e+002  9.1200000e+002
  9.1181200e+002  7.7200000e+002
  9.1258400e+002  7.7200000e+002
  9.1335200e+002  7.6800000e+002
  9.1402400e+002  6.7200000e+002
  9.1488800e+002  8.6400000e+002
  9.1533200e+002  4.4400000e+002
  9.1644400e+002  1.1120000e+003
  9.1721200e+002  7.6800000e+002
  9.1798400e+002  7.7200000e+002
  9.1876000e+002  7.7600000e+002
  9.1926400e+002  5.0400000e+002
  9.2031200e+002  1.0480000e+003
  9.2108800e+002  7.7600000e+002
  9.2186400e+002  7.7600000e+002
  9.2263600e+002  7.7200000e+002
  9.2328000e+002  6.4400000e+002
  9.2418000e+002  9.0000000e+002
  9.2462000e+002  4.4000000e+002
  9.2504800e+002  4.2800000e+002
  9.2574000e+002  6.9200000e+002
  9.2650000e+002  7.6000000e+002
  9.2718000e+002  6.8000000e+002
  9.2804000e+002  8.6000000e+002
  9.2852000e+002  4.8000000e+002
  9.2959200e+002  1.0720000e+003
  9.3036400e+002  7.7200000e+002
  9.3113600e+002  7.7200000e+002
  9.3191200e+002  7.7600000e+002
  9.3253200e+002  6.2000000e+002
  9.3345200e+002  9.2000000e+002
  9.3389200e+002  4.4000000e+002
  9.3500400e+002  1.1120000e+003
  9.3577600e+002  7.7200000e+002
  9.3654400e+002  7.6800000e+002
  9.3732000e+002  7.7600000e+002
  9.3802000e+002  7.0000000e+002
  9.3887600e+002  8.5600000e+002
  9.3935600e+002  4.8000000e+002
  9.4042800e+002  1.0720000e+003
  9.4121200e+002  7.8400000e+002
  9.4198800e+002  7.7600000e+002
  9.4276400e+002  7.7600000e+002
  9.4343600e+002  6.7200000e+002
  9.4432800e+002  8.9200000e+002
  9.4478000e+002  4.5200000e+002
  9.4589200e+002  1.1120000e+003
  9.4668000e+002  7.8800000e+002
  9.4746400e+002  7.8400000e+002
  9.4824800e+002  7.8400000e+002
  9.4890800e+002  6.6000000e+002
  9.4980400e+002  8.9600000e+002
  9.5024400e+002  4.4000000e+002
  9.5138000e+002  1.1360000e+003
  9.5216400e+002  7.8400000e+002
  9.5294400e+002  7.8000000e+002
  9.5372800e+002  7.8400000e+002
  9.5432800e+002  6.0000000e+002
  9.5530000e+002  9.7200000e+002
  9.5608800e+002  7.8800000e+002
  9.5687600e+002  7.8800000e+002
  9.5767200e+002  7.9600000e+002
  9.5836400e+002  6.9200000e+002
  9.5924800e+002  8.8400000e+002
  9.5972800e+002  4.8000000e+002
  9.6003200e+002  3.0400000e+002
  9.6083600e+002  8.0400000e+002
  9.6163600e+002  8.0000000e+002
  9.6242400e+002  7.8800000e+002
  9.6321600e+002  7.9200000e+002
  9.6373600e+002  5.2000000e+002
  9.6481200e+002  1.0760000e+003
  9.6560800e+002  7.9600000e+002
  9.6640000e+002  7.9200000e+002
  9.6719600e+002  7.9600000e+002
  9.6779200e+002  5.9600000e+002
  9.6878800e+002  9.9600000e+002
  9.6958400e+002  7.9600000e+002
  9.7038000e+002  7.9600000e+002
  9.7118000e+002  8.0000000e+002
  9.7184000e+002  6.6000000e+002
  9.7277200e+002  9.3200000e+002
  9.7321600e+002  4.4400000e+002
  9.7437200e+002  1.1560000e+003
  9.7517600e+002  8.0400000e+002
  9.7597200e+002  7.9600000e+002
  9.7676800e+002  7.9600000e+002
  9.7744000e+002  6.7200000e+002
  9.7837200e+002  9.3200000e+002
  9.7881600e+002  4.4400000e+002
  9.7997600e+002  1.1600000e+003
  9.8078800e+002  8.1200000e+002
  9.8159200e+002  8.0400000e+002
  9.8239200e+002  8.0000000e+002
  9.8295200e+002  5.6000000e+002
  9.8400400e+002  1.0520000e+003
  9.8481600e+002  8.1200000e+002
  9.8562000e+002  8.0400000e+002
  9.8642400e+002  8.0400000e+002
  9.8706800e+002  6.4400000e+002
  9.8803600e+002  9.6800000e+002
  9.8884400e+002  8.0800000e+002
  9.8964800e+002  8.0400000e+002
  9.9045600e+002  8.0800000e+002
  9.9100400e+002  5.4800000e+002
  9.9208400e+002  1.0800000e+003
  9.9289200e+002  8.0800000e+002
  9.9370000e+002  8.0800000e+002
  9.9451600e+002  8.1600000e+002
  9.9504000e+002  5.2400000e+002
  9.9614400e+002  1.1040000e+003
  9.9696000e+002  8.1600000e+002
  9.9777600e+002  8.1600000e+002
  9.9859600e+002  8.2000000e+002
  9.9913200e+002  5.3600000e+002
  1.0002240e+003  1.0920000e+003
  1.0010520e+003  8.2800000e+002
  1.0018720e+003  8.2000000e+002
  1.0026880e+003  8.1600000e+002
  1.0032480e+003  5.6000000e+002
  1.0043160e+003  1.0680000e+003
  1.0051440e+003  8.2800000e+002
  1.0059640e+003  8.2000000e+002
  1.0067760e+003  8.1200000e+002
  1.0073200e+003  5.4400000e+002
  1.0084120e+003  1.0920000e+003
  1.0092320e+003  8.2000000e+002
  1.0100480e+003  8.1600000e+002
  1.0108600e+003  8.1200000e+002
  1.0114600e+003  6.0000000e+002
  1.0125000e+003  1.0400000e+003
  1.0133200e+003  8.2000000e+002
  1.0141320e+003  8.1200000e+002
  1.0149520e+003  8.2000000e+002
  1.0154920e+003  5.4000000e+002
  1.0165960e+003  1.1040000e+003
  1.0174160e+003  8.2000000e+002
  1.0182360e+003  8.2000000e+002
  1.0190600e+003  8.2400000e+002
  1.0196120e+003  5.5200000e+002
  1.0207120e+003  1.1000000e+003
  1.0215440e+003  8.3200000e+002
  1.0223440e+003  8.0000000e+002
  1.0232040e+003  8.6000000e+002
  1.0236920e+003  4.8800000e+002
  1.0248760e+003  1.1840000e+003
  1.0256920e+003  8.1600000e+002
  1.0263600e+003  6.6800000e+002
  1.0273600e+003  1.0000000e+003
  1.0281880e+003  8.2800000e+002
  1.0290200e+003  8.3200000e+002
  1.0298640e+003  8.4400000e+002
  1.0303880e+003  5.2400000e+002
  1.0315320e+003  1.1440000e+003
  1.0323680e+003  8.3600000e+002
  1.0331600e+003  7.9200000e+002
  1.0340360e+003  8.7600000e+002
  1.0345160e+003  4.8000000e+002
  1.0357040e+003  1.1880000e+003
  1.0365480e+003  8.4400000e+002
  1.0372520e+003  7.0400000e+002
  1.0382120e+003  9.6000000e+002
  1.0386640e+003  4.5200000e+002
  1.0398720e+003  1.2080000e+003
  1.0407160e+003  8.4400000e+002
  1.0414640e+003  7.4800000e+002
  1.0423800e+003  9.1600000e+002
  1.0428600e+003  4.8000000e+002
  1.0440560e+003  1.1960000e+003
  1.0449000e+003  8.4400000e+002
  1.0456600e+003  7.6000000e+002
  1.0465600e+003  9.0000000e+002
  1.0470520e+003  4.9200000e+002
  1.0482480e+003  1.1960000e+003
  1.0490840e+003  8.3600000e+002
  1.0499120e+003  8.2800000e+002
  1.0507560e+003  8.4400000e+002
  1.0513360e+003  5.8000000e+002
  1.0524360e+003  1.1000000e+003
  1.0532760e+003  8.4000000e+002
  1.0540640e+003  7.8800000e+002
  1.0549560e+003  8.9200000e+002
  1.0554240e+003  4.6800000e+002
  1.0566360e+003  1.2120000e+003
  1.0574840e+003  8.4800000e+002
  1.0581840e+003  7.0000000e+002
  1.0591520e+003  9.6800000e+002
  1.0599960e+003  8.4400000e+002
  1.0608320e+003  8.3600000e+002
  1.0616760e+003  8.4400000e+002
  1.0621800e+003  5.0400000e+002
  1.0633520e+003  1.1720000e+003
  1.0641920e+003  8.4000000e+002
  1.0649960e+003  8.0400000e+002
  1.0658680e+003  8.7200000e+002
  1.0663360e+003  4.6800000e+002
  1.0675280e+003  1.1920000e+003
  1.0683720e+003  8.4400000e+002
  1.0691160e+003  7.4400000e+002
  1.0700360e+003  9.2000000e+002
  1.0704920e+003  4.5600000e+002
  1.0717080e+003  1.2160000e+003
  1.0725520e+003  8.4400000e+002
  1.0732800e+003  7.2800000e+002
  1.0742080e+003  9.2800000e+002
  1.0746680e+003  4.6000000e+002
  1.0758920e+003  1.2240000e+003
  1.0767320e+003  8.4000000e+002
  1.0775320e+003  8.0000000e+002
  1.0784000e+003  8.6800000e+002
  1.0789040e+003  5.0400000e+002
  1.0800800e+003  1.1760000e+003
  1.0809160e+003  8.3600000e+002
  1.0817200e+003  8.0400000e+002
  1.0825960e+003  8.7600000e+002
  1.0830840e+003  4.8800000e+002
  1.0842720e+003  1.1880000e+003
  1.0851200e+003  8.4800000e+002
  1.0857960e+003  6.7600000e+002
  1.0867960e+003  1.0000000e+003
  1.0876320e+003  8.3600000e+002
  1.0884680e+003  8.3600000e+002
  1.0892240e+003  7.5600000e+002
  1.0898760e+003  6.5200000e+002
  1.0910000e+003  1.1240000e+003
  1.0918440e+003  8.4400000e+002
  1.0926320e+003  7.8800000e+002
  1.0933560e+003  7.2400000e+002
  1.0939200e+003  5.6400000e+002
  1.0951720e+003  1.2520000e+003
  1.0960280e+003  8.5600000e+002
  1.0967200e+003  6.9200000e+002
  1.0977240e+003  1.0040000e+003
  1.0985680e+003  8.4400000e+002
  1.0994080e+003  8.4000000e+002
  1.1002520e+003  8.4400000e+002
  1.1007640e+003  5.1200000e+002
  1.1019480e+003  1.1840000e+003
  1.1027920e+003  8.4400000e+002
  1.1035520e+003  7.6000000e+002
  1.1044800e+003  9.2800000e+002
  1.1053280e+003  8.4800000e+002
  1.1061760e+003  8.4800000e+002
  1.1070200e+003  8.4400000e+002
  1.1075120e+003  4.9200000e+002
  1.1087160e+003  1.2040000e+003
  1.1095560e+003  8.4000000e+002
  1.1103200e+003  7.6400000e+002
  1.1112360e+003  9.1600000e+002
  1.1117000e+003  4.6400000e+002
  1.1129080e+003  1.2080000e+003
  1.1137520e+003  8.4400000e+002
  1.1144800e+003  7.2800000e+002
  1.1154200e+003  9.4000000e+002
  1.1158800e+003  4.6000000e+002
  1.1170800e+003  1.2000000e+003
  1.1179160e+003  8.3600000e+002
  1.1186880e+003  7.7200000e+002
  1.1195600e+003  8.7200000e+002
  1.1201000e+003  5.4000000e+002
  1.1212200e+003  1.1200000e+003
  1.1220400e+003  8.2000000e+002
  1.1228240e+003  7.8400000e+002
  1.1236840e+003  8.6000000e+002
  1.1241920e+003  5.0800000e+002
  1.1253280e+003  1.1360000e+003
  1.1261520e+003  8.2400000e+002
  1.1269680e+003  8.1600000e+002
  1.1277800e+003  8.1200000e+002
  1.1283360e+003  5.5600000e+002
  1.1294000e+003  1.0640000e+003
  1.1302120e+003  8.1200000e+002
  1.1310200e+003  8.0800000e+002
  1.1318200e+003  8.0000000e+002
  1.1323520e+003  5.3200000e+002
  1.1334360e+003  1.0840000e+003
  1.1342360e+003  8.0000000e+002
  1.1350360e+003  8.0000000e+002
  1.1358360e+003  8.0000000e+002
  1.1364200e+003  5.8400000e+002
  1.1374360e+003  1.0160000e+003
  1.1382360e+003  8.0000000e+002
  1.1390320e+003  7.9600000e+002
  1.1398280e+003  7.9600000e+002
  1.1404480e+003  6.2000000e+002
  1.1414040e+003  9.5600000e+002
  1.1421960e+003  7.9200000e+002
  1.1429880e+003  7.9200000e+002
  1.1437720e+003  7.8400000e+002
  1.1443160e+003  5.4400000e+002
  1.1453480e+003  1.0320000e+003
  1.1461360e+003  7.8800000e+002
  1.1469160e+003  7.8000000e+002
  1.1477000e+003  7.8400000e+002
  1.1482600e+003  5.6000000e+002
  1.1492720e+003  1.0120000e+003
  1.1500480e+003  7.7600000e+002
  1.1508280e+003  7.8000000e+002
  1.1516080e+003  7.8000000e+002
  1.1521720e+003  5.6400000e+002
  1.1531680e+003  9.9600000e+002
  1.1539480e+003  7.8000000e+002
  1.1547240e+003  7.7600000e+002
  1.1554960e+003  7.7200000e+002
  1.1560440e+003  5.4800000e+002
  1.1570480e+003  1.0040000e+003
  1.1578200e+003  7.7200000e+002
  1.1585920e+003  7.7200000e+002
  1.1593600e+003  7.6800000e+002
  1.1599760e+003  6.1600000e+002
  1.1609040e+003  9.2800000e+002
  1.1616720e+003  7.6800000e+002
  1.1624400e+003  7.6800000e+002
  1.1632120e+003  7.7200000e+002
  1.1638200e+003  6.0800000e+002
  1.1647440e+003  9.2400000e+002
  1.1655160e+003  7.7200000e+002
  1.1662840e+003  7.6800000e+002
  1.1670480e+003  7.6400000e+002
  1.1677040e+003  6.5600000e+002
  1.1685800e+003  8.7600000e+002
  1.1693440e+003  7.6400000e+002
  1.1701040e+003  7.6000000e+002
  1.1708680e+003  7.6400000e+002
  1.1714640e+003  5.9600000e+002
  1.1724000e+003  9.3600000e+002
  1.1731640e+003  7.6400000e+002
  1.1739280e+003  7.6400000e+002
  1.1746880e+003  7.6000000e+002
  1.1752400e+003  5.5200000e+002
  1.1762160e+003  9.7600000e+002
  1.1769800e+003  7.6400000e+002
  1.1777440e+003  7.6400000e+002
  1.1785000e+003  7.5600000e+002
  1.1790480e+003  5.4800000e+002
  1.1800240e+003  9.7600000e+002
  1.1807800e+003  7.5600000e+002
  1.1815400e+003  7.6000000e+002
  1.1823000e+003  7.6000000e+002
  1.1828480e+003  5.4800000e+002
  1.1838240e+003  9.7600000e+002
  1.1845840e+003  7.6000000e+002
  1.1853480e+003  7.6400000e+002
  1.1861040e+003  7.5600000e+002
  1.1867000e+003  5.9600000e+002
  1.1876160e+003  9.1600000e+002
  1.1883760e+003  7.6000000e+002
  1.1891360e+003  7.6000000e+002
  1.1898920e+003  7.5600000e+002
  1.1905440e+003  6.5200000e+002
  1.1914120e+003  8.6800000e+002
  1.1921720e+003  7.6000000e+002
  1.1929280e+003  7.5600000e+002
  1.1936920e+003  7.6400000e+002
  1.1943120e+003  6.2000000e+002
  1.1952120e+003  9.0000000e+002
  1.1959720e+003  7.6000000e+002
  1.1967360e+003  7.6400000e+002
  1.1975000e+003  7.6400000e+002
  1.1981160e+003  6.1600000e+002
  1.1990200e+003  9.0400000e+002
  1.1997840e+003  7.6400000e+002
  1.2005480e+003  7.6400000e+002
  1.2013120e+003  7.6400000e+002
  1.2018960e+003  5.8400000e+002
  1.2028360e+003  9.4000000e+002
  1.2036040e+003  7.6800000e+002
  1.2043680e+003  7.6400000e+002
  1.2051320e+003  7.6400000e+002
  1.2057680e+003  6.3600000e+002
  1.2066640e+003  8.9600000e+002
  1.2074280e+003  7.6400000e+002
  1.2081960e+003  7.6800000e+002
  1.2089680e+003  7.7200000e+002
  1.2095960e+003  6.2800000e+002
  1.2105120e+003  9.1600000e+002
  1.2112800e+003  7.6800000e+002
  1.2120600e+003  7.8000000e+002
  1.2128360e+003  7.7600000e+002
  1.2134840e+003  6.4800000e+002
  1.2143960e+003  9.1200000e+002
  1.2148360e+003  4.4000000e+002
  1.2159680e+003  1.1320000e+003
  1.2167600e+003  7.9200000e+002
  1.2174240e+003  6.6400000e+002
  1.2183360e+003  9.1200000e+002
  1.2187760e+003  4.4000000e+002
  1.2199280e+003  1.1520000e+003
  1.2207280e+003  8.0000000e+002
  1.2215240e+003  7.9600000e+002
  1.2223240e+003  8.0000000e+002
  1.2228360e+003  5.1200000e+002
  1.2239280e+003  1.0920000e+003
  1.2247360e+003  8.0800000e+002
  1.2255360e+003  8.0000000e+002
  1.2263400e+003  8.0400000e+002
  1.2269320e+003  5.9200000e+002
  1.2279480e+003  1.0160000e+003
  1.2287600e+003  8.1200000e+002
  1.2295720e+003  8.1200000e+002
  1.2303840e+003  8.1200000e+002
  1.2309920e+003  6.0800000e+002
  1.2320040e+003  1.0120000e+003
  1.2328240e+003  8.2000000e+002
  1.2336440e+003  8.2000000e+002
  1.2344640e+003  8.2000000e+002
  1.2350800e+003  6.1600000e+002
  1.2361040e+003  1.0240000e+003
  1.2369360e+003  8.3200000e+002
  1.2377600e+003  8.2400000e+002
  1.2385840e+003  8.2400000e+002
  1.2392920e+003  7.0800000e+002
  1.2402440e+003  9.5200000e+002
  1.2406960e+003  4.5200000e+002
  1.2419040e+003  1.2080000e+003
  1.2427440e+003  8.4000000e+002
  1.2435760e+003  8.3200000e+002
  1.2444120e+003  8.3600000e+002
  1.2449520e+003  5.4000000e+002
  1.2460760e+003  1.1240000e+003
  1.2469240e+003  8.4800000e+002
  1.2477600e+003  8.3600000e+002
  1.2485960e+003  8.3600000e+002
  1.2491840e+003  5.8800000e+002
  1.2502600e+003  1.0760000e+003
  1.2511120e+003  8.5200000e+002
  1.2519480e+003  8.3600000e+002
  1.2527760e+003  8.2800000e+002
  1.2533960e+003  6.2000000e+002
  1.2544440e+003  1.0480000e+003
  1.2552880e+003  8.4400000e+002
  1.2561200e+003  8.3200000e+002
  1.2569520e+003  8.3200000e+002
  1.2575840e+003  6.3200000e+002
  1.2586200e+003  1.0360000e+003
  1.2594600e+003  8.4000000e+002
  1.2602920e+003  8.3200000e+002
  1.2611200e+003  8.2800000e+002
  1.2617160e+003  5.9600000e+002
  1.2627960e+003  1.0800000e+003
  1.2636280e+003  8.3200000e+002
  1.2644560e+003  8.2800000e+002
  1.2652880e+003  8.3200000e+002
  1.2658240e+003  5.3600000e+002
  1.2669560e+003  1.1320000e+003
  1.2677800e+003  8.2400000e+002
  1.2686120e+003  8.3200000e+002
  1.2694400e+003  8.2800000e+002
  1.2700360e+003  5.9600000e+002
  1.2710920e+003  1.0560000e+003
  1.2719240e+003  8.3200000e+002
  1.2727520e+003  8.2800000e+002
  1.2735760e+003  8.2400000e+002
  1.2741320e+003  5.5600000e+002
  1.2752080e+003  1.0760000e+003
  1.2760400e+003  8.3200000e+002
  1.2768560e+003  8.1600000e+002
  1.2776680e+003  8.1200000e+002
  1.2782280e+003  5.6000000e+002
  1.2793000e+003  1.0720000e+003
  1.2801200e+003  8.2000000e+002
  1.2809320e+003  8.1200000e+002
  1.2817280e+003  7.9600000e+002
  1.2823000e+003  5.7200000e+002
  1.2833320e+003  1.0320000e+003
  1.2841320e+003  8.0000000e+002
  1.2849200e+003  7.8800000e+002
  1.2857160e+003  7.9600000e+002
  1.2863520e+003  6.3600000e+002
  1.2873000e+003  9.4800000e+002
  1.2880800e+003  7.8000000e+002
  1.2888600e+003  7.8000000e+002
  1.2896440e+003  7.8400000e+002
  1.2902960e+003  6.5200000e+002
  1.2912040e+003  9.0800000e+002
  1.2919880e+003  7.8400000e+002
  1.2927680e+003  7.8000000e+002
  1.2935440e+003  7.7600000e+002
  1.2942000e+003  6.5600000e+002
  1.2950840e+003  8.8400000e+002
  1.2955360e+003  4.5200000e+002
  1.2966360e+003  1.1000000e+003
  1.2974040e+003  7.6800000e+002
  1.2981720e+003  7.6800000e+002
  1.2989360e+003  7.6400000e+002
  1.2995120e+003  5.7600000e+002
  1.3004520e+003  9.4000000e+002
  1.3012200e+003  7.6800000e+002
  1.3019760e+003  7.5600000e+002
  1.3027280e+003  7.5200000e+002
  1.3033360e+003  6.0800000e+002
  1.3042400e+003  9.0400000e+002
  1.3049880e+003  7.4800000e+002
  1.3057400e+003  7.5200000e+002
  1.3064920e+003  7.5200000e+002
  1.3072080e+003  7.1600000e+002
  1.3079960e+003  7.8800000e+002
  1.3084680e+003  4.7200000e+002
  1.3095040e+003  1.0360000e+003
  1.3102520e+003  7.4800000e+002
  1.3110000e+003  7.4800000e+002
  1.3117520e+003  7.5200000e+002
  1.3123600e+003  6.0800000e+002
  1.3132480e+003  8.8800000e+002
  1.3139920e+003  7.4400000e+002
  1.3147400e+003  7.4800000e+002
  1.3154840e+003  7.4400000e+002
  1.3161680e+003  6.8400000e+002
  1.3169720e+003  8.0400000e+002
  1.3174080e+003  4.3600000e+002
  1.3184680e+003  1.0600000e+003
  1.3192080e+003  7.4000000e+002
  1.3199560e+003  7.4800000e+002
  1.3207040e+003  7.4800000e+002
  1.3211880e+003  4.8400000e+002
  1.3221960e+003  1.0080000e+003
  1.3229440e+003  7.4800000e+002
  1.3236400e+003  6.9600000e+002
  1.3241840e+003  5.4400000e+002
  1.3250760e+003  8.9200000e+002
  1.3258920e+003  8.1600000e+002
  1.3263680e+003  4.7600000e+002
  1.3273920e+003  1.0240000e+003
  1.3281400e+003  7.4800000e+002
  1.3288840e+003  7.4400000e+002
  1.3296280e+003  7.4400000e+002
  1.3301800e+003  5.5200000e+002
  1.3306800e+003  5.0000000e+002
  1.3313880e+003  7.0800000e+002
  1.3325520e+003  1.1640000e+003
  1.3333040e+003  7.5200000e+002
  1.3340000e+003  6.9600000e+002
  1.3348040e+003  8.0400000e+002
  1.3352600e+003  4.5600000e+002
  1.3363040e+003  1.0440000e+003
  1.3370560e+003  7.5200000e+002
  1.3378040e+003  7.4800000e+002
  1.3385480e+003  7.4400000e+002
  1.3391000e+003  5.5200000e+002
  1.3400320e+003  9.3200000e+002
  1.3404720e+003  4.4000000e+002
  1.3415360e+003  1.0640000e+003
  1.3422840e+003  7.4800000e+002
  1.3430280e+003  7.4400000e+002
  1.3437720e+003  7.4400000e+002
  1.3444120e+003  6.4000000e+002
  1.3452680e+003  8.5600000e+002
  1.3457040e+003  4.3600000e+002
  1.3467720e+003  1.0680000e+003
  1.3475280e+003  7.5600000e+002
  1.3482800e+003  7.5200000e+002
  1.3490320e+003  7.5200000e+002
  1.3496560e+003  6.2400000e+002
  1.3505280e+003  8.7200000e+002
  1.3509800e+003  4.5200000e+002
  1.3520400e+003  1.0600000e+003
  1.3527920e+003  7.5200000e+002
  1.3535440e+003  7.5200000e+002
  1.3542960e+003  7.5200000e+002
  1.3549160e+003  6.2000000e+002
  1.3557960e+003  8.8000000e+002
  1.3562360e+003  4.4000000e+002
  1.3573080e+003  1.0720000e+003
  1.3580640e+003  7.5600000e+002
  1.3588120e+003  7.4800000e+002
  1.3595640e+003  7.5200000e+002
  1.3603200e+003  7.5600000e+002
  1.3610720e+003  7.5200000e+002
  1.3616160e+003  5.4400000e+002
  1.3625760e+003  9.6000000e+002
  1.3633360e+003  7.6000000e+002
  1.3640920e+003  7.5600000e+002
  1.3648520e+003  7.6000000e+002
  1.3655720e+003  7.2000000e+002
  1.3663760e+003  8.0400000e+002
  1.3668600e+003  4.8400000e+002
  1.3679080e+003  1.0480000e+003
  1.3686800e+003  7.7200000e+002
  1.3694520e+003  7.7200000e+002
  1.3702160e+003  7.6400000e+002
  1.3708600e+003  6.4400000e+002
  1.3717480e+003  8.8800000e+002
  1.3721920e+003  4.4400000e+002
  1.3732960e+003  1.1040000e+003
  1.3740640e+003  7.6800000e+002
  1.3748320e+003  7.6800000e+002
  1.3756040e+003  7.7200000e+002
  1.3763320e+003  7.2800000e+002
  1.3771360e+003  8.0400000e+002
  1.3776480e+003  5.1200000e+002
  1.3786840e+003  1.0360000e+003
  1.3794560e+003  7.7200000e+002
  1.3802280e+003  7.7200000e+002
  1.3810040e+003  7.7600000e+002
  1.3817760e+003  7.7200000e+002
  1.3825520e+003  7.7600000e+002
  1.3831000e+003  5.4800000e+002
  1.3841000e+003  1.0000000e+003
  1.3848840e+003  7.8400000e+002
  1.3856640e+003  7.8000000e+002
  1.3864360e+003  7.7200000e+002
  1.3872200e+003  7.8400000e+002
  1.3880040e+003  7.8400000e+002
  1.3886360e+003  6.3200000e+002
  1.3895680e+003  9.3200000e+002
  1.3900160e+003  4.4800000e+002
  1.3911520e+003  1.1360000e+003
  1.3919400e+003  7.8800000e+002
  1.3927240e+003  7.8400000e+002
  1.3935240e+003  8.0000000e+002
  1.3941640e+003  6.4000000e+002
  1.3951000e+003  9.3600000e+002
  1.3955600e+003  4.6000000e+002
  1.3966960e+003  1.1360000e+003
  1.3974920e+003  7.9600000e+002
  1.3982800e+003  7.8800000e+002
  1.3990760e+003  7.9600000e+002
  1.3997440e+003  6.6800000e+002
  1.4006640e+003  9.2000000e+002
  1.4011120e+003  4.4800000e+002
  1.4022440e+003  1.1320000e+003
  1.4030440e+003  8.0000000e+002
  1.4038280e+003  7.8400000e+002
  1.4046080e+003  7.8000000e+002
  1.4053240e+003  7.1600000e+002
  1.4061800e+003  8.5600000e+002
  1.4066880e+003  5.0800000e+002
  1.4077480e+003  1.0600000e+003
  1.4085360e+003  7.8800000e+002
  1.4093120e+003  7.7600000e+002
  1.4100840e+003  7.7200000e+002
  1.4107920e+003  7.0800000e+002
  1.4116440e+003  8.5200000e+002
  1.4121280e+003  4.8400000e+002
  1.4131960e+003  1.0680000e+003
  1.4139760e+003  7.8000000e+002
  1.4147480e+003  7.7200000e+002
  1.4155160e+003  7.6800000e+002
  1.4162840e+003  7.6800000e+002
  1.4170600e+003  7.7600000e+002
  1.4176520e+003  5.9200000e+002
  1.4185960e+003  9.4400000e+002
  1.4193640e+003  7.6800000e+002
  1.4201400e+003  7.7600000e+002
  1.4209120e+003  7.7200000e+002
  1.4216800e+003  7.6800000e+002
  1.4224440e+003  7.6400000e+002
  1.4230320e+003  5.8800000e+002
  1.4239600e+003  9.2800000e+002
  1.4244080e+003  4.4800000e+002
  1.4248280e+003  4.2000000e+002
  1.4255160e+003  6.8800000e+002
  1.4262680e+003  7.5200000e+002
  1.4270400e+003  7.7200000e+002
  1.4278120e+003  7.7200000e+002
  1.4283760e+003  5.6400000e+002
  1.4293480e+003  9.7200000e+002
  1.4301240e+003  7.7600000e+002
  1.4308920e+003  7.6800000e+002
  1.4316560e+003  7.6400000e+002
  1.4324200e+003  7.6400000e+002
  1.4331880e+003  7.6800000e+002
  1.4337280e+003  5.4000000e+002
  1.4347240e+003  9.9600000e+002
  1.4354920e+003  7.6800000e+002
  1.4362600e+003  7.6800000e+002
  1.4370280e+003  7.6800000e+002
  1.4376960e+003  6.6800000e+002
  1.4385520e+003  8.5600000e+002
  1.4390280e+003  4.7600000e+002
  1.4400920e+003  1.0640000e+003
  1.4408560e+003  7.6400000e+002
  1.4416200e+003  7.6400000e+002
  1.4423880e+003  7.6800000e+002
  1.4430360e+003  6.4800000e+002
  1.4439200e+003  8.8400000e+002
  1.4443640e+003  4.4400000e+002
  1.4454520e+003  1.0880000e+003
  1.4462240e+003  7.7200000e+002
  1.4469880e+003  7.6400000e+002
  1.4477480e+003  7.6000000e+002
  1.4483080e+003  5.6000000e+002
  1.4492760e+003  9.6800000e+002
  1.4500360e+003  7.6000000e+002
  1.4507960e+003  7.6000000e+002
  1.4515600e+003  7.6400000e+002
  1.4521960e+003  6.3600000e+002
  1.4530880e+003  8.9200000e+002
  1.4535280e+003  4.4000000e+002
  1.4546120e+003  1.0840000e+003
  1.4553800e+003  7.6800000e+002
  1.4561400e+003  7.6000000e+002
  1.4568960e+003  7.5600000e+002
  1.4574600e+003  5.6400000e+002
  1.4584200e+003  9.6000000e+002
  1.4591800e+003  7.6000000e+002
  1.4599400e+003  7.6000000e+002
  1.4607000e+003  7.6000000e+002
  1.4613160e+003  6.1600000e+002
  1.4622240e+003  9.0800000e+002
  1.4629800e+003  7.5600000e+002
  1.4637440e+003  7.6400000e+002
  1.4645080e+003  7.6400000e+002
  1.4651840e+003  6.7600000e+002
  1.4660240e+003  8.4000000e+002
  1.4664680e+003  4.4400000e+002
  1.4675560e+003  1.0880000e+003
  1.4683160e+003  7.6000000e+002
  1.4690720e+003  7.5600000e+002
  1.4698320e+003  7.6000000e+002
  1.4705040e+003  6.7200000e+002
  1.4713520e+003  8.4800000e+002
  1.4718240e+003  4.7200000e+002
  1.4728720e+003  1.0480000e+003
  1.4736320e+003  7.6000000e+002
  1.4743920e+003  7.6000000e+002
  1.4751480e+003  7.5600000e+002
  1.4756800e+003  5.3200000e+002
  1.4766720e+003  9.9200000e+002
  1.4774320e+003  7.6000000e+002
  1.4781880e+003  7.5600000e+002
  1.4789520e+003  7.6400000e+002
  1.4796120e+003  6.6000000e+002
  1.4804800e+003  8.6800000e+002
  1.4812360e+003  7.5600000e+002
  1.4820000e+003  7.6400000e+002
  1.4827640e+003  7.6400000e+002
  1.4834040e+003  6.4000000e+002
  1.4842840e+003  8.8000000e+002
  1.4847240e+003  4.4000000e+002
  1.4858160e+003  1.0920000e+003
  1.4865800e+003  7.6400000e+002
  1.4873360e+003  7.5600000e+002
  1.4880960e+003  7.6000000e+002
  1.4887480e+003  6.5200000e+002
  1.4896200e+003  8.7200000e+002
  1.4900920e+003  4.7200000e+002
  1.4911360e+003  1.0440000e+003
  1.4919040e+003  7.6800000e+002
  1.4926600e+003  7.5600000e+002
  1.4934120e+003  7.5200000e+002
  1.4940960e+003  6.8400000e+002
  1.4949280e+003  8.3200000e+002
  1.4954080e+003  4.8000000e+002
  1.4964520e+003  1.0440000e+003
  1.4972120e+003  7.6000000e+002
  1.4979720e+003  7.6000000e+002
  1.4987320e+003  7.6000000e+002
  1.4994440e+003  7.1200000e+002
  1.5002480e+003  8.0400000e+002
  1.5007560e+003  5.0800000e+002
  1.5017680e+003  1.0120000e+003
  1.5025280e+003  7.6000000e+002
  1.5032880e+003  7.6000000e+002
  1.5040520e+003  7.6400000e+002
  1.5047200e+003  6.6800000e+002
  1.5055760e+003  8.5600000e+002
  1.5060520e+003  4.7600000e+002
  1.5071040e+003  1.0520000e+003
  1.5078720e+003  7.6800000e+002
  1.5086400e+003  7.6800000e+002
  1.5094000e+003  7.6000000e+002
  1.5100280e+003  6.2800000e+002
  1.5109360e+003  9.0800000e+002
  1.5117040e+003  7.6800000e+002
  1.5124720e+003  7.6800000e+002
  1.5132400e+003  7.6800000e+002
  1.5139680e+003  7.2800000e+002
  1.5147920e+003  8.2400000e+002
  1.5152720e+003  4.8000000e+002
  1.5163480e+003  1.0760000e+003
  1.5171320e+003  7.8400000e+002
  1.5179120e+003  7.8000000e+002
  1.5186960e+003  7.8400000e+002
  1.5193320e+003  6.3600000e+002
  1.5202560e+003  9.2400000e+002
  1.5210480e+003  7.9200000e+002
  1.5218360e+003  7.8800000e+002
  1.5226240e+003  7.8800000e+002
  1.5233080e+003  6.8400000e+002
  1.5242000e+003  8.9200000e+002
  1.5246760e+003  4.7600000e+002
  1.5250720e+003  3.9600000e+002
  1.5258000e+003  7.2800000e+002
  1.5265760e+003  7.7600000e+002
  1.5273320e+003  7.5600000e+002
  1.5281680e+003  8.3600000e+002
  1.5286480e+003  4.8000000e+002
  1.5297600e+003  1.1120000e+003
  1.5305600e+003  8.0000000e+002
  1.5313640e+003  8.0400000e+002
  1.5321600e+003  7.9600000e+002
  1.5327840e+003  6.2400000e+002
  1.5337480e+003  9.6400000e+002
  1.5341920e+003  4.4400000e+002
  1.5353520e+003  1.1600000e+003
  1.5361560e+003  8.0400000e+002
  1.5369520e+003  7.9600000e+002
  1.5377560e+003  8.0400000e+002
  1.5384600e+003  7.0400000e+002
  1.5393680e+003  9.0800000e+002
  1.5398480e+003  4.8000000e+002
  1.5409800e+003  1.1320000e+003
  1.5417960e+003  8.1600000e+002
  1.5426080e+003  8.1200000e+002
  1.5434160e+003  8.0800000e+002
  1.5440440e+003  6.2800000e+002
  1.5450280e+003  9.8400000e+002
  1.5454760e+003  4.4800000e+002
  1.5466640e+003  1.1880000e+003
  1.5474760e+003  8.1200000e+002
  1.5482800e+003  8.0400000e+002
  1.5491000e+003  8.2000000e+002
  1.5497400e+003  6.4000000e+002
  1.5507160e+003  9.7600000e+002
  1.5515280e+003  8.1200000e+002
  1.5523400e+003  8.1200000e+002
  1.5531560e+003  8.1600000e+002
  1.5538800e+003  7.2400000e+002
  1.5547800e+003  9.0000000e+002
  1.5552640e+003  4.8400000e+002
  1.5564120e+003  1.1480000e+003
  1.5572360e+003  8.2400000e+002
  1.5580480e+003  8.1200000e+002
  1.5588600e+003  8.1200000e+002
  1.5594600e+003  6.0000000e+002
  1.5604960e+003  1.0360000e+003
  1.5613160e+003  8.2000000e+002
  1.5621320e+003  8.1600000e+002
  1.5629440e+003  8.1200000e+002
  1.5635640e+003  6.2000000e+002
  1.5645800e+003  1.0160000e+003
  1.5653200e+003  7.4000000e+002
  1.5662040e+003  8.8400000e+002
  1.5670240e+003  8.2000000e+002
  1.5677240e+003  7.0000000e+002
  1.5686720e+003  9.4800000e+002
  1.5691280e+003  4.5600000e+002
  1.5703160e+003  1.1880000e+003
  1.5711400e+003  8.2400000e+002
  1.5719600e+003  8.2000000e+002
  1.5727800e+003  8.2000000e+002
  1.5734000e+003  6.2000000e+002
  1.5743960e+003  9.9600000e+002
  1.5752120e+003  8.1600000e+002
  1.5760240e+003  8.1200000e+002
  1.5768360e+003  8.1200000e+002
  1.5775400e+003  7.0400000e+002
  1.5784360e+003  8.9600000e+002
  1.5789200e+003  4.8400000e+002
  1.5800440e+003  1.1240000e+003
  1.5808400e+003  7.9600000e+002
  1.5816280e+003  7.8800000e+002
  1.5824280e+003  8.0000000e+002
  1.5830920e+003  6.6400000e+002
  1.5840080e+003  9.1600000e+002
  1.5844640e+003  4.5600000e+002
  1.5848840e+003  4.2000000e+002
  1.5856000e+003  7.1600000e+002
  1.5863760e+003  7.7600000e+002
  1.5870760e+003  7.0000000e+002
  1.5879320e+003  8.5600000e+002
  1.5884120e+003  4.8000000e+002
  1.5895040e+003  1.0920000e+003
  1.5902760e+003  7.7200000e+002
  1.5910520e+003  7.7600000e+002
  1.5918280e+003  7.7600000e+002
  1.5924640e+003  6.3600000e+002
  1.5933640e+003  9.0000000e+002
  1.5938200e+003  4.5600000e+002
  1.5949120e+003  1.0920000e+003
  1.5956760e+003  7.6400000e+002
  1.5964440e+003  7.6800000e+002
  1.5972080e+003  7.6400000e+002
  1.5979080e+003  7.0000000e+002
  1.5987320e+003  8.2400000e+002
  1.5992120e+003  4.8000000e+002
  1.6002600e+003  1.0480000e+003
  1.6010240e+003  7.6400000e+002
  1.6017760e+003  7.5200000e+002
  1.6025320e+003  7.5600000e+002
  1.6031640e+003  6.3200000e+002
  1.6040440e+003  8.8000000e+002
  1.6044880e+003  4.4400000e+002
  1.6055560e+003  1.0680000e+003
  1.6063120e+003  7.5600000e+002
  1.6070680e+003  7.5600000e+002
  1.6078120e+003  7.4400000e+002
  1.6085120e+003  7.0000000e+002
  1.6093120e+003  8.0000000e+002
  1.6097880e+003  4.7600000e+002
  1.6108200e+003  1.0320000e+003
  1.6115640e+003  7.4400000e+002
  1.6123120e+003  7.4800000e+002
  1.6130560e+003  7.4400000e+002
  1.6137000e+003  6.4400000e+002
  1.6145440e+003  8.4400000e+002
  1.6150200e+003  4.7600000e+002
  1.6160400e+003  1.0200000e+003
  1.6167840e+003  7.4400000e+002
  1.6175280e+003  7.4400000e+002
  1.6182720e+003  7.4400000e+002
  1.6189760e+003  7.0400000e+002
  1.6197480e+003  7.7200000e+002
  1.6202440e+003  4.9600000e+002
  1.6212320e+003  9.8800000e+002
  1.6219680e+003  7.3600000e+002
  1.6227040e+003  7.3600000e+002
  1.6234440e+003  7.4000000e+002
  1.6241800e+003  7.3600000e+002
  1.6249120e+003  7.3200000e+002
  1.6254520e+003  5.4000000e+002
  1.6263800e+003  9.2800000e+002
  1.6271120e+003  7.3200000e+002
  1.6278440e+003  7.3200000e+002
  1.6285800e+003  7.3600000e+002
  1.6293120e+003  7.3200000e+002
  1.6300400e+003  7.2800000e+002
  1.6305560e+003  5.1600000e+002
  1.6315040e+003  9.4800000e+002
  1.6322320e+003  7.2800000e+002
  1.6329600e+003  7.2800000e+002
  1.6336920e+003  7.3200000e+002
  1.6344240e+003  7.3200000e+002
  1.6351520e+003  7.2800000e+002
  1.6357080e+003  5.5600000e+002
  1.6366080e+003  9.0000000e+002
  1.6373360e+003  7.2800000e+002
  1.6380600e+003  7.2400000e+002
  1.6387880e+003  7.2800000e+002
  1.6395200e+003  7.3200000e+002
  1.6402480e+003  7.2800000e+002
  1.6407600e+003  5.1200000e+002
  1.6417080e+003  9.4800000e+002
  1.6424360e+003  7.2800000e+002
  1.6431640e+003  7.2800000e+002
  1.6438960e+003  7.3200000e+002
  1.6446280e+003  7.3200000e+002
  1.6453600e+003  7.3200000e+002
  1.6459160e+003  5.5600000e+002
  1.6468120e+003  8.9600000e+002
  1.6475440e+003  7.3200000e+002
  1.6482720e+003  7.2800000e+002
  1.6490040e+003  7.3200000e+002
  1.6497040e+003  7.0000000e+002
  1.6504680e+003  7.6400000e+002
  1.6509360e+003  4.6800000e+002
  1.6519400e+003  1.0040000e+003
  1.6526720e+003  7.3200000e+002
  1.6534080e+003  7.3600000e+002
  1.6541400e+003  7.3200000e+002
  1.6548680e+003  7.2800000e+002
  1.6556040e+003  7.3600000e+002
  1.6561280e+003  5.2400000e+002
  1.6570760e+003  9.4800000e+002
  1.6578080e+003  7.3200000e+002
  1.6585440e+003  7.3600000e+002
  1.6592800e+003  7.3600000e+002
  1.6600160e+003  7.3600000e+002
  1.6607520e+003  7.3600000e+002
  1.6613480e+003  5.9600000e+002
  1.6622280e+003  8.8000000e+002
  1.6626600e+003  4.3200000e+002
  1.6631880e+003  5.2800000e+002
  1.6638720e+003  6.8400000e+002
  1.6650520e+003  1.1800000e+003
  1.6658120e+003  7.6000000e+002
  1.6665600e+003  7.4800000e+002
  1.6673120e+003  7.5200000e+002
  1.6678640e+003  5.5200000e+002
  1.6688080e+003  9.4400000e+002
  1.6695520e+003  7.4400000e+002
  1.6702960e+003  7.4400000e+002
  1.6710480e+003  7.5200000e+002
  1.6717960e+003  7.4800000e+002
  1.6725440e+003  7.4800000e+002
  1.6731120e+003  5.6800000e+002
  1.6740400e+003  9.2800000e+002
  1.6744760e+003  4.3600000e+002
  1.6755520e+003  1.0760000e+003
  1.6763120e+003  7.6000000e+002
  1.6770680e+003  7.5600000e+002
  1.6778200e+003  7.5200000e+002
  1.6785040e+003  6.8400000e+002
  1.6793320e+003  8.2800000e+002
  1.6798400e+003  5.0800000e+002
  1.6808560e+003  1.0160000e+003
  1.6816160e+003  7.6000000e+002
  1.6823760e+003  7.6000000e+002
  1.6831400e+003  7.6400000e+002
  1.6839000e+003  7.6000000e+002
  1.6846600e+003  7.6000000e+002
  1.6851760e+003  5.1600000e+002
  1.6861960e+003  1.0200000e+003
  1.6869640e+003  7.6800000e+002
  1.6877280e+003  7.6400000e+002
  1.6884960e+003  7.6800000e+002
  1.6890960e+003  6.0000000e+002
  1.6895720e+003  4.7600000e+002
  1.6903440e+003  7.7200000e+002
  1.6915800e+003  1.2360000e+003
  1.6923600e+003  7.8000000e+002
  1.6931280e+003  7.6800000e+002
  1.6938960e+003  7.6800000e+002
  1.6945080e+003  6.1200000e+002
  1.6954360e+003  9.2800000e+002
  1.6958800e+003  4.4400000e+002
  1.6969840e+003  1.1040000e+003
  1.6977640e+003  7.8000000e+002
  1.6985400e+003  7.7600000e+002
  1.6993160e+003  7.7600000e+002
  1.7000880e+003  7.7200000e+002
  1.7008680e+003  7.8000000e+002
  1.7014880e+003  6.2000000e+002
  1.7024200e+003  9.3200000e+002
  1.7029000e+003  4.8000000e+002
  1.7039720e+003  1.0720000e+003
  1.7047560e+003  7.8400000e+002
  1.7055280e+003  7.7200000e+002
  1.7063000e+003  7.7200000e+002
  1.7070760e+003  7.7600000e+002
  1.7078560e+003  7.8000000e+002
  1.7085040e+003  6.4800000e+002
  1.7093960e+003  8.9200000e+002
  1.7098760e+003  4.8000000e+002
  1.7109560e+003  1.0800000e+003
  1.7117360e+003  7.8000000e+002
  1.7125040e+003  7.6800000e+002
  1.7132800e+003  7.7600000e+002
  1.7140600e+003  7.8000000e+002
  1.7148360e+003  7.7600000e+002
  1.7154040e+003  5.6800000e+002
  1.7163760e+003  9.7200000e+002
  1.7168200e+003  4.4400000e+002
  1.7179400e+003  1.1200000e+003
  1.7187160e+003  7.7600000e+002
  1.7194920e+003  7.7600000e+002
  1.7202760e+003  7.8400000e+002
  1.7210200e+003  7.4400000e+002
  1.7218200e+003  8.0000000e+002
  1.7223560e+003  5.3600000e+002
  1.7233760e+003  1.0200000e+003
  1.7241560e+003  7.8000000e+002
  1.7249280e+003  7.7200000e+002
  1.7257000e+003  7.7200000e+002
  1.7264840e+003  7.8400000e+002
  1.7272600e+003  7.7600000e+002
  1.7278560e+003  5.9600000e+002
  1.7288000e+003  9.4400000e+002
  1.7292440e+003  4.4400000e+002
  1.7303560e+003  1.1120000e+003
  1.7311360e+003  7.8000000e+002
  1.7319080e+003  7.7200000e+002
  1.7326720e+003  7.6400000e+002
  1.7333240e+003  6.5200000e+002
  1.7342120e+003  8.8800000e+002
  1.7346920e+003  4.8000000e+002
  1.7357560e+003  1.0640000e+003
  1.7365320e+003  7.7600000e+002
  1.7373080e+003  7.7600000e+002
  1.7380720e+003  7.6400000e+002
  1.7387920e+003  7.2000000e+002
  1.7396160e+003  8.2400000e+002
  1.7400960e+003  4.8000000e+002
  1.7411680e+003  1.0720000e+003
  1.7419440e+003  7.7600000e+002
  1.7427160e+003  7.7200000e+002
  1.7434920e+003  7.7600000e+002
  1.7441720e+003  6.8000000e+002
  1.7450320e+003  8.6000000e+002
  1.7455240e+003  4.9200000e+002
  1.7465840e+003  1.0600000e+003
  1.7473520e+003  7.6800000e+002
  1.7481160e+003  7.6400000e+002
  1.7487560e+003  6.4000000e+002
  1.7496400e+003  8.8400000e+002
  1.7504080e+003  7.6800000e+002
  1.7510120e+003  6.0400000e+002
  1.7519360e+003  9.2400000e+002
  1.7524160e+003  4.8000000e+002
  1.7534800e+003  1.0640000e+003
  1.7542440e+003  7.6400000e+002
  1.7550120e+003  7.6800000e+002
  1.7557840e+003  7.7200000e+002
  1.7564240e+003  6.4000000e+002
  1.7573080e+003  8.8400000e+002
  1.7577880e+003  4.8000000e+002
  1.7581920e+003  4.0400000e+002
  1.7588640e+003  6.7200000e+002
  1.7596120e+003  7.4800000e+002
  1.7603760e+003  7.6400000e+002
  1.7611440e+003  7.6800000e+002
  1.7617040e+003  5.6000000e+002
  1.7626680e+003  9.6400000e+002
  1.7634400e+003  7.7200000e+002
  1.7642040e+003  7.6400000e+002
  1.7649640e+003  7.6000000e+002
  1.7656480e+003  6.8400000e+002
  1.7665000e+003  8.5200000e+002
  1.7669720e+003  4.7200000e+002
  1.7680320e+003  1.0600000e+003
  1.7688040e+003  7.7200000e+002
  1.7695680e+003  7.6400000e+002
  1.7703280e+003  7.6000000e+002
  1.7709320e+003  6.0400000e+002
  1.7718440e+003  9.1200000e+002
  1.7726080e+003  7.6400000e+002
  1.7733680e+003  7.6000000e+002
  1.7741280e+003  7.6000000e+002
  1.7748320e+003  7.0400000e+002
  1.7756520e+003  8.2000000e+002
  1.7761320e+003  4.8000000e+002
  1.7771800e+003  1.0480000e+003
  1.7779400e+003  7.6000000e+002
  1.7787000e+003  7.6000000e+002
  1.7794600e+003  7.6000000e+002
  1.7800960e+003  6.3600000e+002
  1.7809800e+003  8.8400000e+002
  1.7814160e+003  4.3600000e+002
  1.7825000e+003  1.0840000e+003
  1.7832680e+003  7.6800000e+002
  1.7840280e+003  7.6000000e+002
  1.7847840e+003  7.5600000e+002
  1.7854320e+003  6.4800000e+002
  1.7863040e+003  8.7200000e+002
  1.7867840e+003  4.8000000e+002
  1.7878280e+003  1.0440000e+003
  1.7885920e+003  7.6400000e+002
  1.7893520e+003  7.6000000e+002
  1.7901120e+003  7.6000000e+002
  1.7908280e+003  7.1600000e+002
  1.7916240e+003  7.9600000e+002
  1.7921240e+003  5.0000000e+002
  1.7931480e+003  1.0240000e+003
  1.7939040e+003  7.5600000e+002
  1.7946600e+003  7.5600000e+002
  1.7954200e+003  7.6000000e+002
  1.7961200e+003  7.0000000e+002
  1.7969480e+003  8.2800000e+002
  1.7974320e+003  4.8400000e+002
