  1.1560000e+000  7.5600000e+002
  1.9160000e+000  7.6000000e+002
  2.6760000e+000  7.6000000e+002
  3.4320000e+000  7.5600000e+002
  4.1960000e+000  7.6400000e+002
  5.0360000e+000  8.4000000e+002
  5.8480000e+000  8.1200000e+002
  6.6040000e+000  7.5600000e+002
  7.4080000e+000  8.0400000e+002
  8.2640000e+000  8.5600000e+002
  9.0280000e+000  7.6400000e+002
  9.7520000e+000  7.2400000e+002
  1.0524000e+001  7.7200000e+002
  1.1304000e+001  7.8000000e+002
  1.2060000e+001  7.5600000e+002
  1.2868000e+001  8.0800000e+002
  1.3660000e+001  7.9200000e+002
  1.4404000e+001  7.4400000e+002
  1.5140000e+001  7.3600000e+002
  1.5904000e+001  7.6400000e+002
  1.6696000e+001  7.9200000e+002
  1.7436000e+001  7.4000000e+002
  1.8144000e+001  7.0800000e+002
  1.8876000e+001  7.3200000e+002
  1.9640000e+001  7.6400000e+002
  2.0380000e+001  7.4000000e+002
  2.1100000e+001  7.2000000e+002
  2.1844000e+001  7.4400000e+002
  2.2584000e+001  7.4000000e+002
  2.3320000e+001  7.3600000e+002
  2.4136000e+001  8.1600000e+002
  2.4860000e+001  7.2400000e+002
  2.5780000e+001  9.2000000e+002
  2.6564000e+001  7.8400000e+002
  2.7316000e+001  7.5200000e+002
  2.8060000e+001  7.4400000e+002
  2.8796000e+001  7.3600000e+002
  2.9532000e+001  7.3600000e+002
  3.0324000e+001  7.9200000e+002
  3.1104000e+001  7.8000000e+002
  3.1852000e+001  7.4800000e+002
  3.2612000e+001  7.6000000e+002
  3.3352000e+001  7.4000000e+002
  3.4076000e+001  7.2400000e+002
  3.4796000e+001  7.2000000e+002
  3.5560000e+001  7.6400000e+002
  3.6388000e+001  8.2800000e+002
  3.7184000e+001  7.9600000e+002
  3.7936000e+001  7.5200000e+002
  3.8708000e+001  7.7200000e+002
  3.9520000e+001  8.1200000e+002
  4.0296000e+001  7.7600000e+002
  4.1080000e+001  7.8400000e+002
  4.1876000e+001  7.9600000e+002
  4.2724000e+001  8.4800000e+002
  4.3512000e+001  7.8800000e+002
  4.4284000e+001  7.7200000e+002
  4.5040000e+001  7.5600000e+002
  4.5828000e+001  7.8800000e+002
  4.6624000e+001  7.9600000e+002
  4.7508000e+001  8.8400000e+002
  4.8300000e+001  7.9200000e+002
  4.9104000e+001  8.0400000e+002
  4.9900000e+001  7.9600000e+002
  5.0644000e+001  7.4400000e+002
  5.1400000e+001  7.5600000e+002
  5.2260000e+001  8.6000000e+002
  5.3092000e+001  8.3200000e+002
  5.3868000e+001  7.7600000e+002
  5.4596000e+001  7.2800000e+002
  5.5464000e+001  8.6800000e+002
  5.6248000e+001  7.8400000e+002
  5.7000000e+001  7.5200000e+002
  5.7776000e+001  7.7600000e+002
  5.8468000e+001  6.9200000e+002
  5.9324000e+001  8.5600000e+002
  6.0204000e+001  8.8000000e+002
  6.1040000e+001  8.3600000e+002
  6.1816000e+001  7.7600000e+002
  6.2588000e+001  7.7200000e+002
  6.3364000e+001  7.7600000e+002
  6.4260000e+001  8.9600000e+002
  6.5108000e+001  8.4800000e+002
  6.5916000e+001  8.0800000e+002
  6.6668000e+001  7.5200000e+002
  6.7396000e+001  7.2800000e+002
  6.8140000e+001  7.4400000e+002
  6.8916000e+001  7.7600000e+002
  6.9664000e+001  7.4800000e+002
  7.0416000e+001  7.5200000e+002
  7.1276000e+001  8.6000000e+002
  7.1928000e+001  6.5200000e+002
  7.2900000e+001  9.7200000e+002
  7.3784000e+001  8.8400000e+002
  7.4572000e+001  7.8800000e+002
  7.5328000e+001  7.5600000e+002
  7.6096000e+001  7.6800000e+002
  7.6836000e+001  7.4000000e+002
  7.7540000e+001  7.0400000e+002
  7.8240000e+001  7.0000000e+002
  7.8920000e+001  6.8000000e+002
  7.9584000e+001  6.6400000e+002
  8.0224000e+001  6.4000000e+002
  8.0848000e+001  6.2400000e+002
  8.1464000e+001  6.1600000e+002
  8.2084000e+001  6.2000000e+002
  8.2704000e+001  6.2000000e+002
  8.3336000e+001  6.3200000e+002
  8.3964000e+001  6.2800000e+002
  8.4596000e+001  6.3200000e+002
  8.5232000e+001  6.3600000e+002
  8.5872000e+001  6.4000000e+002
  8.6492000e+001  6.2000000e+002
  8.7108000e+001  6.1600000e+002
  8.7712000e+001  6.0400000e+002
  8.8324000e+001  6.1200000e+002
  8.8924000e+001  6.0000000e+002
  8.9528000e+001  6.0400000e+002
  9.0124000e+001  5.9600000e+002
  9.0724000e+001  6.0000000e+002
  9.1328000e+001  6.0400000e+002
  9.1920000e+001  5.9200000e+002
  9.2524000e+001  6.0400000e+002
  9.3128000e+001  6.0400000e+002
  9.3736000e+001  6.0800000e+002
  9.4344000e+001  6.0800000e+002
  9.4952000e+001  6.0800000e+002
  9.5560000e+001  6.0800000e+002
  9.6172000e+001  6.1200000e+002
  9.6780000e+001  6.0800000e+002
  9.7396000e+001  6.1600000e+002
  9.8012000e+001  6.1600000e+002
  9.8632000e+001  6.2000000e+002
  9.9252000e+001  6.2000000e+002
  9.9876000e+001  6.2400000e+002
  1.0050400e+002  6.2800000e+002
  1.0114000e+002  6.3600000e+002
  1.0178800e+002  6.4800000e+002
  1.0243200e+002  6.4400000e+002
  1.0308000e+002  6.4800000e+002
  1.0373600e+002  6.5600000e+002
  1.0438000e+002  6.4400000e+002
  1.0503200e+002  6.5200000e+002
  1.0568800e+002  6.5600000e+002
  1.0634400e+002  6.5600000e+002
  1.0700400e+002  6.6000000e+002
  1.0768000e+002  6.7600000e+002
  1.0837200e+002  6.9200000e+002
  1.0906400e+002  6.9200000e+002
  1.0974400e+002  6.8000000e+002
  1.1044800e+002  7.0400000e+002
  1.1116000e+002  7.1200000e+002
  1.1187200e+002  7.1200000e+002
  1.1259600e+002  7.2400000e+002
  1.1335600e+002  7.6000000e+002
  1.1406000e+002  7.0400000e+002
  1.1483200e+002  7.7200000e+002
  1.1557200e+002  7.4000000e+002
  1.1632000e+002  7.4800000e+002
  1.1704000e+002  7.2000000e+002
  1.1778000e+002  7.4000000e+002
  1.1849600e+002  7.1600000e+002
  1.1924400e+002  7.4800000e+002
  1.2000400e+002  7.6000000e+002
  1.2073200e+002  7.2800000e+002
  1.2146000e+002  7.2800000e+002
  1.2220000e+002  7.4000000e+002
  1.2290400e+002  7.0400000e+002
  1.2362000e+002  7.1600000e+002
  1.2439200e+002  7.7200000e+002
  1.2519200e+002  8.0000000e+002
  1.2591200e+002  7.2000000e+002
  1.2659200e+002  6.8000000e+002
  1.2727200e+002  6.8000000e+002
  1.2793200e+002  6.6000000e+002
  1.2858400e+002  6.5200000e+002
  1.2925200e+002  6.6800000e+002
  1.2991200e+002  6.6000000e+002
  1.3056400e+002  6.5200000e+002
  1.3121600e+002  6.5200000e+002
  1.3188000e+002  6.6400000e+002
  1.3254400e+002  6.6400000e+002
  1.3319600e+002  6.5200000e+002
  1.3384400e+002  6.4800000e+002
  1.3450800e+002  6.6400000e+002
  1.3519200e+002  6.8400000e+002
  1.3587600e+002  6.8400000e+002
  1.3655600e+002  6.8000000e+002
  1.3728800e+002  7.3200000e+002
  1.3803600e+002  7.4800000e+002
  1.3875600e+002  7.2000000e+002
  1.3948000e+002  7.2400000e+002
  1.4020800e+002  7.2800000e+002
  1.4095600e+002  7.4800000e+002
  1.4164800e+002  6.9200000e+002
  1.4239600e+002  7.4800000e+002
  1.4315200e+002  7.5600000e+002
  1.4391600e+002  7.6400000e+002
  1.4463200e+002  7.1600000e+002
  1.4537600e+002  7.4400000e+002
  1.4613200e+002  7.5600000e+002
  1.4688000e+002  7.4800000e+002
  1.4758800e+002  7.0800000e+002
  1.4834800e+002  7.6000000e+002
  1.4911200e+002  7.6400000e+002
  1.4989600e+002  7.8400000e+002
  1.5065600e+002  7.6000000e+002
  1.5141600e+002  7.6000000e+002
  1.5216400e+002  7.4800000e+002
  1.5296000e+002  7.9600000e+002
  1.5374000e+002  7.8000000e+002
  1.5455200e+002  8.1200000e+002
  1.5532000e+002  7.6800000e+002
  1.5607200e+002  7.5200000e+002
  1.5680400e+002  7.3200000e+002
  1.5756800e+002  7.6400000e+002
  1.5831600e+002  7.4800000e+002
  1.5904800e+002  7.3200000e+002
  1.5979200e+002  7.4400000e+002
  1.6058400e+002  7.9200000e+002
  1.6132800e+002  7.4400000e+002
  1.6210800e+002  7.8000000e+002
  1.6285200e+002  7.4400000e+002
  1.6364000e+002  7.8800000e+002
  1.6439200e+002  7.5200000e+002
  1.6513200e+002  7.4000000e+002
  1.6591600e+002  7.8400000e+002
  1.6668000e+002  7.6400000e+002
  1.6741200e+002  7.3200000e+002
  1.6814800e+002  7.3600000e+002
  1.6889200e+002  7.4400000e+002
  1.6963600e+002  7.4400000e+002
  1.7034800e+002  7.1200000e+002
  1.7107200e+002  7.2400000e+002
  1.7182800e+002  7.5600000e+002
  1.7256000e+002  7.3200000e+002
  1.7326800e+002  7.0800000e+002
  1.7404400e+002  7.7600000e+002
  1.7487600e+002  8.3200000e+002
  1.7568000e+002  8.0400000e+002
  1.7646800e+002  7.8800000e+002
  1.7727200e+002  8.0400000e+002
  1.7801600e+002  7.4400000e+002
  1.7873600e+002  7.2000000e+002
  1.7948800e+002  7.5200000e+002
  1.8025600e+002  7.6800000e+002
  1.8101200e+002  7.5600000e+002
  1.8175200e+002  7.4000000e+002
  1.8249200e+002  7.4000000e+002
  1.8320400e+002  7.1200000e+002
  1.8389200e+002  6.8800000e+002
  1.8458800e+002  6.9600000e+002
  1.8529600e+002  7.0800000e+002
  1.8600000e+002  7.0400000e+002
  1.8670800e+002  7.0800000e+002
  1.8744400e+002  7.3600000e+002
  1.8821600e+002  7.7200000e+002
  1.8898400e+002  7.6800000e+002
  1.8975600e+002  7.7200000e+002
  1.9054400e+002  7.8800000e+002
  1.9131600e+002  7.7200000e+002
  1.9208000e+002  7.6400000e+002
  1.9292400e+002  8.4400000e+002
  1.9376400e+002  8.4000000e+002
  1.9454000e+002  7.7600000e+002
  1.9531200e+002  7.7200000e+002
  1.9616800e+002  8.5600000e+002
  1.9698000e+002  8.1200000e+002
  1.9775600e+002  7.7600000e+002
  1.9853600e+002  7.8000000e+002
  1.9935600e+002  8.2000000e+002
  2.0007600e+002  7.2000000e+002
  2.0090800e+002  8.3200000e+002
  2.0166000e+002  7.5200000e+002
  2.0252800e+002  8.6800000e+002
  2.0328800e+002  7.6000000e+002
  2.0405200e+002  7.6400000e+002
  2.0482800e+002  7.7600000e+002
  2.0559600e+002  7.6800000e+002
  2.0636400e+002  7.6800000e+002
  2.0721200e+002  8.4800000e+002
  2.0807200e+002  8.6000000e+002
  2.0888800e+002  8.1600000e+002
  2.0975600e+002  8.6800000e+002
  2.1051200e+002  7.5600000e+002
  2.1145200e+002  9.4000000e+002
  2.1232000e+002  8.6800000e+002
  2.1313600e+002  8.1600000e+002
  2.1396800e+002  8.3200000e+002
  2.1472400e+002  7.5600000e+002
  2.1549600e+002  7.7200000e+002
  2.1628400e+002  7.8800000e+002
  2.1706400e+002  7.8000000e+002
  2.1784000e+002  7.7600000e+002
  2.1860000e+002  7.6000000e+002
  2.1933200e+002  7.3200000e+002
  2.2006000e+002  7.2800000e+002
  2.2083600e+002  7.7600000e+002
  2.2170000e+002  8.6400000e+002
  2.2246000e+002  7.6000000e+002
  2.2322800e+002  7.6800000e+002
  2.2397200e+002  7.4400000e+002
  2.2474800e+002  7.7600000e+002
  2.2551200e+002  7.6400000e+002
  2.2624400e+002  7.3200000e+002
  2.2700400e+002  7.6000000e+002
  2.2782800e+002  8.2400000e+002
  2.2862000e+002  7.9200000e+002
  2.2938400e+002  7.6400000e+002
  2.3018000e+002  7.9600000e+002
  2.3097600e+002  7.9600000e+002
  2.3176400e+002  7.8800000e+002
  2.3255600e+002  7.9200000e+002
  2.3327200e+002  7.1600000e+002
  2.3416000e+002  8.8800000e+002
  2.3489200e+002  7.3200000e+002
  2.3578000e+002  8.8800000e+002
  2.3652800e+002  7.4800000e+002
  2.3724000e+002  7.1200000e+002
  2.3796000e+002  7.2000000e+002
  2.3868400e+002  7.2400000e+002
  2.3940000e+002  7.1600000e+002
  2.4010400e+002  7.0400000e+002
  2.4086400e+002  7.6000000e+002
  2.4169200e+002  8.2800000e+002
  2.4248800e+002  7.9600000e+002
  2.4328400e+002  7.9600000e+002
  2.4422400e+002  9.4000000e+002
  2.4493200e+002  7.0800000e+002
  2.4592800e+002  9.9600000e+002
  2.4686800e+002  9.4000000e+002
  2.4764800e+002  7.8000000e+002
  2.4854000e+002  8.9200000e+002
  2.4927600e+002  7.3600000e+002
  2.5028000e+002  1.0040000e+003
  2.5114800e+002  8.6800000e+002
  2.5193200e+002  7.8400000e+002
  2.5272000e+002  7.8800000e+002
  2.5354800e+002  8.2800000e+002
  2.5422400e+002  6.7600000e+002
  2.5510000e+002  8.7600000e+002
  2.5596000e+002  8.6000000e+002
  2.5677200e+002  8.1200000e+002
  2.5755600e+002  7.8400000e+002
  2.5830400e+002  7.4800000e+002
  2.5905600e+002  7.5200000e+002
  2.5980800e+002  7.5200000e+002
  2.6054800e+002  7.3600000e+002
  2.6132800e+002  7.8000000e+002
  2.6221200e+002  8.8400000e+002
  2.6301200e+002  8.0000000e+002
  2.6391200e+002  9.0000000e+002
  2.6475600e+002  8.4400000e+002
  2.6558400e+002  8.2800000e+002
  2.6638400e+002  8.0000000e+002
  2.6716800e+002  7.8400000e+002
  2.6806000e+002  8.9200000e+002
  2.6890400e+002  8.4400000e+002
  2.6967600e+002  7.7200000e+002
  2.7046000e+002  7.8400000e+002
  2.7133200e+002  8.7200000e+002
  2.7216800e+002  8.3600000e+002
  2.7298800e+002  8.2000000e+002
  2.7383200e+002  8.4400000e+002
  2.7464400e+002  8.1200000e+002
  2.7542400e+002  7.8000000e+002
  2.7623200e+002  8.0800000e+002
  2.7704400e+002  8.1200000e+002
  2.7786400e+002  8.2000000e+002
  2.7869200e+002  8.2800000e+002
  2.7948800e+002  7.9600000e+002
  2.8029600e+002  8.0800000e+002
  2.8107200e+002  7.7600000e+002
  2.8180000e+002  7.2800000e+002
  2.8252800e+002  7.2800000e+002
  2.8329200e+002  7.6400000e+002
  2.8406800e+002  7.7600000e+002
  2.8480400e+002  7.3600000e+002
  2.8556000e+002  7.5600000e+002
  2.8633600e+002  7.7600000e+002
  2.8708800e+002  7.5200000e+002
  2.8782400e+002  7.3600000e+002
  2.8856800e+002  7.4400000e+002
  2.8933200e+002  7.6400000e+002
  2.9009600e+002  7.6400000e+002
  2.9090000e+002  8.0400000e+002
  2.9173600e+002  8.3600000e+002
  2.9252400e+002  7.8800000e+002
  2.9327600e+002  7.5200000e+002
  2.9406000e+002  7.8400000e+002
  2.9483200e+002  7.7200000e+002
  2.9557200e+002  7.4000000e+002
  2.9631600e+002  7.4400000e+002
  2.9709200e+002  7.7600000e+002
  2.9784400e+002  7.5200000e+002
  2.9857600e+002  7.3200000e+002
  2.9931200e+002  7.3600000e+002
  3.0007600e+002  7.6400000e+002
  3.0082400e+002  7.4800000e+002
  3.0155200e+002  7.2800000e+002
  3.0231200e+002  7.6000000e+002
  3.0303600e+002  7.2400000e+002
  3.0381600e+002  7.8000000e+002
  3.0455600e+002  7.4000000e+002
  3.0529600e+002  7.4000000e+002
  3.0608800e+002  7.9200000e+002
  3.0689600e+002  8.0800000e+002
  3.0767200e+002  7.7600000e+002
  3.0847200e+002  8.0000000e+002
  3.0931200e+002  8.4000000e+002
  3.1011600e+002  8.0400000e+002
  3.1085600e+002  7.4000000e+002
  3.1157600e+002  7.2000000e+002
  3.1232400e+002  7.4800000e+002
  3.1311200e+002  7.8800000e+002
  3.1390400e+002  7.9200000e+002
  3.1470800e+002  8.0400000e+002
  3.1554000e+002  8.3200000e+002
  3.1645200e+002  9.1200000e+002
  3.1733600e+002  8.8400000e+002
  3.1821600e+002  8.8000000e+002
  3.1910800e+002  8.9200000e+002
  3.1995600e+002  8.4800000e+002
  3.2090400e+002  9.4800000e+002
  3.2163600e+002  7.3200000e+002
  3.2254400e+002  9.0800000e+002
  3.2335200e+002  8.0800000e+002
  3.2441200e+002  1.0600000e+003
  3.2528800e+002  8.7600000e+002
  3.2602400e+002  7.3600000e+002
  3.2675200e+002  7.2800000e+002
  3.2746000e+002  7.0800000e+002
  3.2813200e+002  6.7200000e+002
  3.2877600e+002  6.4400000e+002
  3.2940800e+002  6.3200000e+002
  3.3003600e+002  6.2800000e+002
  3.3065200e+002  6.1600000e+002
  3.3127200e+002  6.2000000e+002
  3.3189200e+002  6.2000000e+002
  3.3250800e+002  6.1600000e+002
  3.3313600e+002  6.2800000e+002
  3.3377600e+002  6.4000000e+002
  3.3441200e+002  6.3600000e+002
  3.3504400e+002  6.3200000e+002
  3.3569200e+002  6.4800000e+002
  3.3632800e+002  6.3600000e+002
  3.3696800e+002  6.4000000e+002
  3.3761200e+002  6.4400000e+002
  3.3824800e+002  6.3600000e+002
  3.3888400e+002  6.3600000e+002
  3.3952000e+002  6.3600000e+002
  3.4016000e+002  6.4000000e+002
  3.4080000e+002  6.4000000e+002
  3.4144000e+002  6.4000000e+002
  3.4208400e+002  6.4400000e+002
  3.4273200e+002  6.4800000e+002
  3.4337600e+002  6.4400000e+002
  3.4402800e+002  6.5200000e+002
  3.4469200e+002  6.6400000e+002
  3.4535600e+002  6.6400000e+002
  3.4602000e+002  6.6400000e+002
  3.4670000e+002  6.8000000e+002
  3.4737600e+002  6.7600000e+002
  3.4804400e+002  6.6800000e+002
  3.4873200e+002  6.8800000e+002
  3.4946400e+002  7.3200000e+002
  3.5017600e+002  7.1200000e+002
  3.5086800e+002  6.9200000e+002
  3.5156000e+002  6.9200000e+002
  3.5226400e+002  7.0400000e+002
  3.5299600e+002  7.3200000e+002
  3.5373600e+002  7.4000000e+002
  3.5449600e+002  7.6000000e+002
  3.5515600e+002  6.6000000e+002
  3.5594800e+002  7.9200000e+002
  3.5668400e+002  7.3600000e+002
  3.5742400e+002  7.4000000e+002
  3.5817200e+002  7.4800000e+002
  3.5892800e+002  7.5600000e+002
  3.5967200e+002  7.4400000e+002
  3.6046000e+002  7.8800000e+002
  3.6124800e+002  7.8800000e+002
  3.6200000e+002  7.5200000e+002
  3.6275600e+002  7.5600000e+002
  3.6356000e+002  8.0400000e+002
  3.6432400e+002  7.6400000e+002
  3.6509600e+002  7.7200000e+002
  3.6587200e+002  7.7600000e+002
  3.6660800e+002  7.3600000e+002
  3.6734000e+002  7.3200000e+002
  3.6808000e+002  7.4000000e+002
  3.6887600e+002  7.9600000e+002
  3.6972400e+002  8.4800000e+002
  3.7050800e+002  7.8400000e+002
  3.7127600e+002  7.6800000e+002
  3.7210000e+002  8.2400000e+002
  3.7289200e+002  7.9200000e+002
  3.7364400e+002  7.5200000e+002
  3.7440000e+002  7.5600000e+002
  3.7515600e+002  7.5600000e+002
  3.7590400e+002  7.4800000e+002
  3.7665600e+002  7.5200000e+002
  3.7741600e+002  7.6000000e+002
  3.7815200e+002  7.3600000e+002
  3.7886000e+002  7.0800000e+002
  3.7960000e+002  7.4000000e+002
  3.8038000e+002  7.8000000e+002
  3.8116800e+002  7.8800000e+002
  3.8192800e+002  7.6000000e+002
  3.8268400e+002  7.5600000e+002
  3.8349200e+002  8.0800000e+002
  3.8425200e+002  7.6000000e+002
  3.8507600e+002  8.2400000e+002
  3.8584000e+002  7.6400000e+002
  3.8677200e+002  9.3200000e+002
  3.8756400e+002  7.9200000e+002
  3.8833600e+002  7.7200000e+002
  3.8913600e+002  8.0000000e+002
  3.8984800e+002  7.1200000e+002
  3.9071600e+002  8.6800000e+002
  3.9156800e+002  8.5200000e+002
  3.9234400e+002  7.7600000e+002
  3.9308800e+002  7.4400000e+002
  3.9384000e+002  7.5200000e+002
  3.9468400e+002  8.4400000e+002
  3.9542400e+002  7.4000000e+002
  3.9628800e+002  8.6400000e+002
  3.9708000e+002  7.9200000e+002
  3.9792800e+002  8.4800000e+002
  3.9866000e+002  7.3200000e+002
  3.9942000e+002  7.6000000e+002
  4.0014800e+002  7.2800000e+002
  4.0093600e+002  7.8800000e+002
  4.0183200e+002  8.9600000e+002
  4.0260400e+002  7.7200000e+002
  4.0344000e+002  8.3600000e+002
  4.0422800e+002  7.8800000e+002
  4.0510800e+002  8.8000000e+002
  4.0584000e+002  7.3200000e+002
  4.0664800e+002  8.0800000e+002
  4.0738400e+002  7.3600000e+002
  4.0820000e+002  8.1600000e+002
  4.0898000e+002  7.8000000e+002
  4.0982400e+002  8.4400000e+002
  4.1066000e+002  8.3600000e+002
  4.1143600e+002  7.7600000e+002
  4.1218000e+002  7.4400000e+002
  4.1292800e+002  7.4800000e+002
  4.1376800e+002  8.4000000e+002
  4.1455200e+002  7.8400000e+002
  4.1530400e+002  7.5200000e+002
  4.1608400e+002  7.8000000e+002
  4.1689600e+002  8.1200000e+002
  4.1765600e+002  7.6000000e+002
  4.1840800e+002  7.5200000e+002
  4.1917600e+002  7.6800000e+002
  4.1994000e+002  7.6400000e+002
  4.2068400e+002  7.4400000e+002
  4.2142400e+002  7.4000000e+002
  4.2216800e+002  7.4400000e+002
  4.2292000e+002  7.5200000e+002
  4.2367600e+002  7.5600000e+002
  4.2444400e+002  7.6800000e+002
  4.2532000e+002  8.7600000e+002
  4.2621600e+002  8.9600000e+002
  4.2695600e+002  7.4000000e+002
  4.2794800e+002  9.9200000e+002
  4.2885600e+002  9.0800000e+002
  4.2958400e+002  7.2800000e+002
  4.3046000e+002  8.7600000e+002
  4.3131600e+002  8.5600000e+002
  4.3222400e+002  9.0800000e+002
  4.3299200e+002  7.6800000e+002
  4.3382800e+002  8.3600000e+002
  4.3461200e+002  7.8400000e+002
  4.3540400e+002  7.9200000e+002
  4.3619200e+002  7.8800000e+002
  4.3700400e+002  8.1200000e+002
  4.3783200e+002  8.2800000e+002
  4.3865600e+002  8.2400000e+002
  4.3941200e+002  7.5600000e+002
  4.4024800e+002  8.3600000e+002
  4.4106400e+002  8.1600000e+002
  4.4186800e+002  8.0400000e+002
  4.4262000e+002  7.5200000e+002
  4.4334000e+002  7.2000000e+002
  4.4406400e+002  7.2400000e+002
  4.4487600e+002  8.1200000e+002
  4.4558400e+002  7.0800000e+002
  4.4656400e+002  9.8000000e+002
  4.4750400e+002  9.4000000e+002
  4.4824000e+002  7.3600000e+002
  4.4914400e+002  9.0400000e+002
  4.4998000e+002  8.3600000e+002
  4.5082400e+002  8.4400000e+002
  4.5165600e+002  8.3200000e+002
  4.5246400e+002  8.0800000e+002
  4.5331600e+002  8.5200000e+002
  4.5407200e+002  7.5600000e+002
  4.5510000e+002  1.0280000e+003
  4.5604000e+002  9.4000000e+002
  4.5675600e+002  7.1600000e+002
  4.5772400e+002  9.6800000e+002
  4.5857600e+002  8.5200000e+002
  4.5932000e+002  7.4400000e+002
  4.6005200e+002  7.3200000e+002
  4.6084000e+002  7.8800000e+002
  4.6164800e+002  8.0800000e+002
  4.6240000e+002  7.5200000e+002
  4.6314000e+002  7.4000000e+002
  4.6394400e+002  8.0400000e+002
  4.6480400e+002  8.6000000e+002
  4.6553600e+002  7.3200000e+002
  4.6635200e+002  8.1600000e+002
  4.6708800e+002  7.3600000e+002
  4.6797600e+002  8.8800000e+002
  4.6878400e+002  8.0800000e+002
  4.6956000e+002  7.7600000e+002
  4.7032800e+002  7.6800000e+002
  4.7102800e+002  7.0000000e+002
  4.7184000e+002  8.1200000e+002
  4.7260400e+002  7.6400000e+002
  4.7351200e+002  9.0800000e+002
  4.7420400e+002  6.9200000e+002
  4.7519200e+002  9.8800000e+002
  4.7606400e+002  8.7200000e+002
  4.7686400e+002  8.0000000e+002
  4.7766400e+002  8.0000000e+002
  4.7852400e+002  8.6000000e+002
  4.7923600e+002  7.1200000e+002
  4.8021200e+002  9.7600000e+002
  4.8110400e+002  8.9200000e+002
  4.8183600e+002  7.3200000e+002
  4.8267600e+002  8.4000000e+002
  4.8345600e+002  7.8000000e+002
  4.8422800e+002  7.7200000e+002
  4.8504400e+002  8.1600000e+002
  4.8579600e+002  7.5200000e+002
  4.8661600e+002  8.2000000e+002
  4.8743200e+002  8.1600000e+002
  4.8828800e+002  8.5600000e+002
  4.8910000e+002  8.1200000e+002
  4.8987600e+002  7.7600000e+002
  4.9069200e+002  8.1600000e+002
  4.9156800e+002  8.7600000e+002
  4.9234400e+002  7.7600000e+002
  4.9335200e+002  1.0080000e+003
  4.9429200e+002  9.4000000e+002
  4.9502400e+002  7.3200000e+002
  4.9603600e+002  1.0120000e+003
  4.9696800e+002  9.3200000e+002
  4.9773600e+002  7.6800000e+002
  4.9876800e+002  1.0320000e+003
  4.9973200e+002  9.6400000e+002
  5.0056400e+002  8.3200000e+002
  5.0135200e+002  7.8800000e+002
  5.0212000e+002  7.6800000e+002
  5.0286800e+002  7.4800000e+002
  5.0361600e+002  7.4800000e+002
  5.0442000e+002  8.0400000e+002
  5.0528000e+002  8.6000000e+002
  5.0598000e+002  7.0000000e+002
  5.0698800e+002  1.0080000e+003
  5.0794400e+002  9.5600000e+002
  5.0882800e+002  8.8400000e+002
  5.0967600e+002  8.4800000e+002
  5.1058800e+002  9.1200000e+002
  5.1133600e+002  7.4800000e+002
  5.1236400e+002  1.0280000e+003
  5.1328000e+002  9.1600000e+002
  5.1414400e+002  8.6400000e+002
  5.1498800e+002  8.4400000e+002
  5.1580800e+002  8.2000000e+002
  5.1667200e+002  8.6400000e+002
  5.1762000e+002  9.4800000e+002
  5.1824000e+002  6.2000000e+002
  5.1917200e+002  9.3200000e+002
  5.1995600e+002  7.8400000e+002
  5.2075600e+002  8.0000000e+002
  5.2154800e+002  7.9200000e+002
  5.2231200e+002  7.6400000e+002
  5.2308800e+002  7.7600000e+002
  5.2391200e+002  8.2400000e+002
  5.2480800e+002  8.9600000e+002
  5.2554400e+002  7.3600000e+002
  5.2646800e+002  9.2400000e+002
  5.2716400e+002  6.9600000e+002
  5.2817600e+002  1.0120000e+003
  5.2910400e+002  9.2800000e+002
  5.2984000e+002  7.3600000e+002
  5.3075600e+002  9.1600000e+002
  5.3144000e+002  6.8400000e+002
  5.3238400e+002  9.4400000e+002
  5.3326400e+002  8.8000000e+002
  5.3408800e+002  8.2400000e+002
  5.3489200e+002  8.0400000e+002
  5.3575200e+002  8.6000000e+002
  5.3666400e+002  9.1200000e+002
  5.3737200e+002  7.0800000e+002
  5.3831200e+002  9.4000000e+002
  5.3917600e+002  8.6400000e+002
  5.3998800e+002  8.1200000e+002
  5.4078400e+002  7.9600000e+002
  5.4156000e+002  7.7600000e+002
  5.4229600e+002  7.3600000e+002
  5.4304000e+002  7.4400000e+002
  5.4381200e+002  7.7200000e+002
  5.4458000e+002  7.6800000e+002
  5.4534400e+002  7.6400000e+002
  5.4618800e+002  8.4400000e+002
  5.4708000e+002  8.9200000e+002
  5.4784000e+002  7.6000000e+002
  5.4866800e+002  8.2800000e+002
  5.4940400e+002  7.3600000e+002
  5.5037200e+002  9.6800000e+002
  5.5104000e+002  6.6800000e+002
  5.5190800e+002  8.6800000e+002
  5.5258000e+002  6.7200000e+002
  5.5335200e+002  7.7200000e+002
  5.5404000e+002  6.8800000e+002
  5.5469200e+002  6.5200000e+002
  5.5532800e+002  6.3600000e+002
  5.5595200e+002  6.2400000e+002
  5.5658000e+002  6.2800000e+002
  5.5720800e+002  6.2800000e+002
  5.5783600e+002  6.2800000e+002
  5.5847200e+002  6.3600000e+002
  5.5910800e+002  6.3600000e+002
  5.5974000e+002  6.3200000e+002
  5.6038400e+002  6.4400000e+002
  5.6101600e+002  6.3200000e+002
  5.6165200e+002  6.3600000e+002
  5.6228800e+002  6.3600000e+002
  5.6291200e+002  6.2400000e+002
  5.6353600e+002  6.2400000e+002
  5.6416400e+002  6.2800000e+002
  5.6478800e+002  6.2400000e+002
  5.6542000e+002  6.3200000e+002
  5.6605200e+002  6.3200000e+002
  5.6668400e+002  6.3200000e+002
  5.6732800e+002  6.4400000e+002
  5.6796800e+002  6.4000000e+002
  5.6862400e+002  6.5600000e+002
  5.6927600e+002  6.5200000e+002
  5.6992800e+002  6.5200000e+002
  5.7058800e+002  6.6000000e+002
  5.7125200e+002  6.6400000e+002
  5.7191600e+002  6.6400000e+002
  5.7258000e+002  6.6400000e+002
  5.7326000e+002  6.8000000e+002
  5.7393600e+002  6.7600000e+002
  5.7460400e+002  6.6800000e+002
  5.7527200e+002  6.6800000e+002
  5.7593600e+002  6.6400000e+002
  5.7659600e+002  6.6000000e+002
  5.7728000e+002  6.8400000e+002
  5.7797200e+002  6.9200000e+002
  5.7866400e+002  6.9200000e+002
  5.7935200e+002  6.8800000e+002
  5.8008400e+002  7.3200000e+002
  5.8084800e+002  7.6400000e+002
  5.8156000e+002  7.1200000e+002
  5.8235200e+002  7.9200000e+002
  5.8316000e+002  8.0800000e+002
  5.8395600e+002  7.9600000e+002
  5.8473600e+002  7.8000000e+002
  5.8551600e+002  7.8000000e+002
  5.8635600e+002  8.4000000e+002
  5.8716400e+002  8.0800000e+002
  5.8794800e+002  7.8400000e+002
  5.8872400e+002  7.7600000e+002
  5.8954000e+002  8.1600000e+002
  5.9030800e+002  7.6800000e+002
  5.9105200e+002  7.4400000e+002
  5.9180800e+002  7.5600000e+002
  5.9257600e+002  7.6800000e+002
  5.9330800e+002  7.3200000e+002
  5.9404800e+002  7.4000000e+002
  5.9485200e+002  8.0400000e+002
  5.9564800e+002  7.9600000e+002
  5.9641200e+002  7.6400000e+002
  5.9718400e+002  7.7200000e+002
  5.9802400e+002  8.4000000e+002
  5.9885200e+002  8.2800000e+002
  5.9965200e+002  8.0000000e+002
  6.0046400e+002  8.1200000e+002
  6.0124800e+002  7.8400000e+002
  6.0200800e+002  7.6000000e+002
  6.0279200e+002  7.8400000e+002
  6.0356000e+002  7.6800000e+002
  6.0429200e+002  7.3200000e+002
  6.0504400e+002  7.5200000e+002
  6.0584400e+002  8.0000000e+002
  6.0660800e+002  7.6400000e+002
  6.0734000e+002  7.3200000e+002
  6.0806800e+002  7.2800000e+002
  6.0878800e+002  7.2000000e+002
  6.0950400e+002  7.1600000e+002
  6.1025600e+002  7.5200000e+002
  6.1101600e+002  7.6000000e+002
  6.1176400e+002  7.4800000e+002
  6.1253200e+002  7.6800000e+002
  6.1332800e+002  7.9600000e+002
  6.1410000e+002  7.7200000e+002
  6.1486800e+002  7.6800000e+002
  6.1570800e+002  8.4000000e+002
  6.1650800e+002  8.0000000e+002
  6.1732400e+002  8.1600000e+002
  6.1805600e+002  7.3200000e+002
  6.1879200e+002  7.3600000e+002
  6.1957200e+002  7.8000000e+002
  6.2029600e+002  7.2400000e+002
  6.2112800e+002  8.3200000e+002
  6.2191600e+002  7.8800000e+002
  6.2272000e+002  8.0400000e+002
  6.2353600e+002  8.1600000e+002
  6.2430400e+002  7.6800000e+002
  6.2506800e+002  7.6400000e+002
  6.2589600e+002  8.2800000e+002
  6.2676800e+002  8.7200000e+002
  6.2757600e+002  8.0800000e+002
  6.2844800e+002  8.7200000e+002
  6.2927600e+002  8.2800000e+002
  6.3018000e+002  9.0400000e+002
  6.3097600e+002  7.9600000e+002
  6.3194800e+002  9.7200000e+002
  6.3282000e+002  8.7200000e+002
  6.3363600e+002  8.1600000e+002
  6.3441600e+002  7.8000000e+002
  6.3518800e+002  7.7200000e+002
  6.3593600e+002  7.4800000e+002
  6.3670400e+002  7.6800000e+002
  6.3754400e+002  8.4000000e+002
  6.3834800e+002  8.0400000e+002
  6.3910400e+002  7.5600000e+002
  6.3992800e+002  8.2400000e+002
  6.4076000e+002  8.3200000e+002
  6.4155600e+002  7.9600000e+002
  6.4236400e+002  8.0800000e+002
  6.4327200e+002  9.0800000e+002
  6.4415200e+002  8.8000000e+002
  6.4487600e+002  7.2400000e+002
  6.4566800e+002  7.9200000e+002
  6.4641600e+002  7.4800000e+002
  6.4716800e+002  7.5200000e+002
  6.4795200e+002  7.8400000e+002
  6.4870400e+002  7.5200000e+002
  6.4944800e+002  7.4400000e+002
  6.5029200e+002  8.4400000e+002
  6.5114800e+002  8.5600000e+002
  6.5195600e+002  8.0800000e+002
  6.5278400e+002  8.2800000e+002
  6.5362800e+002  8.4400000e+002
  6.5440800e+002  7.8000000e+002
  6.5514000e+002  7.3200000e+002
  6.5586800e+002  7.2800000e+002
  6.5667600e+002  8.0800000e+002
  6.5748800e+002  8.1200000e+002
  6.5826400e+002  7.7600000e+002
  6.5904800e+002  7.8400000e+002
  6.5984000e+002  7.9200000e+002
  6.6060800e+002  7.6800000e+002
  6.6135200e+002  7.4400000e+002
  6.6209200e+002  7.4000000e+002
  6.6285200e+002  7.6000000e+002
  6.6364400e+002  7.9200000e+002
  6.6445200e+002  8.0800000e+002
  6.6526000e+002  8.0800000e+002
  6.6614000e+002  8.8000000e+002
  6.6696000e+002  8.2000000e+002
  6.6775200e+002  7.9200000e+002
  6.6854800e+002  7.9600000e+002
  6.6944400e+002  8.9600000e+002
  6.7015600e+002  7.1200000e+002
  6.7115600e+002  1.0000000e+003
  6.7209600e+002  9.4000000e+002
  6.7284000e+002  7.4400000e+002
  6.7384800e+002  1.0080000e+003
  6.7476000e+002  9.1200000e+002
  6.7566400e+002  9.0400000e+002
  6.7642400e+002  7.6000000e+002
  6.7733200e+002  9.0800000e+002
  6.7810000e+002  7.6800000e+002
  6.7902800e+002  9.2800000e+002
  6.7976000e+002  7.3200000e+002
  6.8065200e+002  8.9200000e+002
  6.8142800e+002  7.7600000e+002
  6.8226000e+002  8.3200000e+002
  6.8304000e+002  7.8000000e+002
  6.8378400e+002  7.4400000e+002
  6.8451600e+002  7.3200000e+002
  6.8526800e+002  7.5200000e+002
  6.8602400e+002  7.5600000e+002
  6.8677600e+002  7.5200000e+002
  6.8752800e+002  7.5200000e+002
  6.8834800e+002  8.2000000e+002
  6.8914800e+002  8.0000000e+002
  6.8993200e+002  7.8400000e+002
  6.9079600e+002  8.6400000e+002
  6.9164000e+002  8.4400000e+002
  6.9246000e+002  8.2000000e+002
  6.9333600e+002  8.7600000e+002
  6.9411600e+002  7.8000000e+002
  6.9503600e+002  9.2000000e+002
  6.9587200e+002  8.3600000e+002
  6.9665600e+002  7.8400000e+002
  6.9740400e+002  7.4800000e+002
  6.9814400e+002  7.4000000e+002
  6.9890800e+002  7.6400000e+002
  6.9976000e+002  8.5200000e+002
  7.0047200e+002  7.1200000e+002
  7.0134000e+002  8.6800000e+002
  7.0209200e+002  7.5200000e+002
  7.0305200e+002  9.6000000e+002
  7.0391600e+002  8.6400000e+002
  7.0470800e+002  7.9200000e+002
  7.0548800e+002  7.8000000e+002
  7.0628400e+002  7.9600000e+002
  7.0707600e+002  7.9200000e+002
  7.0785200e+002  7.7600000e+002
  7.0868000e+002  8.2800000e+002
  7.0955200e+002  8.7200000e+002
  7.1030400e+002  7.5200000e+002
  7.1122400e+002  9.2000000e+002
  7.1216800e+002  9.4400000e+002
  7.1302000e+002  8.5200000e+002
  7.1385200e+002  8.3200000e+002
  7.1465200e+002  8.0000000e+002
  7.1548800e+002  8.3600000e+002
  7.1623600e+002  7.4800000e+002
  7.1721600e+002  9.8000000e+002
  7.1812000e+002  9.0400000e+002
  7.1902800e+002  9.0800000e+002
  7.1976000e+002  7.3200000e+002
  7.2076400e+002  1.0040000e+003
  7.2166000e+002  8.9600000e+002
  7.2241200e+002  7.5200000e+002
  7.2314800e+002  7.3600000e+002
  7.2393200e+002  7.8400000e+002
  7.2466800e+002  7.3600000e+002
  7.2539600e+002  7.2800000e+002
  7.2617600e+002  7.8000000e+002
  7.2699200e+002  8.1600000e+002
  7.2776400e+002  7.7200000e+002
  7.2859200e+002  8.2800000e+002
  7.2955200e+002  9.6000000e+002
  7.3029600e+002  7.4400000e+002
  7.3129600e+002  1.0000000e+003
  7.3226000e+002  9.6400000e+002
  7.3302000e+002  7.6000000e+002
  7.3392400e+002  9.0400000e+002
  7.3476800e+002  8.4400000e+002
  7.3576000e+002  9.9200000e+002
  7.3658800e+002  8.2800000e+002
  7.3740800e+002  8.2000000e+002
  7.3824800e+002  8.4000000e+002
  7.3903600e+002  7.8800000e+002
  7.3984800e+002  8.1200000e+002
  7.4070800e+002  8.6000000e+002
  7.4150400e+002  7.9600000e+002
  7.4227600e+002  7.7200000e+002
  7.4304800e+002  7.7200000e+002
  7.4382000e+002  7.7200000e+002
  7.4456800e+002  7.4800000e+002
  7.4535200e+002  7.8400000e+002
  7.4616800e+002  8.1600000e+002
  7.4697200e+002  8.0400000e+002
  7.4778000e+002  8.0800000e+002
  7.4864400e+002  8.6400000e+002
  7.4950000e+002  8.5600000e+002
  7.5032400e+002  8.2400000e+002
  7.5118000e+002  8.5600000e+002
  7.5202400e+002  8.4400000e+002
  7.5285200e+002  8.2800000e+002
  7.5358000e+002  7.2800000e+002
  7.5448400e+002  9.0400000e+002
  7.5525600e+002  7.7200000e+002
  7.5602000e+002  7.6400000e+002
  7.5695200e+002  9.3200000e+002
  7.5788000e+002  9.2800000e+002
  7.5863200e+002  7.5200000e+002
  7.5952400e+002  8.9200000e+002
  7.6026400e+002  7.4000000e+002
  7.6114800e+002  8.8400000e+002
  7.6182400e+002  6.7600000e+002
  7.6274000e+002  9.1600000e+002
  7.6355200e+002  8.1200000e+002
  7.6434400e+002  7.9200000e+002
  7.6518800e+002  8.4400000e+002
  7.6597600e+002  7.8800000e+002
  7.6693600e+002  9.6000000e+002
  7.6767600e+002  7.4000000e+002
  7.6861200e+002  9.3600000e+002
  7.6944800e+002  8.3600000e+002
  7.7040800e+002  9.6000000e+002
  7.7135600e+002  9.4800000e+002
  7.7206800e+002  7.1200000e+002
  7.7289600e+002  8.2800000e+002
  7.7368800e+002  7.9200000e+002
  7.7444800e+002  7.6000000e+002
  7.7519600e+002  7.4800000e+002
  7.7594000e+002  7.4400000e+002
  7.7669200e+002  7.5200000e+002
  7.7745200e+002  7.6000000e+002
  7.7821600e+002  7.6400000e+002
  7.7906800e+002  8.5200000e+002
  7.7997600e+002  9.0800000e+002
  7.8080800e+002  8.3200000e+002
  7.8174800e+002  9.4000000e+002
  7.8262400e+002  8.7600000e+002
  7.8340800e+002  7.8400000e+002
  7.8424400e+002  8.3600000e+002
  7.8504000e+002  7.9600000e+002
  7.8588400e+002  8.4400000e+002
  7.8666800e+002  7.8400000e+002
  7.8753600e+002  8.6800000e+002
  7.8833200e+002  7.9600000e+002
  7.8927200e+002  9.4000000e+002
  7.9015600e+002  8.8400000e+002
  7.9088400e+002  7.2800000e+002
  7.9169600e+002  8.1200000e+002
  7.9243200e+002  7.3600000e+002
  7.9320800e+002  7.7600000e+002
  7.9391600e+002  7.0800000e+002
  7.9467600e+002  7.6000000e+002
  7.9547600e+002  8.0000000e+002
  7.9632000e+002  8.4400000e+002
  7.9711200e+002  7.9200000e+002
  7.9799200e+002  8.8000000e+002
  7.9892400e+002  9.3200000e+002
  7.9974800e+002  8.2400000e+002
  8.0063200e+002  8.8400000e+002
  8.0142800e+002  7.9600000e+002
  8.0244800e+002  1.0200000e+003
  8.0338000e+002  9.3200000e+002
  8.0430400e+002  9.2400000e+002
  8.0516800e+002  8.6400000e+002
  8.0609600e+002  9.2800000e+002
  8.0691200e+002  8.1600000e+002
  8.0798000e+002  1.0680000e+003
  8.0899200e+002  1.0120000e+003
  8.0990400e+002  9.1200000e+002
  8.1074000e+002  8.3600000e+002
  8.1154400e+002  8.0400000e+002
  8.1243600e+002  8.9200000e+002
  8.1320400e+002  7.6800000e+002
  8.1408400e+002  8.8000000e+002
  8.1480000e+002  7.1600000e+002
  8.1578000e+002  9.8000000e+002
  8.1655600e+002  7.7600000e+002
  8.1726400e+002  7.0800000e+002
  8.1797600e+002  7.1200000e+002
  8.1870400e+002  7.2800000e+002
  8.1944400e+002  7.4000000e+002
  8.2015200e+002  7.0800000e+002
  8.2084800e+002  6.9600000e+002
  8.2156000e+002  7.1200000e+002
  8.2228400e+002  7.2400000e+002
  8.2297200e+002  6.8800000e+002
  8.2364400e+002  6.7200000e+002
  8.2432400e+002  6.8000000e+002
  8.2501200e+002  6.8800000e+002
  8.2569600e+002  6.8400000e+002
  8.2638000e+002  6.8400000e+002
  8.2708000e+002  7.0000000e+002
  8.2782800e+002  7.4800000e+002
  8.2856800e+002  7.4000000e+002
  8.2928800e+002  7.2000000e+002
  8.3000800e+002  7.2000000e+002
  8.3074000e+002  7.3200000e+002
  8.3150400e+002  7.6400000e+002
  8.3220400e+002  7.0000000e+002
  8.3299600e+002  7.9200000e+002
  8.3374800e+002  7.5200000e+002
  8.3464400e+002  8.9600000e+002
  8.3544000e+002  7.9600000e+002
  8.3624800e+002  8.0800000e+002
  8.3713600e+002  8.8800000e+002
  8.3787200e+002  7.3600000e+002
  8.3886400e+002  9.9200000e+002
  8.3981200e+002  9.4800000e+002
  8.4060400e+002  7.9200000e+002
  8.4150800e+002  9.0400000e+002
  8.4230400e+002  7.9600000e+002
  8.4331200e+002  1.0080000e+003
  8.4416000e+002  8.4800000e+002
  8.4502800e+002  8.6800000e+002
  8.4594800e+002  9.2000000e+002
  8.4678800e+002  8.4000000e+002
  8.4772000e+002  9.3200000e+002
  8.4850800e+002  7.8800000e+002
  8.4952000e+002  1.0120000e+003
  8.5042800e+002  9.0800000e+002
  8.5115600e+002  7.2800000e+002
  8.5209200e+002  9.3600000e+002
  8.5295600e+002  8.6400000e+002
  8.5371200e+002  7.5600000e+002
  8.5443200e+002  7.2000000e+002
  8.5514000e+002  7.0800000e+002
  8.5585200e+002  7.1200000e+002
  8.5656000e+002  7.0800000e+002
  8.5728800e+002  7.2800000e+002
  8.5806800e+002  7.8000000e+002
  8.5885200e+002  7.8400000e+002
  8.5961600e+002  7.6400000e+002
  8.6036800e+002  7.5200000e+002
  8.6112400e+002  7.5600000e+002
  8.6191600e+002  7.9200000e+002
  8.6271200e+002  7.9600000e+002
  8.6348400e+002  7.7200000e+002
  8.6422000e+002  7.3600000e+002
  8.6494000e+002  7.2000000e+002
  8.6562800e+002  6.8800000e+002
  8.6630000e+002  6.7200000e+002
  8.6697600e+002  6.7600000e+002
  8.6764400e+002  6.6800000e+002
  8.6830800e+002  6.6400000e+002
  8.6896000e+002  6.5200000e+002
  8.6962800e+002  6.6800000e+002
  8.7029200e+002  6.6400000e+002
  8.7094400e+002  6.5200000e+002
  8.7159200e+002  6.4800000e+002
  8.7225600e+002  6.6400000e+002
  8.7292000e+002  6.6400000e+002
  8.7358800e+002  6.6800000e+002
  8.7427200e+002  6.8400000e+002
  8.7494000e+002  6.6800000e+002
  8.7560800e+002  6.6800000e+002
  8.7629200e+002  6.8400000e+002
  8.7698400e+002  6.9200000e+002
  8.7767600e+002  6.9200000e+002
  8.7836400e+002  6.8800000e+002
  8.7907200e+002  7.0800000e+002
  8.7981600e+002  7.4400000e+002
  8.8054800e+002  7.3200000e+002
  8.8127600e+002  7.2800000e+002
  8.8206400e+002  7.8800000e+002
  8.8286800e+002  8.0400000e+002
  8.8364400e+002  7.7600000e+002
  8.8446000e+002  8.1600000e+002
  8.8532000e+002  8.6000000e+002
  8.8613600e+002  8.1600000e+002
  8.8694400e+002  8.0800000e+002
  8.8778000e+002  8.3600000e+002
  8.8863600e+002  8.5600000e+002
  8.8933600e+002  7.0000000e+002
  8.9018400e+002  8.4800000e+002
  8.9101600e+002  8.3200000e+002
  8.9178400e+002  7.6800000e+002
  8.9253200e+002  7.4800000e+002
  8.9329600e+002  7.6400000e+002
  8.9406800e+002  7.7200000e+002
  8.9482800e+002  7.6000000e+002
  8.9556800e+002  7.4000000e+002
  8.9633600e+002  7.6800000e+002
  8.9711600e+002  7.8000000e+002
  8.9788800e+002  7.7200000e+002
  8.9864000e+002  7.5200000e+002
  8.9937200e+002  7.3200000e+002
  9.0010800e+002  7.3600000e+002
  9.0085600e+002  7.4800000e+002
  9.0161600e+002  7.6000000e+002
  9.0236400e+002  7.4800000e+002
  9.0309200e+002  7.2800000e+002
  9.0387200e+002  7.8000000e+002
  9.0458400e+002  7.1200000e+002
  9.0532800e+002  7.4400000e+002
  9.0607600e+002  7.4800000e+002
  9.0685600e+002  7.8000000e+002
  9.0764000e+002  7.8400000e+002
  9.0842000e+002  7.8000000e+002
  9.0916400e+002  7.4400000e+002
  9.0993200e+002  7.6800000e+002
  9.1073200e+002  8.0000000e+002
  9.1151200e+002  7.8000000e+002
  9.1228800e+002  7.7600000e+002
  9.1312400e+002  8.3600000e+002
  9.1397600e+002  8.5200000e+002
  9.1474800e+002  7.7200000e+002
  9.1552000e+002  7.7200000e+002
  9.1635600e+002  8.3600000e+002
  9.1718800e+002  8.3200000e+002
  9.1797200e+002  7.8400000e+002
  9.1876800e+002  7.9600000e+002
  9.1961200e+002  8.4400000e+002
  9.2045200e+002  8.4000000e+002
  9.2123600e+002  7.8400000e+002
  9.2203600e+002  8.0000000e+002
  9.2287600e+002  8.4000000e+002
  9.2369600e+002  8.2000000e+002
  9.2451200e+002  8.1600000e+002
  9.2531200e+002  8.0000000e+002
  9.2610800e+002  7.9600000e+002
  9.2692400e+002  8.1600000e+002
  9.2770800e+002  7.8400000e+002
  9.2847600e+002  7.6800000e+002
  9.2920800e+002  7.3200000e+002
  9.3002400e+002  8.1600000e+002
  9.3078400e+002  7.6000000e+002
  9.3154000e+002  7.5600000e+002
  9.3236400e+002  8.2400000e+002
  9.3320800e+002  8.4400000e+002
  9.3399200e+002  7.8400000e+002
  9.3475200e+002  7.6000000e+002
  9.3557600e+002  8.2400000e+002
  9.3643600e+002  8.6000000e+002
  9.3719600e+002  7.6000000e+002
  9.3807600e+002  8.8000000e+002
  9.3901200e+002  9.3600000e+002
  9.3984800e+002  8.3600000e+002
  9.4075600e+002  9.0800000e+002
  9.4162800e+002  8.7200000e+002
  9.4260800e+002  9.8000000e+002
  9.4349200e+002  8.8400000e+002
  9.4438800e+002  8.9600000e+002
  9.4534000e+002  9.5200000e+002
  9.4608400e+002  7.4400000e+002
  9.4709200e+002  1.0080000e+003
  9.4806400e+002  9.7200000e+002
  9.4877600e+002  7.1200000e+002
  9.4980400e+002  1.0280000e+003
  9.5079200e+002  9.8800000e+002
  9.5151200e+002  7.2000000e+002
  9.5235600e+002  8.4400000e+002
  9.5319200e+002  8.3600000e+002
  9.5396800e+002  7.7600000e+002
  9.5472000e+002  7.5200000e+002
  9.5545600e+002  7.3600000e+002
  9.5619200e+002  7.3600000e+002
  9.5695600e+002  7.6400000e+002
  9.5776800e+002  8.1200000e+002
  9.5862400e+002  8.5600000e+002
  9.5954400e+002  9.2000000e+002
  9.6038000e+002  8.3600000e+002
  9.6128400e+002  9.0400000e+002
  9.6218000e+002  8.9600000e+002
  9.6322800e+002  1.0480000e+003
  9.6420000e+002  9.7200000e+002
  9.6517200e+002  9.7200000e+002
  9.6592400e+002  7.5200000e+002
  9.6693600e+002  1.0120000e+003
  9.6764400e+002  7.0800000e+002
  9.6869600e+002  1.0520000e+003
  9.6962800e+002  9.3200000e+002
  9.7053200e+002  9.0400000e+002
  9.7127200e+002  7.4000000e+002
  9.7223600e+002  9.6400000e+002
  9.7310000e+002  8.6400000e+002
  9.7386000e+002  7.6000000e+002
  9.7487200e+002  1.0120000e+003
  9.7576400e+002  8.9200000e+002
  9.7671600e+002  9.5200000e+002
  9.7745600e+002  7.4000000e+002
  9.7850400e+002  1.0480000e+003
  9.7948400e+002  9.8000000e+002
  9.8042000e+002  9.3600000e+002
  9.8126400e+002  8.4400000e+002
  9.8214800e+002  8.8400000e+002
  9.8298000e+002  8.3200000e+002
  9.8378400e+002  8.0400000e+002
  9.8465600e+002  8.7200000e+002
  9.8545600e+002  8.0000000e+002
  9.8634800e+002  8.9200000e+002
  9.8707200e+002  7.2400000e+002
  9.8807600e+002  1.0040000e+003
  9.8900000e+002  9.2400000e+002
  9.8983200e+002  8.3200000e+002
  9.9064800e+002  8.1600000e+002
  9.9146400e+002  8.1600000e+002
  9.9237200e+002  9.0800000e+002
  9.9326400e+002  8.9200000e+002
  9.9404400e+002  7.8000000e+002
  9.9482000e+002  7.7600000e+002
  9.9570800e+002  8.8800000e+002
  9.9650800e+002  8.0000000e+002
  9.9749200e+002  9.8400000e+002
  9.9845200e+002  9.6000000e+002
  9.9920400e+002  7.5200000e+002
  1.0002320e+003  1.0280000e+003
  1.0009360e+003  7.0400000e+002
  1.0019840e+003  1.0480000e+003
  1.0029440e+003  9.6000000e+002
  1.0038680e+003  9.2400000e+002
  1.0047680e+003  9.0000000e+002
  1.0058040e+003  1.0360000e+003
  1.0067080e+003  9.0400000e+002
  1.0076800e+003  9.7200000e+002
  1.0087080e+003  1.0280000e+003
  1.0096360e+003  9.2800000e+002
  1.0105440e+003  9.0800000e+002
  1.0114000e+003  8.5600000e+002
  1.0121320e+003  7.3200000e+002
  1.0130360e+003  9.0400000e+002
  1.0137160e+003  6.8000000e+002
  1.0146560e+003  9.4000000e+002
  1.0152720e+003  6.1600000e+002
  1.0161800e+003  9.0800000e+002
  1.0168200e+003  6.4000000e+002
  1.0178280e+003  1.0080000e+003
  1.0186880e+003  8.6000000e+002
  1.0196920e+003  1.0040000e+003
  1.0203960e+003  7.0400000e+002
  1.0209560e+003  5.6000000e+002
  1.0215320e+003  5.7600000e+002
  1.0221160e+003  5.8400000e+002
  1.0230600e+003  9.4400000e+002
  1.0237360e+003  6.7600000e+002
  1.0248000e+003  1.0640000e+003
  1.0257800e+003  9.8000000e+002
  1.0267160e+003  9.3600000e+002
  1.0275760e+003  8.6000000e+002
  1.0284000e+003  8.2400000e+002
  1.0292760e+003  8.7600000e+002
  1.0301840e+003  9.0800000e+002
  1.0309040e+003  7.2000000e+002
  1.0318720e+003  9.6800000e+002
  1.0326640e+003  7.9200000e+002
  1.0334200e+003  7.5600000e+002
  1.0341600e+003  7.4000000e+002
  1.0349320e+003  7.7200000e+002
  1.0358600e+003  9.2800000e+002
  1.0368000e+003  9.4000000e+002
  1.0375600e+003  7.6000000e+002
  1.0385880e+003  1.0280000e+003
  1.0395760e+003  9.8800000e+002
  1.0404960e+003  9.2000000e+002
  1.0414880e+003  9.9200000e+002
  1.0422360e+003  7.4800000e+002
  1.0432640e+003  1.0280000e+003
  1.0442360e+003  9.7200000e+002
  1.0451240e+003  8.8800000e+002
  1.0459360e+003  8.1200000e+002
  1.0467400e+003  8.0400000e+002
  1.0475600e+003  8.2000000e+002
  1.0483560e+003  7.9600000e+002
  1.0491240e+003  7.6800000e+002
  1.0499040e+003  7.8000000e+002
  1.0507400e+003  8.3600000e+002
  1.0515480e+003  8.0800000e+002
  1.0523440e+003  7.9600000e+002
  1.0531880e+003  8.4400000e+002
  1.0539520e+003  7.6400000e+002
  1.0548880e+003  9.3600000e+002
  1.0557840e+003  8.9600000e+002
  1.0565040e+003  7.2000000e+002
  1.0574400e+003  9.3600000e+002
  1.0583720e+003  9.3200000e+002
  1.0592680e+003  8.9600000e+002
  1.0600520e+003  7.8400000e+002
  1.0608400e+003  7.8800000e+002
  1.0617000e+003  8.6000000e+002
  1.0624680e+003  7.6800000e+002
  1.0633880e+003  9.2000000e+002
  1.0642840e+003  8.9600000e+002
  1.0651320e+003  8.4800000e+002
  1.0659840e+003  8.5200000e+002
  1.0668480e+003  8.6400000e+002
  1.0677920e+003  9.4400000e+002
  1.0684920e+003  7.0000000e+002
  1.0694880e+003  9.9600000e+002
  1.0704320e+003  9.4400000e+002
  1.0713560e+003  9.2400000e+002
  1.0720880e+003  7.3200000e+002
  1.0729880e+003  9.0000000e+002
  1.0738200e+003  8.3200000e+002
  1.0746360e+003  8.1600000e+002
  1.0753920e+003  7.5600000e+002
  1.0762760e+003  8.8400000e+002
  1.0769800e+003  7.0400000e+002
  1.0779920e+003  1.0120000e+003
  1.0788680e+003  8.7600000e+002
  1.0796960e+003  8.2800000e+002
  1.0807280e+003  1.0320000e+003
  1.0814680e+003  7.4000000e+002
  1.0823960e+003  9.2800000e+002
  1.0831720e+003  7.7600000e+002
  1.0839080e+003  7.3600000e+002
  1.0846320e+003  7.2400000e+002
  1.0853600e+003  7.2800000e+002
  1.0861520e+003  7.9200000e+002
  1.0870000e+003  8.4800000e+002
  1.0878000e+003  8.0000000e+002
  1.0885760e+003  7.7600000e+002
  1.0893440e+003  7.6800000e+002
  1.0903480e+003  1.0040000e+003
  1.0912000e+003  8.5200000e+002
  1.0920080e+003  8.0800000e+002
  1.0928480e+003  8.4000000e+002
  1.0936800e+003  8.3200000e+002
  1.0944640e+003  7.8400000e+002
  1.0952560e+003  7.9200000e+002
  1.0960960e+003  8.4000000e+002
  1.0970240e+003  9.2800000e+002
  1.0978040e+003  7.8000000e+002
  1.0986360e+003  8.3200000e+002
  1.0995640e+003  9.2800000e+002
  1.1004600e+003  8.9600000e+002
  1.1013120e+003  8.5200000e+002
  1.1022520e+003  9.4000000e+002
  1.1031920e+003  9.4000000e+002
  1.1040160e+003  8.2400000e+002
  1.1048680e+003  8.5200000e+002
  1.1058720e+003  1.0040000e+003
  1.1066440e+003  7.7200000e+002
  1.1076920e+003  1.0480000e+003
  1.1086960e+003  1.0040000e+003
  1.1096480e+003  9.5200000e+002
  1.1105000e+003  8.5200000e+002
  1.1113840e+003  8.8400000e+002
  1.1123720e+003  9.8800000e+002
  1.1131200e+003  7.4800000e+002
  1.1141760e+003  1.0560000e+003
  1.1151560e+003  9.8000000e+002
  1.1160240e+003  8.6800000e+002
  1.1168160e+003  7.9200000e+002
  1.1177120e+003  8.9600000e+002
  1.1184520e+003  7.4000000e+002
  1.1194520e+003  1.0000000e+003
  1.1202960e+003  8.4400000e+002
  1.1213040e+003  1.0080000e+003
  1.1221960e+003  8.9200000e+002
  1.1229880e+003  7.9200000e+002
  1.1237360e+003  7.4800000e+002
  1.1244680e+003  7.3200000e+002
  1.1252160e+003  7.4800000e+002
  1.1260560e+003  8.4000000e+002
  1.1269560e+003  9.0000000e+002
  1.1278200e+003  8.6400000e+002
  1.1285680e+003  7.4800000e+002
  1.1292720e+003  7.0400000e+002
  1.1299640e+003  6.9200000e+002
  1.1306240e+003  6.6000000e+002
  1.1312600e+003  6.3600000e+002
  1.1318880e+003  6.2800000e+002
  1.1325080e+003  6.2000000e+002
  1.1330720e+003  5.6400000e+002
  1.1337280e+003  6.5600000e+002
  1.1343480e+003  6.2000000e+002
  1.1349680e+003  6.2000000e+002
  1.1355880e+003  6.2000000e+002
  1.1362080e+003  6.2000000e+002
  1.1368320e+003  6.2400000e+002
  1.1374600e+003  6.2800000e+002
  1.1380800e+003  6.2000000e+002
  1.1387120e+003  6.3200000e+002
  1.1393360e+003  6.2400000e+002
  1.1399680e+003  6.3200000e+002
  1.1405880e+003  6.2000000e+002
  1.1412240e+003  6.3600000e+002
  1.1418600e+003  6.3600000e+002
  1.1425080e+003  6.4800000e+002
  1.1431400e+003  6.3200000e+002
  1.1437800e+003  6.4000000e+002
  1.1444240e+003  6.4400000e+002
  1.1450640e+003  6.4000000e+002
  1.1457040e+003  6.4000000e+002
  1.1463440e+003  6.4000000e+002
  1.1469840e+003  6.4000000e+002
  1.1476200e+003  6.3600000e+002
  1.1482640e+003  6.4400000e+002
  1.1489160e+003  6.5200000e+002
  1.1494800e+003  5.6400000e+002
  1.1502160e+003  7.3600000e+002
  1.1508960e+003  6.8000000e+002
  1.1515720e+003  6.7600000e+002
  1.1521160e+003  5.4400000e+002
  1.1529400e+003  8.2400000e+002
  1.1536600e+003  7.2000000e+002
  1.1544600e+003  8.0000000e+002
  1.1552040e+003  7.4400000e+002
  1.1560000e+003  7.9600000e+002
  1.1567360e+003  7.3600000e+002
  1.1575040e+003  7.6800000e+002
  1.1582720e+003  7.6800000e+002
  1.1590280e+003  7.5600000e+002
  1.1598440e+003  8.1600000e+002
  1.1606960e+003  8.5200000e+002
  1.1615600e+003  8.6400000e+002
  1.1623680e+003  8.0800000e+002
  1.1631920e+003  8.2400000e+002
  1.1640600e+003  8.6800000e+002
  1.1649240e+003  8.6400000e+002
  1.1656960e+003  7.7200000e+002
  1.1664760e+003  7.8000000e+002
  1.1672800e+003  8.0400000e+002
  1.1681440e+003  8.6400000e+002
  1.1689040e+003  7.6000000e+002
  1.1696320e+003  7.2800000e+002
  1.1704000e+003  7.6800000e+002
  1.1711600e+003  7.6000000e+002
  1.1719480e+003  7.8800000e+002
  1.1727520e+003  8.0400000e+002
  1.1735920e+003  8.4000000e+002
  1.1743520e+003  7.6000000e+002
  1.1751840e+003  8.3200000e+002
  1.1759880e+003  8.0400000e+002
  1.1768720e+003  8.8400000e+002
  1.1776120e+003  7.4000000e+002
  1.1784440e+003  8.3200000e+002
  1.1792440e+003  8.0000000e+002
  1.1801320e+003  8.8800000e+002
  1.1809080e+003  7.7600000e+002
  1.1817760e+003  8.6800000e+002
  1.1825560e+003  7.8000000e+002
  1.1833320e+003  7.7600000e+002
  1.1841200e+003  7.8800000e+002
  1.1848920e+003  7.7200000e+002
  1.1856600e+003  7.6800000e+002
  1.1864640e+003  8.0400000e+002
  1.1872640e+003  8.0000000e+002
  1.1880400e+003  7.7600000e+002
  1.1888040e+003  7.6400000e+002
  1.1896040e+003  8.0000000e+002
  1.1904560e+003  8.5200000e+002
  1.1912600e+003  8.0400000e+002
  1.1920640e+003  8.0400000e+002
  1.1929160e+003  8.5200000e+002
  1.1938280e+003  9.1200000e+002
  1.1945800e+003  7.5200000e+002
  1.1954960e+003  9.1600000e+002
  1.1963200e+003  8.2400000e+002
  1.1971200e+003  8.0000000e+002
  1.1979120e+003  7.9200000e+002
  1.1986720e+003  7.6000000e+002
  1.1994840e+003  8.1200000e+002
  1.2003560e+003  8.7200000e+002
  1.2011520e+003  7.9600000e+002
  1.2019480e+003  7.9600000e+002
  1.2028400e+003  8.9200000e+002
  1.2036720e+003  8.3200000e+002
  1.2046520e+003  9.8000000e+002
  1.2055200e+003  8.6800000e+002
  1.2063680e+003  8.4800000e+002
  1.2071960e+003  8.2800000e+002
  1.2079960e+003  8.0000000e+002
  1.2087920e+003  7.9600000e+002
  1.2095480e+003  7.5600000e+002
  1.2105800e+003  1.0320000e+003
  1.2115160e+003  9.3600000e+002
  1.2124280e+003  9.1200000e+002
  1.2131720e+003  7.4400000e+002
  1.2141840e+003  1.0120000e+003
  1.2148680e+003  6.8400000e+002
  1.2158040e+003  9.3600000e+002
  1.2164640e+003  6.6000000e+002
  1.2174600e+003  9.9600000e+002
  1.2182480e+003  7.8800000e+002
  1.2189840e+003  7.3600000e+002
  1.2197160e+003  7.3200000e+002
  1.2204440e+003  7.2800000e+002
  1.2211440e+003  7.0000000e+002
  1.2218160e+003  6.7200000e+002
  1.2224640e+003  6.4800000e+002
  1.2231000e+003  6.3600000e+002
  1.2237280e+003  6.2800000e+002
  1.2243480e+003  6.2000000e+002
  1.2249520e+003  6.0400000e+002
  1.2255800e+003  6.2800000e+002
  1.2262000e+003  6.2000000e+002
  1.2268200e+003  6.2000000e+002
  1.2274480e+003  6.2800000e+002
  1.2280800e+003  6.3200000e+002
  1.2287080e+003  6.2800000e+002
  1.2293320e+003  6.2400000e+002
  1.2299640e+003  6.3200000e+002
  1.2306040e+003  6.4000000e+002
  1.2312400e+003  6.3600000e+002
  1.2318760e+003  6.3600000e+002
  1.2325120e+003  6.3600000e+002
  1.2331520e+003  6.4000000e+002
  1.2337840e+003  6.3200000e+002
  1.2344160e+003  6.3200000e+002
  1.2350600e+003  6.4400000e+002
  1.2357000e+003  6.4000000e+002
  1.2363440e+003  6.4400000e+002
  1.2369960e+003  6.5200000e+002
  1.2376560e+003  6.6000000e+002
  1.2383120e+003  6.5600000e+002
  1.2389720e+003  6.6000000e+002
  1.2396280e+003  6.5600000e+002
  1.2403000e+003  6.7200000e+002
  1.2409680e+003  6.6800000e+002
  1.2416400e+003  6.7200000e+002
  1.2423440e+003  7.0400000e+002
  1.2430680e+003  7.2400000e+002
  1.2437840e+003  7.1600000e+002
  1.2444880e+003  7.0400000e+002
  1.2452120e+003  7.2400000e+002
  1.2460040e+003  7.9200000e+002
  1.2467800e+003  7.7600000e+002
  1.2475320e+003  7.5200000e+002
  1.2483000e+003  7.6800000e+002
  1.2490840e+003  7.8400000e+002
  1.2498680e+003  7.8400000e+002
  1.2506120e+003  7.4400000e+002
  1.2513800e+003  7.6800000e+002
  1.2521720e+003  7.9200000e+002
  1.2529320e+003  7.6000000e+002
  1.2536920e+003  7.6000000e+002
  1.2544800e+003  7.8800000e+002
  1.2552560e+003  7.7600000e+002
  1.2560000e+003  7.4400000e+002
  1.2567520e+003  7.5200000e+002
  1.2575320e+003  7.8000000e+002
  1.2582880e+003  7.5600000e+002
  1.2590360e+003  7.4800000e+002
  1.2598000e+003  7.6400000e+002
  1.2606480e+003  8.4800000e+002
  1.2614520e+003  8.0400000e+002
  1.2622160e+003  7.6400000e+002
  1.2629800e+003  7.6400000e+002
  1.2637960e+003  8.1600000e+002
  1.2646240e+003  8.2800000e+002
  1.2654040e+003  7.8000000e+002
  1.2661800e+003  7.7600000e+002
  1.2669760e+003  7.9600000e+002
  1.2677600e+003  7.8400000e+002
  1.2685200e+003  7.6000000e+002
  1.2692960e+003  7.7600000e+002
  1.2700800e+003  7.8400000e+002
  1.2708520e+003  7.7200000e+002
  1.2716200e+003  7.6800000e+002
  1.2724280e+003  8.0800000e+002
  1.2732880e+003  8.6000000e+002
  1.2741000e+003  8.1200000e+002
  1.2748640e+003  7.6400000e+002
  1.2756320e+003  7.6800000e+002
  1.2764120e+003  7.8000000e+002
  1.2771360e+003  7.2400000e+002
  1.2779040e+003  7.6800000e+002
  1.2786320e+003  7.2800000e+002
  1.2793960e+003  7.6400000e+002
  1.2802160e+003  8.2000000e+002
  1.2810000e+003  7.8400000e+002
  1.2817760e+003  7.7600000e+002
  1.2825640e+003  7.8800000e+002
  1.2833880e+003  8.2400000e+002
  1.2841800e+003  7.9200000e+002
  1.2849400e+003  7.6000000e+002
  1.2857560e+003  8.1600000e+002
  1.2865960e+003  8.4000000e+002
  1.2873800e+003  7.8400000e+002
  1.2881880e+003  8.0800000e+002
  1.2890360e+003  8.4800000e+002
  1.2899160e+003  8.8000000e+002
  1.2907280e+003  8.1200000e+002
  1.2916440e+003  9.1600000e+002
  1.2925720e+003  9.2800000e+002
  1.2934360e+003  8.6400000e+002
  1.2942960e+003  8.6000000e+002
  1.2950600e+003  7.6400000e+002
  1.2958400e+003  7.8000000e+002
  1.2965480e+003  7.0800000e+002
  1.2972880e+003  7.4000000e+002
  1.2980360e+003  7.4800000e+002
  1.2988160e+003  7.8000000e+002
  1.2995640e+003  7.4800000e+002
  1.3003000e+003  7.3600000e+002
  1.3010640e+003  7.6400000e+002
  1.3018280e+003  7.6400000e+002
  1.3025760e+003  7.4800000e+002
  1.3033400e+003  7.6400000e+002
  1.3041520e+003  8.1200000e+002
  1.3050280e+003  8.7600000e+002
  1.3057720e+003  7.4400000e+002
  1.3066800e+003  9.0800000e+002
  1.3075680e+003  8.8800000e+002
  1.3084080e+003  8.4000000e+002
  1.3092280e+003  8.2000000e+002
  1.3100320e+003  8.0400000e+002
  1.3109200e+003  8.8800000e+002
  1.3117720e+003  8.5200000e+002
  1.3125600e+003  7.8800000e+002
  1.3134280e+003  8.6800000e+002
  1.3142040e+003  7.7600000e+002
  1.3150960e+003  8.9200000e+002
  1.3158440e+003  7.4800000e+002
  1.3167440e+003  9.0000000e+002
  1.3174680e+003  7.2400000e+002
  1.3183880e+003  9.2000000e+002
  1.3191640e+003  7.7600000e+002
  1.3199640e+003  8.0000000e+002
  1.3207520e+003  7.8800000e+002
  1.3215200e+003  7.6800000e+002
  1.3222720e+003  7.5200000e+002
  1.3230280e+003  7.5600000e+002
  1.3238200e+003  7.9200000e+002
  1.3245920e+003  7.7200000e+002
  1.3253400e+003  7.4800000e+002
  1.3260920e+003  7.5200000e+002
  1.3268760e+003  7.8400000e+002
  1.3276640e+003  7.8800000e+002
  1.3284240e+003  7.6000000e+002
  1.3291720e+003  7.4800000e+002
  1.3299960e+003  8.2400000e+002
  1.3307560e+003  7.6000000e+002
  1.3316200e+003  8.6400000e+002
  1.3323600e+003  7.4000000e+002
  1.3332800e+003  9.2000000e+002
  1.3340520e+003  7.7200000e+002
  1.3350400e+003  9.8800000e+002
  1.3358920e+003  8.5200000e+002
  1.3367080e+003  8.1600000e+002
  1.3376120e+003  9.0400000e+002
  1.3384200e+003  8.0800000e+002
  1.3392240e+003  8.0400000e+002
  1.3399560e+003  7.3200000e+002
  1.3408120e+003  8.5600000e+002
  1.3415400e+003  7.2800000e+002
  1.3422520e+003  7.1200000e+002
  1.3429480e+003  6.9600000e+002
  1.3436200e+003  6.7200000e+002
  1.3442680e+003  6.4800000e+002
  1.3449040e+003  6.3600000e+002
  1.3455280e+003  6.2400000e+002
  1.3461440e+003  6.1600000e+002
  1.3467600e+003  6.1600000e+002
  1.3473720e+003  6.1200000e+002
  1.3479960e+003  6.2400000e+002
  1.3486240e+003  6.2800000e+002
  1.3492480e+003  6.2400000e+002
  1.3498680e+003  6.2000000e+002
  1.3505040e+003  6.3600000e+002
  1.3511400e+003  6.3600000e+002
  1.3517800e+003  6.4000000e+002
  1.3524120e+003  6.3200000e+002
  1.3530560e+003  6.4400000e+002
  1.3537040e+003  6.4800000e+002
  1.3543440e+003  6.4000000e+002
  1.3549840e+003  6.4000000e+002
  1.3556360e+003  6.5200000e+002
  1.3563040e+003  6.6800000e+002
  1.3569640e+003  6.6000000e+002
  1.3576240e+003  6.6000000e+002
  1.3583040e+003  6.8000000e+002
  1.3590080e+003  7.0400000e+002
  1.3597080e+003  7.0000000e+002
  1.3604200e+003  7.1200000e+002
  1.3611440e+003  7.2400000e+002
  1.3618920e+003  7.4800000e+002
  1.3626160e+003  7.2400000e+002
  1.3633120e+003  6.9600000e+002
  1.3640120e+003  7.0000000e+002
  1.3647080e+003  6.9600000e+002
  1.3653920e+003  6.8400000e+002
  1.3660680e+003  6.7600000e+002
  1.3667760e+003  7.0800000e+002
  1.3675080e+003  7.3200000e+002
  1.3682480e+003  7.4000000e+002
  1.3689960e+003  7.4800000e+002
  1.3698000e+003  8.0400000e+002
  1.3705560e+003  7.5600000e+002
  1.3714520e+003  8.9600000e+002
  1.3722440e+003  7.9200000e+002
  1.3730280e+003  7.8400000e+002
  1.3738640e+003  8.3600000e+002
  1.3745880e+003  7.2400000e+002
  1.3754160e+003  8.2800000e+002
  1.3762240e+003  8.0800000e+002
  1.3770600e+003  8.3600000e+002
  1.3778800e+003  8.2000000e+002
  1.3786280e+003  7.4800000e+002
  1.3793760e+003  7.4800000e+002
  1.3801760e+003  8.0000000e+002
  1.3810400e+003  8.6400000e+002
  1.3818680e+003  8.2800000e+002
  1.3826440e+003  7.7600000e+002
  1.3834240e+003  7.8000000e+002
  1.3842200e+003  7.9600000e+002
  1.3850240e+003  8.0400000e+002
  1.3857880e+003  7.6400000e+002
  1.3865560e+003  7.6800000e+002
  1.3873800e+003  8.2400000e+002
  1.3881560e+003  7.7600000e+002
  1.3889240e+003  7.6800000e+002
  1.3897560e+003  8.3200000e+002
  1.3905880e+003  8.3200000e+002
  1.3913520e+003  7.6400000e+002
  1.3921280e+003  7.7600000e+002
  1.3928600e+003  7.3200000e+002
  1.3937360e+003  8.7600000e+002
  1.3945520e+003  8.1600000e+002
  1.3953360e+003  7.8400000e+002
  1.3961560e+003  8.2000000e+002
  1.3969800e+003  8.2400000e+002
  1.3977520e+003  7.7200000e+002
  1.3985280e+003  7.7600000e+002
  1.3994000e+003  8.7200000e+002
  1.4002480e+003  8.4800000e+002
  1.4010040e+003  7.5600000e+002
  1.4017480e+003  7.4400000e+002
  1.4025240e+003  7.7600000e+002
  1.4032720e+003  7.4800000e+002
  1.4040200e+003  7.4800000e+002
  1.4047280e+003  7.0800000e+002
  1.4056480e+003  9.2000000e+002
  1.4065160e+003  8.6800000e+002
  1.4072840e+003  7.6800000e+002
  1.4080360e+003  7.5200000e+002
  1.4088480e+003  8.1200000e+002
  1.4097000e+003  8.5200000e+002
  1.4104720e+003  7.7200000e+002
  1.4112680e+003  7.9600000e+002
  1.4121640e+003  8.9600000e+002
  1.4130080e+003  8.4400000e+002
  1.4138640e+003  8.5600000e+002
  1.4146120e+003  7.4800000e+002
  1.4155400e+003  9.2800000e+002
  1.4163520e+003  8.1200000e+002
  1.4171760e+003  8.2400000e+002
  1.4180840e+003  9.0800000e+002
  1.4188560e+003  7.7200000e+002
  1.4198360e+003  9.8000000e+002
  1.4207680e+003  9.3200000e+002
  1.4216160e+003  8.4800000e+002
  1.4225160e+003  9.0000000e+002
  1.4234560e+003  9.4000000e+002
  1.4243560e+003  9.0000000e+002
  1.4251800e+003  8.2400000e+002
  1.4259640e+003  7.8400000e+002
  1.4267400e+003  7.7600000e+002
  1.4275320e+003  7.9200000e+002
  1.4283200e+003  7.8800000e+002
  1.4290680e+003  7.4800000e+002
  1.4298040e+003  7.3600000e+002
  1.4305720e+003  7.6800000e+002
  1.4313640e+003  7.9200000e+002
  1.4321320e+003  7.6800000e+002
  1.4328760e+003  7.4400000e+002
  1.4336320e+003  7.5600000e+002
  1.4344120e+003  7.8000000e+002
  1.4351720e+003  7.6000000e+002
  1.4359200e+003  7.4800000e+002
  1.4366800e+003  7.6000000e+002
  1.4374760e+003  7.9600000e+002
  1.4382720e+003  7.9600000e+002
  1.4390440e+003  7.7200000e+002
  1.4398280e+003  7.8400000e+002
  1.4406600e+003  8.3200000e+002
  1.4414720e+003  8.1200000e+002
  1.4422480e+003  7.7600000e+002
  1.4430560e+003  8.0800000e+002
  1.4438560e+003  8.0000000e+002
  1.4446200e+003  7.6400000e+002
  1.4453880e+003  7.6800000e+002
  1.4462080e+003  8.2000000e+002
  1.4469720e+003  7.6400000e+002
  1.4478160e+003  8.4400000e+002
  1.4486280e+003  8.1200000e+002
  1.4494400e+003  8.1200000e+002
  1.4502560e+003  8.1600000e+002
  1.4510280e+003  7.7200000e+002
  1.4518360e+003  8.0800000e+002
  1.4526960e+003  8.6000000e+002
  1.4536000e+003  9.0400000e+002
  1.4544040e+003  8.0400000e+002
  1.4551760e+003  7.7200000e+002
  1.4559400e+003  7.6400000e+002
  1.4566920e+003  7.5200000e+002
  1.4574520e+003  7.6000000e+002
  1.4582760e+003  8.2400000e+002
  1.4591920e+003  9.1600000e+002
  1.4600000e+003  8.0800000e+002
  1.4608000e+003  8.0000000e+002
  1.4616440e+003  8.4400000e+002
  1.4625160e+003  8.7200000e+002
  1.4633440e+003  8.2800000e+002
  1.4642600e+003  9.1600000e+002
  1.4650320e+003  7.7200000e+002
  1.4660240e+003  9.9200000e+002
  1.4668720e+003  8.4800000e+002
  1.4677200e+003  8.4800000e+002
  1.4686360e+003  9.1600000e+002
  1.4695440e+003  9.0800000e+002
  1.4703280e+003  7.8400000e+002
  1.4712920e+003  9.6400000e+002
  1.4722440e+003  9.5200000e+002
  1.4730000e+003  7.5600000e+002
  1.4739320e+003  9.3200000e+002
  1.4748400e+003  9.0800000e+002
  1.4756640e+003  8.2400000e+002
  1.4764520e+003  7.8800000e+002
  1.4772320e+003  7.8000000e+002
  1.4780320e+003  8.0000000e+002
  1.4787920e+003  7.6000000e+002
  1.4795680e+003  7.7600000e+002
  1.4803160e+003  7.4800000e+002
  1.4810760e+003  7.6000000e+002
  1.4818280e+003  7.5200000e+002
  1.4825720e+003  7.4400000e+002
  1.4833720e+003  8.0000000e+002
  1.4842480e+003  8.7600000e+002
  1.4851320e+003  8.8400000e+002
  1.4859480e+003  8.1600000e+002
  1.4867760e+003  8.2800000e+002
  1.4876480e+003  8.7200000e+002
  1.4884560e+003  8.0800000e+002
  1.4892280e+003  7.7200000e+002
  1.4900160e+003  7.8800000e+002
  1.4909160e+003  9.0000000e+002
  1.4918280e+003  9.1200000e+002
  1.4925560e+003  7.2800000e+002
  1.4934840e+003  9.2800000e+002
  1.4943240e+003  8.4000000e+002
  1.4951120e+003  7.8800000e+002
  1.4958760e+003  7.6400000e+002
  1.4966200e+003  7.4400000e+002
  1.4974400e+003  8.2000000e+002
  1.4981880e+003  7.4800000e+002
  1.4990760e+003  8.8800000e+002
  1.4999120e+003  8.3600000e+002
  1.5007480e+003  8.3600000e+002
  1.5014720e+003  7.2400000e+002
  1.5023960e+003  9.2400000e+002
  1.5031680e+003  7.7200000e+002
  1.5041600e+003  9.9200000e+002
  1.5050160e+003  8.5600000e+002
  1.5057960e+003  7.8000000e+002
  1.5065880e+003  7.9200000e+002
  1.5073760e+003  7.8800000e+002
  1.5081320e+003  7.5600000e+002
  1.5088960e+003  7.6400000e+002
  1.5096440e+003  7.4800000e+002
  1.5106400e+003  9.9600000e+002
  1.5115680e+003  9.2800000e+002
  1.5125760e+003  1.0080000e+003
  1.5134360e+003  8.6000000e+002
  1.5143640e+003  9.2800000e+002
  1.5153960e+003  1.0320000e+003
  1.5163880e+003  9.9200000e+002
  1.5173160e+003  9.2800000e+002
  1.5181840e+003  8.6800000e+002
  1.5189760e+003  7.9200000e+002
  1.5197600e+003  7.8400000e+002
  1.5205120e+003  7.5200000e+002
  1.5213360e+003  8.2400000e+002
  1.5220720e+003  7.3600000e+002
  1.5227960e+003  7.2400000e+002
  1.5235240e+003  7.2800000e+002
  1.5242480e+003  7.2400000e+002
  1.5249560e+003  7.0800000e+002
  1.5256720e+003  7.1600000e+002
  1.5264200e+003  7.4800000e+002
  1.5272240e+003  8.0400000e+002
  1.5280040e+003  7.8000000e+002
  1.5287640e+003  7.6000000e+002
  1.5295200e+003  7.5600000e+002
  1.5303120e+003  7.9200000e+002
  1.5311320e+003  8.2000000e+002
  1.5319200e+003  7.8800000e+002
  1.5327280e+003  8.0800000e+002
  1.5336080e+003  8.8000000e+002
  1.5345080e+003  9.0000000e+002
  1.5353480e+003  8.4000000e+002
  1.5361800e+003  8.3200000e+002
  1.5370360e+003  8.5600000e+002
  1.5378720e+003  8.3600000e+002
  1.5387240e+003  8.5200000e+002
  1.5396480e+003  9.2400000e+002
  1.5406080e+003  9.6000000e+002
  1.5414280e+003  8.2000000e+002
  1.5423720e+003  9.4400000e+002
  1.5431680e+003  7.9600000e+002
  1.5442320e+003  1.0640000e+003
  1.5452400e+003  1.0080000e+003
  1.5459720e+003  7.3200000e+002
  1.5469920e+003  1.0200000e+003
  1.5477200e+003  7.2800000e+002
  1.5487800e+003  1.0600000e+003
  1.5497040e+003  9.2400000e+002
  1.5504840e+003  7.8000000e+002
  1.5512640e+003  7.8000000e+002
  1.5520480e+003  7.8400000e+002
  1.5528280e+003  7.8000000e+002
  1.5536320e+003  8.0400000e+002
  1.5546280e+003  9.9600000e+002
  1.5554520e+003  8.2400000e+002
  1.5562120e+003  7.6000000e+002
  1.5569720e+003  7.6000000e+002
  1.5577640e+003  7.9200000e+002
  1.5585400e+003  7.7600000e+002
  1.5593040e+003  7.6400000e+002
  1.5601280e+003  8.2400000e+002
  1.5609800e+003  8.5200000e+002
  1.5617880e+003  8.0800000e+002
  1.5626720e+003  8.8400000e+002
  1.5636160e+003  9.4400000e+002
  1.5644440e+003  8.2800000e+002
  1.5653720e+003  9.2800000e+002
  1.5660480e+003  6.7600000e+002
  1.5670240e+003  9.7600000e+002
  1.5678320e+003  8.0800000e+002
  1.5686240e+003  7.9200000e+002
  1.5694200e+003  7.9600000e+002
  1.5702280e+003  8.0800000e+002
  1.5710200e+003  7.9200000e+002
  1.5717800e+003  7.6000000e+002
  1.5725400e+003  7.6000000e+002
  1.5733240e+003  7.8400000e+002
  1.5741640e+003  8.4000000e+002
  1.5750560e+003  8.9200000e+002
  1.5758560e+003  8.0000000e+002
  1.5766400e+003  7.8400000e+002
  1.5773440e+003  7.0400000e+002
  1.5780320e+003  6.8800000e+002
  1.5786920e+003  6.6000000e+002
  1.5793440e+003  6.5200000e+002
  1.5799840e+003  6.4000000e+002
  1.5806160e+003  6.3200000e+002
  1.5812520e+003  6.3600000e+002
  1.5818800e+003  6.2800000e+002
  1.5825000e+003  6.2000000e+002
  1.5831080e+003  6.0800000e+002
  1.5837280e+003  6.2000000e+002
  1.5843440e+003  6.1600000e+002
  1.5849560e+003  6.1200000e+002
  1.5855720e+003  6.1600000e+002
  1.5861880e+003  6.1600000e+002
  1.5868000e+003  6.1200000e+002
  1.5874080e+003  6.0800000e+002
  1.5880160e+003  6.0800000e+002
  1.5886240e+003  6.0800000e+002
  1.5892240e+003  6.0000000e+002
  1.5898280e+003  6.0400000e+002
  1.5904280e+003  6.0000000e+002
  1.5910320e+003  6.0400000e+002
  1.5916320e+003  6.0000000e+002
  1.5922320e+003  6.0000000e+002
  1.5928320e+003  6.0000000e+002
  1.5934240e+003  5.9200000e+002
  1.5940160e+003  5.9200000e+002
  1.5946200e+003  6.0400000e+002
  1.5952200e+003  6.0000000e+002
  1.5958240e+003  6.0400000e+002
  1.5964320e+003  6.0800000e+002
  1.5970400e+003  6.0800000e+002
  1.5976440e+003  6.0400000e+002
  1.5982520e+003  6.0800000e+002
  1.5988720e+003  6.2000000e+002
  1.5994840e+003  6.1200000e+002
  1.6001040e+003  6.2000000e+002
  1.6007280e+003  6.2400000e+002
  1.6013520e+003  6.2400000e+002
  1.6019840e+003  6.3200000e+002
  1.6026120e+003  6.2800000e+002
  1.6032320e+003  6.2000000e+002
  1.6038680e+003  6.3600000e+002
  1.6045240e+003  6.5600000e+002
  1.6051720e+003  6.4800000e+002
  1.6058200e+003  6.4800000e+002
  1.6064680e+003  6.4800000e+002
  1.6071240e+003  6.5600000e+002
  1.6077840e+003  6.6000000e+002
  1.6084480e+003  6.6400000e+002
  1.6091200e+003  6.7200000e+002
  1.6098200e+003  7.0000000e+002
  1.6105520e+003  7.3200000e+002
  1.6112160e+003  6.6400000e+002
  1.6119680e+003  7.5200000e+002
  1.6127160e+003  7.4800000e+002
  1.6134640e+003  7.4800000e+002
  1.6141560e+003  6.9200000e+002
  1.6148840e+003  7.2800000e+002
  1.6156080e+003  7.2400000e+002
  1.6163240e+003  7.1600000e+002
  1.6169200e+003  5.9600000e+002
  1.6177080e+003  7.8800000e+002
  1.6184240e+003  7.1600000e+002
  1.6191640e+003  7.4000000e+002
  1.6199080e+003  7.4400000e+002
  1.6206400e+003  7.3200000e+002
  1.6213520e+003  7.1200000e+002
  1.6220960e+003  7.4400000e+002
  1.6228960e+003  8.0000000e+002
  1.6236800e+003  7.8400000e+002
  1.6244160e+003  7.3600000e+002
  1.6251200e+003  7.0400000e+002
  1.6258240e+003  7.0400000e+002
  1.6265120e+003  6.8800000e+002
  1.6271760e+003  6.6400000e+002
  1.6278400e+003  6.6400000e+002
  1.6284920e+003  6.5200000e+002
  1.6291520e+003  6.6000000e+002
  1.6298040e+003  6.5200000e+002
  1.6304800e+003  6.7600000e+002
  1.6311600e+003  6.8000000e+002
  1.6318320e+003  6.7200000e+002
  1.6325040e+003  6.7200000e+002
  1.6332040e+003  7.0000000e+002
  1.6339000e+003  6.9600000e+002
  1.6345920e+003  6.9200000e+002
  1.6352800e+003  6.8800000e+002
  1.6360000e+003  7.2000000e+002
  1.6367360e+003  7.3600000e+002
  1.6374480e+003  7.1200000e+002
  1.6381520e+003  7.0400000e+002
  1.6388960e+003  7.4400000e+002
  1.6396720e+003  7.7600000e+002
  1.6404600e+003  7.8800000e+002
  1.6412360e+003  7.7600000e+002
  1.6420560e+003  8.2000000e+002
  1.6428440e+003  7.8800000e+002
  1.6436080e+003  7.6400000e+002
  1.6443280e+003  7.2000000e+002
  1.6450600e+003  7.3200000e+002
  1.6458320e+003  7.7200000e+002
  1.6466200e+003  7.8800000e+002
  1.6473600e+003  7.4000000e+002
  1.6481000e+003  7.4000000e+002
  1.6488640e+003  7.6400000e+002
  1.6496720e+003  8.0800000e+002
  1.6504600e+003  7.8800000e+002
  1.6512240e+003  7.6400000e+002
  1.6520280e+003  8.0400000e+002
  1.6528640e+003  8.3600000e+002
  1.6536520e+003  7.8800000e+002
  1.6544280e+003  7.7600000e+002
  1.6552000e+003  7.7200000e+002
  1.6559560e+003  7.5600000e+002
  1.6567080e+003  7.5200000e+002
  1.6574200e+003  7.1200000e+002
  1.6581320e+003  7.1200000e+002
  1.6588640e+003  7.3200000e+002
  1.6595960e+003  7.3200000e+002
  1.6603680e+003  7.7200000e+002
  1.6611000e+003  7.3200000e+002
  1.6618240e+003  7.2400000e+002
  1.6625280e+003  7.0400000e+002
  1.6632080e+003  6.8000000e+002
  1.6638680e+003  6.6000000e+002
  1.6645240e+003  6.5600000e+002
  1.6651800e+003  6.5600000e+002
  1.6658400e+003  6.6000000e+002
  1.6665080e+003  6.6800000e+002
  1.6671920e+003  6.8400000e+002
  1.6678760e+003  6.8400000e+002
  1.6685560e+003  6.8000000e+002
  1.6692400e+003  6.8400000e+002
  1.6699160e+003  6.7600000e+002
  1.6705840e+003  6.6800000e+002
  1.6712520e+003  6.6800000e+002
  1.6719400e+003  6.8800000e+002
  1.6726160e+003  6.7600000e+002
  1.6732880e+003  6.7200000e+002
  1.6739680e+003  6.8000000e+002
  1.6746680e+003  7.0000000e+002
  1.6753720e+003  7.0400000e+002
  1.6760800e+003  7.0800000e+002
  1.6767880e+003  7.0800000e+002
  1.6775120e+003  7.2400000e+002
  1.6782520e+003  7.4000000e+002
  1.6789920e+003  7.4000000e+002
  1.6797200e+003  7.2800000e+002
  1.6805000e+003  7.8000000e+002
  1.6813160e+003  8.1600000e+002
  1.6820760e+003  7.6000000e+002
  1.6828240e+003  7.4800000e+002
  1.6835880e+003  7.6400000e+002
  1.6843520e+003  7.6400000e+002
  1.6850920e+003  7.4000000e+002
  1.6858600e+003  7.6800000e+002
  1.6866760e+003  8.1600000e+002
  1.6875800e+003  9.0400000e+002
  1.6884280e+003  8.4800000e+002
  1.6892720e+003  8.4400000e+002
  1.6901640e+003  8.9200000e+002
  1.6908680e+003  7.0400000e+002
  1.6917680e+003  9.0000000e+002
  1.6925080e+003  7.4000000e+002
  1.6932200e+003  7.1200000e+002
  1.6939120e+003  6.9200000e+002
  1.6945760e+003  6.6400000e+002
  1.6952320e+003  6.5600000e+002
  1.6958880e+003  6.5600000e+002
  1.6965280e+003  6.4000000e+002
  1.6971680e+003  6.4000000e+002
  1.6978120e+003  6.4400000e+002
  1.6984560e+003  6.4400000e+002
  1.6990880e+003  6.3200000e+002
  1.6997200e+003  6.3200000e+002
  1.7003560e+003  6.3600000e+002
  1.7009880e+003  6.3200000e+002
  1.7016280e+003  6.4000000e+002
  1.7022600e+003  6.3200000e+002
  1.7028960e+003  6.3600000e+002
  1.7035320e+003  6.3600000e+002
  1.7041680e+003  6.3600000e+002
  1.7047960e+003  6.2800000e+002
  1.7054360e+003  6.4000000e+002
  1.7059080e+003  4.7200000e+002
  1.7066600e+003  7.5200000e+002
  1.7073080e+003  6.4800000e+002
  1.7079640e+003  6.5600000e+002
  1.7086200e+003  6.5600000e+002
  1.7092640e+003  6.4400000e+002
  1.7099040e+003  6.4000000e+002
  1.7105320e+003  6.2800000e+002
  1.7111560e+003  6.2400000e+002
  1.7117680e+003  6.1200000e+002
  1.7123760e+003  6.0800000e+002
  1.7129840e+003  6.0800000e+002
  1.7135920e+003  6.0800000e+002
  1.7142000e+003  6.0800000e+002
  1.7147960e+003  5.9600000e+002
  1.7153840e+003  5.8800000e+002
  1.7159760e+003  5.9200000e+002
  1.7165640e+003  5.8800000e+002
  1.7171480e+003  5.8400000e+002
  1.7177240e+003  5.7600000e+002
  1.7182960e+003  5.7200000e+002
  1.7188720e+003  5.7600000e+002
  1.7194480e+003  5.7600000e+002
  1.7200280e+003  5.8000000e+002
  1.7206080e+003  5.8000000e+002
  1.7211880e+003  5.8000000e+002
  1.7217800e+003  5.9200000e+002
  1.7223680e+003  5.8800000e+002
  1.7229640e+003  5.9600000e+002
  1.7235600e+003  5.9600000e+002
  1.7241560e+003  5.9600000e+002
  1.7247600e+003  6.0400000e+002
  1.7253560e+003  5.9600000e+002
  1.7259600e+003  6.0400000e+002
  1.7265640e+003  6.0400000e+002
  1.7271680e+003  6.0400000e+002
  1.7277800e+003  6.1200000e+002
  1.7283880e+003  6.0800000e+002
  1.7290080e+003  6.2000000e+002
  1.7296280e+003  6.2000000e+002
  1.7302440e+003  6.1600000e+002
  1.7308640e+003  6.2000000e+002
  1.7314880e+003  6.2400000e+002
  1.7321080e+003  6.2000000e+002
  1.7327360e+003  6.2800000e+002
  1.7333720e+003  6.3600000e+002
  1.7340080e+003  6.3600000e+002
  1.7346360e+003  6.2800000e+002
  1.7352680e+003  6.3200000e+002
  1.7359000e+003  6.3200000e+002
  1.7365240e+003  6.2400000e+002
  1.7371600e+003  6.3600000e+002
  1.7377880e+003  6.2800000e+002
  1.7384080e+003  6.2000000e+002
  1.7390360e+003  6.2800000e+002
  1.7396600e+003  6.2400000e+002
  1.7402880e+003  6.2800000e+002
  1.7409160e+003  6.2800000e+002
  1.7415480e+003  6.3200000e+002
  1.7421760e+003  6.2800000e+002
  1.7428080e+003  6.3200000e+002
  1.7434480e+003  6.4000000e+002
  1.7441000e+003  6.5200000e+002
  1.7447560e+003  6.5600000e+002
  1.7454200e+003  6.6400000e+002
  1.7460800e+003  6.6000000e+002
  1.7467520e+003  6.7200000e+002
  1.7474360e+003  6.8400000e+002
  1.7481320e+003  6.9600000e+002
  1.7488200e+003  6.8800000e+002
  1.7494960e+003  6.7600000e+002
  1.7501840e+003  6.8800000e+002
  1.7508840e+003  7.0000000e+002
  1.7515800e+003  6.9600000e+002
  1.7522640e+003  6.8400000e+002
  1.7529600e+003  6.9600000e+002
  1.7536680e+003  7.0800000e+002
  1.7543720e+003  7.0400000e+002
  1.7550720e+003  7.0000000e+002
  1.7557960e+003  7.2400000e+002
  1.7565200e+003  7.2400000e+002
  1.7571960e+003  6.7600000e+002
  1.7578480e+003  6.5200000e+002
  1.7584960e+003  6.4800000e+002
  1.7591360e+003  6.4000000e+002
  1.7597760e+003  6.4000000e+002
  1.7604160e+003  6.4000000e+002
  1.7610480e+003  6.3200000e+002
  1.7616800e+003  6.3200000e+002
  1.7623160e+003  6.3600000e+002
  1.7629520e+003  6.3600000e+002
  1.7635720e+003  6.2000000e+002
  1.7641960e+003  6.2400000e+002
  1.7648240e+003  6.2800000e+002
  1.7654360e+003  6.1200000e+002
  1.7660640e+003  6.2800000e+002
  1.7666880e+003  6.2400000e+002
  1.7673160e+003  6.2800000e+002
  1.7679400e+003  6.2400000e+002
  1.7685520e+003  6.1200000e+002
  1.7691720e+003  6.2000000e+002
  1.7697840e+003  6.1200000e+002
  1.7704000e+003  6.1600000e+002
  1.7710080e+003  6.0800000e+002
  1.7716160e+003  6.0800000e+002
  1.7722280e+003  6.1200000e+002
  1.7728240e+003  5.9600000e+002
  1.7734240e+003  6.0000000e+002
  1.7740120e+003  5.8800000e+002
  1.7746000e+003  5.8800000e+002
  1.7751880e+003  5.8800000e+002
  1.7757680e+003  5.8000000e+002
  1.7763480e+003  5.8000000e+002
  1.7769280e+003  5.8000000e+002
  1.7775080e+003  5.8000000e+002
  1.7780800e+003  5.7200000e+002
  1.7786520e+003  5.7200000e+002
  1.7792280e+003  5.7600000e+002
  1.7798000e+003  5.7200000e+002
  1.7803760e+003  5.7600000e+002
  1.7809520e+003  5.7600000e+002
  1.7815200e+003  5.6800000e+002
  1.7820960e+003  5.7600000e+002
  1.7826760e+003  5.8000000e+002
  1.7832480e+003  5.7200000e+002
  1.7838240e+003  5.7600000e+002
  1.7844040e+003  5.8000000e+002
  1.7849840e+003  5.8000000e+002
  1.7855680e+003  5.8400000e+002
  1.7861560e+003  5.8800000e+002
  1.7867480e+003  5.9200000e+002
  1.7873440e+003  5.9600000e+002
  1.7879400e+003  5.9600000e+002
  1.7885400e+003  6.0000000e+002
  1.7891400e+003  6.0000000e+002
  1.7897400e+003  6.0000000e+002
  1.7903600e+003  6.2000000e+002
  1.7909720e+003  6.1200000e+002
  1.7915880e+003  6.1600000e+002
  1.7922080e+003  6.2000000e+002
  1.7928240e+003  6.1600000e+002
  1.7934400e+003  6.1600000e+002
  1.7940600e+003  6.2000000e+002
  1.7946720e+003  6.1200000e+002
  1.7952920e+003  6.2000000e+002
  1.7959120e+003  6.2000000e+002
  1.7965280e+003  6.1600000e+002
  1.7971520e+003  6.2400000e+002
  1.7977840e+003  6.3200000e+002
