  1.0480000e+000  7.0200000e+002
  1.7440000e+000  6.9600000e+002
  2.4400000e+000  6.9600000e+002
  3.1360000e+000  6.9600000e+002
  3.8320000e+000  6.9600000e+002
  4.5240000e+000  6.9200000e+002
  5.2160000e+000  6.9200000e+002
  5.9240000e+000  7.0800000e+002
  6.6240000e+000  7.0000000e+002
  7.3280000e+000  7.0400000e+002
  8.0240000e+000  6.9600000e+002
  8.7520000e+000  7.2800000e+002
  9.4600000e+000  7.0800000e+002
  1.0164000e+001  7.0400000e+002
  1.0864000e+001  7.0000000e+002
  1.1564000e+001  7.0000000e+002
  1.2248000e+001  6.8400000e+002
  1.2952000e+001  7.0400000e+002
  1.3640000e+001  6.8800000e+002
  1.4336000e+001  6.9600000e+002
  1.5024000e+001  6.8800000e+002
  1.5720000e+001  6.9600000e+002
  1.6412000e+001  6.9200000e+002
  1.7108000e+001  6.9600000e+002
  1.7804000e+001  6.9600000e+002
  1.8512000e+001  7.0800000e+002
  1.9220000e+001  7.0800000e+002
  1.9928000e+001  7.0800000e+002
  2.0620000e+001  6.9200000e+002
  2.1332000e+001  7.1200000e+002
  2.2032000e+001  7.0000000e+002
  2.2744000e+001  7.1200000e+002
  2.3456000e+001  7.1200000e+002
  2.4152000e+001  6.9600000e+002
  2.4864000e+001  7.1200000e+002
  2.5576000e+001  7.1200000e+002
  2.6292000e+001  7.1600000e+002
  2.7000000e+001  7.0800000e+002
  2.7720000e+001  7.2000000e+002
  2.8440000e+001  7.2000000e+002
  2.9164000e+001  7.2400000e+002
  2.9888000e+001  7.2400000e+002
  3.0620000e+001  7.3200000e+002
  3.1336000e+001  7.1600000e+002
  3.2068000e+001  7.3200000e+002
  3.2792000e+001  7.2400000e+002
  3.3508000e+001  7.1600000e+002
  3.4232000e+001  7.2400000e+002
  3.4936000e+001  7.0400000e+002
  3.5664000e+001  7.2800000e+002
  3.6384000e+001  7.2000000e+002
  3.7104000e+001  7.2000000e+002
  3.7828000e+001  7.2400000e+002
  3.8540000e+001  7.1200000e+002
  3.9268000e+001  7.2800000e+002
  3.9976000e+001  7.0800000e+002
  4.0704000e+001  7.2800000e+002
  4.1416000e+001  7.1200000e+002
  4.2144000e+001  7.2800000e+002
  4.2856000e+001  7.1200000e+002
  4.3576000e+001  7.2000000e+002
  4.4292000e+001  7.1600000e+002
  4.5016000e+001  7.2400000e+002
  4.5736000e+001  7.2000000e+002
  4.6448000e+001  7.1200000e+002
  4.7168000e+001  7.2000000e+002
  4.7884000e+001  7.1600000e+002
  4.8604000e+001  7.2000000e+002
  4.9316000e+001  7.1200000e+002
  5.0044000e+001  7.2800000e+002
  5.0768000e+001  7.2400000e+002
  5.1488000e+001  7.2000000e+002
  5.2216000e+001  7.2800000e+002
  5.2928000e+001  7.1200000e+002
  5.3664000e+001  7.3600000e+002
  5.4388000e+001  7.2400000e+002
  5.5104000e+001  7.1600000e+002
  5.5832000e+001  7.2800000e+002
  5.6548000e+001  7.1600000e+002
  5.7272000e+001  7.2400000e+002
  5.7992000e+001  7.2000000e+002
  5.8720000e+001  7.2800000e+002
  5.9460000e+001  7.4000000e+002
  6.0212000e+001  7.5200000e+002
  6.0964000e+001  7.5200000e+002
  6.1704000e+001  7.4000000e+002
  6.2444000e+001  7.4000000e+002
  6.3168000e+001  7.2400000e+002
  6.3912000e+001  7.4400000e+002
  6.4632000e+001  7.2000000e+002
  6.5384000e+001  7.5200000e+002
  6.6116000e+001  7.3200000e+002
  6.6848000e+001  7.3200000e+002
  6.7572000e+001  7.2400000e+002
  6.8312000e+001  7.4000000e+002
  6.9052000e+001  7.4000000e+002
  6.9784000e+001  7.3200000e+002
  7.0532000e+001  7.4800000e+002
  7.1268000e+001  7.3600000e+002
  7.2004000e+001  7.3600000e+002
  7.2744000e+001  7.4000000e+002
  7.3500000e+001  7.5600000e+002
  7.4244000e+001  7.4400000e+002
  7.4952000e+001  7.0800000e+002
  7.5712000e+001  7.6000000e+002
  7.6428000e+001  7.1600000e+002
  7.7176000e+001  7.4800000e+002
  7.7904000e+001  7.2800000e+002
  7.8652000e+001  7.4800000e+002
  7.9408000e+001  7.5600000e+002
  8.0152000e+001  7.4400000e+002
  8.0872000e+001  7.2000000e+002
  8.1604000e+001  7.3200000e+002
  8.2348000e+001  7.4400000e+002
  8.3080000e+001  7.3200000e+002
  8.3820000e+001  7.4000000e+002
  8.4544000e+001  7.2400000e+002
  8.5288000e+001  7.4400000e+002
  8.6024000e+001  7.3600000e+002
  8.6772000e+001  7.4800000e+002
  8.7516000e+001  7.4400000e+002
  8.8264000e+001  7.4800000e+002
  8.9000000e+001  7.3600000e+002
  8.9760000e+001  7.6000000e+002
  9.0484000e+001  7.2400000e+002
  9.1244000e+001  7.6000000e+002
  9.1984000e+001  7.4000000e+002
  9.2724000e+001  7.4000000e+002
  9.3456000e+001  7.3200000e+002
  9.4184000e+001  7.2800000e+002
  9.4924000e+001  7.4000000e+002
  9.5644000e+001  7.2000000e+002
  9.6380000e+001  7.3600000e+002
  9.7100000e+001  7.2000000e+002
  9.7824000e+001  7.2400000e+002
  9.8540000e+001  7.1600000e+002
  9.9236000e+001  6.9600000e+002
  9.9968000e+001  7.3200000e+002
  1.0068000e+002  7.1200000e+002
  1.0140000e+002  7.2000000e+002
  1.0213200e+002  7.3200000e+002
  1.0285200e+002  7.2000000e+002
  1.0360000e+002  7.4800000e+002
  1.0434800e+002  7.4800000e+002
  1.0509200e+002  7.4400000e+002
  1.0584000e+002  7.4800000e+002
  1.0657600e+002  7.3600000e+002
  1.0731600e+002  7.4000000e+002
  1.0805600e+002  7.4000000e+002
  1.0881200e+002  7.5600000e+002
  1.0954800e+002  7.3600000e+002
  1.1030400e+002  7.5600000e+002
  1.1104800e+002  7.4400000e+002
  1.1179600e+002  7.4800000e+002
  1.1254800e+002  7.5200000e+002
  1.1328800e+002  7.4000000e+002
  1.1405200e+002  7.6400000e+002
  1.1481600e+002  7.6400000e+002
  1.1558800e+002  7.7200000e+002
  1.1634400e+002  7.5600000e+002
  1.1710400e+002  7.6000000e+002
  1.1784000e+002  7.3600000e+002
  1.1859600e+002  7.5600000e+002
  1.1936000e+002  7.6400000e+002
  1.2012400e+002  7.6400000e+002
  1.2092000e+002  7.9600000e+002
  1.2172800e+002  8.0800000e+002
  1.2256000e+002  8.3200000e+002
  1.2338800e+002  8.2800000e+002
  1.2419600e+002  8.0800000e+002
  1.2498000e+002  7.8400000e+002
  1.2575600e+002  7.7600000e+002
  1.2650000e+002  7.4400000e+002
  1.2724800e+002  7.4800000e+002
  1.2799200e+002  7.4400000e+002
  1.2874800e+002  7.5600000e+002
  1.2950000e+002  7.5200000e+002
  1.3026000e+002  7.6000000e+002
  1.3100400e+002  7.4400000e+002
  1.3174800e+002  7.4400000e+002
  1.3246800e+002  7.2000000e+002
  1.3318000e+002  7.1200000e+002
  1.3388800e+002  7.0800000e+002
  1.3459600e+002  7.0800000e+002
  1.3530400e+002  7.0800000e+002
  1.3600800e+002  7.0400000e+002
  1.3670000e+002  6.9200000e+002
  1.3742400e+002  7.2400000e+002
  1.3816000e+002  7.3600000e+002
  1.3888000e+002  7.2000000e+002
  1.3960000e+002  7.2000000e+002
  1.4032400e+002  7.2400000e+002
  1.4104800e+002  7.2400000e+002
  1.4177600e+002  7.2800000e+002
  1.4248400e+002  7.0800000e+002
  1.4320400e+002  7.2000000e+002
  1.4391200e+002  7.0800000e+002
  1.4462000e+002  7.0800000e+002
  1.4531200e+002  6.9200000e+002
  1.4601200e+002  7.0000000e+002
  1.4674000e+002  7.2800000e+002
  1.4745200e+002  7.1200000e+002
  1.4816000e+002  7.0800000e+002
  1.4887600e+002  7.1600000e+002
  1.4958800e+002  7.1200000e+002
  1.5028400e+002  6.9600000e+002
  1.5101600e+002  7.3200000e+002
  1.5174000e+002  7.2400000e+002
  1.5245600e+002  7.1600000e+002
  1.5320400e+002  7.4800000e+002
  1.5393200e+002  7.2800000e+002
  1.5466400e+002  7.3200000e+002
  1.5538800e+002  7.2400000e+002
  1.5611600e+002  7.2800000e+002
  1.5685600e+002  7.4000000e+002
  1.5760000e+002  7.4400000e+002
  1.5831200e+002  7.1200000e+002
  1.5906000e+002  7.4800000e+002
  1.5978000e+002  7.2000000e+002
  1.6051600e+002  7.3600000e+002
  1.6125200e+002  7.3600000e+002
  1.6197600e+002  7.2400000e+002
  1.6271200e+002  7.3600000e+002
  1.6343600e+002  7.2400000e+002
  1.6416800e+002  7.3200000e+002
  1.6490400e+002  7.3600000e+002
  1.6563600e+002  7.3200000e+002
  1.6636800e+002  7.3200000e+002
  1.6710000e+002  7.3200000e+002
  1.6783200e+002  7.3200000e+002
  1.6856400e+002  7.3200000e+002
  1.6927200e+002  7.0800000e+002
  1.7002000e+002  7.4800000e+002
  1.7074800e+002  7.2800000e+002
  1.7147200e+002  7.2400000e+002
  1.7220400e+002  7.3200000e+002
  1.7294400e+002  7.4000000e+002
  1.7367600e+002  7.3200000e+002
  1.7440800e+002  7.3200000e+002
  1.7516400e+002  7.5600000e+002
  1.7589600e+002  7.3200000e+002
  1.7664000e+002  7.4400000e+002
  1.7737200e+002  7.3200000e+002
  1.7812000e+002  7.4800000e+002
  1.7889200e+002  7.7200000e+002
  1.7965200e+002  7.6000000e+002
  1.8041200e+002  7.6000000e+002
  1.8115600e+002  7.4400000e+002
  1.8191200e+002  7.5600000e+002
  1.8266400e+002  7.5200000e+002
  1.8340000e+002  7.3600000e+002
  1.8414400e+002  7.4400000e+002
  1.8487200e+002  7.2800000e+002
  1.8559600e+002  7.2400000e+002
  1.8633600e+002  7.4000000e+002
  1.8710800e+002  7.7200000e+002
  1.8785200e+002  7.4400000e+002
  1.8858800e+002  7.3600000e+002
  1.8932800e+002  7.4000000e+002
  1.9006400e+002  7.3600000e+002
  1.9080400e+002  7.4000000e+002
  1.9155600e+002  7.5200000e+002
  1.9229200e+002  7.3600000e+002
  1.9304800e+002  7.5600000e+002
  1.9379600e+002  7.4800000e+002
  1.9455600e+002  7.6000000e+002
  1.9530800e+002  7.5200000e+002
  1.9608000e+002  7.7200000e+002
  1.9683200e+002  7.5200000e+002
  1.9758000e+002  7.4800000e+002
  1.9832400e+002  7.4400000e+002
  1.9909200e+002  7.6800000e+002
  1.9986800e+002  7.7600000e+002
  2.0064800e+002  7.8000000e+002
  2.0142800e+002  7.8000000e+002
  2.0220000e+002  7.7200000e+002
  2.0297600e+002  7.7600000e+002
  2.0376000e+002  7.8400000e+002
  2.0450800e+002  7.4800000e+002
  2.0526000e+002  7.5200000e+002
  2.0600800e+002  7.4800000e+002
  2.0676400e+002  7.5600000e+002
  2.0751600e+002  7.5200000e+002
  2.0826800e+002  7.5200000e+002
  2.0903200e+002  7.6400000e+002
  2.0980000e+002  7.6800000e+002
  2.1053600e+002  7.3600000e+002
  2.1131200e+002  7.7600000e+002
  2.1208000e+002  7.6800000e+002
  2.1284800e+002  7.6800000e+002
  2.1362000e+002  7.7200000e+002
  2.1439200e+002  7.7200000e+002
  2.1517200e+002  7.8000000e+002
  2.1594800e+002  7.7600000e+002
  2.1671600e+002  7.6800000e+002
  2.1748800e+002  7.7200000e+002
  2.1825600e+002  7.6800000e+002
  2.1900800e+002  7.5200000e+002
  2.1975600e+002  7.4800000e+002
  2.2050800e+002  7.5200000e+002
  2.2125600e+002  7.4800000e+002
  2.2200800e+002  7.5200000e+002
  2.2276000e+002  7.5200000e+002
  2.2352400e+002  7.6400000e+002
  2.2428800e+002  7.6400000e+002
  2.2504800e+002  7.6000000e+002
  2.2581600e+002  7.6800000e+002
  2.2659600e+002  7.8000000e+002
  2.2738800e+002  7.9200000e+002
  2.2816800e+002  7.8000000e+002
  2.2894800e+002  7.8000000e+002
  2.2971200e+002  7.6400000e+002
  2.3046800e+002  7.5600000e+002
  2.3124800e+002  7.8000000e+002
  2.3202400e+002  7.7600000e+002
  2.3280000e+002  7.7600000e+002
  2.3357200e+002  7.7200000e+002
  2.3435200e+002  7.8000000e+002
  2.3510800e+002  7.5600000e+002
  2.3588800e+002  7.8000000e+002
  2.3666000e+002  7.7200000e+002
  2.3745600e+002  7.9600000e+002
  2.3829600e+002  8.4000000e+002
  2.3910800e+002  8.1200000e+002
  2.3990400e+002  7.9600000e+002
  2.4068800e+002  7.8400000e+002
  2.4149200e+002  8.0400000e+002
  2.4226800e+002  7.7600000e+002
  2.4304400e+002  7.7600000e+002
  2.4382000e+002  7.7600000e+002
  2.4462800e+002  8.0800000e+002
  2.4542800e+002  8.0000000e+002
  2.4623600e+002  8.0800000e+002
  2.4705600e+002  8.2000000e+002
  2.4790000e+002  8.4400000e+002
  2.4874400e+002  8.4400000e+002
  2.4956000e+002  8.1600000e+002
  2.5038000e+002  8.2000000e+002
  2.5119600e+002  8.1600000e+002
  2.5199600e+002  8.0000000e+002
  2.5278000e+002  7.8400000e+002
  2.5356800e+002  7.8800000e+002
  2.5437200e+002  8.0400000e+002
  2.5519600e+002  8.2400000e+002
  2.5602400e+002  8.2800000e+002
  2.5684800e+002  8.2400000e+002
  2.5770400e+002  8.5600000e+002
  2.5852800e+002  8.2400000e+002
  2.5934000e+002  8.1200000e+002
  2.6017200e+002  8.2800000e+002
  2.6099600e+002  8.2400000e+002
  2.6180400e+002  8.0800000e+002
  2.6262000e+002  8.1600000e+002
  2.6342000e+002  8.0000000e+002
  2.6425200e+002  8.3200000e+002
  2.6508000e+002  8.2800000e+002
  2.6589200e+002  8.1200000e+002
  2.6670000e+002  8.0800000e+002
  2.6751200e+002  8.1200000e+002
  2.6831600e+002  8.0400000e+002
  2.6911200e+002  7.9600000e+002
  2.6992800e+002  8.1600000e+002
  2.7074400e+002  8.1600000e+002
  2.7155200e+002  8.0800000e+002
  2.7238800e+002  8.3600000e+002
  2.7322400e+002  8.3600000e+002
  2.7403200e+002  8.0800000e+002
  2.7485200e+002  8.2000000e+002
  2.7574400e+002  8.9200000e+002
  2.7668400e+002  9.4000000e+002
  2.7767600e+002  9.9200000e+002
  2.7863600e+002  9.6000000e+002
  2.7956800e+002  9.3200000e+002
  2.8046000e+002  8.9200000e+002
  2.8132000e+002  8.6000000e+002
  2.8216000e+002  8.4000000e+002
  2.8298800e+002  8.2800000e+002
  2.8378000e+002  7.9200000e+002
  2.8456800e+002  7.8800000e+002
  2.8534000e+002  7.7200000e+002
  2.8613600e+002  7.9600000e+002
  2.8692000e+002  7.8400000e+002
  2.8773200e+002  8.1200000e+002
  2.8853200e+002  8.0000000e+002
  2.8932800e+002  7.9600000e+002
  2.9011600e+002  7.8800000e+002
  2.9090400e+002  7.8800000e+002
  2.9170000e+002  7.9600000e+002
  2.9249200e+002  7.9200000e+002
  2.9328800e+002  7.9600000e+002
  2.9409200e+002  8.0400000e+002
  2.9486800e+002  7.7600000e+002
  2.9566000e+002  7.9200000e+002
  2.9644800e+002  7.8800000e+002
  2.9723600e+002  7.8800000e+002
  2.9803200e+002  7.9600000e+002
  2.9880400e+002  7.7200000e+002
  2.9957600e+002  7.7200000e+002
  3.0034000e+002  7.6400000e+002
  3.0109200e+002  7.5200000e+002
  3.0186400e+002  7.7200000e+002
  3.0262000e+002  7.5600000e+002
  3.0338000e+002  7.6000000e+002
  3.0413600e+002  7.5600000e+002
  3.0489600e+002  7.6000000e+002
  3.0565600e+002  7.6000000e+002
  3.0638000e+002  7.2400000e+002
  3.0716000e+002  7.8000000e+002
  3.0790400e+002  7.4400000e+002
  3.0866000e+002  7.5600000e+002
  3.0944000e+002  7.8000000e+002
  3.1022000e+002  7.8000000e+002
  3.1098800e+002  7.6800000e+002
  3.1174000e+002  7.5200000e+002
  3.1250400e+002  7.6400000e+002
  3.1325600e+002  7.5200000e+002
  3.1402000e+002  7.6400000e+002
  3.1477600e+002  7.5600000e+002
  3.1552000e+002  7.4400000e+002
  3.1626000e+002  7.4000000e+002
  3.1701600e+002  7.5600000e+002
  3.1776000e+002  7.4400000e+002
  3.1850000e+002  7.4000000e+002
  3.1924000e+002  7.4000000e+002
  3.1998000e+002  7.4000000e+002
  3.2073600e+002  7.5600000e+002
  3.2147600e+002  7.4000000e+002
  3.2223600e+002  7.6000000e+002
  3.2298400e+002  7.4800000e+002
  3.2373600e+002  7.5200000e+002
  3.2447600e+002  7.4000000e+002
  3.2522400e+002  7.4800000e+002
  3.2596000e+002  7.3600000e+002
  3.2671200e+002  7.5200000e+002
  3.2746800e+002  7.5600000e+002
  3.2820000e+002  7.3200000e+002
  3.2895600e+002  7.5600000e+002
  3.2969200e+002  7.3600000e+002
  3.3044800e+002  7.5600000e+002
  3.3119200e+002  7.4400000e+002
  3.3193200e+002  7.4000000e+002
  3.3266400e+002  7.3200000e+002
  3.3339600e+002  7.3200000e+002
  3.3414400e+002  7.4800000e+002
  3.3489600e+002  7.5200000e+002
  3.3565600e+002  7.6000000e+002
  3.3640400e+002  7.4800000e+002
  3.3715200e+002  7.4800000e+002
  3.3790800e+002  7.5600000e+002
  3.3865200e+002  7.4400000e+002
  3.3939600e+002  7.4400000e+002
  3.4013600e+002  7.4000000e+002
  3.4088000e+002  7.4400000e+002
  3.4163200e+002  7.5200000e+002
  3.4240000e+002  7.6800000e+002
  3.4315600e+002  7.5600000e+002
  3.4389600e+002  7.4000000e+002
  3.4464400e+002  7.4800000e+002
  3.4537600e+002  7.3200000e+002
  3.4612400e+002  7.4800000e+002
  3.4685600e+002  7.3200000e+002
  3.4758000e+002  7.2400000e+002
  3.4831200e+002  7.3200000e+002
  3.4904400e+002  7.3200000e+002
  3.4977600e+002  7.3200000e+002
  3.5050800e+002  7.3200000e+002
  3.5124000e+002  7.3200000e+002
  3.5197200e+002  7.3200000e+002
  3.5270800e+002  7.3600000e+002
  3.5343600e+002  7.2800000e+002
  3.5418400e+002  7.4800000e+002
  3.5492000e+002  7.3600000e+002
  3.5565200e+002  7.3200000e+002
  3.5638000e+002  7.2800000e+002
  3.5713200e+002  7.5200000e+002
  3.5786800e+002  7.3600000e+002
  3.5860400e+002  7.3600000e+002
  3.5932000e+002  7.1600000e+002
  3.6009600e+002  7.7600000e+002
  3.6084000e+002  7.4400000e+002
  3.6159200e+002  7.5200000e+002
  3.6233600e+002  7.4400000e+002
  3.6309200e+002  7.5600000e+002
  3.6385200e+002  7.6000000e+002
  3.6461200e+002  7.6000000e+002
  3.6537200e+002  7.6000000e+002
  3.6611200e+002  7.4000000e+002
  3.6686000e+002  7.4800000e+002
  3.6763200e+002  7.7200000e+002
  3.6838800e+002  7.5600000e+002
  3.6915200e+002  7.6400000e+002
  3.6991600e+002  7.6400000e+002
  3.7067600e+002  7.6000000e+002
  3.7146400e+002  7.8800000e+002
  3.7224800e+002  7.8400000e+002
  3.7301200e+002  7.6400000e+002
  3.7377200e+002  7.6000000e+002
  3.7451600e+002  7.4400000e+002
  3.7526800e+002  7.5200000e+002
  3.7601600e+002  7.4800000e+002
  3.7675200e+002  7.3600000e+002
  3.7748800e+002  7.3600000e+002
  3.7822800e+002  7.4000000e+002
  3.7896800e+002  7.4000000e+002
  3.7971600e+002  7.4800000e+002
  3.8043600e+002  7.2000000e+002
  3.8118000e+002  7.4400000e+002
  3.8191200e+002  7.3200000e+002
  3.8265200e+002  7.4000000e+002
  3.8338800e+002  7.3600000e+002
  3.8412800e+002  7.4000000e+002
  3.8487600e+002  7.4800000e+002
  3.8562000e+002  7.4400000e+002
  3.8635200e+002  7.3200000e+002
  3.8707200e+002  7.2000000e+002
  3.8782000e+002  7.4800000e+002
  3.8855600e+002  7.3600000e+002
  3.8928800e+002  7.3200000e+002
  3.9004800e+002  7.6000000e+002
  3.9079200e+002  7.4400000e+002
  3.9154000e+002  7.4800000e+002
  3.9227600e+002  7.3600000e+002
  3.9303200e+002  7.5600000e+002
  3.9377600e+002  7.4400000e+002
  3.9451200e+002  7.3600000e+002
  3.9524800e+002  7.3600000e+002
  3.9598400e+002  7.3600000e+002
  3.9670800e+002  7.2400000e+002
  3.9744000e+002  7.3200000e+002
  3.9817200e+002  7.3200000e+002
  3.9890000e+002  7.2800000e+002
  3.9963200e+002  7.3200000e+002
  4.0036000e+002  7.2800000e+002
  4.0110400e+002  7.4400000e+002
  4.0184000e+002  7.3600000e+002
  4.0257600e+002  7.3600000e+002
  4.0331600e+002  7.4000000e+002
  4.0406400e+002  7.4800000e+002
  4.0478800e+002  7.2400000e+002
  4.0554800e+002  7.6000000e+002
  4.0629000e+002  7.4200000e+002
  4.0703200e+002  7.4200000e+002
  4.0777200e+002  7.4000000e+002
  4.0851600e+002  7.4400000e+002
  4.0925200e+002  7.3600000e+002
  4.0998800e+002  7.3600000e+002
  4.1072400e+002  7.3600000e+002
  4.1145600e+002  7.3200000e+002
  4.1219200e+002  7.3600000e+002
  4.1291200e+002  7.2000000e+002
  4.1364400e+002  7.3200000e+002
  4.1437600e+002  7.3200000e+002
  4.1512000e+002  7.4400000e+002
  4.1584800e+002  7.2800000e+002
  4.1658400e+002  7.3600000e+002
  4.1734000e+002  7.5600000e+002
  4.1806000e+002  7.2000000e+002
  4.1879200e+002  7.3200000e+002
  4.1950000e+002  7.0800000e+002
  4.2025600e+002  7.5600000e+002
  4.2098400e+002  7.2800000e+002
  4.2172800e+002  7.4400000e+002
  4.2246400e+002  7.3600000e+002
  4.2320000e+002  7.3600000e+002
  4.2394000e+002  7.4000000e+002
  4.2467600e+002  7.3600000e+002
  4.2541600e+002  7.4000000e+002
  4.2615200e+002  7.3600000e+002
  4.2690400e+002  7.5200000e+002
  4.2764000e+002  7.3600000e+002
  4.2837200e+002  7.3200000e+002
  4.2909200e+002  7.2000000e+002
  4.2984800e+002  7.5600000e+002
  4.3058000e+002  7.3200000e+002
  4.3132400e+002  7.4400000e+002
  4.3206800e+002  7.4400000e+002
  4.3280400e+002  7.3600000e+002
  4.3356400e+002  7.6000000e+002
  4.3430000e+002  7.3600000e+002
  4.3505200e+002  7.5200000e+002
  4.3580000e+002  7.4800000e+002
  4.3653200e+002  7.3200000e+002
  4.3729200e+002  7.6000000e+002
  4.3805600e+002  7.6400000e+002
  4.3880800e+002  7.5200000e+002
  4.3955600e+002  7.4800000e+002
  4.4030400e+002  7.4800000e+002
  4.4105200e+002  7.4800000e+002
  4.4180000e+002  7.4800000e+002
  4.4253600e+002  7.3600000e+002
  4.4328000e+002  7.4400000e+002
  4.4402800e+002  7.4800000e+002
  4.4477200e+002  7.4400000e+002
  4.4550000e+002  7.2800000e+002
  4.4624400e+002  7.4400000e+002
  4.4697600e+002  7.3200000e+002
  4.4772000e+002  7.4400000e+002
  4.4844000e+002  7.2000000e+002
  4.4918000e+002  7.4000000e+002
  4.4990800e+002  7.2800000e+002
  4.5064800e+002  7.4000000e+002
  4.5138800e+002  7.4000000e+002
  4.5213200e+002  7.4400000e+002
  4.5286800e+002  7.3600000e+002
  4.5361600e+002  7.4800000e+002
  4.5435600e+002  7.4000000e+002
  4.5510000e+002  7.4400000e+002
  4.5582000e+002  7.2000000e+002
  4.5656000e+002  7.4000000e+002
  4.5729600e+002  7.3600000e+002
  4.5802400e+002  7.2800000e+002
  4.5875600e+002  7.3200000e+002
  4.5948400e+002  7.2800000e+002
  4.6020800e+002  7.2400000e+002
  4.6094800e+002  7.4000000e+002
  4.6166800e+002  7.2000000e+002
  4.6238000e+002  7.1200000e+002
  4.6309600e+002  7.1600000e+002
  4.6378800e+002  6.9200000e+002
  4.6452000e+002  7.3200000e+002
  4.6523600e+002  7.1600000e+002
  4.6592800e+002  6.9200000e+002
  4.6665200e+002  7.2400000e+002
  4.6736400e+002  7.1200000e+002
  4.6807600e+002  7.1200000e+002
  4.6878400e+002  7.0800000e+002
  4.6952000e+002  7.3600000e+002
  4.7023600e+002  7.1600000e+002
  4.7097200e+002  7.3600000e+002
  4.7170400e+002  7.3200000e+002
  4.7244400e+002  7.4000000e+002
  4.7316800e+002  7.2400000e+002
  4.7389600e+002  7.2800000e+002
  4.7461600e+002  7.2000000e+002
  4.7534400e+002  7.2800000e+002
  4.7605600e+002  7.1200000e+002
  4.7678000e+002  7.2400000e+002
  4.7749600e+002  7.1600000e+002
  4.7822000e+002  7.2400000e+002
  4.7894800e+002  7.2800000e+002
  4.7966800e+002  7.2000000e+002
  4.8038000e+002  7.1200000e+002
  4.8112000e+002  7.4000000e+002
  4.8184000e+002  7.2000000e+002
  4.8256800e+002  7.2800000e+002
  4.8329200e+002  7.2400000e+002
  4.8401600e+002  7.2400000e+002
  4.8475600e+002  7.4000000e+002
  4.8549200e+002  7.3600000e+002
  4.8623200e+002  7.4000000e+002
  4.8696800e+002  7.3600000e+002
  4.8770000e+002  7.3200000e+002
  4.8845600e+002  7.5600000e+002
  4.8919600e+002  7.4000000e+002
  4.8994400e+002  7.4800000e+002
  4.9068800e+002  7.4400000e+002
  4.9143200e+002  7.4400000e+002
  4.9219600e+002  7.6400000e+002
  4.9293600e+002  7.4000000e+002
  4.9367600e+002  7.4000000e+002
  4.9440800e+002  7.3200000e+002
  4.9512800e+002  7.2000000e+002
  4.9586400e+002  7.3600000e+002
  4.9659200e+002  7.2800000e+002
  4.9731200e+002  7.2000000e+002
  4.9804800e+002  7.3600000e+002
  4.9878000e+002  7.3200000e+002
  4.9949600e+002  7.1600000e+002
  5.0024000e+002  7.4400000e+002
  5.0097200e+002  7.3200000e+002
  5.0171200e+002  7.4000000e+002
  5.0245200e+002  7.4000000e+002
  5.0318800e+002  7.3600000e+002
  5.0394000e+002  7.5200000e+002
  5.0468800e+002  7.4800000e+002
  5.0544400e+002  7.5600000e+002
  5.0618000e+002  7.3600000e+002
  5.0692800e+002  7.4800000e+002
  5.0767600e+002  7.4800000e+002
  5.0841600e+002  7.4000000e+002
  5.0916000e+002  7.4400000e+002
  5.0991600e+002  7.5600000e+002
  5.1068000e+002  7.6400000e+002
  5.1142400e+002  7.4400000e+002
  5.1217200e+002  7.4800000e+002
  5.1293600e+002  7.6400000e+002
  5.1369600e+002  7.6000000e+002
  5.1445200e+002  7.5600000e+002
  5.1520400e+002  7.5200000e+002
  5.1595200e+002  7.4800000e+002
  5.1670000e+002  7.4800000e+002
  5.1743600e+002  7.3600000e+002
  5.1817200e+002  7.3600000e+002
  5.1892000e+002  7.4800000e+002
  5.1966400e+002  7.4400000e+002
  5.2041600e+002  7.5200000e+002
  5.2116000e+002  7.4400000e+002
  5.2192800e+002  7.6800000e+002
  5.2267600e+002  7.4800000e+002
  5.2344800e+002  7.7200000e+002
  5.2420000e+002  7.5200000e+002
  5.2495200e+002  7.5200000e+002
  5.2570000e+002  7.4800000e+002
  5.2645600e+002  7.5600000e+002
  5.2722400e+002  7.6800000e+002
  5.2800800e+002  7.8400000e+002
  5.2879200e+002  7.8400000e+002
  5.2957200e+002  7.8000000e+002
  5.3033200e+002  7.6000000e+002
  5.3110400e+002  7.7200000e+002
  5.3188000e+002  7.7600000e+002
  5.3266000e+002  7.8000000e+002
  5.3346400e+002  8.0400000e+002
  5.3423200e+002  7.6800000e+002
  5.3499200e+002  7.6000000e+002
  5.3576000e+002  7.6800000e+002
  5.3652400e+002  7.6400000e+002
  5.3729200e+002  7.6800000e+002
  5.3806800e+002  7.7600000e+002
  5.3884000e+002  7.7200000e+002
  5.3960000e+002  7.6000000e+002
  5.4038400e+002  7.8400000e+002
  5.4114400e+002  7.6000000e+002
  5.4190400e+002  7.6000000e+002
  5.4268400e+002  7.8000000e+002
  5.4346000e+002  7.7600000e+002
  5.4423600e+002  7.7600000e+002
  5.4501600e+002  7.8000000e+002
  5.4582000e+002  8.0400000e+002
  5.4662800e+002  8.0800000e+002
  5.4746000e+002  8.3200000e+002
  5.4832400e+002  8.6400000e+002
  5.4917600e+002  8.5200000e+002
  5.4999200e+002  8.1600000e+002
  5.5083200e+002  8.4000000e+002
  5.5168800e+002  8.5600000e+002
  5.5250400e+002  8.1600000e+002
  5.5328800e+002  7.8400000e+002
  5.5407200e+002  7.8400000e+002
  5.5480400e+002  7.3200000e+002
  5.5558000e+002  7.7600000e+002
  5.5633200e+002  7.5200000e+002
  5.5710000e+002  7.6800000e+002
  5.5786000e+002  7.6000000e+002
  5.5862400e+002  7.6400000e+002
  5.5938400e+002  7.6000000e+002
  5.6014400e+002  7.6000000e+002
  5.6091200e+002  7.6800000e+002
  5.6166800e+002  7.5600000e+002
  5.6244800e+002  7.8000000e+002
  5.6321600e+002  7.6800000e+002
  5.6398800e+002  7.7200000e+002
  5.6473200e+002  7.4400000e+002
  5.6551200e+002  7.8000000e+002
  5.6627200e+002  7.6000000e+002
  5.6703200e+002  7.6000000e+002
  5.6779600e+002  7.6400000e+002
  5.6858000e+002  7.8400000e+002
  5.6934000e+002  7.6000000e+002
  5.7012400e+002  7.8400000e+002
  5.7089600e+002  7.7200000e+002
  5.7166400e+002  7.6800000e+002
  5.7242800e+002  7.6400000e+002
  5.7319600e+002  7.6800000e+002
  5.7396000e+002  7.6400000e+002
  5.7472400e+002  7.6400000e+002
  5.7548000e+002  7.5600000e+002
  5.7623600e+002  7.5600000e+002
  5.7698400e+002  7.4800000e+002
  5.7774400e+002  7.6000000e+002
  5.7848400e+002  7.4000000e+002
  5.7924000e+002  7.5600000e+002
  5.7997200e+002  7.3200000e+002
  5.8074000e+002  7.6800000e+002
  5.8148400e+002  7.4400000e+002
  5.8225600e+002  7.7200000e+002
  5.8300000e+002  7.4400000e+002
  5.8374400e+002  7.4400000e+002
  5.8448400e+002  7.4000000e+002
  5.8522400e+002  7.4000000e+002
  5.8595600e+002  7.3200000e+002
  5.8667200e+002  7.1600000e+002
  5.8742400e+002  7.5200000e+002
  5.8814400e+002  7.2000000e+002
  5.8886400e+002  7.2000000e+002
  5.8959600e+002  7.3200000e+002
  5.9034000e+002  7.4400000e+002
  5.9106400e+002  7.2400000e+002
  5.9180400e+002  7.4000000e+002
  5.9255200e+002  7.4800000e+002
  5.9328400e+002  7.3200000e+002
  5.9402800e+002  7.4400000e+002
  5.9476000e+002  7.3200000e+002
  5.9549600e+002  7.3600000e+002
  5.9623600e+002  7.4000000e+002
  5.9696800e+002  7.3200000e+002
  5.9771200e+002  7.4400000e+002
  5.9843200e+002  7.2000000e+002
  5.9920800e+002  7.7600000e+002
  5.9996000e+002  7.5200000e+002
  6.0070800e+002  7.4800000e+002
  6.0144400e+002  7.3600000e+002
  6.0222800e+002  7.8400000e+002
  6.0298400e+002  7.5600000e+002
  6.0373600e+002  7.5200000e+002
  6.0449200e+002  7.5600000e+002
  6.0524400e+002  7.5200000e+002
  6.0599200e+002  7.4800000e+002
  6.0674800e+002  7.5600000e+002
  6.0749200e+002  7.4400000e+002
  6.0824800e+002  7.5600000e+002
  6.0899200e+002  7.4400000e+002
  6.0973600e+002  7.4400000e+002
  6.1048800e+002  7.5200000e+002
  6.1124800e+002  7.6000000e+002
  6.1199200e+002  7.4400000e+002
  6.1275200e+002  7.6000000e+002
  6.1351600e+002  7.6400000e+002
  6.1426400e+002  7.4800000e+002
  6.1503600e+002  7.7200000e+002
  6.1579600e+002  7.6000000e+002
  6.1655600e+002  7.6000000e+002
  6.1732400e+002  7.6800000e+002
  6.1809200e+002  7.6800000e+002
  6.1884800e+002  7.5600000e+002
  6.1962800e+002  7.8000000e+002
  6.2041200e+002  7.8400000e+002
  6.2119200e+002  7.8000000e+002
  6.2197600e+002  7.8400000e+002
  6.2277200e+002  7.9600000e+002
  6.2356400e+002  7.9200000e+002
  6.2433200e+002  7.6800000e+002
  6.2510400e+002  7.7200000e+002
  6.2588000e+002  7.7600000e+002
  6.2664000e+002  7.6000000e+002
  6.2740800e+002  7.6800000e+002
  6.2818400e+002  7.7600000e+002
  6.2897200e+002  7.8800000e+002
  6.2976400e+002  7.9200000e+002
  6.3056800e+002  8.0400000e+002
  6.3136800e+002  8.0000000e+002
  6.3216000e+002  7.9200000e+002
  6.3297200e+002  8.1200000e+002
  6.3378000e+002  8.0800000e+002
  6.3456400e+002  7.8400000e+002
  6.3535600e+002  7.9200000e+002
  6.3612400e+002  7.6800000e+002
  6.3689600e+002  7.7200000e+002
  6.3766800e+002  7.7200000e+002
  6.3844800e+002  7.8000000e+002
  6.3921600e+002  7.6800000e+002
  6.4002000e+002  8.0400000e+002
  6.4080000e+002  7.8000000e+002
  6.4158000e+002  7.8000000e+002
  6.4238400e+002  8.0400000e+002
  6.4318400e+002  8.0000000e+002
  6.4397600e+002  7.9200000e+002
  6.4476400e+002  7.8800000e+002
  6.4552800e+002  7.6400000e+002
  6.4633200e+002  8.0400000e+002
  6.4712800e+002  7.9600000e+002
  6.4792800e+002  8.0000000e+002
  6.4872000e+002  7.9200000e+002
  6.4952000e+002  8.0000000e+002
  6.5031600e+002  7.9600000e+002
  6.5110800e+002  7.9200000e+002
  6.5191200e+002  8.0400000e+002
  6.5270400e+002  7.9200000e+002
  6.5356000e+002  8.5600000e+002
  6.5438000e+002  8.2000000e+002
  6.5518800e+002  8.0800000e+002
  6.5600800e+002  8.2000000e+002
  6.5685600e+002  8.4800000e+002
  6.5780800e+002  9.5200000e+002
  6.5877200e+002  9.6400000e+002
  6.5968000e+002  9.0800000e+002
  6.6056800e+002  8.8800000e+002
  6.6142400e+002  8.5600000e+002
  6.6223200e+002  8.0800000e+002
  6.6304800e+002  8.1600000e+002
  6.6384000e+002  7.9200000e+002
  6.6462000e+002  7.8000000e+002
  6.6540400e+002  7.8400000e+002
  6.6620000e+002  7.9600000e+002
  6.6699600e+002  7.9600000e+002
  6.6780000e+002  8.0400000e+002
  6.6860800e+002  8.0800000e+002
  6.6943200e+002  8.2400000e+002
  6.7024000e+002  8.0800000e+002
  6.7105200e+002  8.1200000e+002
  6.7187200e+002  8.2000000e+002
  6.7268800e+002  8.1600000e+002
  6.7354800e+002  8.6000000e+002
  6.7442400e+002  8.7600000e+002
  6.7529600e+002  8.7200000e+002
  6.7615200e+002  8.5600000e+002
  6.7698400e+002  8.3200000e+002
  6.7781200e+002  8.2800000e+002
  6.7868800e+002  8.7600000e+002
  6.7953600e+002  8.4800000e+002
  6.8038000e+002  8.4400000e+002
  6.8120400e+002  8.2400000e+002
  6.8201600e+002  8.1200000e+002
  6.8283200e+002  8.1600000e+002
  6.8366000e+002  8.2800000e+002
  6.8448800e+002  8.2800000e+002
  6.8530000e+002  8.1200000e+002
  6.8611600e+002  8.1600000e+002
  6.8690800e+002  7.9200000e+002
  6.8770800e+002  8.0000000e+002
  6.8847200e+002  7.6400000e+002
  6.8928400e+002  8.1200000e+002
  6.9010000e+002  8.1600000e+002
  6.9091600e+002  8.1600000e+002
  6.9172400e+002  8.0800000e+002
  6.9253600e+002  8.1200000e+002
  6.9334400e+002  8.0800000e+002
  6.9418000e+002  8.3600000e+002
  6.9500800e+002  8.2800000e+002
  6.9584400e+002  8.3600000e+002
  6.9671600e+002  8.7200000e+002
  6.9761600e+002  9.0000000e+002
  6.9853200e+002  9.1600000e+002
  6.9951200e+002  9.8000000e+002
  7.0054800e+002  1.0360000e+003
  7.0157600e+002  1.0280000e+003
  7.0254800e+002  9.7200000e+002
  7.0353600e+002  9.8800000e+002
  7.0448000e+002  9.4400000e+002
  7.0540000e+002  9.2000000e+002
  7.0630400e+002  9.0400000e+002
  7.0726400e+002  9.6000000e+002
  7.0816400e+002  9.0000000e+002
  7.0904000e+002  8.7600000e+002
  7.0988800e+002  8.4800000e+002
  7.1073600e+002  8.4800000e+002
  7.1158800e+002  8.5200000e+002
  7.1246400e+002  8.7600000e+002
  7.1337200e+002  9.0800000e+002
  7.1424000e+002  8.6800000e+002
  7.1510800e+002  8.6800000e+002
  7.1598800e+002  8.8000000e+002
  7.1686000e+002  8.7200000e+002
  7.1769600e+002  8.3600000e+002
  7.1859200e+002  8.9600000e+002
  7.1946000e+002  8.6800000e+002
  7.2031200e+002  8.5200000e+002
  7.2121200e+002  9.0000000e+002
  7.2215200e+002  9.4000000e+002
  7.2309600e+002  9.4400000e+002
  7.2403200e+002  9.3600000e+002
  7.2493600e+002  9.0400000e+002
  7.2581200e+002  8.7600000e+002
  7.2669600e+002  8.8400000e+002
  7.2758000e+002  8.8400000e+002
  7.2845600e+002  8.7600000e+002
  7.2934000e+002  8.8400000e+002
  7.3023600e+002  8.9600000e+002
  7.3112000e+002  8.8400000e+002
  7.3196000e+002  8.4000000e+002
  7.3285600e+002  8.9600000e+002
  7.3381200e+002  9.5600000e+002
  7.3477600e+002  9.6400000e+002
  7.3572400e+002  9.4800000e+002
  7.3665600e+002  9.3200000e+002
  7.3756400e+002  9.0800000e+002
  7.3847600e+002  9.1200000e+002
  7.3938400e+002  9.0800000e+002
  7.4035200e+002  9.6800000e+002
  7.4138800e+002  1.0360000e+003
  7.4244000e+002  1.0520000e+003
  7.4348400e+002  1.0440000e+003
  7.4452800e+002  1.0440000e+003
  7.4551600e+002  9.8800000e+002
  7.4650000e+002  9.8400000e+002
  7.4747200e+002  9.7200000e+002
  7.4845200e+002  9.8000000e+002
  7.4942400e+002  9.7200000e+002
  7.5038800e+002  9.6400000e+002
  7.5129600e+002  9.0800000e+002
  7.5217600e+002  8.8000000e+002
  7.5300800e+002  8.3200000e+002
  7.5384000e+002  8.3200000e+002
  7.5466000e+002  8.2000000e+002
  7.5547600e+002  8.1600000e+002
  7.5626800e+002  7.9200000e+002
  7.5704400e+002  7.7600000e+002
  7.5781600e+002  7.7200000e+002
  7.5857600e+002  7.6000000e+002
  7.5933200e+002  7.5600000e+002
  7.6009600e+002  7.6400000e+002
  7.6085200e+002  7.5600000e+002
  7.6160800e+002  7.5600000e+002
  7.6236400e+002  7.5600000e+002
  7.6309600e+002  7.3200000e+002
  7.6387200e+002  7.7600000e+002
  7.6463200e+002  7.6000000e+002
  7.6539200e+002  7.6000000e+002
  7.6615200e+002  7.6000000e+002
  7.6691200e+002  7.6000000e+002
  7.6765600e+002  7.4400000e+002
  7.6840800e+002  7.5200000e+002
  7.6915200e+002  7.4400000e+002
  7.6987600e+002  7.2400000e+002
  7.7064800e+002  7.7200000e+002
  7.7140000e+002  7.5200000e+002
  7.7214400e+002  7.4400000e+002
  7.7290000e+002  7.5600000e+002
  7.7363600e+002  7.3600000e+002
  7.7438400e+002  7.4800000e+002
  7.7512000e+002  7.3600000e+002
  7.7585600e+002  7.3600000e+002
  7.7658000e+002  7.2400000e+002
  7.7731200e+002  7.3200000e+002
  7.7804000e+002  7.2800000e+002
  7.7877200e+002  7.3200000e+002
  7.7950000e+002  7.2800000e+002
  7.8023600e+002  7.3600000e+002
  7.8096400e+002  7.2800000e+002
  7.8169600e+002  7.3200000e+002
  7.8242000e+002  7.2400000e+002
  7.8316800e+002  7.4800000e+002
  7.8389600e+002  7.2800000e+002
  7.8464000e+002  7.4400000e+002
  7.8538400e+002  7.4400000e+002
  7.8612800e+002  7.4400000e+002
  7.8686000e+002  7.3200000e+002
  7.8761200e+002  7.5200000e+002
  7.8834400e+002  7.3200000e+002
  7.8908800e+002  7.4400000e+002
  7.8983200e+002  7.4400000e+002
  7.9058000e+002  7.4800000e+002
  7.9132000e+002  7.4000000e+002
  7.9206800e+002  7.4800000e+002
  7.9281600e+002  7.4800000e+002
  7.9358000e+002  7.6400000e+002
  7.9432800e+002  7.4800000e+002
  7.9508800e+002  7.6000000e+002
  7.9584400e+002  7.5600000e+002
  7.9659200e+002  7.4800000e+002
  7.9733600e+002  7.4400000e+002
  7.9808400e+002  7.4800000e+002
  7.9882400e+002  7.4000000e+002
  7.9957600e+002  7.5200000e+002
  8.0032400e+002  7.4800000e+002
  8.0106400e+002  7.4000000e+002
  8.0182400e+002  7.6000000e+002
  8.0256800e+002  7.4400000e+002
  8.0329200e+002  7.2400000e+002
  8.0405200e+002  7.6000000e+002
  8.0478000e+002  7.2800000e+002
  8.0556000e+002  7.8000000e+002
  8.0630400e+002  7.4400000e+002
  8.0705600e+002  7.5200000e+002
  8.0780800e+002  7.5200000e+002
  8.0855600e+002  7.4800000e+002
  8.0931600e+002  7.6000000e+002
  8.1007200e+002  7.5600000e+002
  8.1082400e+002  7.5200000e+002
  8.1157600e+002  7.5200000e+002
  8.1232400e+002  7.4800000e+002
  8.1306400e+002  7.4000000e+002
  8.1381600e+002  7.5200000e+002
  8.1456400e+002  7.4800000e+002
  8.1530800e+002  7.4400000e+002
  8.1605200e+002  7.4400000e+002
  8.1678400e+002  7.3200000e+002
  8.1753200e+002  7.4800000e+002
  8.1825600e+002  7.2400000e+002
  8.1900400e+002  7.4800000e+002
  8.1973600e+002  7.3200000e+002
  8.2048400e+002  7.4800000e+002
  8.2122800e+002  7.4400000e+002
  8.2197600e+002  7.4800000e+002
  8.2273200e+002  7.5600000e+002
  8.2349200e+002  7.6000000e+002
  8.2426400e+002  7.7200000e+002
  8.2502400e+002  7.6000000e+002
  8.2577600e+002  7.5200000e+002
  8.2652400e+002  7.4800000e+002
  8.2728800e+002  7.6400000e+002
  8.2804800e+002  7.6000000e+002
  8.2881200e+002  7.6400000e+002
  8.2957600e+002  7.6400000e+002
  8.3032800e+002  7.5200000e+002
  8.3109200e+002  7.6400000e+002
  8.3183600e+002  7.4400000e+002
  8.3258800e+002  7.5200000e+002
  8.3333200e+002  7.4400000e+002
  8.3408000e+002  7.4800000e+002
  8.3484800e+002  7.6800000e+002
  8.3564000e+002  7.9200000e+002
  8.3644800e+002  8.0800000e+002
  8.3724800e+002  8.0000000e+002
  8.3803200e+002  7.8400000e+002
  8.3885600e+002  8.2400000e+002
  8.3965200e+002  7.9600000e+002
  8.4044400e+002  7.9200000e+002
  8.4118800e+002  7.4400000e+002
  8.4197600e+002  7.8800000e+002
  8.4274400e+002  7.6800000e+002
  8.4352400e+002  7.8000000e+002
  8.4429200e+002  7.6800000e+002
  8.4506400e+002  7.7200000e+002
  8.4585600e+002  7.9200000e+002
  8.4664400e+002  7.8800000e+002
  8.4743200e+002  7.8800000e+002
  8.4823200e+002  8.0000000e+002
  8.4903600e+002  8.0400000e+002
  8.4981200e+002  7.7600000e+002
  8.5058400e+002  7.7200000e+002
  8.5134800e+002  7.6400000e+002
  8.5210800e+002  7.6000000e+002
  8.5288400e+002  7.7600000e+002
  8.5366800e+002  7.8400000e+002
  8.5444800e+002  7.8000000e+002
  8.5525200e+002  8.0400000e+002
  8.5604400e+002  7.9200000e+002
  8.5682800e+002  7.8400000e+002
  8.5760400e+002  7.7600000e+002
  8.5838400e+002  7.8000000e+002
  8.5916800e+002  7.8400000e+002
  8.5995200e+002  7.8400000e+002
  8.6075600e+002  8.0400000e+002
  8.6157600e+002  8.2000000e+002
  8.6238000e+002  8.0400000e+002
  8.6316400e+002  7.8400000e+002
  8.6396000e+002  7.9600000e+002
  8.6475600e+002  7.9600000e+002
  8.6557200e+002  8.1600000e+002
  8.6637600e+002  8.0400000e+002
  8.6718800e+002  8.1200000e+002
  8.6798400e+002  7.9600000e+002
  8.6876400e+002  7.8000000e+002
  8.6956000e+002  7.9600000e+002
  8.7034000e+002  7.8000000e+002
  8.7113200e+002  7.9200000e+002
  8.7192000e+002  7.8800000e+002
  8.7275600e+002  8.3600000e+002
  8.7355600e+002  8.0000000e+002
  8.7434000e+002  7.8400000e+002
  8.7514800e+002  8.0800000e+002
  8.7599600e+002  8.4800000e+002
  8.7680000e+002  8.0400000e+002
  8.7760400e+002  8.0400000e+002
  8.7841200e+002  8.0800000e+002
  8.7924800e+002  8.3600000e+002
  8.8008000e+002  8.3200000e+002
  8.8090000e+002  8.2000000e+002
  8.8171200e+002  8.1200000e+002
  8.8252800e+002  8.1600000e+002
  8.8338400e+002  8.5600000e+002
  8.8424800e+002  8.6400000e+002
  8.8507600e+002  8.2800000e+002
  8.8592000e+002  8.4400000e+002
  8.8676000e+002  8.4000000e+002
  8.8756800e+002  8.0800000e+002
  8.8838400e+002  8.1600000e+002
  8.8922800e+002  8.4400000e+002
  8.9007200e+002  8.4400000e+002
  8.9091600e+002  8.4400000e+002
  8.9177200e+002  8.5600000e+002
  8.9264400e+002  8.7200000e+002
  8.9352400e+002  8.8000000e+002
  8.9442800e+002  9.0400000e+002
  8.9537600e+002  9.4800000e+002
  8.9632000e+002  9.4400000e+002
  8.9722800e+002  9.0800000e+002
  8.9808400e+002  8.5600000e+002
  8.9893200e+002  8.4800000e+002
  8.9973600e+002  8.0400000e+002
  9.0056800e+002  8.3200000e+002
  9.0143200e+002  8.6400000e+002
  9.0228400e+002  8.5200000e+002
  9.0317200e+002  8.8800000e+002
  9.0409200e+002  9.2000000e+002
  9.0503200e+002  9.4000000e+002
  9.0600000e+002  9.6800000e+002
  9.0698000e+002  9.8000000e+002
  9.0795600e+002  9.7600000e+002
  9.0887600e+002  9.2000000e+002
  9.0972000e+002  8.4400000e+002
  9.1058400e+002  8.6400000e+002
  9.1142400e+002  8.4000000e+002
  9.1226800e+002  8.4400000e+002
  9.1311200e+002  8.4400000e+002
  9.1396400e+002  8.5200000e+002
  9.1485600e+002  8.9200000e+002
  9.1578000e+002  9.2400000e+002
  9.1666000e+002  8.8000000e+002
  9.1754000e+002  8.8000000e+002
  9.1840400e+002  8.6400000e+002
  9.1925200e+002  8.4800000e+002
  9.2014400e+002  8.9200000e+002
  9.2106000e+002  9.1600000e+002
  9.2204400e+002  9.8400000e+002
  9.2309600e+002  1.0520000e+003
  9.2413600e+002  1.0400000e+003
  9.2517600e+002  1.0400000e+003
  9.2617600e+002  1.0000000e+003
  9.2715600e+002  9.8000000e+002
  9.2810800e+002  9.5200000e+002
  9.2911200e+002  1.0040000e+003
  9.3012000e+002  1.0080000e+003
  9.3112000e+002  1.0000000e+003
  9.3210000e+002  9.8000000e+002
  9.3308000e+002  9.8000000e+002
  9.3406000e+002  9.8000000e+002
  9.3505600e+002  9.9600000e+002
  9.3609200e+002  1.0360000e+003
  9.3714400e+002  1.0520000e+003
  9.3820000e+002  1.0560000e+003
  9.3924800e+002  1.0480000e+003
  9.4028000e+002  1.0320000e+003
  9.4127200e+002  9.9200000e+002
  9.4225600e+002  9.8400000e+002
  9.4320000e+002  9.4400000e+002
  9.4417200e+002  9.7200000e+002
  9.4514800e+002  9.7600000e+002
  9.4610800e+002  9.6000000e+002
  9.4706800e+002  9.6000000e+002
  9.4802800e+002  9.6000000e+002
  9.4901200e+002  9.8400000e+002
  9.4999200e+002  9.8000000e+002
  9.5093200e+002  9.4000000e+002
  9.5184000e+002  9.0800000e+002
  9.5270400e+002  8.6400000e+002
  9.5354400e+002  8.4000000e+002
  9.5436400e+002  8.2000000e+002
  9.5516800e+002  8.0400000e+002
  9.5596800e+002  8.0000000e+002
  9.5676000e+002  7.9200000e+002
  9.5754400e+002  7.8400000e+002
  9.5835200e+002  8.0800000e+002
  9.5916400e+002  8.1200000e+002
  9.5996400e+002  8.0000000e+002
  9.6076000e+002  7.9600000e+002
  9.6156000e+002  8.0000000e+002
  9.6236000e+002  8.0000000e+002
  9.6312400e+002  7.6400000e+002
  9.6394000e+002  8.1600000e+002
  9.6474000e+002  8.0000000e+002
  9.6552400e+002  7.8400000e+002
  9.6630800e+002  7.8400000e+002
  9.6708400e+002  7.7600000e+002
  9.6784000e+002  7.5600000e+002
  9.6860000e+002  7.6000000e+002
  9.6934000e+002  7.4000000e+002
  9.7008400e+002  7.4400000e+002
  9.7083600e+002  7.5200000e+002
  9.7158400e+002  7.4800000e+002
  9.7232800e+002  7.4400000e+002
  9.7307200e+002  7.4400000e+002
  9.7381200e+002  7.4000000e+002
  9.7454800e+002  7.3600000e+002
  9.7529200e+002  7.4400000e+002
  9.7603200e+002  7.4000000e+002
  9.7677600e+002  7.4400000e+002
  9.7751200e+002  7.3600000e+002
  9.7826000e+002  7.4800000e+002
  9.7900400e+002  7.4400000e+002
  9.7975600e+002  7.5200000e+002
  9.8051200e+002  7.5600000e+002
  9.8126800e+002  7.5600000e+002
  9.8201200e+002  7.4400000e+002
  9.8276400e+002  7.5200000e+002
  9.8352000e+002  7.5600000e+002
  9.8426800e+002  7.4800000e+002
  9.8503200e+002  7.6400000e+002
  9.8576800e+002  7.3600000e+002
  9.8652000e+002  7.5200000e+002
  9.8726400e+002  7.4400000e+002
  9.8800800e+002  7.4400000e+002
  9.8875600e+002  7.4800000e+002
  9.8950000e+002  7.4400000e+002
  9.9024400e+002  7.4400000e+002
  9.9098800e+002  7.4400000e+002
  9.9174000e+002  7.5200000e+002
  9.9248000e+002  7.4000000e+002
  9.9322000e+002  7.4000000e+002
  9.9396800e+002  7.4800000e+002
  9.9471600e+002  7.4800000e+002
  9.9546400e+002  7.4800000e+002
  9.9622000e+002  7.5600000e+002
  9.9696400e+002  7.4400000e+002
  9.9770800e+002  7.4400000e+002
  9.9846000e+002  7.5200000e+002
  9.9920800e+002  7.4800000e+002
  9.9997200e+002  7.6400000e+002
  1.0007280e+003  7.5600000e+002
  1.0014800e+003  7.5200000e+002
  1.0022400e+003  7.6000000e+002
  1.0030000e+003  7.6000000e+002
  1.0037520e+003  7.5200000e+002
  1.0045240e+003  7.7200000e+002
  1.0052680e+003  7.4400000e+002
  1.0060320e+003  7.6400000e+002
  1.0067760e+003  7.4400000e+002
  1.0075240e+003  7.4800000e+002
  1.0083000e+003  7.7600000e+002
  1.0090720e+003  7.7200000e+002
  1.0098400e+003  7.6800000e+002
  1.0106040e+003  7.6400000e+002
  1.0113600e+003  7.5600000e+002
  1.0121160e+003  7.5600000e+002
  1.0128400e+003  7.2400000e+002
  1.0135960e+003  7.5600000e+002
  1.0143400e+003  7.4400000e+002
  1.0150720e+003  7.3200000e+002
  1.0158000e+003  7.2800000e+002
  1.0165240e+003  7.2400000e+002
  1.0172640e+003  7.4000000e+002
  1.0180080e+003  7.4400000e+002
  1.0187400e+003  7.3200000e+002
  1.0194880e+003  7.4800000e+002
  1.0202440e+003  7.5600000e+002
  1.0209880e+003  7.4400000e+002
  1.0217640e+003  7.7600000e+002
  1.0225280e+003  7.6400000e+002
  1.0232960e+003  7.6800000e+002
  1.0240520e+003  7.5600000e+002
  1.0248120e+003  7.6000000e+002
  1.0255480e+003  7.3600000e+002
  1.0263160e+003  7.6800000e+002
  1.0270640e+003  7.4800000e+002
  1.0278040e+003  7.4000000e+002
  1.0285600e+003  7.5600000e+002
  1.0293080e+003  7.4800000e+002
  1.0300480e+003  7.4000000e+002
  1.0307880e+003  7.4000000e+002
  1.0315240e+003  7.3600000e+002
  1.0322560e+003  7.3200000e+002
  1.0330080e+003  7.5200000e+002
  1.0337400e+003  7.3200000e+002
  1.0344960e+003  7.5600000e+002
  1.0352360e+003  7.4000000e+002
  1.0359840e+003  7.4800000e+002
  1.0367280e+003  7.4400000e+002
  1.0374720e+003  7.4400000e+002
  1.0382200e+003  7.4800000e+002
  1.0389760e+003  7.5600000e+002
  1.0397440e+003  7.6800000e+002
  1.0405080e+003  7.6400000e+002
  1.0412640e+003  7.5600000e+002
  1.0420240e+003  7.6000000e+002
  1.0427880e+003  7.6400000e+002
  1.0435440e+003  7.5600000e+002
  1.0443000e+003  7.5600000e+002
  1.0450560e+003  7.5600000e+002
  1.0458200e+003  7.6400000e+002
  1.0465720e+003  7.5200000e+002
  1.0473320e+003  7.6000000e+002
  1.0480840e+003  7.5200000e+002
  1.0488360e+003  7.5200000e+002
  1.0495840e+003  7.4800000e+002
  1.0503360e+003  7.5200000e+002
  1.0510720e+003  7.3600000e+002
  1.0518120e+003  7.4000000e+002
  1.0525440e+003  7.3200000e+002
  1.0532840e+003  7.4000000e+002
  1.0540120e+003  7.2800000e+002
  1.0547640e+003  7.5200000e+002
  1.0554960e+003  7.3200000e+002
  1.0562400e+003  7.4400000e+002
  1.0569880e+003  7.4800000e+002
  1.0577320e+003  7.4400000e+002
  1.0584760e+003  7.4400000e+002
  1.0592280e+003  7.5200000e+002
  1.0599760e+003  7.4800000e+002
  1.0607280e+003  7.5200000e+002
  1.0614840e+003  7.5600000e+002
  1.0622280e+003  7.4400000e+002
  1.0629880e+003  7.6000000e+002
  1.0637320e+003  7.4400000e+002
  1.0644760e+003  7.4400000e+002
  1.0652320e+003  7.5600000e+002
  1.0659800e+003  7.4800000e+002
  1.0666960e+003  7.1600000e+002
  1.0674560e+003  7.6000000e+002
  1.0681960e+003  7.4000000e+002
  1.0689360e+003  7.4000000e+002
  1.0696600e+003  7.2400000e+002
  1.0704000e+003  7.4000000e+002
  1.0711360e+003  7.3600000e+002
  1.0719000e+003  7.6400000e+002
  1.0726480e+003  7.4800000e+002
  1.0734120e+003  7.6400000e+002
  1.0741680e+003  7.5600000e+002
  1.0749200e+003  7.5200000e+002
  1.0756800e+003  7.6000000e+002
  1.0764440e+003  7.6400000e+002
  1.0771920e+003  7.4800000e+002
  1.0779560e+003  7.6400000e+002
  1.0787080e+003  7.5200000e+002
  1.0794720e+003  7.6400000e+002
  1.0802560e+003  7.8400000e+002
  1.0810120e+003  7.5600000e+002
  1.0817560e+003  7.4400000e+002
  1.0825240e+003  7.6800000e+002
  1.0832760e+003  7.5200000e+002
  1.0840400e+003  7.6400000e+002
  1.0848240e+003  7.8400000e+002
  1.0855960e+003  7.7200000e+002
  1.0863680e+003  7.7200000e+002
  1.0871440e+003  7.7600000e+002
  1.0879320e+003  7.8800000e+002
  1.0887320e+003  8.0000000e+002
  1.0895120e+003  7.8000000e+002
  1.0902960e+003  7.8400000e+002
  1.0911040e+003  8.0800000e+002
  1.0918960e+003  7.9200000e+002
  1.0926720e+003  7.7600000e+002
  1.0934440e+003  7.7200000e+002
  1.0942400e+003  7.9600000e+002
  1.0950120e+003  7.7200000e+002
  1.0957800e+003  7.6800000e+002
  1.0965520e+003  7.7200000e+002
  1.0973440e+003  7.9200000e+002
  1.0981320e+003  7.8800000e+002
  1.0989320e+003  8.0000000e+002
  1.0997440e+003  8.1200000e+002
  1.1005720e+003  8.2800000e+002
  1.1014080e+003  8.3600000e+002
  1.1022520e+003  8.4400000e+002
  1.1030800e+003  8.2800000e+002
  1.1039200e+003  8.4000000e+002
  1.1047320e+003  8.1200000e+002
  1.1055440e+003  8.1200000e+002
  1.1063440e+003  8.0000000e+002
  1.1071560e+003  8.1200000e+002
  1.1079720e+003  8.1600000e+002
  1.1088280e+003  8.5600000e+002
  1.1096760e+003  8.4800000e+002
  1.1105200e+003  8.4400000e+002
  1.1113640e+003  8.4400000e+002
  1.1122280e+003  8.6400000e+002
  1.1131160e+003  8.8800000e+002
  1.1140080e+003  8.9200000e+002
  1.1149120e+003  9.0400000e+002
  1.1158720e+003  9.6000000e+002
  1.1168960e+003  1.0240000e+003
  1.1178720e+003  9.7600000e+002
  1.1188120e+003  9.4000000e+002
  1.1196840e+003  8.7200000e+002
  1.1205320e+003  8.4800000e+002
  1.1213680e+003  8.3600000e+002
  1.1221800e+003  8.1200000e+002
  1.1229920e+003  8.1200000e+002
  1.1238000e+003  8.0800000e+002
  1.1246280e+003  8.2800000e+002
  1.1254600e+003  8.3200000e+002
  1.1263080e+003  8.4800000e+002
  1.1271720e+003  8.6400000e+002
  1.1280120e+003  8.4000000e+002
  1.1288720e+003  8.6000000e+002
  1.1297160e+003  8.4400000e+002
  1.1305640e+003  8.4800000e+002
  1.1313920e+003  8.2800000e+002
  1.1322160e+003  8.2400000e+002
  1.1330600e+003  8.4400000e+002
  1.1339320e+003  8.7200000e+002
  1.1348040e+003  8.7200000e+002
  1.1356760e+003  8.7200000e+002
  1.1365640e+003  8.8800000e+002
  1.1374280e+003  8.6400000e+002
  1.1382720e+003  8.4400000e+002
  1.1390960e+003  8.2400000e+002
  1.1399240e+003  8.2800000e+002
  1.1407400e+003  8.1600000e+002
  1.1416200e+003  8.8000000e+002
  1.1425000e+003  8.8000000e+002
  1.1433920e+003  8.9200000e+002
  1.1442480e+003  8.5600000e+002
  1.1450800e+003  8.3200000e+002
  1.1458960e+003  8.1600000e+002
  1.1467360e+003  8.4000000e+002
  1.1475920e+003  8.5600000e+002
  1.1484760e+003  8.8400000e+002
  1.1494080e+003  9.3200000e+002
  1.1503400e+003  9.3200000e+002
  1.1512920e+003  9.5200000e+002
  1.1522400e+003  9.4800000e+002
  1.1531600e+003  9.2000000e+002
  1.1540640e+003  9.0400000e+002
  1.1550320e+003  9.6800000e+002
  1.1560000e+003  9.6800000e+002
  1.1569720e+003  9.7200000e+002
  1.1579480e+003  9.7600000e+002
  1.1589200e+003  9.7200000e+002
  1.1598520e+003  9.3200000e+002
  1.1608040e+003  9.5200000e+002
  1.1617840e+003  9.8000000e+002
  1.1627760e+003  9.9200000e+002
  1.1637640e+003  9.8800000e+002
  1.1647320e+003  9.6800000e+002
  1.1656880e+003  9.5600000e+002
  1.1666320e+003  9.4400000e+002
  1.1675280e+003  8.9600000e+002
  1.1683680e+003  8.4000000e+002
  1.1692080e+003  8.4000000e+002
  1.1700240e+003  8.1600000e+002
  1.1708360e+003  8.1200000e+002
  1.1716400e+003  8.0400000e+002
  1.1724400e+003  8.0000000e+002
  1.1732360e+003  7.9600000e+002
  1.1740240e+003  7.8800000e+002
  1.1748240e+003  8.0000000e+002
  1.1756240e+003  8.0000000e+002
  1.1764160e+003  7.9200000e+002
  1.1772120e+003  7.9600000e+002
  1.1780200e+003  8.0800000e+002
  1.1788200e+003  8.0000000e+002
  1.1796120e+003  7.9200000e+002
  1.1803960e+003  7.8400000e+002
  1.1811720e+003  7.7600000e+002
  1.1819440e+003  7.7200000e+002
  1.1827080e+003  7.6400000e+002
  1.1834920e+003  7.8400000e+002
  1.1842760e+003  7.8400000e+002
  1.1850600e+003  7.8400000e+002
  1.1858280e+003  7.6800000e+002
  1.1866000e+003  7.7200000e+002
  1.1873600e+003  7.6000000e+002
  1.1881240e+003  7.6400000e+002
  1.1888840e+003  7.6000000e+002
  1.1896400e+003  7.5600000e+002
  1.1903960e+003  7.5600000e+002
  1.1911680e+003  7.7200000e+002
  1.1919320e+003  7.6400000e+002
  1.1927080e+003  7.7600000e+002
  1.1934800e+003  7.7200000e+002
  1.1942520e+003  7.7200000e+002
  1.1950360e+003  7.8400000e+002
  1.1958240e+003  7.8800000e+002
  1.1966080e+003  7.8400000e+002
  1.1973920e+003  7.8400000e+002
  1.1982200e+003  8.2800000e+002
  1.1990320e+003  8.1200000e+002
  1.1998040e+003  7.7200000e+002
  1.2006320e+003  8.2800000e+002
  1.2014120e+003  7.8000000e+002
  1.2022240e+003  8.1200000e+002
  1.2030280e+003  8.0400000e+002
  1.2038200e+003  7.9200000e+002
  1.2046320e+003  8.1200000e+002
  1.2054560e+003  8.2400000e+002
  1.2062480e+003  7.9200000e+002
  1.2070400e+003  7.9200000e+002
  1.2078400e+003  8.0000000e+002
  1.2086440e+003  8.0400000e+002
  1.2094400e+003  7.9600000e+002
  1.2102480e+003  8.0800000e+002
  1.2110480e+003  8.0000000e+002
  1.2118560e+003  8.0800000e+002
  1.2126480e+003  7.9200000e+002
  1.2134320e+003  7.8400000e+002
  1.2142160e+003  7.8400000e+002
  1.2150320e+003  8.1600000e+002
  1.2158680e+003  8.3600000e+002
  1.2167240e+003  8.5600000e+002
  1.2176080e+003  8.8400000e+002
  1.2184960e+003  8.8800000e+002
  1.2193640e+003  8.6800000e+002
  1.2202040e+003  8.4000000e+002
  1.2210120e+003  8.0800000e+002
  1.2218200e+003  8.0800000e+002
  1.2226280e+003  8.0800000e+002
  1.2234640e+003  8.3600000e+002
  1.2242800e+003  8.1600000e+002
  1.2251120e+003  8.3200000e+002
  1.2259480e+003  8.3600000e+002
  1.2268240e+003  8.7600000e+002
  1.2277400e+003  9.1600000e+002
  1.2287040e+003  9.6400000e+002
  1.2296680e+003  9.6400000e+002
  1.2306480e+003  9.8000000e+002
  1.2316080e+003  9.6000000e+002
  1.2325200e+003  9.1200000e+002
  1.2333920e+003  8.7200000e+002
  1.2342280e+003  8.3600000e+002
  1.2350680e+003  8.4000000e+002
  1.2359240e+003  8.5600000e+002
  1.2368080e+003  8.8400000e+002
  1.2378160e+003  1.0080000e+003
  1.2388240e+003  1.0080000e+003
  1.2398080e+003  9.8400000e+002
  1.2407800e+003  9.7200000e+002
  1.2416920e+003  9.1200000e+002
  1.2426120e+003  9.2000000e+002
  1.2435600e+003  9.4800000e+002
  1.2445160e+003  9.5600000e+002
  1.2454680e+003  9.5200000e+002
  1.2463680e+003  9.0000000e+002
  1.2472720e+003  9.0400000e+002
  1.2481920e+003  9.2000000e+002
  1.2490920e+003  9.0000000e+002
  1.2500000e+003  9.0800000e+002
  1.2508880e+003  8.8800000e+002
  1.2517680e+003  8.8000000e+002
  1.2526720e+003  9.0400000e+002
  1.2535600e+003  8.8800000e+002
  1.2544520e+003  8.9200000e+002
  1.2553840e+003  9.3200000e+002
  1.2564400e+003  1.0560000e+003
  1.2575000e+003  1.0600000e+003
  1.2585400e+003  1.0400000e+003
  1.2596000e+003  1.0600000e+003
  1.2606480e+003  1.0480000e+003
  1.2616880e+003  1.0400000e+003
  1.2626840e+003  9.9600000e+002
  1.2636800e+003  9.9600000e+002
  1.2646960e+003  1.0160000e+003
  1.2656920e+003  9.9600000e+002
  1.2666600e+003  9.6800000e+002
  1.2676600e+003  1.0000000e+003
  1.2687000e+003  1.0400000e+003
  1.2697440e+003  1.0440000e+003
  1.2707600e+003  1.0160000e+003
  1.2717480e+003  9.8800000e+002
  1.2727720e+003  1.0240000e+003
  1.2737760e+003  1.0040000e+003
  1.2747720e+003  9.9600000e+002
  1.2757280e+003  9.5600000e+002
  1.2766280e+003  9.0000000e+002
  1.2775200e+003  8.9200000e+002
  1.2783760e+003  8.5600000e+002
  1.2792120e+003  8.3600000e+002
  1.2800440e+003  8.3200000e+002
  1.2808400e+003  7.9600000e+002
  1.2816600e+003  8.2000000e+002
  1.2824240e+003  7.6400000e+002
  1.2832120e+003  7.8800000e+002
  1.2839840e+003  7.7200000e+002
  1.2847880e+003  8.0400000e+002
  1.2855800e+003  7.9200000e+002
  1.2863760e+003  7.9600000e+002
  1.2871680e+003  7.9200000e+002
  1.2879600e+003  7.9200000e+002
  1.2887520e+003  7.9200000e+002
  1.2895400e+003  7.8800000e+002
  1.2903320e+003  7.9200000e+002
  1.2911240e+003  7.9200000e+002
  1.2919120e+003  7.8800000e+002
  1.2926920e+003  7.8000000e+002
  1.2934800e+003  7.8800000e+002
  1.2942480e+003  7.6800000e+002
  1.2950360e+003  7.8800000e+002
  1.2958080e+003  7.7200000e+002
  1.2965960e+003  7.8800000e+002
  1.2973760e+003  7.8000000e+002
  1.2981480e+003  7.7200000e+002
  1.2989320e+003  7.8400000e+002
  1.2996880e+003  7.5600000e+002
  1.3004880e+003  8.0000000e+002
  1.3012600e+003  7.7200000e+002
  1.3020320e+003  7.7200000e+002
  1.3028080e+003  7.7600000e+002
  1.3035680e+003  7.6000000e+002
  1.3043480e+003  7.8000000e+002
  1.3051280e+003  7.8000000e+002
  1.3059080e+003  7.8000000e+002
  1.3066760e+003  7.6800000e+002
  1.3074360e+003  7.6000000e+002
  1.3081880e+003  7.5200000e+002
  1.3089320e+003  7.4400000e+002
  1.3096880e+003  7.5600000e+002
  1.3104280e+003  7.4000000e+002
  1.3111720e+003  7.4400000e+002
  1.3119120e+003  7.4000000e+002
  1.3126640e+003  7.5200000e+002
  1.3134160e+003  7.5200000e+002
  1.3141720e+003  7.5600000e+002
  1.3149240e+003  7.5200000e+002
  1.3156760e+003  7.5200000e+002
  1.3164320e+003  7.5600000e+002
  1.3171760e+003  7.4400000e+002
  1.3179440e+003  7.6800000e+002
  1.3186960e+003  7.5200000e+002
  1.3194440e+003  7.4800000e+002
  1.3202000e+003  7.5600000e+002
  1.3209560e+003  7.5600000e+002
  1.3217160e+003  7.6000000e+002
  1.3224560e+003  7.4000000e+002
  1.3232360e+003  7.8000000e+002
  1.3239960e+003  7.6000000e+002
  1.3247840e+003  7.8800000e+002
  1.3255760e+003  7.9200000e+002
  1.3263760e+003  8.0000000e+002
  1.3271880e+003  8.1200000e+002
  1.3279880e+003  8.0000000e+002
  1.3287800e+003  7.9200000e+002
  1.3295640e+003  7.8400000e+002
  1.3303560e+003  7.9200000e+002
  1.3311440e+003  7.8800000e+002
  1.3319400e+003  7.9600000e+002
  1.3327200e+003  7.8000000e+002
  1.3335040e+003  7.8400000e+002
  1.3342720e+003  7.6800000e+002
  1.3350520e+003  7.8000000e+002
  1.3358240e+003  7.7200000e+002
  1.3365840e+003  7.6000000e+002
  1.3373320e+003  7.4800000e+002
  1.3380920e+003  7.6000000e+002
  1.3388520e+003  7.6000000e+002
  1.3396200e+003  7.6800000e+002
  1.3403680e+003  7.4800000e+002
  1.3411240e+003  7.5600000e+002
  1.3418760e+003  7.5200000e+002
  1.3426240e+003  7.4800000e+002
  1.3433680e+003  7.4400000e+002
  1.3441240e+003  7.5600000e+002
  1.3448680e+003  7.4400000e+002
  1.3456480e+003  7.8000000e+002
  1.3464200e+003  7.7200000e+002
  1.3471800e+003  7.6000000e+002
  1.3479400e+003  7.6000000e+002
  1.3487280e+003  7.8800000e+002
  1.3495080e+003  7.8000000e+002
  1.3502960e+003  7.8800000e+002
  1.3510680e+003  7.7200000e+002
  1.3518160e+003  7.4800000e+002
  1.3525960e+003  7.8000000e+002
  1.3533640e+003  7.6800000e+002
  1.3541320e+003  7.6800000e+002
  1.3549120e+003  7.8000000e+002
  1.3556960e+003  7.8400000e+002
  1.3564680e+003  7.7200000e+002
  1.3572640e+003  7.9600000e+002
  1.3580600e+003  7.9600000e+002
  1.3588480e+003  7.8800000e+002
  1.3596400e+003  7.9200000e+002
  1.3604280e+003  7.8800000e+002
  1.3612040e+003  7.7600000e+002
  1.3619760e+003  7.7200000e+002
  1.3627440e+003  7.6800000e+002
  1.3635240e+003  7.8000000e+002
  1.3643000e+003  7.7600000e+002
  1.3650880e+003  7.8800000e+002
  1.3658720e+003  7.8400000e+002
  1.3666640e+003  7.9200000e+002
  1.3674720e+003  8.0800000e+002
  1.3682880e+003  8.1600000e+002
  1.3690920e+003  8.0400000e+002
  1.3698960e+003  8.0400000e+002
  1.3707120e+003  8.1600000e+002
  1.3715160e+003  8.0400000e+002
  1.3723240e+003  8.0800000e+002
  1.3731360e+003  8.1200000e+002
  1.3739280e+003  7.9200000e+002
  1.3747160e+003  7.8800000e+002
  1.3755040e+003  7.8800000e+002
  1.3762680e+003  7.6400000e+002
  1.3770680e+003  8.0000000e+002
  1.3778680e+003  8.0000000e+002
  1.3786680e+003  8.0000000e+002
  1.3794640e+003  7.9600000e+002
  1.3802600e+003  7.9600000e+002
  1.3810480e+003  7.8800000e+002
  1.3818520e+003  8.0400000e+002
  1.3826520e+003  8.0000000e+002
  1.3834760e+003  8.2400000e+002
  1.3842880e+003  8.1200000e+002
  1.3851000e+003  8.1200000e+002
  1.3858960e+003  7.9600000e+002
  1.3866920e+003  7.9600000e+002
  1.3874840e+003  7.9200000e+002
  1.3882680e+003  7.8400000e+002
  1.3890680e+003  8.0000000e+002
  1.3898760e+003  8.0800000e+002
  1.3906880e+003  8.1200000e+002
  1.3915000e+003  8.1200000e+002
  1.3923040e+003  8.0400000e+002
  1.3930920e+003  7.8800000e+002
  1.3938800e+003  7.8800000e+002
  1.3946520e+003  7.7200000e+002
  1.3954520e+003  8.0000000e+002
  1.3962200e+003  7.6800000e+002
  1.3970320e+003  8.1200000e+002
  1.3978160e+003  7.8400000e+002
  1.3986040e+003  7.8800000e+002
  1.3993840e+003  7.8000000e+002
  1.4001560e+003  7.7200000e+002
  1.4009240e+003  7.6800000e+002
  1.4017040e+003  7.8000000e+002
  1.4024880e+003  7.8400000e+002
  1.4032520e+003  7.6400000e+002
  1.4040320e+003  7.8000000e+002
  1.4047960e+003  7.6400000e+002
  1.4055640e+003  7.6800000e+002
  1.4063440e+003  7.8000000e+002
  1.4071240e+003  7.8000000e+002
  1.4078840e+003  7.6000000e+002
  1.4086600e+003  7.7600000e+002
  1.4094320e+003  7.7200000e+002
  1.4102040e+003  7.7200000e+002
  1.4109800e+003  7.7600000e+002
  1.4117600e+003  7.8000000e+002
  1.4125400e+003  7.8000000e+002
  1.4133160e+003  7.7600000e+002
  1.4140960e+003  7.8000000e+002
  1.4148760e+003  7.8000000e+002
  1.4156560e+003  7.8000000e+002
  1.4164240e+003  7.6800000e+002
  1.4171920e+003  7.6800000e+002
  1.4179640e+003  7.7200000e+002
  1.4187400e+003  7.7600000e+002
  1.4195080e+003  7.6800000e+002
  1.4202880e+003  7.8000000e+002
  1.4210560e+003  7.6800000e+002
  1.4218320e+003  7.7600000e+002
  1.4226040e+003  7.7200000e+002
  1.4233760e+003  7.7200000e+002
  1.4241280e+003  7.5200000e+002
  1.4249080e+003  7.8000000e+002
  1.4256840e+003  7.7600000e+002
  1.4264560e+003  7.7200000e+002
  1.4272240e+003  7.6800000e+002
  1.4280120e+003  7.8800000e+002
  1.4287920e+003  7.8000000e+002
  1.4295760e+003  7.8400000e+002
  1.4303640e+003  7.8800000e+002
  1.4311400e+003  7.7600000e+002
  1.4319360e+003  7.9600000e+002
  1.4327320e+003  7.9600000e+002
  1.4335280e+003  7.9600000e+002
  1.4343080e+003  7.8000000e+002
  1.4350840e+003  7.7600000e+002
  1.4358640e+003  7.8000000e+002
  1.4366480e+003  7.8400000e+002
  1.4374280e+003  7.8000000e+002
  1.4382160e+003  7.8800000e+002
  1.4390440e+003  8.2800000e+002
  1.4398560e+003  8.1200000e+002
  1.4406680e+003  8.1200000e+002
  1.4414520e+003  7.8400000e+002
  1.4422200e+003  7.6800000e+002
  1.4429840e+003  7.6400000e+002
  1.4437440e+003  7.6000000e+002
  1.4445000e+003  7.5600000e+002
  1.4452680e+003  7.6800000e+002
  1.4460240e+003  7.5600000e+002
  1.4467920e+003  7.6800000e+002
  1.4475920e+003  8.0000000e+002
  1.4483920e+003  8.0000000e+002
  1.4492040e+003  8.1200000e+002
  1.4500120e+003  8.0800000e+002
  1.4508160e+003  8.0400000e+002
  1.4516480e+003  8.3200000e+002
  1.4524680e+003  8.2000000e+002
  1.4532840e+003  8.1600000e+002
  1.4541200e+003  8.3600000e+002
  1.4549200e+003  8.0000000e+002
  1.4557040e+003  7.8400000e+002
  1.4565040e+003  8.0000000e+002
  1.4572800e+003  7.7600000e+002
  1.4580600e+003  7.8000000e+002
  1.4588640e+003  8.0400000e+002
  1.4596560e+003  7.9200000e+002
  1.4604440e+003  7.8800000e+002
  1.4612520e+003  8.0800000e+002
  1.4620640e+003  8.1200000e+002
  1.4628800e+003  8.1600000e+002
  1.4637040e+003  8.2400000e+002
  1.4645560e+003  8.5200000e+002
  1.4654680e+003  9.1200000e+002
  1.4664840e+003  1.0160000e+003
  1.4674760e+003  9.9200000e+002
  1.4684920e+003  1.0160000e+003
  1.4694560e+003  9.6400000e+002
  1.4704080e+003  9.5200000e+002
  1.4713440e+003  9.3600000e+002
  1.4722720e+003  9.2800000e+002
  1.4731760e+003  9.0400000e+002
  1.4740640e+003  8.8800000e+002
  1.4748840e+003  8.2000000e+002
  1.4757320e+003  8.4800000e+002
  1.4765720e+003  8.4000000e+002
  1.4773720e+003  8.0000000e+002
  1.4781800e+003  8.0800000e+002
  1.4789920e+003  8.1200000e+002
  1.4798120e+003  8.2000000e+002
  1.4806480e+003  8.3600000e+002
  1.4814600e+003  8.1200000e+002
  1.4823080e+003  8.4800000e+002
  1.4831760e+003  8.6800000e+002
  1.4840560e+003  8.8000000e+002
  1.4849360e+003  8.8000000e+002
  1.4858640e+003  9.2800000e+002
  1.4867720e+003  9.0800000e+002
  1.4876440e+003  8.7200000e+002
  1.4885360e+003  8.9200000e+002
  1.4894040e+003  8.6800000e+002
  1.4902400e+003  8.3600000e+002
  1.4910560e+003  8.1600000e+002
  1.4918720e+003  8.1600000e+002
  1.4927000e+003  8.2800000e+002
  1.4935040e+003  8.0400000e+002
  1.4943320e+003  8.2800000e+002
  1.4951320e+003  8.0000000e+002
  1.4959400e+003  8.0800000e+002
  1.4967520e+003  8.1200000e+002
  1.4975800e+003  8.2800000e+002
  1.4983960e+003  8.1600000e+002
  1.4991920e+003  7.9600000e+002
  1.4999800e+003  7.8800000e+002
  1.5008120e+003  8.3200000e+002
  1.5016160e+003  8.0400000e+002
  1.5024120e+003  7.9600000e+002
  1.5032040e+003  7.9200000e+002
  1.5040040e+003  8.0000000e+002
  1.5048160e+003  8.1200000e+002
  1.5056200e+003  8.0400000e+002
  1.5064240e+003  8.0400000e+002
  1.5072120e+003  7.8800000e+002
  1.5080040e+003  7.9200000e+002
  1.5087880e+003  7.8400000e+002
  1.5095800e+003  7.9200000e+002
  1.5103840e+003  8.0400000e+002
  1.5112040e+003  8.2000000e+002
  1.5120360e+003  8.3200000e+002
  1.5128680e+003  8.3200000e+002
  1.5137360e+003  8.6800000e+002
  1.5146280e+003  8.9200000e+002
  1.5155240e+003  8.9600000e+002
  1.5163720e+003  8.4800000e+002
  1.5172360e+003  8.6400000e+002
  1.5181320e+003  8.9600000e+002
  1.5189960e+003  8.6400000e+002
  1.5198960e+003  9.0000000e+002
  1.5208000e+003  9.0400000e+002
  1.5217520e+003  9.5200000e+002
  1.5227440e+003  9.9200000e+002
  1.5237360e+003  9.9200000e+002
  1.5247320e+003  9.9600000e+002
  1.5257400e+003  1.0080000e+003
  1.5267080e+003  9.6800000e+002
  1.5276200e+003  9.1200000e+002
  1.5285240e+003  9.0400000e+002
  1.5294120e+003  8.8800000e+002
  1.5303000e+003  8.8800000e+002
  1.5311760e+003  8.7600000e+002
  1.5320640e+003  8.8800000e+002
  1.5329720e+003  9.0800000e+002
  1.5339080e+003  9.3600000e+002
  1.5348320e+003  9.2400000e+002
  1.5358040e+003  9.7200000e+002
  1.5367800e+003  9.7600000e+002
  1.5377440e+003  9.6400000e+002
  1.5386560e+003  9.1200000e+002
  1.5395240e+003  8.6800000e+002
  1.5404240e+003  9.0000000e+002
  1.5413160e+003  8.9200000e+002
  1.5422520e+003  9.3600000e+002
  1.5432800e+003  1.0280000e+003
  1.5443360e+003  1.0560000e+003
  1.5453920e+003  1.0560000e+003
  1.5464560e+003  1.0640000e+003
  1.5474640e+003  1.0080000e+003
  1.5484200e+003  9.5600000e+002
  1.5493640e+003  9.4400000e+002
  1.5502720e+003  9.0800000e+002
  1.5511600e+003  8.8800000e+002
  1.5520160e+003  8.5600000e+002
  1.5528920e+003  8.7600000e+002
  1.5537840e+003  8.9200000e+002
  1.5546880e+003  9.0400000e+002
  1.5556160e+003  9.2800000e+002
  1.5565720e+003  9.5600000e+002
  1.5575360e+003  9.6400000e+002
  1.5585200e+003  9.8400000e+002
  1.5595200e+003  1.0000000e+003
  1.5604960e+003  9.7600000e+002
  1.5614840e+003  9.8800000e+002
  1.5624480e+003  9.6400000e+002
  1.5633960e+003  9.4800000e+002
  1.5642880e+003  8.9200000e+002
  1.5652720e+003  9.8400000e+002
  1.5662560e+003  9.8400000e+002
  1.5672120e+003  9.5600000e+002
  1.5681360e+003  9.2400000e+002
  1.5690520e+003  9.1600000e+002
  1.5699880e+003  9.3600000e+002
  1.5709520e+003  9.6400000e+002
  1.5719280e+003  9.7600000e+002
  1.5728560e+003  9.2800000e+002
  1.5738280e+003  9.7200000e+002
  1.5747840e+003  9.5600000e+002
  1.5757400e+003  9.5600000e+002
  1.5767000e+003  9.6000000e+002
  1.5776680e+003  9.6800000e+002
  1.5786760e+003  1.0080000e+003
  1.5797000e+003  1.0240000e+003
  1.5807480e+003  1.0480000e+003
  1.5817800e+003  1.0320000e+003
  1.5828120e+003  1.0320000e+003
  1.5838200e+003  1.0080000e+003
  1.5848040e+003  9.8400000e+002
  1.5857880e+003  9.8400000e+002
  1.5867600e+003  9.7200000e+002
  1.5877360e+003  9.7600000e+002
  1.5886960e+003  9.6000000e+002
  1.5896440e+003  9.4800000e+002
  1.5905880e+003  9.4400000e+002
  1.5915400e+003  9.5200000e+002
  1.5924920e+003  9.5200000e+002
  1.5934400e+003  9.4800000e+002
  1.5944000e+003  9.6000000e+002
  1.5953640e+003  9.6400000e+002
  1.5963760e+003  1.0120000e+003
  1.5973320e+003  9.5600000e+002
  1.5983080e+003  9.7600000e+002
  1.5992960e+003  9.8800000e+002
  1.6002840e+003  9.8800000e+002
  1.6012560e+003  9.7200000e+002
  1.6022400e+003  9.8400000e+002
  1.6031960e+003  9.5600000e+002
  1.6041800e+003  9.8400000e+002
  1.6051400e+003  9.6000000e+002
  1.6060880e+003  9.4800000e+002
  1.6070480e+003  9.6000000e+002
  1.6080560e+003  1.0080000e+003
  1.6089960e+003  9.4000000e+002
  1.6099240e+003  9.2800000e+002
  1.6108840e+003  9.6000000e+002
  1.6118480e+003  9.6400000e+002
  1.6128280e+003  9.8000000e+002
  1.6138200e+003  9.9200000e+002
  1.6148600e+003  1.0400000e+003
  1.6158880e+003  1.0280000e+003
  1.6169080e+003  1.0200000e+003
  1.6179120e+003  1.0040000e+003
  1.6189160e+003  1.0040000e+003
  1.6199640e+003  1.0480000e+003
  1.6210000e+003  1.0360000e+003
  1.6220440e+003  1.0440000e+003
  1.6230800e+003  1.0360000e+003
  1.6241400e+003  1.0600000e+003
  1.6251880e+003  1.0480000e+003
  1.6261960e+003  1.0080000e+003
  1.6271240e+003  9.2800000e+002
  1.6280000e+003  8.7600000e+002
  1.6288480e+003  8.4800000e+002
  1.6296640e+003  8.1600000e+002
  1.6304560e+003  7.9200000e+002
  1.6313040e+003  8.4800000e+002
  1.6320960e+003  7.9200000e+002
  1.6328880e+003  7.9200000e+002
  1.6337080e+003  8.2000000e+002
  1.6345480e+003  8.4000000e+002
  1.6353760e+003  8.2800000e+002
  1.6361840e+003  8.0800000e+002
  1.6370000e+003  8.1600000e+002
  1.6378160e+003  8.1600000e+002
  1.6386240e+003  8.0800000e+002
  1.6394360e+003  8.1200000e+002
  1.6402240e+003  7.8800000e+002
  1.6410120e+003  7.8800000e+002
  1.6417960e+003  7.8400000e+002
  1.6425720e+003  7.7600000e+002
  1.6433520e+003  7.8000000e+002
  1.6441280e+003  7.7600000e+002
  1.6449160e+003  7.8800000e+002
  1.6456880e+003  7.7200000e+002
  1.6464640e+003  7.7600000e+002
  1.6472280e+003  7.6400000e+002
  1.6479960e+003  7.6800000e+002
  1.6487720e+003  7.7600000e+002
  1.6495320e+003  7.6000000e+002
  1.6503200e+003  7.8800000e+002
  1.6510880e+003  7.6800000e+002
  1.6518720e+003  7.8400000e+002
  1.6526400e+003  7.6800000e+002
  1.6534160e+003  7.7600000e+002
  1.6541640e+003  7.4800000e+002
  1.6549400e+003  7.7600000e+002
  1.6557080e+003  7.6800000e+002
  1.6564640e+003  7.5600000e+002
  1.6572320e+003  7.6800000e+002
  1.6579880e+003  7.5600000e+002
  1.6587440e+003  7.5600000e+002
  1.6595120e+003  7.6800000e+002
  1.6602680e+003  7.5600000e+002
  1.6610040e+003  7.3600000e+002
  1.6617600e+003  7.5600000e+002
  1.6625080e+003  7.4800000e+002
  1.6632400e+003  7.3200000e+002
  1.6639880e+003  7.4800000e+002
  1.6644760e+003  4.8800000e+002
  1.6654520e+003  9.7600000e+002
  1.6659680e+003  5.1600000e+002
  1.6663480e+003  3.8000000e+002
  1.6669360e+003  5.8800000e+002
  1.6676640e+003  7.2800000e+002
  1.6684200e+003  7.5600000e+002
  1.6691560e+003  7.3600000e+002
  1.6699000e+003  7.4400000e+002
  1.6706200e+003  7.2000000e+002
  1.6713520e+003  7.3200000e+002
  1.6720560e+003  7.0400000e+002
  1.6728400e+003  7.8400000e+002
  1.6735720e+003  7.3200000e+002
  1.6742920e+003  7.2000000e+002
  1.6750360e+003  7.4400000e+002
  1.6757640e+003  7.2800000e+002
  1.6765000e+003  7.3600000e+002
  1.6772280e+003  7.2800000e+002
  1.6779680e+003  7.4000000e+002
  1.6786720e+003  7.0400000e+002
  1.6794200e+003  7.4800000e+002
  1.6801400e+003  7.2000000e+002
  1.6808680e+003  7.2800000e+002
  1.6815960e+003  7.2800000e+002
  1.6823080e+003  7.1200000e+002
  1.6830360e+003  7.2800000e+002
  1.6837480e+003  7.1200000e+002
  1.6844800e+003  7.3200000e+002
  1.6851960e+003  7.1600000e+002
  1.6859280e+003  7.3200000e+002
  1.6866480e+003  7.2000000e+002
  1.6873600e+003  7.1200000e+002
  1.6880800e+003  7.2000000e+002
  1.6887960e+003  7.1600000e+002
  1.6895120e+003  7.1600000e+002
  1.6902280e+003  7.1600000e+002
  1.6909480e+003  7.2000000e+002
  1.6916760e+003  7.2800000e+002
  1.6923640e+003  6.8800000e+002
  1.6930880e+003  7.2400000e+002
  1.6937920e+003  7.0400000e+002
  1.6945200e+003  7.2800000e+002
  1.6952520e+003  7.3200000e+002
  1.6959480e+003  6.9600000e+002
  1.6967000e+003  7.5200000e+002
  1.6974240e+003  7.2400000e+002
  1.6981320e+003  7.0800000e+002
  1.6988760e+003  7.4400000e+002
  1.6995760e+003  7.0000000e+002
  1.7003120e+003  7.3600000e+002
  1.7010440e+003  7.3200000e+002
  1.7017640e+003  7.2000000e+002
  1.7024880e+003  7.2400000e+002
  1.7032080e+003  7.2000000e+002
  1.7039360e+003  7.2800000e+002
  1.7046560e+003  7.2000000e+002
  1.7053880e+003  7.3200000e+002
  1.7061440e+003  7.5600000e+002
  1.7068960e+003  7.5200000e+002
  1.7076400e+003  7.4400000e+002
  1.7083920e+003  7.5200000e+002
  1.7091280e+003  7.3600000e+002
  1.7098600e+003  7.3200000e+002
  1.7106000e+003  7.4000000e+002
  1.7113280e+003  7.2800000e+002
  1.7120680e+003  7.4000000e+002
  1.7127880e+003  7.2000000e+002
  1.7135200e+003  7.3200000e+002
  1.7142520e+003  7.3200000e+002
  1.7149920e+003  7.4000000e+002
  1.7157160e+003  7.2400000e+002
  1.7164720e+003  7.5600000e+002
  1.7172040e+003  7.3200000e+002
  1.7179240e+003  7.2000000e+002
  1.7186560e+003  7.3200000e+002
  1.7193680e+003  7.1200000e+002
  1.7201040e+003  7.3600000e+002
  1.7208240e+003  7.2000000e+002
  1.7215600e+003  7.3600000e+002
  1.7222840e+003  7.2400000e+002
  1.7230200e+003  7.3600000e+002
  1.7237480e+003  7.2800000e+002
  1.7244760e+003  7.2800000e+002
  1.7252080e+003  7.3200000e+002
  1.7259240e+003  7.1600000e+002
  1.7266520e+003  7.2800000e+002
  1.7273560e+003  7.0400000e+002
  1.7280880e+003  7.3200000e+002
  1.7288160e+003  7.2800000e+002
  1.7295320e+003  7.1600000e+002
  1.7302240e+003  6.9200000e+002
  1.7309680e+003  7.4400000e+002
  1.7316960e+003  7.2800000e+002
  1.7324200e+003  7.2400000e+002
  1.7331400e+003  7.2000000e+002
  1.7338840e+003  7.4400000e+002
  1.7346160e+003  7.3200000e+002
  1.7353720e+003  7.5600000e+002
  1.7361400e+003  7.6800000e+002
  1.7368560e+003  7.1600000e+002
  1.7376240e+003  7.6800000e+002
  1.7383680e+003  7.4400000e+002
  1.7391120e+003  7.4400000e+002
  1.7398360e+003  7.2400000e+002
  1.7405760e+003  7.4000000e+002
  1.7412960e+003  7.2000000e+002
  1.7420320e+003  7.3600000e+002
  1.7427680e+003  7.3600000e+002
  1.7434920e+003  7.2400000e+002
  1.7442360e+003  7.4400000e+002
  1.7449800e+003  7.4400000e+002
  1.7457560e+003  7.7600000e+002
  1.7465160e+003  7.6000000e+002
  1.7472840e+003  7.6800000e+002
  1.7480400e+003  7.5600000e+002
  1.7487840e+003  7.4400000e+002
  1.7495360e+003  7.5200000e+002
  1.7502680e+003  7.3200000e+002
  1.7510040e+003  7.3600000e+002
  1.7517320e+003  7.2800000e+002
  1.7524440e+003  7.1200000e+002
  1.7531880e+003  7.4400000e+002
  1.7539160e+003  7.2800000e+002
  1.7546360e+003  7.2000000e+002
  1.7553440e+003  7.0800000e+002
  1.7560880e+003  7.4400000e+002
  1.7568240e+003  7.3600000e+002
  1.7575560e+003  7.3200000e+002
  1.7582840e+003  7.2800000e+002
  1.7590080e+003  7.2400000e+002
  1.7597360e+003  7.2800000e+002
  1.7604560e+003  7.2000000e+002
  1.7611840e+003  7.2800000e+002
  1.7619080e+003  7.2400000e+002
  1.7626360e+003  7.2800000e+002
  1.7633360e+003  7.0000000e+002
  1.7641000e+003  7.6400000e+002
  1.7648240e+003  7.2400000e+002
  1.7655680e+003  7.4400000e+002
  1.7663120e+003  7.4400000e+002
  1.7670560e+003  7.4400000e+002
  1.7677840e+003  7.2800000e+002
  1.7685280e+003  7.4400000e+002
  1.7692720e+003  7.4400000e+002
  1.7700080e+003  7.3600000e+002
  1.7707440e+003  7.3600000e+002
  1.7714720e+003  7.2800000e+002
  1.7722120e+003  7.4000000e+002
  1.7729480e+003  7.3600000e+002
  1.7737040e+003  7.5600000e+002
  1.7744640e+003  7.6000000e+002
  1.7752200e+003  7.5600000e+002
  1.7759640e+003  7.4400000e+002
  1.7767240e+003  7.6000000e+002
  1.7774680e+003  7.4400000e+002
  1.7782440e+003  7.7600000e+002
  1.7789880e+003  7.4400000e+002
  1.7797520e+003  7.6400000e+002
  1.7804800e+003  7.2800000e+002
  1.7812360e+003  7.5600000e+002
  1.7819760e+003  7.4000000e+002
  1.7827560e+003  7.8000000e+002
  1.7834920e+003  7.3600000e+002
  1.7842600e+003  7.6800000e+002
  1.7850240e+003  7.6400000e+002
  1.7857880e+003  7.6400000e+002
  1.7865400e+003  7.5200000e+002
  1.7872920e+003  7.5200000e+002
  1.7880440e+003  7.5200000e+002
  1.7887920e+003  7.4800000e+002
  1.7895320e+003  7.4000000e+002
  1.7902800e+003  7.4800000e+002
  1.7910000e+003  7.2000000e+002
  1.7917640e+003  7.6400000e+002
  1.7925040e+003  7.4000000e+002
  1.7932320e+003  7.2800000e+002
  1.7939760e+003  7.4400000e+002
  1.7947200e+003  7.4400000e+002
  1.7954840e+003  7.6400000e+002
  1.7962480e+003  7.6400000e+002
  1.7970000e+003  7.5200000e+002
  1.7977560e+003  7.5600000e+002
