  2.0240000e+000  8.7600000e+002
  2.8920000e+000  8.6800000e+002
  3.7440000e+000  8.5200000e+002
  4.5920000e+000  8.4800000e+002
  5.4600000e+000  8.6800000e+002
  6.3160000e+000  8.5600000e+002
  7.1800000e+000  8.6400000e+002
  8.0280000e+000  8.4800000e+002
  8.8800000e+000  8.5200000e+002
  9.7360000e+000  8.5600000e+002
  1.0592000e+001  8.5600000e+002
  1.1456000e+001  8.6400000e+002
  1.2300000e+001  8.4400000e+002
  1.3168000e+001  8.6800000e+002
  1.4048000e+001  8.8000000e+002
  1.4920000e+001  8.7200000e+002
  1.5828000e+001  9.0800000e+002
  1.6696000e+001  8.6800000e+002
  1.7564000e+001  8.6800000e+002
  1.8452000e+001  8.8800000e+002
  1.9340000e+001  8.8800000e+002
  2.0220000e+001  8.8000000e+002
  2.1108000e+001  8.8800000e+002
  2.1972000e+001  8.6400000e+002
  2.2836000e+001  8.6400000e+002
  2.3712000e+001  8.7600000e+002
  2.4576000e+001  8.6400000e+002
  2.5452000e+001  8.7600000e+002
  2.6308000e+001  8.5600000e+002
  2.7160000e+001  8.5200000e+002
  2.8028000e+001  8.6800000e+002
  2.8904000e+001  8.7600000e+002
  2.9788000e+001  8.8400000e+002
  3.0672000e+001  8.8400000e+002
  3.1528000e+001  8.5600000e+002
  3.2392000e+001  8.6400000e+002
  3.3192000e+001  8.0000000e+002
  3.4152000e+001  9.6000000e+002
  3.5016000e+001  8.6400000e+002
  3.5896000e+001  8.8000000e+002
  3.6768000e+001  8.7200000e+002
  3.7640000e+001  8.7200000e+002
  3.8524000e+001  8.8400000e+002
  3.9412000e+001  8.8800000e+002
  4.0276000e+001  8.6400000e+002
  4.1128000e+001  8.5200000e+002
  4.4356000e+001  3.2280000e+003
  4.5516000e+001  1.1600000e+003
  4.6428000e+001  9.1200000e+002
  4.7324000e+001  8.9600000e+002
  4.8236000e+001  9.1200000e+002
  4.9128000e+001  8.9200000e+002
  5.0012000e+001  8.8400000e+002
  5.0884000e+001  8.7200000e+002
  5.1784000e+001  9.0000000e+002
  5.2676000e+001  8.9200000e+002
  5.3572000e+001  8.9600000e+002
  5.4464000e+001  8.9200000e+002
  5.5344000e+001  8.8000000e+002
  5.6208000e+001  8.6400000e+002
  5.7100000e+001  8.9200000e+002
  5.8008000e+001  9.0800000e+002
  5.8904000e+001  8.9600000e+002
  5.9796000e+001  8.9200000e+002
  6.0656000e+001  8.6000000e+002
  6.1524000e+001  8.6800000e+002
  6.2416000e+001  8.9200000e+002
  6.3304000e+001  8.8800000e+002
  6.4184000e+001  8.8000000e+002
  6.5060000e+001  8.7600000e+002
  6.5924000e+001  8.6400000e+002
  6.6812000e+001  8.8800000e+002
  6.7708000e+001  8.9600000e+002
  6.8580000e+001  8.7200000e+002
  6.9456000e+001  8.7600000e+002
  7.0312000e+001  8.5600000e+002
  7.1180000e+001  8.6800000e+002
  7.2060000e+001  8.8000000e+002
  7.2936000e+001  8.7600000e+002
  7.3808000e+001  8.7200000e+002
  7.4676000e+001  8.6800000e+002
  7.5536000e+001  8.6000000e+002
  7.6404000e+001  8.6800000e+002
  7.7288000e+001  8.8400000e+002
  7.8160000e+001  8.7200000e+002
  7.9024000e+001  8.6400000e+002
  7.9888000e+001  8.6400000e+002
  8.0772000e+001  8.8400000e+002
  8.1644000e+001  8.7200000e+002
  8.2512000e+001  8.6800000e+002
  8.3372000e+001  8.6000000e+002
  8.4248000e+001  8.7600000e+002
  8.5132000e+001  8.8400000e+002
  8.5988000e+001  8.5600000e+002
  8.6860000e+001  8.7200000e+002
  8.7732000e+001  8.7200000e+002
  8.8644000e+001  9.1200000e+002
  8.9548000e+001  9.0400000e+002
  9.0444000e+001  8.9600000e+002
  9.1328000e+001  8.8400000e+002
  9.2216000e+001  8.8800000e+002
  9.3140000e+001  9.2400000e+002
  9.4032000e+001  8.9200000e+002
  9.4940000e+001  9.0800000e+002
  9.5808000e+001  8.6800000e+002
  9.6680000e+001  8.7200000e+002
  9.7572000e+001  8.9200000e+002
  9.8448000e+001  8.7600000e+002
  9.9328000e+001  8.8000000e+002
  1.0019200e+002  8.6400000e+002
  1.0105200e+002  8.6000000e+002
  1.0192000e+002  8.6800000e+002
  1.0279200e+002  8.7200000e+002
  1.0365200e+002  8.6000000e+002
  1.0450000e+002  8.4800000e+002
  1.0534400e+002  8.4400000e+002
  1.0619200e+002  8.4800000e+002
  1.0704400e+002  8.5200000e+002
  1.0789200e+002  8.4800000e+002
  1.0873600e+002  8.4400000e+002
  1.0958800e+002  8.5200000e+002
  1.1042000e+002  8.3200000e+002
  1.1128800e+002  8.6800000e+002
  1.1215600e+002  8.6800000e+002
  1.1301600e+002  8.6000000e+002
  1.1388000e+002  8.6400000e+002
  1.1472800e+002  8.4800000e+002
  1.1558400e+002  8.5600000e+002
  1.1645600e+002  8.7200000e+002
  1.1732800e+002  8.7200000e+002
  1.1818400e+002  8.5600000e+002
  1.1902400e+002  8.4000000e+002
  1.1987200e+002  8.4800000e+002
  1.2072400e+002  8.5200000e+002
  1.2157600e+002  8.5200000e+002
  1.2242400e+002  8.4800000e+002
  1.2327600e+002  8.5200000e+002
  1.2414400e+002  8.6800000e+002
  1.2504400e+002  9.0000000e+002
  1.2590800e+002  8.6400000e+002
  1.2678400e+002  8.7600000e+002
  1.2771600e+002  9.3200000e+002
  1.2864800e+002  9.3200000e+002
  1.2959200e+002  9.4400000e+002
  1.3049600e+002  9.0400000e+002
  1.3140000e+002  9.0400000e+002
  1.3231600e+002  9.1600000e+002
  1.3326000e+002  9.4400000e+002
  1.3415600e+002  8.9600000e+002
  1.3504000e+002  8.8400000e+002
  1.3591600e+002  8.7600000e+002
  1.3682000e+002  9.0400000e+002
  1.3770400e+002  8.8400000e+002
  1.3858000e+002  8.7600000e+002
  1.3945200e+002  8.7200000e+002
  1.4031200e+002  8.6000000e+002
  1.4094000e+002  6.2800000e+002
  1.4205600e+002  1.1160000e+003
  1.4291600e+002  8.6000000e+002
  1.4381600e+002  9.0000000e+002
  1.4467600e+002  8.6000000e+002
  1.4555600e+002  8.8000000e+002
  1.4643200e+002  8.7600000e+002
  1.4730400e+002  8.7200000e+002
  1.4817600e+002  8.7200000e+002
  1.4902800e+002  8.5200000e+002
  1.4990400e+002  8.7600000e+002
  1.5078400e+002  8.8000000e+002
  1.5166000e+002  8.7600000e+002
  1.5252000e+002  8.6000000e+002
  1.5339200e+002  8.7200000e+002
  1.5426400e+002  8.7200000e+002
  1.5513200e+002  8.6800000e+002
  1.5600400e+002  8.7200000e+002
  1.5686800e+002  8.6400000e+002
  1.5774800e+002  8.8000000e+002
  1.5864800e+002  9.0000000e+002
  1.5951600e+002  8.6800000e+002
  1.6038000e+002  8.6400000e+002
  1.6125200e+002  8.7200000e+002
  1.6214400e+002  8.9200000e+002
  1.6301600e+002  8.7200000e+002
  1.6387600e+002  8.6000000e+002
  1.6473200e+002  8.5600000e+002
  1.6560400e+002  8.7200000e+002
  1.6647600e+002  8.7200000e+002
  1.6734400e+002  8.6800000e+002
  1.6819600e+002  8.5200000e+002
  1.6906000e+002  8.6400000e+002
  1.6994000e+002  8.8000000e+002
  1.7079600e+002  8.5600000e+002
  1.7166400e+002  8.6800000e+002
  1.7252400e+002  8.6000000e+002
  1.7339600e+002  8.7200000e+002
  1.7427600e+002  8.8000000e+002
  1.7514400e+002  8.6800000e+002
  1.7601200e+002  8.6800000e+002
  1.7688400e+002  8.7200000e+002
  1.7776000e+002  8.7600000e+002
  1.7864400e+002  8.8400000e+002
  1.7952400e+002  8.8000000e+002
  1.8038400e+002  8.6000000e+002
  1.8123600e+002  8.5200000e+002
  1.8210000e+002  8.6400000e+002
  1.8296400e+002  8.6400000e+002
  1.8382800e+002  8.6400000e+002
  1.8468400e+002  8.5600000e+002
  1.8553200e+002  8.4800000e+002
  1.8638400e+002  8.5200000e+002
  1.8724400e+002  8.6000000e+002
  1.8810000e+002  8.5600000e+002
  1.8895600e+002  8.5600000e+002
  1.8981600e+002  8.6000000e+002
  1.9066800e+002  8.5200000e+002
  1.9153600e+002  8.6800000e+002
  1.9242000e+002  8.8400000e+002
  1.9330800e+002  8.8800000e+002
  1.9419600e+002  8.8800000e+002
  1.9506000e+002  8.6400000e+002
  1.9594000e+002  8.8000000e+002
  1.9682000e+002  8.8000000e+002
  1.9770400e+002  8.8400000e+002
  1.9856400e+002  8.6000000e+002
  1.9944000e+002  8.7600000e+002
  2.0033200e+002  8.9200000e+002
  2.0120800e+002  8.7600000e+002
  2.0207600e+002  8.6800000e+002
  2.0294400e+002  8.6800000e+002
  2.0382400e+002  8.8000000e+002
  2.0470400e+002  8.8000000e+002
  2.0557600e+002  8.7200000e+002
  2.0643600e+002  8.6000000e+002
  2.0730000e+002  8.6400000e+002
  2.0817600e+002  8.7600000e+002
  2.0905200e+002  8.7600000e+002
  2.0993200e+002  8.8000000e+002
  2.1081600e+002  8.8400000e+002
  2.1166800e+002  8.5200000e+002
  2.1254000e+002  8.7200000e+002
  2.1342800e+002  8.8800000e+002
  2.1429600e+002  8.6800000e+002
  2.1516800e+002  8.7200000e+002
  2.1602400e+002  8.5600000e+002
  2.1689600e+002  8.7200000e+002
  2.1777600e+002  8.8000000e+002
  2.1866400e+002  8.8800000e+002
  2.1952400e+002  8.6000000e+002
  2.2038800e+002  8.6400000e+002
  2.2127200e+002  8.8400000e+002
  2.2214400e+002  8.7200000e+002
  2.2302400e+002  8.8000000e+002
  2.2388000e+002  8.5600000e+002
  2.2474400e+002  8.6400000e+002
  2.2561200e+002  8.6800000e+002
  2.2648000e+002  8.6800000e+002
  2.2736000e+002  8.8000000e+002
  2.2822000e+002  8.6000000e+002
  2.2908000e+002  8.6000000e+002
  2.2995600e+002  8.7600000e+002
  2.3083200e+002  8.7600000e+002
  2.3170000e+002  8.6800000e+002
  2.3254800e+002  8.4800000e+002
  2.3340400e+002  8.5600000e+002
  2.3425600e+002  8.5200000e+002
  2.3512000e+002  8.6400000e+002
  2.3599600e+002  8.7600000e+002
  2.3685200e+002  8.5600000e+002
  2.3771200e+002  8.6000000e+002
  2.3859600e+002  8.8400000e+002
  2.3950800e+002  9.1200000e+002
  2.4038800e+002  8.8000000e+002
  2.4126800e+002  8.8000000e+002
  2.4214000e+002  8.7200000e+002
  2.4301200e+002  8.7200000e+002
  2.4389600e+002  8.8400000e+002
  2.4478000e+002  8.8400000e+002
  2.4564400e+002  8.6400000e+002
  2.4650000e+002  8.5600000e+002
  2.4738000e+002  8.8000000e+002
  2.4825600e+002  8.7600000e+002
  2.4914400e+002  8.8800000e+002
  2.5001200e+002  8.6800000e+002
  2.5087600e+002  8.6400000e+002
  2.5175600e+002  8.8000000e+002
  2.5264400e+002  8.8800000e+002
  2.5352400e+002  8.8000000e+002
  2.5439600e+002  8.7200000e+002
  2.5528400e+002  8.8800000e+002
  2.5617600e+002  8.9200000e+002
  2.5706400e+002  8.8800000e+002
  2.5792800e+002  8.6400000e+002
  2.5879200e+002  8.6400000e+002
  2.5968800e+002  8.9600000e+002
  2.6056400e+002  8.7200000e+002
  2.6144000e+002  8.7600000e+002
  2.6228800e+002  8.4800000e+002
  2.6316000e+002  8.7200000e+002
  2.6402400e+002  8.6400000e+002
  2.6489600e+002  8.7200000e+002
  2.6574800e+002  8.5200000e+002
  2.6660400e+002  8.5600000e+002
  2.6746400e+002  8.6000000e+002
  2.6832400e+002  8.6000000e+002
  2.6917600e+002  8.5200000e+002
  2.7005600e+002  8.8000000e+002
  2.7093200e+002  8.7600000e+002
  2.7183200e+002  9.0000000e+002
  2.7271600e+002  8.8400000e+002
  2.7359200e+002  8.7600000e+002
  2.7448400e+002  8.9200000e+002
  2.7536800e+002  8.8400000e+002
  2.7624000e+002  8.7200000e+002
  2.7709200e+002  8.5200000e+002
  2.7797200e+002  8.8000000e+002
  2.7884400e+002  8.7200000e+002
  2.7972000e+002  8.7600000e+002
  2.8056800e+002  8.4800000e+002
  2.8142000e+002  8.5200000e+002
  2.8228800e+002  8.6800000e+002
  2.8315200e+002  8.6400000e+002
  2.8400400e+002  8.5200000e+002
  2.8485600e+002  8.5200000e+002
  2.8570800e+002  8.5200000e+002
  2.8657200e+002  8.6400000e+002
  2.8744000e+002  8.6800000e+002
  2.8829600e+002  8.5600000e+002
  2.8917200e+002  8.7600000e+002
  2.9006800e+002  8.9600000e+002
  2.9097600e+002  9.0800000e+002
  2.9185200e+002  8.7600000e+002
  2.9272800e+002  8.7600000e+002
  2.9360400e+002  8.7600000e+002
  2.9448400e+002  8.8000000e+002
  2.9535600e+002  8.7200000e+002
  2.9621200e+002  8.5600000e+002
  2.9706800e+002  8.5600000e+002
  2.9793600e+002  8.6800000e+002
  2.9880800e+002  8.7200000e+002
  2.9969200e+002  8.8400000e+002
  3.0055200e+002  8.6000000e+002
  3.0140400e+002  8.5200000e+002
  3.0227200e+002  8.6800000e+002
  3.0314000e+002  8.6800000e+002
  3.0401200e+002  8.7200000e+002
  3.0487600e+002  8.6400000e+002
  3.0572800e+002  8.5200000e+002
  3.0659200e+002  8.6400000e+002
  3.0746000e+002  8.6800000e+002
  3.0832400e+002  8.6400000e+002
  3.0917600e+002  8.5200000e+002
  3.1004000e+002  8.6400000e+002
  3.1090400e+002  8.6400000e+002
  3.1176400e+002  8.6000000e+002
  3.1262400e+002  8.6000000e+002
  3.1346400e+002  8.4000000e+002
  3.1432400e+002  8.6000000e+002
  3.1518800e+002  8.6400000e+002
  3.1606400e+002  8.7600000e+002
  3.1691200e+002  8.4800000e+002
  3.1776400e+002  8.5200000e+002
  3.1861600e+002  8.5200000e+002
  3.1949200e+002  8.7600000e+002
  3.2034800e+002  8.5600000e+002
  3.2120000e+002  8.5200000e+002
  3.2204800e+002  8.4800000e+002
  3.2290400e+002  8.5600000e+002
  3.2375200e+002  8.4800000e+002
  3.2460000e+002  8.4800000e+002
  3.2547200e+002  8.7200000e+002
  3.2631600e+002  8.4400000e+002
  3.2716400e+002  8.4800000e+002
  3.2802800e+002  8.6400000e+002
  3.2889600e+002  8.6800000e+002
  3.2978400e+002  8.8800000e+002
  3.3067600e+002  8.9200000e+002
  3.3154000e+002  8.6400000e+002
  3.3242800e+002  8.8800000e+002
  3.3330400e+002  8.7600000e+002
  3.3418400e+002  8.8000000e+002
  3.3504800e+002  8.6400000e+002
  3.3590800e+002  8.6000000e+002
  3.3678400e+002  8.7600000e+002
  3.3764400e+002  8.6000000e+002
  3.3850800e+002  8.6400000e+002
  3.3934800e+002  8.4000000e+002
  3.4020800e+002  8.6000000e+002
  3.4106400e+002  8.5600000e+002
  3.4193600e+002  8.7200000e+002
  3.4278000e+002  8.4400000e+002
  3.4363200e+002  8.5200000e+002
  3.4450000e+002  8.6800000e+002
  3.4536400e+002  8.6400000e+002
  3.4624400e+002  8.8000000e+002
  3.4710000e+002  8.5600000e+002
  3.4795600e+002  8.5600000e+002
  3.4881200e+002  8.5600000e+002
  3.4968800e+002  8.7600000e+002
  3.5056000e+002  8.7200000e+002
  3.5142400e+002  8.6400000e+002
  3.5226800e+002  8.4400000e+002
  3.5312000e+002  8.5200000e+002
  3.5398000e+002  8.6000000e+002
  3.5483600e+002  8.5600000e+002
  3.5567600e+002  8.4000000e+002
  3.5652800e+002  8.5200000e+002
  3.5737600e+002  8.4800000e+002
  3.5822400e+002  8.4800000e+002
  3.5906800e+002  8.4400000e+002
  3.5994400e+002  8.7600000e+002
  3.6078800e+002  8.4400000e+002
  3.6164800e+002  8.6000000e+002
  3.6253200e+002  8.8400000e+002
  3.6342800e+002  8.9600000e+002
  3.6430800e+002  8.8000000e+002
  3.6519200e+002  8.8400000e+002
  3.6605200e+002  8.6000000e+002
  3.6693200e+002  8.8000000e+002
  3.6782000e+002  8.8800000e+002
  3.6870800e+002  8.8800000e+002
  3.6957600e+002  8.6800000e+002
  3.7043600e+002  8.6000000e+002
  3.7132000e+002  8.8400000e+002
  3.7218800e+002  8.6800000e+002
  3.7306000e+002  8.7200000e+002
  3.7391600e+002  8.5600000e+002
  3.7478800e+002  8.7200000e+002
  3.7565600e+002  8.6800000e+002
  3.7651600e+002  8.6000000e+002
  3.7737200e+002  8.5600000e+002
  3.7824400e+002  8.7200000e+002
  3.7912000e+002  8.7600000e+002
  3.7998400e+002  8.6400000e+002
  3.8084000e+002  8.5600000e+002
  3.8170800e+002  8.6800000e+002
  3.8258800e+002  8.8000000e+002
  3.8345600e+002  8.6800000e+002
  3.8433600e+002  8.8000000e+002
  3.8519200e+002  8.5600000e+002
  3.8606400e+002  8.7200000e+002
  3.8693200e+002  8.6800000e+002
  3.8781200e+002  8.8000000e+002
  3.8868400e+002  8.7200000e+002
  3.8954400e+002  8.6000000e+002
  3.9042400e+002  8.8000000e+002
  3.9131200e+002  8.8800000e+002
  3.9218400e+002  8.7200000e+002
  3.9306400e+002  8.8000000e+002
  3.9393600e+002  8.7200000e+002
  3.9480800e+002  8.7200000e+002
  3.9568000e+002  8.7200000e+002
  3.9654000e+002  8.6000000e+002
  3.9739600e+002  8.5600000e+002
  3.9827600e+002  8.8000000e+002
  3.9916000e+002  8.8400000e+002
  4.0006400e+002  9.0400000e+002
  4.0093600e+002  8.7200000e+002
  4.0181600e+002  8.8000000e+002
  4.0270800e+002  8.9200000e+002
  4.0363600e+002  9.2800000e+002
  4.0456000e+002  9.2400000e+002
  4.0587600e+002  1.3160000e+003
  4.0716800e+002  1.2920000e+003
  4.0811200e+002  9.4400000e+002
  4.0898800e+002  8.7600000e+002
  4.0983600e+002  8.4800000e+002
  4.1067600e+002  8.4000000e+002
  4.1150800e+002  8.3200000e+002
  4.1233600e+002  8.2800000e+002
  4.1316800e+002  8.3200000e+002
  4.1399600e+002  8.2800000e+002
  4.1481600e+002  8.2000000e+002
  4.1562800e+002  8.1200000e+002
  4.1644400e+002  8.1600000e+002
  4.1728000e+002  8.3600000e+002
  4.1811200e+002  8.3200000e+002
  4.1895200e+002  8.4000000e+002
  4.1979600e+002  8.4400000e+002
  4.2062000e+002  8.2400000e+002
  4.2145600e+002  8.3600000e+002
  4.2230000e+002  8.4400000e+002
  4.2315200e+002  8.5200000e+002
  4.2399200e+002  8.4000000e+002
  4.2482800e+002  8.3600000e+002
  4.2568000e+002  8.5200000e+002
  4.2652800e+002  8.4800000e+002
  4.2736400e+002  8.3600000e+002
  4.2821200e+002  8.4800000e+002
  4.2904000e+002  8.2800000e+002
  4.2987200e+002  8.3200000e+002
  4.3070400e+002  8.3200000e+002
  4.3153600e+002  8.3200000e+002
  4.3237200e+002  8.3600000e+002
  4.3323200e+002  8.6000000e+002
  4.3408000e+002  8.4800000e+002
  4.3494800e+002  8.6800000e+002
  4.3582800e+002  8.8000000e+002
  4.3663200e+002  8.0400000e+002
  4.3762800e+002  9.9600000e+002
  4.3851200e+002  8.8400000e+002
  4.3941600e+002  9.0400000e+002
  4.4032800e+002  9.1200000e+002
  4.4121600e+002  8.8800000e+002
  4.4208800e+002  8.7200000e+002
  4.4295600e+002  8.6800000e+002
  4.4382800e+002  8.7200000e+002
  4.4469200e+002  8.6400000e+002
  4.4554400e+002  8.5200000e+002
  4.4638800e+002  8.4400000e+002
  4.4725200e+002  8.6400000e+002
  4.4810000e+002  8.4800000e+002
  4.4895600e+002  8.5600000e+002
  4.4981200e+002  8.5600000e+002
  4.5067600e+002  8.6400000e+002
  4.5154400e+002  8.6800000e+002
  4.5239200e+002  8.4800000e+002
  4.5324000e+002  8.4800000e+002
  4.5410400e+002  8.6400000e+002
  4.5496800e+002  8.6400000e+002
  4.5582400e+002  8.5600000e+002
  4.5666800e+002  8.4400000e+002
  4.5752400e+002  8.5600000e+002
  4.5837600e+002  8.5200000e+002
  4.5922000e+002  8.4400000e+002
  4.6005200e+002  8.3200000e+002
  4.6090000e+002  8.4800000e+002
  4.6176400e+002  8.6400000e+002
  4.6260400e+002  8.4000000e+002
  4.6343600e+002  8.3200000e+002
  4.6427600e+002  8.4000000e+002
  4.6512400e+002  8.4800000e+002
  4.6596400e+002  8.4000000e+002
  4.6680400e+002  8.4000000e+002
  4.6764800e+002  8.4400000e+002
  4.6848400e+002  8.3600000e+002
  4.6932400e+002  8.4000000e+002
  4.7016800e+002  8.4400000e+002
  4.7101200e+002  8.4400000e+002
  4.7185200e+002  8.4000000e+002
  4.7268800e+002  8.3600000e+002
  4.7352400e+002  8.3600000e+002
  4.7436400e+002  8.4000000e+002
  4.7520800e+002  8.4400000e+002
  4.7604800e+002  8.4000000e+002
  4.7688400e+002  8.3600000e+002
  4.7774400e+002  8.6000000e+002
  4.7862400e+002  8.8000000e+002
  4.7949200e+002  8.6800000e+002
  4.8034000e+002  8.4800000e+002
  4.8120400e+002  8.6400000e+002
  4.8207600e+002  8.7200000e+002
  4.8293600e+002  8.6000000e+002
  4.8379600e+002  8.6000000e+002
  4.8464400e+002  8.4800000e+002
  4.8550000e+002  8.5600000e+002
  4.8635600e+002  8.5600000e+002
  4.8721200e+002  8.5600000e+002
  4.8806400e+002  8.5200000e+002
  4.8890000e+002  8.3600000e+002
  4.8974800e+002  8.4800000e+002
  4.9059200e+002  8.4400000e+002
  4.9144400e+002  8.5200000e+002
  4.9228000e+002  8.3600000e+002
  4.9311600e+002  8.3600000e+002
  4.9395200e+002  8.3600000e+002
  4.9479600e+002  8.4400000e+002
  4.9564000e+002  8.4400000e+002
  4.9647200e+002  8.3200000e+002
  4.9731200e+002  8.4000000e+002
  4.9816000e+002  8.4800000e+002
  4.9900800e+002  8.4800000e+002
  4.9986400e+002  8.5600000e+002
  5.0070800e+002  8.4400000e+002
  5.0155200e+002  8.4400000e+002
  5.0239200e+002  8.4000000e+002
  5.0323200e+002  8.4000000e+002
  5.0408000e+002  8.4800000e+002
  5.0493600e+002  8.5600000e+002
  5.0577200e+002  8.3600000e+002
  5.0663600e+002  8.6400000e+002
  5.0750000e+002  8.6400000e+002
  5.0838000e+002  8.8000000e+002
  5.0925200e+002  8.7200000e+002
  5.1013600e+002  8.8400000e+002
  5.1102400e+002  8.8800000e+002
  5.1190800e+002  8.8400000e+002
  5.1278400e+002  8.7600000e+002
  5.1365600e+002  8.7200000e+002
  5.1454400e+002  8.8800000e+002
  5.1541200e+002  8.6800000e+002
  5.1627200e+002  8.6000000e+002
  5.1715600e+002  8.8400000e+002
  5.1802400e+002  8.6800000e+002
  5.1889200e+002  8.6800000e+002
  5.1978000e+002  8.8800000e+002
  5.2068000e+002  9.0000000e+002
  5.2159600e+002  9.1600000e+002
  5.2252000e+002  9.2400000e+002
  5.2349600e+002  9.7600000e+002
  5.2451600e+002  1.0200000e+003
  5.2540000e+002  8.8400000e+002
  5.2636000e+002  9.6000000e+002
  5.2736800e+002  1.0080000e+003
  5.2823200e+002  8.6400000e+002
  5.2913600e+002  9.0400000e+002
  5.3001600e+002  8.8000000e+002
  5.3086800e+002  8.5200000e+002
  5.3180400e+002  9.3600000e+002
  5.3287600e+002  1.0720000e+003
  5.3380800e+002  9.3200000e+002
  5.3482800e+002  1.0200000e+003
  5.3574400e+002  9.1600000e+002
  5.3669200e+002  9.4800000e+002
  5.3759600e+002  9.0400000e+002
  5.3848800e+002  8.9200000e+002
  5.3937600e+002  8.8800000e+002
  5.4026400e+002  8.8800000e+002
  5.4112800e+002  8.6400000e+002
  5.4198000e+002  8.5200000e+002
  5.4284000e+002  8.6000000e+002
  5.4370400e+002  8.6400000e+002
  5.4457200e+002  8.6800000e+002
  5.4542800e+002  8.5600000e+002
  5.4627200e+002  8.4400000e+002
  5.4715200e+002  8.8000000e+002
  5.4804400e+002  8.9200000e+002
  5.4892800e+002  8.8400000e+002
  5.4979600e+002  8.6800000e+002
  5.5067600e+002  8.8000000e+002
  5.5156400e+002  8.8800000e+002
  5.5243200e+002  8.6800000e+002
  5.5330800e+002  8.7600000e+002
  5.5417600e+002  8.6800000e+002
  5.5504400e+002  8.6800000e+002
  5.5594400e+002  9.0000000e+002
  5.5684400e+002  9.0000000e+002
  5.5777600e+002  9.3200000e+002
  5.5867200e+002  8.9600000e+002
  5.5956800e+002  8.9600000e+002
  5.6044400e+002  8.7600000e+002
  5.6122800e+002  7.8400000e+002
  5.6217600e+002  9.4800000e+002
  5.6302400e+002  8.4800000e+002
  5.6388000e+002  8.5600000e+002
  5.6473600e+002  8.5600000e+002
  5.6560400e+002  8.6800000e+002
  5.6646400e+002  8.6000000e+002
  5.6731200e+002  8.4800000e+002
  5.6817600e+002  8.6400000e+002
  5.6905600e+002  8.8000000e+002
  5.6991600e+002  8.6000000e+002
  5.7077600e+002  8.6000000e+002
  5.7163600e+002  8.6000000e+002
  5.7250800e+002  8.7200000e+002
  5.7337600e+002  8.6800000e+002
  5.7424000e+002  8.6400000e+002
  5.7509600e+002  8.5600000e+002
  5.7594400e+002  8.4800000e+002
  5.7680000e+002  8.5600000e+002
  5.7765200e+002  8.5200000e+002
  5.7850400e+002  8.5200000e+002
  5.7935600e+002  8.5200000e+002
  5.8020000e+002  8.4400000e+002
  5.8104800e+002  8.4800000e+002
  5.8188800e+002  8.4000000e+002
  5.8275600e+002  8.6800000e+002
  5.8359600e+002  8.4000000e+002
  5.8444000e+002  8.4400000e+002
  5.8531600e+002  8.7600000e+002
  5.8619600e+002  8.8000000e+002
  5.8706000e+002  8.6400000e+002
  5.8792400e+002  8.6400000e+002
  5.8878800e+002  8.6400000e+002
  5.8966400e+002  8.7600000e+002
  5.9053600e+002  8.7200000e+002
  5.9140800e+002  8.7200000e+002
  5.9227600e+002  8.6800000e+002
  5.9312000e+002  8.4400000e+002
  5.9397200e+002  8.5200000e+002
  5.9482800e+002  8.5600000e+002
  5.9569600e+002  8.6800000e+002
  5.9653600e+002  8.4000000e+002
  5.9738800e+002  8.5200000e+002
  5.9823600e+002  8.4800000e+002
  5.9909200e+002  8.5600000e+002
  5.9994400e+002  8.5200000e+002
  6.0078000e+002  8.3600000e+002
  6.0162400e+002  8.4400000e+002
  6.0246800e+002  8.4400000e+002
  6.0330800e+002  8.4000000e+002
  6.0413600e+002  8.2800000e+002
  6.0497600e+002  8.4000000e+002
  6.0581600e+002  8.4000000e+002
  6.0666000e+002  8.4400000e+002
  6.0748800e+002  8.2800000e+002
  6.0832800e+002  8.4000000e+002
  6.0918400e+002  8.5600000e+002
  6.1004400e+002  8.6000000e+002
  6.1088400e+002  8.4000000e+002
  6.1172800e+002  8.4400000e+002
  6.1258000e+002  8.5200000e+002
  6.1341600e+002  8.3600000e+002
  6.1427600e+002  8.6000000e+002
  6.1514000e+002  8.6400000e+002
  6.1599600e+002  8.5600000e+002
  6.1686000e+002  8.6400000e+002
  6.1774400e+002  8.8400000e+002
  6.1862400e+002  8.8000000e+002
  6.1949600e+002  8.7200000e+002
  6.2035600e+002  8.6000000e+002
  6.2121600e+002  8.6000000e+002
  6.2208400e+002  8.6800000e+002
  6.2295200e+002  8.6800000e+002
  6.2380800e+002  8.5600000e+002
  6.2465200e+002  8.4400000e+002
  6.2550800e+002  8.5600000e+002
  6.2637200e+002  8.6400000e+002
  6.2724800e+002  8.7600000e+002
  6.2809600e+002  8.4800000e+002
  6.2895200e+002  8.5600000e+002
  6.2981600e+002  8.6400000e+002
  6.3067200e+002  8.5600000e+002
  6.3152000e+002  8.4800000e+002
  6.3236400e+002  8.4400000e+002
  6.3321600e+002  8.5200000e+002
  6.3406800e+002  8.5200000e+002
  6.3490800e+002  8.4000000e+002
  6.3576000e+002  8.5200000e+002
  6.3661200e+002  8.5200000e+002
  6.3745200e+002  8.4000000e+002
  6.3828400e+002  8.3200000e+002
  6.3912800e+002  8.4400000e+002
  6.3998000e+002  8.5200000e+002
  6.4082400e+002  8.4400000e+002
  6.4166400e+002  8.4000000e+002
  6.4250000e+002  8.3600000e+002
  6.4336000e+002  8.6000000e+002
  6.4419600e+002  8.3600000e+002
  6.4504800e+002  8.5200000e+002
  6.4590000e+002  8.5200000e+002
  6.4675600e+002  8.5600000e+002
  6.4765200e+002  8.9600000e+002
  6.4852800e+002  8.7600000e+002
  6.4940800e+002  8.8000000e+002
  6.5027600e+002  8.6800000e+002
  6.5116800e+002  8.9200000e+002
  6.5206000e+002  8.9200000e+002
  6.5294400e+002  8.8400000e+002
  6.5380800e+002  8.6400000e+002
  6.5468000e+002  8.7200000e+002
  6.5554800e+002  8.6800000e+002
  6.5640800e+002  8.6000000e+002
  6.5725200e+002  8.4400000e+002
  6.5810800e+002  8.5600000e+002
  6.5896400e+002  8.5600000e+002
  6.5982000e+002  8.5600000e+002
  6.6066400e+002  8.4400000e+002
  6.6150400e+002  8.4000000e+002
  6.6236000e+002  8.5600000e+002
  6.6321600e+002  8.5600000e+002
  6.6406000e+002  8.4400000e+002
  6.6489600e+002  8.3600000e+002
  6.6574000e+002  8.4400000e+002
  6.6660000e+002  8.6000000e+002
  6.6746000e+002  8.6000000e+002
  6.6830400e+002  8.4400000e+002
  6.6914800e+002  8.4400000e+002
  6.7000400e+002  8.5600000e+002
  6.7086000e+002  8.5600000e+002
  6.7170800e+002  8.4800000e+002
  6.7254000e+002  8.3200000e+002
  6.7337600e+002  8.3600000e+002
  6.7422000e+002  8.4400000e+002
  6.7505200e+002  8.3200000e+002
  6.7588000e+002  8.2800000e+002
  6.7671600e+002  8.3600000e+002
  6.7754800e+002  8.3200000e+002
  6.7838000e+002  8.3200000e+002
  6.7922400e+002  8.4400000e+002
  6.8007600e+002  8.5200000e+002
  6.8090800e+002  8.3200000e+002
  6.8174400e+002  8.3600000e+002
  6.8259200e+002  8.4800000e+002
  6.8345200e+002  8.6000000e+002
  6.8431600e+002  8.6400000e+002
  6.8516000e+002  8.4400000e+002
  6.8601600e+002  8.5600000e+002
  6.8688000e+002  8.6400000e+002
  6.8773600e+002  8.5600000e+002
  6.8858400e+002  8.4800000e+002
  6.8942800e+002  8.4400000e+002
  6.9027200e+002  8.4400000e+002
  6.9112800e+002  8.5600000e+002
  6.9198000e+002  8.5200000e+002
  6.9282800e+002  8.4800000e+002
  6.9366400e+002  8.3600000e+002
  6.9452000e+002  8.5600000e+002
  6.9536800e+002  8.4800000e+002
  6.9622400e+002  8.5600000e+002
  6.9707600e+002  8.5200000e+002
  6.9791200e+002  8.3600000e+002
  6.9875200e+002  8.4000000e+002
  6.9959600e+002  8.4400000e+002
  7.0044000e+002  8.4400000e+002
  7.0127600e+002  8.3600000e+002
  7.0211200e+002  8.3600000e+002
  7.0295200e+002  8.4000000e+002
  7.0380000e+002  8.4800000e+002
  7.0464400e+002  8.4400000e+002
  7.0547600e+002  8.3200000e+002
  7.0631200e+002  8.3600000e+002
  7.0714400e+002  8.3200000e+002
  7.0798800e+002  8.4400000e+002
  7.0885600e+002  8.6800000e+002
  7.0969600e+002  8.4000000e+002
  7.1053200e+002  8.3600000e+002
  7.1139600e+002  8.6400000e+002
  7.1229200e+002  8.9600000e+002
  7.1316000e+002  8.6800000e+002
  7.1402800e+002  8.6800000e+002
  7.1488400e+002  8.5600000e+002
  7.1575600e+002  8.7200000e+002
  7.1661200e+002  8.5600000e+002
  7.1746400e+002  8.5200000e+002
  7.1830800e+002  8.4400000e+002
  7.1916800e+002  8.6000000e+002
  7.2001600e+002  8.4800000e+002
  7.2086400e+002  8.4800000e+002
  7.2170400e+002  8.4000000e+002
  7.2255600e+002  8.5200000e+002
  7.2340000e+002  8.4400000e+002
  7.2424800e+002  8.4800000e+002
  7.2508400e+002  8.3600000e+002
  7.2592000e+002  8.3600000e+002
  7.2676000e+002  8.4000000e+002
  7.2760400e+002  8.4400000e+002
  7.2844800e+002  8.4400000e+002
  7.2928000e+002  8.3200000e+002
  7.3012400e+002  8.4400000e+002
  7.3096800e+002  8.4400000e+002
  7.3182400e+002  8.5600000e+002
  7.3266400e+002  8.4000000e+002
  7.3350000e+002  8.3600000e+002
  7.3435600e+002  8.5600000e+002
  7.3520000e+002  8.4400000e+002
  7.3604000e+002  8.4000000e+002
  7.3688000e+002  8.4000000e+002
  7.3772400e+002  8.4400000e+002
  7.3857200e+002  8.4800000e+002
  7.3940800e+002  8.3600000e+002
  7.4024400e+002  8.3600000e+002
  7.4109200e+002  8.4800000e+002
  7.4193600e+002  8.4400000e+002
  7.4278400e+002  8.4800000e+002
  7.4362000e+002  8.3600000e+002
  7.4446800e+002  8.4800000e+002
  7.4531200e+002  8.4400000e+002
  7.4615600e+002  8.4400000e+002
  7.4701200e+002  8.5600000e+002
  7.4786800e+002  8.5600000e+002
  7.4871200e+002  8.4400000e+002
  7.4960400e+002  8.9200000e+002
  7.5046000e+002  8.5600000e+002
  7.5133600e+002  8.7600000e+002
  7.5220000e+002  8.6400000e+002
  7.5310000e+002  9.0000000e+002
  7.5398800e+002  8.8800000e+002
  7.5486800e+002  8.8000000e+002
  7.5574400e+002  8.7600000e+002
  7.5663200e+002  8.8800000e+002
  7.5750400e+002  8.7200000e+002
  7.5837600e+002  8.7200000e+002
  7.5922400e+002  8.4800000e+002
  7.6008800e+002  8.6400000e+002
  7.6095200e+002  8.6400000e+002
  7.6180800e+002  8.5600000e+002
  7.6264800e+002  8.4000000e+002
  7.6350400e+002  8.5600000e+002
  7.6435600e+002  8.5200000e+002
  7.6520000e+002  8.4400000e+002
  7.6604400e+002  8.4400000e+002
  7.6690000e+002  8.5600000e+002
  7.6776000e+002  8.6000000e+002
  7.6861200e+002  8.5200000e+002
  7.6945600e+002  8.4400000e+002
  7.7032000e+002  8.6400000e+002
  7.7116800e+002  8.4800000e+002
  7.7203200e+002  8.6400000e+002
  7.7286400e+002  8.3200000e+002
  7.7369200e+002  8.2800000e+002
  7.7452800e+002  8.3600000e+002
  7.7536000e+002  8.3200000e+002
  7.7618400e+002  8.2400000e+002
  7.7701600e+002  8.3200000e+002
  7.7784000e+002  8.2400000e+002
  7.7865200e+002  8.1200000e+002
  7.7947200e+002  8.2000000e+002
  7.8030000e+002  8.2800000e+002
  7.8112800e+002  8.2800000e+002
  7.8198400e+002  8.5600000e+002
  7.8280400e+002  8.2000000e+002
  7.8363600e+002  8.3200000e+002
  7.8448400e+002  8.4800000e+002
  7.8533200e+002  8.4800000e+002
  7.8618800e+002  8.5600000e+002
  7.8702400e+002  8.3600000e+002
  7.8786800e+002  8.4400000e+002
  7.8871600e+002  8.4800000e+002
  7.8956000e+002  8.4400000e+002
  7.9039600e+002  8.3600000e+002
  7.9122400e+002  8.2800000e+002
  7.9206400e+002  8.4000000e+002
  7.9290400e+002  8.4000000e+002
  7.9375200e+002  8.4800000e+002
  7.9456800e+002  8.1600000e+002
  7.9540800e+002  8.4000000e+002
  7.9624800e+002  8.4000000e+002
  7.9708800e+002  8.4000000e+002
  7.9791200e+002  8.2400000e+002
  7.9875600e+002  8.4400000e+002
  7.9959200e+002  8.3600000e+002
  8.0043200e+002  8.4000000e+002
  8.0125600e+002  8.2400000e+002
  8.0209200e+002  8.3600000e+002
  8.0292800e+002  8.3600000e+002
  8.0376400e+002  8.3600000e+002
  8.0459600e+002  8.3200000e+002
  8.0543600e+002  8.4000000e+002
  8.0628000e+002  8.4400000e+002
  8.0713600e+002  8.5600000e+002
  8.0797600e+002  8.4000000e+002
  8.0882000e+002  8.4400000e+002
  8.0966800e+002  8.4800000e+002
  8.1051200e+002  8.4400000e+002
  8.1135200e+002  8.4000000e+002
  8.1219600e+002  8.4400000e+002
  8.1304400e+002  8.4800000e+002
  8.1388400e+002  8.4000000e+002
  8.1471600e+002  8.3200000e+002
  8.1555200e+002  8.3600000e+002
  8.1639600e+002  8.4400000e+002
  8.1724000e+002  8.4400000e+002
  8.1807200e+002  8.3200000e+002
  8.1890800e+002  8.3600000e+002
  8.1974800e+002  8.4000000e+002
  8.2058800e+002  8.4000000e+002
  8.2141600e+002  8.2800000e+002
  8.2224800e+002  8.3200000e+002
  8.2309600e+002  8.4800000e+002
  8.2393600e+002  8.4000000e+002
  8.2476800e+002  8.3200000e+002
  8.2560000e+002  8.3200000e+002
  8.2644000e+002  8.4000000e+002
  8.2727600e+002  8.3600000e+002
  8.2811200e+002  8.3600000e+002
  8.2893600e+002  8.2400000e+002
  8.2976400e+002  8.2800000e+002
  8.3059600e+002  8.3200000e+002
  8.3142400e+002  8.2800000e+002
  8.3225200e+002  8.2800000e+002
  8.3307600e+002  8.2400000e+002
  8.3390400e+002  8.2800000e+002
  8.3474800e+002  8.4400000e+002
  8.3557200e+002  8.2400000e+002
  8.3640000e+002  8.2800000e+002
  8.3722800e+002  8.2800000e+002
  8.3806400e+002  8.3600000e+002
  8.3889200e+002  8.2800000e+002
  8.3971200e+002  8.2000000e+002
  8.4053200e+002  8.2000000e+002
  8.4136000e+002  8.2800000e+002
  8.4218800e+002  8.2800000e+002
  8.4301200e+002  8.2400000e+002
  8.4383200e+002  8.2000000e+002
  8.4466400e+002  8.3200000e+002
  8.4550800e+002  8.4400000e+002
  8.4634000e+002  8.3200000e+002
  8.4716400e+002  8.2400000e+002
  8.4800000e+002  8.3600000e+002
  8.4884800e+002  8.4800000e+002
  8.4968400e+002  8.3600000e+002
  8.5051200e+002  8.2800000e+002
  8.5134800e+002  8.3600000e+002
  8.5218000e+002  8.3200000e+002
  8.5300400e+002  8.2400000e+002
  8.5383200e+002  8.2800000e+002
  8.5466000e+002  8.2800000e+002
  8.5551200e+002  8.5200000e+002
  8.5635200e+002  8.4000000e+002
  8.5718800e+002  8.3600000e+002
  8.5804000e+002  8.5200000e+002
  8.5889600e+002  8.5600000e+002
  8.5974800e+002  8.5200000e+002
  8.6059600e+002  8.4800000e+002
  8.6145600e+002  8.6000000e+002
  8.6232000e+002  8.6400000e+002
  8.6318400e+002  8.6400000e+002
  8.6404000e+002  8.5600000e+002
  8.6489200e+002  8.5200000e+002
  8.6575600e+002  8.6400000e+002
  8.6660400e+002  8.4800000e+002
  8.6744000e+002  8.3600000e+002
  8.6828800e+002  8.4800000e+002
  8.6912400e+002  8.3600000e+002
  8.6996000e+002  8.3600000e+002
  8.7079200e+002  8.3200000e+002
  8.7162000e+002  8.2800000e+002
  8.7244000e+002  8.2000000e+002
  8.7325600e+002  8.1600000e+002
  8.7406000e+002  8.0400000e+002
  8.7486000e+002  8.0000000e+002
  8.7567200e+002  8.1200000e+002
  8.7647200e+002  8.0000000e+002
  8.7727600e+002  8.0400000e+002
  8.7809600e+002  8.2000000e+002
  8.7893200e+002  8.3600000e+002
  8.7975200e+002  8.2000000e+002
  8.8058000e+002  8.2800000e+002
  8.8142400e+002  8.4400000e+002
  8.8225600e+002  8.3200000e+002
  8.8308800e+002  8.3200000e+002
  8.8392000e+002  8.3200000e+002
  8.8476000e+002  8.4000000e+002
  8.8558800e+002  8.2800000e+002
  8.8641600e+002  8.2800000e+002
  8.8725200e+002  8.3600000e+002
  8.8808000e+002  8.2800000e+002
  8.8890800e+002  8.2800000e+002
  8.8974000e+002  8.3200000e+002
  8.9058000e+002  8.4000000e+002
  8.9141600e+002  8.3600000e+002
  8.9224800e+002  8.3200000e+002
  8.9308400e+002  8.3600000e+002
  8.9393600e+002  8.5200000e+002
  8.9478000e+002  8.4400000e+002
  8.9561600e+002  8.3600000e+002
  8.9645600e+002  8.4000000e+002
  8.9730400e+002  8.4800000e+002
  8.9814800e+002  8.4400000e+002
  8.9898400e+002  8.3600000e+002
  8.9982800e+002  8.4400000e+002
  9.0067600e+002  8.4800000e+002
  9.0152000e+002  8.4400000e+002
  9.0235200e+002  8.3200000e+002
  9.0318800e+002  8.3600000e+002
  9.0403600e+002  8.4800000e+002
  9.0488400e+002  8.4800000e+002
  9.0572400e+002  8.4000000e+002
  9.0660000e+002  8.7600000e+002
  9.0747600e+002  8.7600000e+002
  9.0834000e+002  8.6400000e+002
  9.0922000e+002  8.8000000e+002
  9.1010400e+002  8.8400000e+002
  9.1102000e+002  9.1600000e+002
  9.1188800e+002  8.6800000e+002
  9.1274400e+002  8.5600000e+002
  9.1360000e+002  8.5600000e+002
  9.1448000e+002  8.8000000e+002
  9.1537200e+002  8.9200000e+002
  9.1674400e+002  1.3720000e+003
  9.1793200e+002  1.1880000e+003
  9.1864000e+002  7.0800000e+002
  9.1960800e+002  9.6800000e+002
  9.2040000e+002  7.9200000e+002
  9.2125600e+002  8.5600000e+002
  9.2207200e+002  8.1600000e+002
  9.2289200e+002  8.2000000e+002
  9.2370800e+002  8.1600000e+002
  9.2452800e+002  8.2000000e+002
  9.2534000e+002  8.1200000e+002
  9.2615600e+002  8.1600000e+002
  9.2697600e+002  8.2000000e+002
  9.2780000e+002  8.2400000e+002
  9.2862400e+002  8.2400000e+002
  9.2946400e+002  8.4000000e+002
  9.3030400e+002  8.4000000e+002
  9.3114400e+002  8.4000000e+002
  9.3198000e+002  8.3600000e+002
  9.3282400e+002  8.4400000e+002
  9.3366800e+002  8.4400000e+002
  9.3450800e+002  8.4000000e+002
  9.3533600e+002  8.2800000e+002
  9.3616800e+002  8.3200000e+002
  9.3700800e+002  8.4000000e+002
  9.3783200e+002  8.2400000e+002
  9.3866000e+002  8.2800000e+002
  9.3949600e+002  8.3600000e+002
  9.4032800e+002  8.3200000e+002
  9.4115600e+002  8.2800000e+002
  9.4197200e+002  8.1600000e+002
  9.4279600e+002  8.2400000e+002
  9.4362800e+002  8.3200000e+002
  9.4444800e+002  8.2000000e+002
  9.4526400e+002  8.1600000e+002
  9.4608400e+002  8.2000000e+002
  9.4692000e+002  8.3600000e+002
  9.4773600e+002  8.1600000e+002
  9.4855200e+002  8.1600000e+002
  9.4937600e+002  8.2400000e+002
  9.5020400e+002  8.2800000e+002
  9.5102800e+002  8.2400000e+002
  9.5185200e+002  8.2400000e+002
  9.5268400e+002  8.3200000e+002
  9.5351600e+002  8.3200000e+002
  9.5434000e+002  8.2400000e+002
  9.5516400e+002  8.2400000e+002
  9.5599200e+002  8.2800000e+002
  9.5681600e+002  8.2400000e+002
  9.5762800e+002  8.1200000e+002
  9.5844400e+002  8.1600000e+002
  9.5925600e+002  8.1200000e+002
  9.6006800e+002  8.1200000e+002
  9.6088000e+002  8.1200000e+002
  9.6168800e+002  8.0800000e+002
  9.6249600e+002  8.0800000e+002
  9.6331600e+002  8.2000000e+002
  9.6413600e+002  8.2000000e+002
  9.6496000e+002  8.2400000e+002
  9.6578800e+002  8.2800000e+002
  9.6663200e+002  8.4400000e+002
  9.6747200e+002  8.4000000e+002
  9.6830800e+002  8.3600000e+002
  9.6914400e+002  8.3600000e+002
  9.6998800e+002  8.4400000e+002
  9.7082400e+002  8.3600000e+002
  9.7165200e+002  8.2800000e+002
  9.7249600e+002  8.4400000e+002
  9.7333600e+002  8.4000000e+002
  9.7417200e+002  8.3600000e+002
  9.7500000e+002  8.2800000e+002
  9.7584800e+002  8.4800000e+002
  9.7668400e+002  8.3600000e+002
  9.7751200e+002  8.2800000e+002
  9.7835200e+002  8.4000000e+002
  9.7919600e+002  8.4400000e+002
  9.8002800e+002  8.3200000e+002
  9.8086400e+002  8.3600000e+002
  9.8170000e+002  8.3600000e+002
  9.8253600e+002  8.3600000e+002
  9.8335600e+002  8.2000000e+002
  9.8418400e+002  8.2800000e+002
  9.8501200e+002  8.2800000e+002
  9.8584000e+002  8.2800000e+002
  9.8666000e+002  8.2000000e+002
  9.8748400e+002  8.2400000e+002
  9.8830800e+002  8.2400000e+002
  9.8913600e+002  8.2800000e+002
  9.8996400e+002  8.2800000e+002
  9.9080400e+002  8.4000000e+002
  9.9164400e+002  8.4000000e+002
  9.9248400e+002  8.4000000e+002
  9.9332000e+002  8.3600000e+002
  9.9416800e+002  8.4800000e+002
  9.9501200e+002  8.4400000e+002
  9.9586000e+002  8.4800000e+002
  9.9670400e+002  8.4400000e+002
  9.9756000e+002  8.5600000e+002
  9.9840000e+002  8.4000000e+002
  9.9923200e+002  8.3200000e+002
  1.0000720e+003  8.4000000e+002
  1.0009200e+003  8.4800000e+002
  1.0017600e+003  8.4000000e+002
  1.0025920e+003  8.3200000e+002
  1.0034320e+003  8.4000000e+002
  1.0042680e+003  8.3600000e+002
  1.0051080e+003  8.4000000e+002
  1.0059320e+003  8.2400000e+002
  1.0067560e+003  8.2400000e+002
  1.0075920e+003  8.3600000e+002
  1.0084200e+003  8.2800000e+002
  1.0092360e+003  8.1600000e+002
  1.0100560e+003  8.2000000e+002
  1.0108800e+003  8.2400000e+002
  1.0117080e+003  8.2800000e+002
  1.0125280e+003  8.2000000e+002
  1.0133520e+003  8.2400000e+002
  1.0141920e+003  8.4000000e+002
  1.0150280e+003  8.3600000e+002
  1.0158600e+003  8.3200000e+002
  1.0166920e+003  8.3200000e+002
  1.0175320e+003  8.4000000e+002
  1.0183680e+003  8.3600000e+002
  1.0191960e+003  8.2800000e+002
  1.0200200e+003  8.2400000e+002
  1.0208520e+003  8.3200000e+002
  1.0216880e+003  8.3600000e+002
  1.0225040e+003  8.1600000e+002
  1.0233280e+003  8.2400000e+002
  1.0241560e+003  8.2800000e+002
  1.0249800e+003  8.2400000e+002
  1.0257960e+003  8.1600000e+002
  1.0266240e+003  8.2800000e+002
  1.0274520e+003  8.2800000e+002
  1.0282800e+003  8.2800000e+002
  1.0291000e+003  8.2000000e+002
  1.0299280e+003  8.2800000e+002
  1.0307560e+003  8.2800000e+002
  1.0315840e+003  8.2800000e+002
  1.0324040e+003  8.2000000e+002
  1.0332320e+003  8.2800000e+002
  1.0340600e+003  8.2800000e+002
  1.0348880e+003  8.2800000e+002
  1.0357040e+003  8.1600000e+002
  1.0365200e+003  8.1600000e+002
  1.0373400e+003  8.2000000e+002
  1.0381400e+003  8.0000000e+002
  1.0389400e+003  8.0000000e+002
  1.0397320e+003  7.9200000e+002
  1.0405240e+003  7.9200000e+002
  1.0413200e+003  7.9600000e+002
  1.0421040e+003  7.8400000e+002
  1.0429040e+003  8.0000000e+002
  1.0436920e+003  7.8800000e+002
  1.0444960e+003  8.0400000e+002
  1.0453000e+003  8.0400000e+002
  1.0461000e+003  8.0000000e+002
  1.0469000e+003  8.0000000e+002
  1.0476840e+003  7.8400000e+002
  1.0484760e+003  7.9200000e+002
  1.0492640e+003  7.8800000e+002
  1.0500480e+003  7.8400000e+002
  1.0508320e+003  7.8400000e+002
  1.0516200e+003  7.8800000e+002
  1.0524080e+003  7.8800000e+002
  1.0532080e+003  8.0000000e+002
  1.0540040e+003  7.9600000e+002
  1.0548040e+003  8.0000000e+002
  1.0556000e+003  7.9600000e+002
  1.0563960e+003  7.9600000e+002
  1.0571960e+003  8.0000000e+002
  1.0579880e+003  7.9200000e+002
  1.0587800e+003  7.9200000e+002
  1.0595800e+003  8.0000000e+002
  1.0603840e+003  8.0400000e+002
  1.0611920e+003  8.0800000e+002
  1.0620040e+003  8.1200000e+002
  1.0628240e+003  8.2000000e+002
  1.0636400e+003  8.1600000e+002
  1.0644600e+003  8.2000000e+002
  1.0652760e+003  8.1600000e+002
  1.0660880e+003  8.1200000e+002
  1.0669040e+003  8.1600000e+002
  1.0677120e+003  8.0800000e+002
  1.0685240e+003  8.1200000e+002
  1.0693280e+003  8.0400000e+002
  1.0701280e+003  8.0000000e+002
  1.0709200e+003  7.9200000e+002
  1.0717160e+003  7.9600000e+002
  1.0725040e+003  7.8800000e+002
  1.0732920e+003  7.8800000e+002
  1.0740800e+003  7.8800000e+002
  1.0748640e+003  7.8400000e+002
  1.0756560e+003  7.9200000e+002
  1.0764480e+003  7.9200000e+002
  1.0772400e+003  7.9200000e+002
  1.0780280e+003  7.8800000e+002
  1.0788280e+003  8.0000000e+002
  1.0796320e+003  8.0400000e+002
  1.0804320e+003  8.0000000e+002
  1.0812280e+003  7.9600000e+002
  1.0820240e+003  7.9600000e+002
  1.0828240e+003  8.0000000e+002
  1.0836320e+003  8.0800000e+002
  1.0844400e+003  8.0800000e+002
  1.0852320e+003  7.9200000e+002
  1.0860440e+003  8.1200000e+002
  1.0868560e+003  8.1200000e+002
  1.0876640e+003  8.0800000e+002
  1.0884680e+003  8.0400000e+002
  1.0892760e+003  8.0800000e+002
  1.0900800e+003  8.0400000e+002
  1.0908880e+003  8.0800000e+002
  1.0916920e+003  8.0400000e+002
  1.0924920e+003  8.0000000e+002
  1.0932920e+003  8.0000000e+002
  1.0941000e+003  8.0800000e+002
  1.0949080e+003  8.0800000e+002
  1.0957120e+003  8.0400000e+002
  1.0965160e+003  8.0400000e+002
  1.0973280e+003  8.1200000e+002
  1.0981400e+003  8.1200000e+002
  1.0989520e+003  8.1200000e+002
  1.0997720e+003  8.2000000e+002
  1.1005960e+003  8.2400000e+002
  1.1014160e+003  8.2000000e+002
  1.1022320e+003  8.1600000e+002
  1.1030640e+003  8.3200000e+002
  1.1038960e+003  8.3200000e+002
  1.1047120e+003  8.1600000e+002
  1.1055360e+003  8.2400000e+002
  1.1063640e+003  8.2800000e+002
  1.1071800e+003  8.1600000e+002
  1.1079840e+003  8.0400000e+002
  1.1088000e+003  8.1600000e+002
  1.1096160e+003  8.1600000e+002
  1.1104200e+003  8.0400000e+002
  1.1112240e+003  8.0400000e+002
  1.1120400e+003  8.1600000e+002
  1.1128480e+003  8.0800000e+002
  1.1136560e+003  8.0800000e+002
  1.1144720e+003  8.1600000e+002
  1.1152960e+003  8.2400000e+002
  1.1161120e+003  8.1600000e+002
  1.1169280e+003  8.1600000e+002
  1.1177440e+003  8.1600000e+002
  1.1185560e+003  8.1200000e+002
  1.1193720e+003  8.1600000e+002
  1.1201720e+003  8.0000000e+002
  1.1209720e+003  8.0000000e+002
  1.1217680e+003  7.9600000e+002
  1.1225120e+003  7.4400000e+002
  1.1233760e+003  8.6400000e+002
  1.1241800e+003  8.0400000e+002
  1.1249960e+003  8.1600000e+002
  1.1258120e+003  8.1600000e+002
  1.1263560e+003  5.4400000e+002
  1.1273880e+003  1.0320000e+003
  1.1281840e+003  7.9600000e+002
  1.1289960e+003  8.1200000e+002
  1.1298000e+003  8.0400000e+002
  1.1306040e+003  8.0400000e+002
  1.1313960e+003  7.9200000e+002
  1.1322120e+003  8.1600000e+002
  1.1330200e+003  8.0800000e+002
  1.1338400e+003  8.2000000e+002
  1.1346400e+003  8.0000000e+002
  1.1354640e+003  8.2400000e+002
  1.1362840e+003  8.2000000e+002
  1.1371120e+003  8.2800000e+002
  1.1379240e+003  8.1200000e+002
  1.1387520e+003  8.2800000e+002
  1.1395800e+003  8.2800000e+002
  1.1404160e+003  8.3600000e+002
  1.1412400e+003  8.2400000e+002
  1.1420640e+003  8.2400000e+002
  1.1429000e+003  8.3600000e+002
  1.1437320e+003  8.3200000e+002
  1.1445720e+003  8.4000000e+002
  1.1453960e+003  8.2400000e+002
  1.1462560e+003  8.6000000e+002
  1.1470840e+003  8.2800000e+002
  1.1479160e+003  8.3200000e+002
  1.1487440e+003  8.2800000e+002
  1.1495800e+003  8.3600000e+002
  1.1504000e+003  8.2000000e+002
  1.1512160e+003  8.1600000e+002
  1.1520360e+003  8.2000000e+002
  1.1528560e+003  8.2000000e+002
  1.1536760e+003  8.2000000e+002
  1.1544880e+003  8.1200000e+002
  1.1553080e+003  8.2000000e+002
  1.1561480e+003  8.4000000e+002
  1.1569720e+003  8.2400000e+002
  1.1577960e+003  8.2400000e+002
  1.1586320e+003  8.3600000e+002
  1.1594800e+003  8.4800000e+002
  1.1603240e+003  8.4400000e+002
  1.1611640e+003  8.4000000e+002
  1.1619920e+003  8.2800000e+002
  1.1628360e+003  8.4400000e+002
  1.1636600e+003  8.2400000e+002
  1.1644840e+003  8.2400000e+002
  1.1653040e+003  8.2000000e+002
  1.1661280e+003  8.2400000e+002
  1.1669440e+003  8.1600000e+002
  1.1677600e+003  8.1600000e+002
  1.1685640e+003  8.0400000e+002
  1.1693760e+003  8.1200000e+002
  1.1701960e+003  8.2000000e+002
  1.1710280e+003  8.3200000e+002
  1.1718480e+003  8.2000000e+002
  1.1726760e+003  8.2800000e+002
  1.1735120e+003  8.3600000e+002
  1.1743600e+003  8.4800000e+002
  1.1751880e+003  8.2800000e+002
  1.1760240e+003  8.3600000e+002
  1.1768680e+003  8.4400000e+002
  1.1777080e+003  8.4000000e+002
  1.1785440e+003  8.3600000e+002
  1.1793640e+003  8.2000000e+002
  1.1801880e+003  8.2400000e+002
  1.1810080e+003  8.2000000e+002
  1.1818320e+003  8.2400000e+002
  1.1826440e+003  8.1200000e+002
  1.1834560e+003  8.1200000e+002
  1.1842720e+003  8.1600000e+002
  1.1850920e+003  8.2000000e+002
  1.1859280e+003  8.3600000e+002
  1.1867440e+003  8.1600000e+002
  1.1875840e+003  8.4000000e+002
  1.1884320e+003  8.4800000e+002
  1.1892880e+003  8.5600000e+002
  1.1901320e+003  8.4400000e+002
  1.1909840e+003  8.5200000e+002
  1.1918320e+003  8.4800000e+002
  1.1926800e+003  8.4800000e+002
  1.1935160e+003  8.3600000e+002
  1.1943560e+003  8.4000000e+002
  1.1951920e+003  8.3600000e+002
  1.1960240e+003  8.3200000e+002
  1.1968480e+003  8.2400000e+002
  1.1976840e+003  8.3600000e+002
  1.1985040e+003  8.2000000e+002
  1.1993200e+003  8.1600000e+002
  1.2001440e+003  8.2400000e+002
  1.2009640e+003  8.2000000e+002
  1.2017840e+003  8.2000000e+002
  1.2026080e+003  8.2400000e+002
  1.2034200e+003  8.1200000e+002
  1.2042520e+003  8.3200000e+002
  1.2050960e+003  8.4400000e+002
  1.2059240e+003  8.2800000e+002
  1.2067600e+003  8.3600000e+002
  1.2076000e+003  8.4000000e+002
  1.2084400e+003  8.4000000e+002
  1.2092720e+003  8.3200000e+002
  1.2101040e+003  8.3200000e+002
  1.2109520e+003  8.4800000e+002
  1.2117960e+003  8.4400000e+002
  1.2126160e+003  8.2000000e+002
  1.2134520e+003  8.3600000e+002
  1.2142920e+003  8.4000000e+002
  1.2151320e+003  8.4000000e+002
  1.2159600e+003  8.2800000e+002
  1.2167960e+003  8.3600000e+002
  1.2176400e+003  8.4400000e+002
  1.2184760e+003  8.3600000e+002
  1.2193000e+003  8.2400000e+002
  1.2201320e+003  8.3200000e+002
  1.2209760e+003  8.4400000e+002
  1.2218080e+003  8.3200000e+002
  1.2226280e+003  8.2000000e+002
  1.2234600e+003  8.3200000e+002
  1.2242960e+003  8.3600000e+002
  1.2251200e+003  8.2400000e+002
  1.2259400e+003  8.2000000e+002
  1.2267720e+003  8.3200000e+002
  1.2276000e+003  8.2800000e+002
  1.2284280e+003  8.2800000e+002
  1.2292480e+003  8.2000000e+002
  1.2300720e+003  8.2400000e+002
  1.2308920e+003  8.2000000e+002
  1.2317200e+003  8.2800000e+002
  1.2325480e+003  8.2800000e+002
  1.2333680e+003  8.2000000e+002
  1.2342080e+003  8.4000000e+002
  1.2350560e+003  8.4800000e+002
  1.2359000e+003  8.4400000e+002
  1.2367440e+003  8.4400000e+002
  1.2375960e+003  8.5200000e+002
  1.2384560e+003  8.6000000e+002
  1.2392960e+003  8.4000000e+002
  1.2401400e+003  8.4400000e+002
  1.2409840e+003  8.4400000e+002
  1.2418320e+003  8.4800000e+002
  1.2426680e+003  8.3600000e+002
  1.2434920e+003  8.2400000e+002
  1.2443280e+003  8.3600000e+002
  1.2451600e+003  8.3200000e+002
  1.2459880e+003  8.2800000e+002
  1.2468080e+003  8.2000000e+002
  1.2476440e+003  8.3600000e+002
  1.2484800e+003  8.3600000e+002
  1.2493040e+003  8.2400000e+002
  1.2501320e+003  8.2800000e+002
  1.2509640e+003  8.3200000e+002
  1.2518000e+003  8.3600000e+002
  1.2526240e+003  8.2400000e+002
  1.2534520e+003  8.2800000e+002
  1.2542840e+003  8.3200000e+002
  1.2551120e+003  8.2800000e+002
  1.2559320e+003  8.2000000e+002
  1.2567480e+003  8.1600000e+002
  1.2575720e+003  8.2400000e+002
  1.2583960e+003  8.2400000e+002
  1.2592200e+003  8.2400000e+002
  1.2600280e+003  8.0800000e+002
  1.2608600e+003  8.3200000e+002
  1.2617160e+003  8.5600000e+002
  1.2625480e+003  8.3200000e+002
  1.2633800e+003  8.3200000e+002
  1.2642200e+003  8.4000000e+002
  1.2650640e+003  8.4400000e+002
  1.2658960e+003  8.3200000e+002
  1.2667240e+003  8.2800000e+002
  1.2675520e+003  8.2800000e+002
  1.2683960e+003  8.4400000e+002
  1.2692240e+003  8.2800000e+002
  1.2700560e+003  8.3200000e+002
  1.2708960e+003  8.4000000e+002
  1.2717360e+003  8.4000000e+002
  1.2725600e+003  8.2400000e+002
  1.2733920e+003  8.3200000e+002
  1.2742320e+003  8.4000000e+002
  1.2750840e+003  8.5200000e+002
  1.2759200e+003  8.3600000e+002
  1.2767600e+003  8.4000000e+002
  1.2776000e+003  8.4000000e+002
  1.2784280e+003  8.2800000e+002
  1.2792520e+003  8.2400000e+002
  1.2800800e+003  8.2800000e+002
  1.2809000e+003  8.2000000e+002
  1.2817160e+003  8.1600000e+002
  1.2825320e+003  8.1600000e+002
  1.2833600e+003  8.2800000e+002
  1.2842040e+003  8.4400000e+002
  1.2850240e+003  8.2000000e+002
  1.2858680e+003  8.4400000e+002
  1.2867200e+003  8.5200000e+002
  1.2875760e+003  8.5600000e+002
  1.2884320e+003  8.5600000e+002
  1.2892960e+003  8.6400000e+002
  1.2901680e+003  8.7200000e+002
  1.2910240e+003  8.5600000e+002
  1.2918920e+003  8.6800000e+002
  1.2927600e+003  8.6800000e+002
  1.2936080e+003  8.4800000e+002
  1.2944520e+003  8.4400000e+002
  1.2953040e+003  8.5200000e+002
  1.2961440e+003  8.4000000e+002
  1.2969760e+003  8.3200000e+002
  1.2978080e+003  8.3200000e+002
  1.2986440e+003  8.3600000e+002
  1.2994840e+003  8.4000000e+002
  1.3003080e+003  8.2400000e+002
  1.3011400e+003  8.3200000e+002
  1.3019800e+003  8.4000000e+002
  1.3028200e+003  8.4000000e+002
  1.3036480e+003  8.2800000e+002
  1.3044840e+003  8.3600000e+002
  1.3053200e+003  8.3600000e+002
  1.3061480e+003  8.2800000e+002
  1.3069640e+003  8.1600000e+002
  1.3077880e+003  8.2400000e+002
  1.3086120e+003  8.2400000e+002
  1.3094320e+003  8.2000000e+002
  1.3102440e+003  8.1200000e+002
  1.3110600e+003  8.1600000e+002
  1.3118800e+003  8.2000000e+002
  1.3127040e+003  8.2400000e+002
  1.3135200e+003  8.1600000e+002
  1.3143360e+003  8.1600000e+002
  1.3151520e+003  8.1600000e+002
  1.3159720e+003  8.2000000e+002
  1.3167800e+003  8.0800000e+002
  1.3175920e+003  8.1200000e+002
  1.3182480e+003  6.5600000e+002
  1.3192240e+003  9.7600000e+002
  1.3200320e+003  8.0800000e+002
  1.3208600e+003  8.2800000e+002
  1.3216800e+003  8.2000000e+002
  1.3225080e+003  8.2800000e+002
  1.3233160e+003  8.0800000e+002
  1.3241360e+003  8.2000000e+002
  1.3249520e+003  8.1600000e+002
  1.3257720e+003  8.2000000e+002
  1.3266080e+003  8.3600000e+002
  1.3274160e+003  8.0800000e+002
  1.3282520e+003  8.3600000e+002
  1.3290880e+003  8.3600000e+002
  1.3299280e+003  8.4000000e+002
  1.3307600e+003  8.3200000e+002
  1.3316000e+003  8.4000000e+002
  1.3324400e+003  8.4000000e+002
  1.3332760e+003  8.3600000e+002
  1.3341080e+003  8.3200000e+002
  1.3349320e+003  8.2400000e+002
  1.3357680e+003  8.3600000e+002
  1.3365920e+003  8.2400000e+002
  1.3374080e+003  8.1600000e+002
  1.3382280e+003  8.2000000e+002
  1.3390440e+003  8.1600000e+002
  1.3398680e+003  8.2400000e+002
  1.3406800e+003  8.1200000e+002
  1.3414880e+003  8.0800000e+002
  1.3423040e+003  8.1600000e+002
  1.3431240e+003  8.2000000e+002
  1.3439480e+003  8.2400000e+002
  1.3447760e+003  8.2800000e+002
  1.3455960e+003  8.2000000e+002
  1.3464280e+003  8.3200000e+002
  1.3472600e+003  8.3200000e+002
  1.3480960e+003  8.3600000e+002
  1.3489160e+003  8.2000000e+002
  1.3497480e+003  8.3200000e+002
  1.3505720e+003  8.2400000e+002
  1.3513880e+003  8.1600000e+002
  1.3521960e+003  8.0800000e+002
  1.3529880e+003  7.9200000e+002
  1.3537840e+003  7.9600000e+002
  1.3545760e+003  7.9200000e+002
  1.3553640e+003  7.8800000e+002
  1.3561440e+003  7.8000000e+002
  1.3569400e+003  7.9600000e+002
  1.3577360e+003  7.9600000e+002
  1.3585240e+003  7.8800000e+002
  1.3593080e+003  7.8400000e+002
  1.3601120e+003  8.0400000e+002
  1.3609120e+003  8.0000000e+002
  1.3617080e+003  7.9600000e+002
  1.3624960e+003  7.8800000e+002
  1.3632880e+003  7.9200000e+002
  1.3640880e+003  8.0000000e+002
  1.3648880e+003  8.0000000e+002
  1.3656840e+003  7.9600000e+002
  1.3664760e+003  7.9200000e+002
  1.3672760e+003  8.0000000e+002
  1.3680760e+003  8.0000000e+002
  1.3688680e+003  7.9200000e+002
  1.3696680e+003  8.0000000e+002
  1.3704720e+003  8.0400000e+002
  1.3712800e+003  8.0800000e+002
  1.3720720e+003  7.9200000e+002
  1.3728720e+003  8.0000000e+002
  1.3736800e+003  8.0800000e+002
  1.3744800e+003  8.0000000e+002
  1.3752840e+003  8.0400000e+002
  1.3760840e+003  8.0000000e+002
  1.3768920e+003  8.0800000e+002
  1.3777040e+003  8.1200000e+002
  1.3785120e+003  8.0800000e+002
  1.3793120e+003  8.0000000e+002
  1.3801240e+003  8.1200000e+002
  1.3809280e+003  8.0400000e+002
  1.3817320e+003  8.0400000e+002
  1.3825320e+003  8.0000000e+002
  1.3833440e+003  8.1200000e+002
  1.3841520e+003  8.0800000e+002
  1.3849520e+003  8.0000000e+002
  1.3857600e+003  8.0800000e+002
  1.3865640e+003  8.0400000e+002
  1.3873760e+003  8.1200000e+002
  1.3881800e+003  8.0400000e+002
  1.3889840e+003  8.0400000e+002
  1.3897960e+003  8.1200000e+002
  1.3906120e+003  8.1600000e+002
  1.3914320e+003  8.2000000e+002
  1.3922480e+003  8.1600000e+002
  1.3930760e+003  8.2800000e+002
  1.3939080e+003  8.3200000e+002
  1.3947320e+003  8.2400000e+002
  1.3955640e+003  8.3200000e+002
  1.3964000e+003  8.3600000e+002
  1.3972360e+003  8.3600000e+002
  1.3980640e+003  8.2800000e+002
  1.3989000e+003  8.3600000e+002
  1.3997280e+003  8.2800000e+002
  1.4005640e+003  8.3600000e+002
  1.4013840e+003  8.2000000e+002
  1.4022160e+003  8.3200000e+002
  1.4030360e+003  8.2000000e+002
  1.4038560e+003  8.2000000e+002
  1.4046760e+003  8.2000000e+002
  1.4052560e+003  5.8000000e+002
  1.4063320e+003  1.0760000e+003
  1.4071480e+003  8.1600000e+002
  1.4079760e+003  8.2800000e+002
  1.4087840e+003  8.0800000e+002
  1.4095880e+003  8.0400000e+002
  1.4103920e+003  8.0400000e+002
  1.4111960e+003  8.0400000e+002
  1.4120000e+003  8.0400000e+002
  1.4128000e+003  8.0000000e+002
  1.4136040e+003  8.0400000e+002
  1.4144040e+003  8.0000000e+002
  1.4152160e+003  8.1200000e+002
  1.4160200e+003  8.0400000e+002
  1.4168280e+003  8.0800000e+002
  1.4176400e+003  8.1200000e+002
  1.4184440e+003  8.0400000e+002
  1.4192640e+003  8.2000000e+002
  1.4200920e+003  8.2800000e+002
  1.4209080e+003  8.1600000e+002
  1.4217400e+003  8.3200000e+002
  1.4225680e+003  8.2800000e+002
  1.4233920e+003  8.2400000e+002
  1.4242000e+003  8.0800000e+002
  1.4250240e+003  8.2400000e+002
  1.4258400e+003  8.1600000e+002
  1.4266520e+003  8.1200000e+002
  1.4274560e+003  8.0400000e+002
  1.4282680e+003  8.1200000e+002
  1.4290720e+003  8.0400000e+002
  1.4298680e+003  7.9600000e+002
  1.4306640e+003  7.9600000e+002
  1.4314640e+003  8.0000000e+002
  1.4322680e+003  8.0400000e+002
  1.4330640e+003  7.9600000e+002
  1.4338640e+003  8.0000000e+002
  1.4346720e+003  8.0800000e+002
  1.4354760e+003  8.0400000e+002
  1.4362760e+003  8.0000000e+002
  1.4370880e+003  8.1200000e+002
  1.4379000e+003  8.1200000e+002
  1.4387080e+003  8.0800000e+002
  1.4395120e+003  8.0400000e+002
  1.4403200e+003  8.0800000e+002
  1.4411320e+003  8.1200000e+002
  1.4419320e+003  8.0000000e+002
  1.4427440e+003  8.1200000e+002
  1.4435600e+003  8.1600000e+002
  1.4443640e+003  8.0400000e+002
  1.4451640e+003  8.0000000e+002
  1.4459720e+003  8.0800000e+002
  1.4467760e+003  8.0400000e+002
  1.4475920e+003  8.1600000e+002
  1.4484040e+003  8.1200000e+002
  1.4492120e+003  8.0800000e+002
  1.4500320e+003  8.2000000e+002
  1.4508520e+003  8.2000000e+002
  1.4516640e+003  8.1200000e+002
  1.4524880e+003  8.2400000e+002
  1.4533120e+003  8.2400000e+002
  1.4541400e+003  8.2800000e+002
  1.4549560e+003  8.1600000e+002
  1.4557920e+003  8.3600000e+002
  1.4566200e+003  8.2800000e+002
  1.4574480e+003  8.2800000e+002
  1.4582600e+003  8.1200000e+002
  1.4590880e+003  8.2800000e+002
  1.4599200e+003  8.3200000e+002
  1.4607440e+003  8.2400000e+002
  1.4615600e+003  8.1600000e+002
  1.4624000e+003  8.4000000e+002
  1.4632280e+003  8.2800000e+002
  1.4640480e+003  8.2000000e+002
  1.4648760e+003  8.2800000e+002
  1.4657120e+003  8.3600000e+002
  1.4665320e+003  8.2000000e+002
  1.4673480e+003  8.1600000e+002
  1.4681720e+003  8.2400000e+002
  1.4689960e+003  8.2400000e+002
  1.4698080e+003  8.1200000e+002
  1.4706280e+003  8.2000000e+002
  1.4714520e+003  8.2400000e+002
  1.4722720e+003  8.2000000e+002
  1.4730880e+003  8.1600000e+002
  1.4739040e+003  8.1600000e+002
  1.4747200e+003  8.1600000e+002
  1.4755320e+003  8.1200000e+002
  1.4763360e+003  8.0400000e+002
  1.4771520e+003  8.1600000e+002
  1.4779600e+003  8.0800000e+002
  1.4787760e+003  8.1600000e+002
  1.4795920e+003  8.1600000e+002
  1.4804040e+003  8.1200000e+002
  1.4812280e+003  8.2400000e+002
  1.4820600e+003  8.3200000e+002
  1.4828920e+003  8.3200000e+002
  1.4837200e+003  8.2800000e+002
  1.4845600e+003  8.4000000e+002
  1.4853960e+003  8.3600000e+002
  1.4862200e+003  8.2400000e+002
  1.4870400e+003  8.2000000e+002
  1.4878600e+003  8.2000000e+002
  1.4886760e+003  8.1600000e+002
  1.4894880e+003  8.1200000e+002
  1.4902960e+003  8.0800000e+002
  1.4911040e+003  8.0800000e+002
  1.4919120e+003  8.0800000e+002
  1.4927160e+003  8.0400000e+002
  1.4935240e+003  8.0800000e+002
  1.4943200e+003  7.9600000e+002
  1.4951280e+003  8.0800000e+002
  1.4959280e+003  8.0000000e+002
  1.4967320e+003  8.0400000e+002
  1.4975320e+003  8.0000000e+002
  1.4983520e+003  8.2000000e+002
  1.4991680e+003  8.1600000e+002
  1.4999760e+003  8.0800000e+002
  1.5007920e+003  8.1600000e+002
  1.5016120e+003  8.2000000e+002
  1.5024280e+003  8.1600000e+002
  1.5032560e+003  8.2800000e+002
  1.5040800e+003  8.2400000e+002
  1.5049160e+003  8.3600000e+002
  1.5057600e+003  8.4400000e+002
  1.5066000e+003  8.4000000e+002
  1.5074320e+003  8.3200000e+002
  1.5082760e+003  8.4400000e+002
  1.5091200e+003  8.4400000e+002
  1.5099520e+003  8.3200000e+002
  1.5107760e+003  8.2400000e+002
  1.5116040e+003  8.2800000e+002
  1.5124280e+003  8.2400000e+002
  1.5132520e+003  8.2400000e+002
  1.5140640e+003  8.1200000e+002
  1.5148840e+003  8.2000000e+002
  1.5157040e+003  8.2000000e+002
  1.5165160e+003  8.1200000e+002
  1.5173200e+003  8.0400000e+002
  1.5181360e+003  8.1600000e+002
  1.5189480e+003  8.1200000e+002
  1.5197640e+003  8.1600000e+002
  1.5205720e+003  8.0800000e+002
  1.5213800e+003  8.0800000e+002
  1.5221960e+003  8.1600000e+002
  1.5230080e+003  8.1200000e+002
  1.5238080e+003  8.0000000e+002
  1.5246160e+003  8.0800000e+002
  1.5254240e+003  8.0800000e+002
  1.5262360e+003  8.1200000e+002
  1.5270360e+003  8.0000000e+002
  1.5278360e+003  8.0000000e+002
  1.5286400e+003  8.0400000e+002
  1.5294440e+003  8.0400000e+002
  1.5302520e+003  8.0800000e+002
  1.5310520e+003  8.0000000e+002
  1.5318440e+003  7.9200000e+002
  1.5326440e+003  8.0000000e+002
  1.5334400e+003  7.9600000e+002
  1.5342360e+003  7.9600000e+002
  1.5350280e+003  7.9200000e+002
  1.5358240e+003  7.9600000e+002
  1.5366240e+003  8.0000000e+002
  1.5374200e+003  7.9600000e+002
  1.5382120e+003  7.9200000e+002
  1.5390080e+003  7.9600000e+002
  1.5398080e+003  8.0000000e+002
  1.5406080e+003  8.0000000e+002
  1.5414080e+003  8.0000000e+002
  1.5422120e+003  8.0400000e+002
  1.5430240e+003  8.1200000e+002
  1.5438400e+003  8.1600000e+002
  1.5446480e+003  8.0800000e+002
  1.5454720e+003  8.2400000e+002
  1.5462960e+003  8.2400000e+002
  1.5471240e+003  8.2800000e+002
  1.5479480e+003  8.2400000e+002
  1.5487760e+003  8.2800000e+002
  1.5496040e+003  8.2800000e+002
  1.5504240e+003  8.2000000e+002
  1.5512440e+003  8.2000000e+002
  1.5520640e+003  8.2000000e+002
  1.5528800e+003  8.1600000e+002
  1.5536840e+003  8.0400000e+002
  1.5544880e+003  8.0400000e+002
  1.5553000e+003  8.1200000e+002
  1.5561000e+003  8.0000000e+002
  1.5569000e+003  8.0000000e+002
  1.5577000e+003  8.0000000e+002
  1.5585040e+003  8.0400000e+002
  1.5593040e+003  8.0000000e+002
  1.5601000e+003  7.9600000e+002
  1.5608960e+003  7.9600000e+002
  1.5617000e+003  8.0400000e+002
  1.5625000e+003  8.0000000e+002
  1.5632920e+003  7.9200000e+002
  1.5640960e+003  8.0400000e+002
  1.5649000e+003  8.0400000e+002
  1.5657000e+003  8.0000000e+002
  1.5665080e+003  8.0800000e+002
  1.5673200e+003  8.1200000e+002
  1.5681280e+003  8.0800000e+002
  1.5689280e+003  8.0000000e+002
  1.5697440e+003  8.1600000e+002
  1.5705600e+003  8.1600000e+002
  1.5713760e+003  8.1600000e+002
  1.5721840e+003  8.0800000e+002
  1.5730040e+003  8.2000000e+002
  1.5738160e+003  8.1200000e+002
  1.5746240e+003  8.0800000e+002
  1.5754320e+003  8.0800000e+002
  1.5762440e+003  8.1200000e+002
  1.5770600e+003  8.1600000e+002
  1.5778600e+003  8.0000000e+002
  1.5786640e+003  8.0400000e+002
  1.5794720e+003  8.0800000e+002
  1.5802840e+003  8.1200000e+002
  1.5810920e+003  8.0800000e+002
  1.5818880e+003  7.9600000e+002
  1.5826920e+003  8.0400000e+002
  1.5834920e+003  8.0000000e+002
  1.5842920e+003  8.0000000e+002
  1.5850800e+003  7.8800000e+002
  1.5858800e+003  8.0000000e+002
  1.5866800e+003  8.0000000e+002
  1.5874760e+003  7.9600000e+002
  1.5882720e+003  7.9600000e+002
  1.5890720e+003  8.0000000e+002
  1.5898800e+003  8.0800000e+002
  1.5906880e+003  8.0800000e+002
  1.5915040e+003  8.1600000e+002
  1.5923120e+003  8.0800000e+002
  1.5931360e+003  8.2400000e+002
  1.5939720e+003  8.3600000e+002
  1.5948040e+003  8.3200000e+002
  1.5956320e+003  8.2800000e+002
  1.5964680e+003  8.3600000e+002
  1.5973080e+003  8.4000000e+002
  1.5981360e+003  8.2800000e+002
  1.5989680e+003  8.3200000e+002
  1.5998040e+003  8.3600000e+002
  1.6006280e+003  8.2400000e+002
  1.6014600e+003  8.3200000e+002
  1.6022880e+003  8.2800000e+002
  1.6031000e+003  8.1200000e+002
  1.6039200e+003  8.2000000e+002
  1.6047360e+003  8.1600000e+002
  1.6055520e+003  8.1600000e+002
  1.6063600e+003  8.0800000e+002
  1.6071840e+003  8.2400000e+002
  1.6079920e+003  8.0800000e+002
  1.6088000e+003  8.0800000e+002
  1.6096160e+003  8.1600000e+002
  1.6104280e+003  8.1200000e+002
  1.6112400e+003  8.1200000e+002
  1.6120520e+003  8.1200000e+002
  1.6128680e+003  8.1600000e+002
  1.6136840e+003  8.1600000e+002
  1.6144840e+003  8.0000000e+002
  1.6152960e+003  8.1200000e+002
  1.6161080e+003  8.1200000e+002
  1.6169160e+003  8.0800000e+002
  1.6177240e+003  8.0800000e+002
  1.6185400e+003  8.1600000e+002
  1.6193480e+003  8.0800000e+002
  1.6201440e+003  7.9600000e+002
  1.6209520e+003  8.0800000e+002
  1.6217640e+003  8.1200000e+002
  1.6225760e+003  8.1200000e+002
  1.6233880e+003  8.1200000e+002
  1.6241960e+003  8.0800000e+002
  1.6250200e+003  8.2400000e+002
  1.6258400e+003  8.2000000e+002
  1.6266520e+003  8.1200000e+002
  1.6274880e+003  8.3600000e+002
  1.6283120e+003  8.2400000e+002
  1.6291440e+003  8.3200000e+002
  1.6299640e+003  8.2000000e+002
  1.6307880e+003  8.2400000e+002
  1.6316160e+003  8.2800000e+002
  1.6324320e+003  8.1600000e+002
  1.6332560e+003  8.2400000e+002
  1.6340760e+003  8.2000000e+002
  1.6348960e+003  8.2000000e+002
  1.6357040e+003  8.0800000e+002
  1.6365240e+003  8.2000000e+002
  1.6373400e+003  8.1600000e+002
  1.6381480e+003  8.0800000e+002
  1.6389600e+003  8.1200000e+002
  1.6397800e+003  8.2000000e+002
  1.6405880e+003  8.0800000e+002
  1.6414000e+003  8.1200000e+002
  1.6422120e+003  8.1200000e+002
  1.6430240e+003  8.1200000e+002
  1.6438280e+003  8.0400000e+002
  1.6446320e+003  8.0400000e+002
  1.6454400e+003  8.0800000e+002
  1.6462320e+003  7.9200000e+002
  1.6470400e+003  8.0800000e+002
  1.6478440e+003  8.0400000e+002
  1.6486400e+003  7.9600000e+002
  1.6494440e+003  8.0400000e+002
  1.6502520e+003  8.0800000e+002
  1.6510520e+003  8.0000000e+002
  1.6518520e+003  8.0000000e+002
  1.6526600e+003  8.0800000e+002
  1.6534680e+003  8.0800000e+002
  1.6542840e+003  8.1600000e+002
  1.6551000e+003  8.1600000e+002
  1.6559240e+003  8.2400000e+002
  1.6567560e+003  8.3200000e+002
  1.6575880e+003  8.3200000e+002
  1.6584160e+003  8.2800000e+002
  1.6592680e+003  8.5200000e+002
  1.6601080e+003  8.4000000e+002
  1.6609320e+003  8.2400000e+002
  1.6617800e+003  8.4800000e+002
  1.6626200e+003  8.4000000e+002
  1.6634440e+003  8.2400000e+002
  1.6642800e+003  8.3600000e+002
  1.6651080e+003  8.2800000e+002
  1.6659400e+003  8.3200000e+002
  1.6667560e+003  8.1600000e+002
  1.6675800e+003  8.2400000e+002
  1.6684000e+003  8.2000000e+002
  1.6692120e+003  8.1200000e+002
  1.6700360e+003  8.2400000e+002
  1.6708480e+003  8.1200000e+002
  1.6716560e+003  8.0800000e+002
  1.6724720e+003  8.1600000e+002
  1.6732840e+003  8.1200000e+002
  1.6740880e+003  8.0400000e+002
  1.6748960e+003  8.0800000e+002
  1.6757080e+003  8.1200000e+002
  1.6765280e+003  8.2000000e+002
  1.6773560e+003  8.2800000e+002
  1.6781720e+003  8.1600000e+002
  1.6790000e+003  8.2800000e+002
  1.6798280e+003  8.2800000e+002
  1.6806480e+003  8.2000000e+002
  1.6814720e+003  8.2400000e+002
  1.6823200e+003  8.4800000e+002
  1.6831600e+003  8.4000000e+002
  1.6839920e+003  8.3200000e+002
  1.6848480e+003  8.5600000e+002
  1.6857080e+003  8.6000000e+002
  1.6865600e+003  8.5200000e+002
  1.6874160e+003  8.5600000e+002
  1.6882920e+003  8.7600000e+002
  1.6891680e+003  8.7600000e+002
  1.6900360e+003  8.6800000e+002
  1.6909600e+003  9.2400000e+002
  1.6919600e+003  1.0000000e+003
  1.6928240e+003  8.6400000e+002
  1.6937160e+003  8.9200000e+002
  1.6945640e+003  8.4800000e+002
  1.6954040e+003  8.4000000e+002
  1.6962200e+003  8.1600000e+002
  1.6970360e+003  8.1600000e+002
  1.6978480e+003  8.1200000e+002
  1.6986240e+003  7.7600000e+002
  1.6994280e+003  8.0400000e+002
  1.7002160e+003  7.8800000e+002
  1.7010040e+003  7.8800000e+002
  1.7017920e+003  7.8800000e+002
  1.7025840e+003  7.9200000e+002
  1.7033600e+003  7.7600000e+002
  1.7041520e+003  7.9200000e+002
  1.7049360e+003  7.8400000e+002
  1.7057200e+003  7.8400000e+002
  1.7065000e+003  7.8000000e+002
  1.7072880e+003  7.8800000e+002
  1.7080840e+003  7.9600000e+002
  1.7088640e+003  7.8000000e+002
  1.7096600e+003  7.9600000e+002
  1.7104560e+003  7.9600000e+002
  1.7112520e+003  7.9600000e+002
  1.7120400e+003  7.8800000e+002
  1.7128400e+003  8.0000000e+002
  1.7136400e+003  8.0000000e+002
  1.7144320e+003  7.9200000e+002
  1.7152280e+003  7.9600000e+002
  1.7160320e+003  8.0400000e+002
  1.7168280e+003  7.9600000e+002
  1.7176240e+003  7.9600000e+002
  1.7184320e+003  8.0800000e+002
  1.7192280e+003  7.9600000e+002
  1.7200200e+003  7.9200000e+002
  1.7208160e+003  7.9600000e+002
  1.7216120e+003  7.9600000e+002
  1.7224080e+003  7.9600000e+002
  1.7231960e+003  7.8800000e+002
  1.7239960e+003  8.0000000e+002
  1.7248000e+003  8.0400000e+002
  1.7256120e+003  8.1200000e+002
  1.7264240e+003  8.1200000e+002
  1.7272320e+003  8.0800000e+002
  1.7280520e+003  8.2000000e+002
  1.7288760e+003  8.2400000e+002
  1.7296920e+003  8.1600000e+002
  1.7305120e+003  8.2000000e+002
  1.7313320e+003  8.2000000e+002
  1.7321520e+003  8.2000000e+002
  1.7329640e+003  8.1200000e+002
  1.7337760e+003  8.1200000e+002
  1.7345920e+003  8.1600000e+002
  1.7354000e+003  8.0800000e+002
  1.7362040e+003  8.0400000e+002
  1.7370080e+003  8.0400000e+002
  1.7378160e+003  8.0800000e+002
  1.7386200e+003  8.0400000e+002
  1.7394200e+003  8.0000000e+002
  1.7402240e+003  8.0400000e+002
  1.7410360e+003  8.1200000e+002
  1.7418440e+003  8.0800000e+002
  1.7426440e+003  8.0000000e+002
  1.7434480e+003  8.0400000e+002
  1.7442520e+003  8.0400000e+002
  1.7450600e+003  8.0800000e+002
  1.7458560e+003  7.9600000e+002
  1.7466640e+003  8.0800000e+002
  1.7474760e+003  8.1200000e+002
  1.7482800e+003  8.0400000e+002
  1.7490760e+003  7.9600000e+002
  1.7498800e+003  8.0400000e+002
  1.7506920e+003  8.1200000e+002
  1.7514920e+003  8.0000000e+002
  1.7522920e+003  8.0000000e+002
  1.7530960e+003  8.0400000e+002
  1.7539000e+003  8.0400000e+002
  1.7547000e+003  8.0000000e+002
  1.7555000e+003  8.0000000e+002
  1.7563040e+003  8.0400000e+002
  1.7571080e+003  8.0400000e+002
  1.7579080e+003  8.0000000e+002
  1.7587120e+003  8.0400000e+002
  1.7595240e+003  8.1200000e+002
  1.7603280e+003  8.0400000e+002
  1.7611360e+003  8.0800000e+002
  1.7619440e+003  8.0800000e+002
  1.7627480e+003  8.0400000e+002
  1.7635480e+003  8.0000000e+002
  1.7643480e+003  8.0000000e+002
  1.7651600e+003  8.1200000e+002
  1.7659600e+003  8.0000000e+002
  1.7667640e+003  8.0400000e+002
  1.7675760e+003  8.1200000e+002
  1.7683840e+003  8.0800000e+002
  1.7691880e+003  8.0400000e+002
  1.7700040e+003  8.1600000e+002
  1.7708240e+003  8.2000000e+002
  1.7716440e+003  8.2000000e+002
  1.7724720e+003  8.2800000e+002
  1.7733040e+003  8.3200000e+002
  1.7741480e+003  8.4400000e+002
  1.7749840e+003  8.3600000e+002
  1.7758280e+003  8.4400000e+002
  1.7766760e+003  8.4800000e+002
  1.7775120e+003  8.3600000e+002
  1.7783520e+003  8.4000000e+002
  1.7791920e+003  8.4000000e+002
  1.7800240e+003  8.3200000e+002
  1.7808440e+003  8.2000000e+002
  1.7816760e+003  8.3200000e+002
  1.7824920e+003  8.1600000e+002
  1.7833080e+003  8.1600000e+002
  1.7841320e+003  8.2400000e+002
  1.7849600e+003  8.2800000e+002
  1.7857760e+003  8.1600000e+002
  1.7866000e+003  8.2400000e+002
  1.7874280e+003  8.2800000e+002
  1.7882680e+003  8.4000000e+002
  1.7890920e+003  8.2400000e+002
  1.7899320e+003  8.4000000e+002
  1.7907720e+003  8.4000000e+002
  1.7916040e+003  8.3200000e+002
  1.7924360e+003  8.3200000e+002
  1.7932720e+003  8.3600000e+002
  1.7941080e+003  8.3600000e+002
  1.7949320e+003  8.2400000e+002
  1.7957600e+003  8.2800000e+002
  1.7965880e+003  8.2800000e+002
  1.7974160e+003  8.2800000e+002
