  1.6480000e+000  9.0000000e+002
  2.5680000e+000  9.2000000e+002
  3.4600000e+000  8.9200000e+002
  4.3960000e+000  9.3600000e+002
  5.2880000e+000  8.9200000e+002
  6.2160000e+000  9.2800000e+002
  7.1120000e+000  8.9600000e+002
  8.0080000e+000  8.9600000e+002
  8.9400000e+000  9.3200000e+002
  9.8400000e+000  9.0000000e+002
  1.0704000e+001  8.6400000e+002
  1.1640000e+001  9.3600000e+002
  1.2536000e+001  8.9600000e+002
  1.3396000e+001  8.6000000e+002
  1.4300000e+001  9.0400000e+002
  1.5236000e+001  9.3600000e+002
  1.6128000e+001  8.9200000e+002
  1.7008000e+001  8.8000000e+002
  1.7964000e+001  9.5600000e+002
  1.8864000e+001  9.0000000e+002
  1.9736000e+001  8.7200000e+002
  2.0720000e+001  9.8400000e+002
  2.1640000e+001  9.2000000e+002
  2.2584000e+001  9.4400000e+002
  2.3532000e+001  9.4800000e+002
  2.4424000e+001  8.9200000e+002
  2.5372000e+001  9.4800000e+002
  2.6264000e+001  8.9200000e+002
  2.7172000e+001  9.0800000e+002
  2.8108000e+001  9.3600000e+002
  2.9028000e+001  9.2000000e+002
  2.9932000e+001  9.0400000e+002
  3.0872000e+001  9.4000000e+002
  3.1796000e+001  9.2400000e+002
  3.2736000e+001  9.4000000e+002
  3.3672000e+001  9.3600000e+002
  3.4612000e+001  9.4000000e+002
  3.5556000e+001  9.4400000e+002
  3.6488000e+001  9.3200000e+002
  3.7428000e+001  9.4000000e+002
  3.8360000e+001  9.3200000e+002
  3.9260000e+001  9.0000000e+002
  4.0168000e+001  9.0800000e+002
  4.1092000e+001  9.2400000e+002
  4.2028000e+001  9.3600000e+002
  4.2940000e+001  9.1200000e+002
  4.3872000e+001  9.3200000e+002
  4.4800000e+001  9.2800000e+002
  4.5348000e+001  5.4800000e+002
  4.6560000e+001  1.2120000e+003
  4.7532000e+001  9.7200000e+002
  4.8456000e+001  9.2400000e+002
  4.9404000e+001  9.4800000e+002
  5.0372000e+001  9.6800000e+002
  5.1276000e+001  9.0400000e+002
  5.1912000e+001  6.3600000e+002
  5.3068000e+001  1.1560000e+003
  5.3672000e+001  6.0400000e+002
  5.4872000e+001  1.2000000e+003
  5.5820000e+001  9.4800000e+002
  5.6740000e+001  9.2000000e+002
  5.7672000e+001  9.3200000e+002
  5.8588000e+001  9.1600000e+002
  5.9508000e+001  9.2000000e+002
  6.0452000e+001  9.4400000e+002
  6.1372000e+001  9.2000000e+002
  6.2272000e+001  9.0000000e+002
  6.3188000e+001  9.1600000e+002
  6.4116000e+001  9.2800000e+002
  6.5052000e+001  9.3600000e+002
  6.5984000e+001  9.3200000e+002
  6.6872000e+001  8.8800000e+002
  6.7852000e+001  9.8000000e+002
  6.8808000e+001  9.5600000e+002
  6.9824000e+001  1.0160000e+003
  7.0772000e+001  9.4800000e+002
  7.1672000e+001  9.0000000e+002
  7.2648000e+001  9.7600000e+002
  7.3616000e+001  9.6800000e+002
  7.4552000e+001  9.3600000e+002
  7.5468000e+001  9.1600000e+002
  7.6392000e+001  9.2400000e+002
  7.7260000e+001  8.6800000e+002
  7.8216000e+001  9.5600000e+002
  7.9120000e+001  9.0400000e+002
  8.0080000e+001  9.6000000e+002
  8.0988000e+001  9.0800000e+002
  8.1892000e+001  9.0400000e+002
  8.2804000e+001  9.1200000e+002
  8.3724000e+001  9.2000000e+002
  8.4612000e+001  8.8800000e+002
  8.5516000e+001  9.0400000e+002
  8.6428000e+001  9.1200000e+002
  8.7312000e+001  8.8400000e+002
  8.8212000e+001  9.0000000e+002
  8.9112000e+001  9.0000000e+002
  9.0032000e+001  9.2000000e+002
  9.0944000e+001  9.1200000e+002
  9.1832000e+001  8.8800000e+002
  9.2720000e+001  8.8800000e+002
  9.3620000e+001  9.0000000e+002
  9.4516000e+001  8.9600000e+002
  9.5432000e+001  9.1600000e+002
  9.6308000e+001  8.7600000e+002
  9.7224000e+001  9.1600000e+002
  9.8068000e+001  8.4400000e+002
  9.9012000e+001  9.4400000e+002
  9.9908000e+001  8.9600000e+002
  1.0080000e+002  8.9200000e+002
  1.0172800e+002  9.2800000e+002
  1.0264800e+002  9.2000000e+002
  1.0354800e+002  9.0000000e+002
  1.0444800e+002  9.0000000e+002
  1.0534800e+002  9.0000000e+002
  1.0626400e+002  9.1600000e+002
  1.0714400e+002  8.8000000e+002
  1.0800400e+002  8.6000000e+002
  1.0889200e+002  8.8800000e+002
  1.0977600e+002  8.8400000e+002
  1.1072000e+002  9.4400000e+002
  1.1162800e+002  9.0800000e+002
  1.1258400e+002  9.5600000e+002
  1.1355200e+002  9.6800000e+002
  1.1447200e+002  9.2000000e+002
  1.1541200e+002  9.4000000e+002
  1.1630400e+002  8.9200000e+002
  1.1727200e+002  9.6800000e+002
  1.1820000e+002  9.2800000e+002
  1.1911600e+002  9.1600000e+002
  1.2006000e+002  9.4400000e+002
  1.2096400e+002  9.0400000e+002
  1.2190000e+002  9.3600000e+002
  1.2280000e+002  9.0000000e+002
  1.2369600e+002  8.9600000e+002
  1.2464400e+002  9.4800000e+002
  1.2556400e+002  9.2000000e+002
  1.2648400e+002  9.2000000e+002
  1.2738800e+002  9.0400000e+002
  1.2830400e+002  9.1600000e+002
  1.2921600e+002  9.1200000e+002
  1.3017200e+002  9.5600000e+002
  1.3106400e+002  8.9200000e+002
  1.3199600e+002  9.3200000e+002
  1.3291600e+002  9.2000000e+002
  1.3384000e+002  9.2400000e+002
  1.3473200e+002  8.9200000e+002
  1.3564400e+002  9.1200000e+002
  1.3660000e+002  9.5600000e+002
  1.3722000e+002  6.2000000e+002
  1.3835600e+002  1.1360000e+003
  1.3928000e+002  9.2400000e+002
  1.4022800e+002  9.4800000e+002
  1.4110000e+002  8.7200000e+002
  1.4206000e+002  9.6000000e+002
  1.4296000e+002  9.0000000e+002
  1.4387200e+002  9.1200000e+002
  1.4484800e+002  9.7600000e+002
  1.4577600e+002  9.2800000e+002
  1.4673200e+002  9.5600000e+002
  1.4768400e+002  9.5200000e+002
  1.4862000e+002  9.3600000e+002
  1.4915600e+002  5.3600000e+002
  1.5042000e+002  1.2640000e+003
  1.5130800e+002  8.8800000e+002
  1.5230800e+002  1.0000000e+003
  1.5324800e+002  9.4000000e+002
  1.5420400e+002  9.5600000e+002
  1.5513600e+002  9.3200000e+002
  1.5608800e+002  9.5200000e+002
  1.5698400e+002  8.9600000e+002
  1.5768400e+002  7.0000000e+002
  1.5884400e+002  1.1600000e+003
  1.5982000e+002  9.7600000e+002
  1.6075200e+002  9.3200000e+002
  1.6138800e+002  6.3600000e+002
  1.6197600e+002  5.8800000e+002
  1.6339600e+002  1.4200000e+003
  1.6434800e+002  9.5200000e+002
  1.6528800e+002  9.4000000e+002
  1.6615200e+002  8.6400000e+002
  1.6711600e+002  9.6400000e+002
  1.6803600e+002  9.2000000e+002
  1.6895600e+002  9.2000000e+002
  1.6984400e+002  8.8800000e+002
  1.7077600e+002  9.3200000e+002
  1.7168800e+002  9.1200000e+002
  1.7256400e+002  8.7600000e+002
  1.7354000e+002  9.7600000e+002
  1.7442800e+002  8.8800000e+002
  1.7533600e+002  9.0800000e+002
  1.7619600e+002  8.6000000e+002
  1.7712800e+002  9.3200000e+002
  1.7803600e+002  9.0800000e+002
  1.7895200e+002  9.1600000e+002
  1.7989200e+002  9.4000000e+002
  1.8086000e+002  9.6800000e+002
  1.8178400e+002  9.2400000e+002
  1.8244800e+002  6.6400000e+002
  1.8365200e+002  1.2040000e+003
  1.8462800e+002  9.7600000e+002
  1.8556800e+002  9.4000000e+002
  1.8652000e+002  9.5200000e+002
  1.8746000e+002  9.4000000e+002
  1.8838000e+002  9.2000000e+002
  1.8929600e+002  9.1600000e+002
  1.9022400e+002  9.2800000e+002
  1.9114000e+002  9.1600000e+002
  1.9208000e+002  9.4000000e+002
  1.9298400e+002  9.0400000e+002
  1.9390800e+002  9.2400000e+002
  1.9481600e+002  9.0800000e+002
  1.9571200e+002  8.9600000e+002
  1.9662400e+002  9.1200000e+002
  1.9752800e+002  9.0400000e+002
  1.9841200e+002  8.8400000e+002
  1.9932800e+002  9.1600000e+002
  2.0022800e+002  9.0000000e+002
  2.0110800e+002  8.8000000e+002
  2.0198400e+002  8.7600000e+002
  2.0290800e+002  9.2400000e+002
  2.0381600e+002  9.0800000e+002
  2.0471600e+002  9.0000000e+002
  2.0561200e+002  8.9600000e+002
  2.0652400e+002  9.1200000e+002
  2.0744000e+002  9.1600000e+002
  2.0834400e+002  9.0400000e+002
  2.0924800e+002  9.0400000e+002
  2.1016000e+002  9.1200000e+002
  2.1099600e+002  8.3600000e+002
  2.1196000e+002  9.6400000e+002
  2.1286400e+002  9.0400000e+002
  2.1368800e+002  8.2400000e+002
  2.1464400e+002  9.5600000e+002
  2.1551600e+002  8.7200000e+002
  2.1640400e+002  8.8800000e+002
  2.1731600e+002  9.1200000e+002
  2.1817600e+002  8.6000000e+002
  2.1905200e+002  8.7600000e+002
  2.1996000e+002  9.0800000e+002
  2.2086400e+002  9.0400000e+002
  2.2173200e+002  8.6800000e+002
  2.2263600e+002  9.0400000e+002
  2.2353600e+002  9.0000000e+002
  2.2444000e+002  9.0400000e+002
  2.2534000e+002  9.0000000e+002
  2.2623200e+002  8.9200000e+002
  2.2710800e+002  8.7600000e+002
  2.2795200e+002  8.4400000e+002
  2.2887600e+002  9.2400000e+002
  2.2977200e+002  8.9600000e+002
  2.3057600e+002  8.0400000e+002
  2.3154000e+002  9.6400000e+002
  2.3242000e+002  8.8000000e+002
  2.3331600e+002  8.9600000e+002
  2.3419200e+002  8.7600000e+002
  2.3512000e+002  9.2800000e+002
  2.3601200e+002  8.9200000e+002
  2.3690800e+002  8.9600000e+002
  2.3782400e+002  9.1600000e+002
  2.3874400e+002  9.2000000e+002
  2.3962400e+002  8.8000000e+002
  2.4056000e+002  9.3600000e+002
  2.4144000e+002  8.8000000e+002
  2.4231200e+002  8.7200000e+002
  2.4324400e+002  9.3200000e+002
  2.4415600e+002  9.1200000e+002
  2.4504000e+002  8.8400000e+002
  2.4598400e+002  9.4400000e+002
  2.4687600e+002  8.9200000e+002
  2.4779600e+002  9.2000000e+002
  2.4865200e+002  8.5600000e+002
  2.4960400e+002  9.5200000e+002
  2.5049200e+002  8.8800000e+002
  2.5145600e+002  9.6400000e+002
  2.5244000e+002  9.8400000e+002
  2.5343600e+002  9.9600000e+002
  2.5438000e+002  9.4400000e+002
  2.5536000e+002  9.8000000e+002
  2.5631600e+002  9.5600000e+002
  2.5726400e+002  9.4800000e+002
  2.5819600e+002  9.3200000e+002
  2.5912800e+002  9.3200000e+002
  2.6002000e+002  8.9200000e+002
  2.6100800e+002  9.8800000e+002
  2.6192800e+002  9.2000000e+002
  2.6286000e+002  9.3200000e+002
  2.6377200e+002  9.1200000e+002
  2.6470400e+002  9.3200000e+002
  2.6568400e+002  9.8000000e+002
  2.6660800e+002  9.2400000e+002
  2.6720800e+002  6.0000000e+002
  2.6846000e+002  1.2520000e+003
  2.6943200e+002  9.7200000e+002
  2.7040000e+002  9.6800000e+002
  2.7136000e+002  9.6000000e+002
  2.7230000e+002  9.4000000e+002
  2.7323600e+002  9.3600000e+002
  2.7416800e+002  9.3200000e+002
  2.7511200e+002  9.4400000e+002
  2.7603600e+002  9.2400000e+002
  2.7658800e+002  5.5200000e+002
  2.7777200e+002  1.1840000e+003
  2.7874800e+002  9.7600000e+002
  2.7968000e+002  9.3200000e+002
  2.8059200e+002  9.1200000e+002
  2.8143600e+002  8.4400000e+002
  2.8244000e+002  1.0040000e+003
  2.8333200e+002  8.9200000e+002
  2.8418000e+002  8.4800000e+002
  2.8516000e+002  9.8000000e+002
  2.8608400e+002  9.2400000e+002
  2.8693600e+002  8.5200000e+002
  2.8788000e+002  9.4400000e+002
  2.8880000e+002  9.2000000e+002
  2.8968400e+002  8.8400000e+002
  2.9062000e+002  9.3600000e+002
  2.9152800e+002  9.0800000e+002
  2.9246400e+002  9.3600000e+002
  2.9345200e+002  9.8800000e+002
  2.9437200e+002  9.2000000e+002
  2.9493200e+002  5.6000000e+002
  2.9618000e+002  1.2480000e+003
  2.9715200e+002  9.7200000e+002
  2.9811600e+002  9.6400000e+002
  2.9910800e+002  9.9200000e+002
  3.0005600e+002  9.4800000e+002
  3.0101200e+002  9.5600000e+002
  3.0194400e+002  9.3200000e+002
  3.0291200e+002  9.6800000e+002
  3.0383600e+002  9.2400000e+002
  3.0478000e+002  9.4400000e+002
  3.0570400e+002  9.2400000e+002
  3.0659200e+002  8.8800000e+002
  3.0758000e+002  9.8800000e+002
  3.0846000e+002  8.8000000e+002
  3.0939600e+002  9.3600000e+002
  3.1034400e+002  9.4800000e+002
  3.1126400e+002  9.2000000e+002
  3.1218400e+002  9.2000000e+002
  3.1307600e+002  8.9200000e+002
  3.1398800e+002  9.1200000e+002
  3.1487600e+002  8.8800000e+002
  3.1578000e+002  9.0400000e+002
  3.1661600e+002  8.3600000e+002
  3.1759200e+002  9.7600000e+002
  3.1850400e+002  9.1200000e+002
  3.1940400e+002  9.0000000e+002
  3.2029600e+002  8.9200000e+002
  3.2119200e+002  8.9600000e+002
  3.2211200e+002  9.2000000e+002
  3.2302000e+002  9.0800000e+002
  3.2391600e+002  8.9600000e+002
  3.2481200e+002  8.9600000e+002
  3.2569600e+002  8.8400000e+002
  3.2659200e+002  8.9600000e+002
  3.2746400e+002  8.7200000e+002
  3.2836400e+002  9.0000000e+002
  3.2918800e+002  8.2400000e+002
  3.3015200e+002  9.6400000e+002
  3.3107600e+002  9.2400000e+002
  3.3200800e+002  9.3200000e+002
  3.3293600e+002  9.2800000e+002
  3.3386400e+002  9.2800000e+002
  3.3480000e+002  9.3600000e+002
  3.3571200e+002  9.1200000e+002
  3.3637200e+002  6.6000000e+002
  3.3755200e+002  1.1800000e+003
  3.3847200e+002  9.2000000e+002
  3.3941200e+002  9.4000000e+002
  3.4031600e+002  9.0400000e+002
  3.4124400e+002  9.2800000e+002
  3.4215200e+002  9.0800000e+002
  3.4307600e+002  9.2400000e+002
  3.4395600e+002  8.8000000e+002
  3.4487600e+002  9.2000000e+002
  3.4578800e+002  9.1200000e+002
  3.4670400e+002  9.1600000e+002
  3.4759600e+002  8.9200000e+002
  3.4845600e+002  8.6000000e+002
  3.4940800e+002  9.5200000e+002
  3.5027200e+002  8.6400000e+002
  3.5125200e+002  9.8000000e+002
  3.5215200e+002  9.0000000e+002
  3.5303200e+002  8.8000000e+002
  3.5361600e+002  5.8400000e+002
  3.5476800e+002  1.1520000e+003
  3.5568800e+002  9.2000000e+002
  3.5658000e+002  8.9200000e+002
  3.5749200e+002  9.1200000e+002
  3.5835600e+002  8.6400000e+002
  3.5928400e+002  9.2800000e+002
  3.6018000e+002  8.9600000e+002
  3.6110400e+002  9.2400000e+002
  3.6198800e+002  8.8400000e+002
  3.6289200e+002  9.0400000e+002
  3.6378800e+002  8.9600000e+002
  3.6468000e+002  8.9200000e+002
  3.6559200e+002  9.1200000e+002
  3.6650000e+002  9.0800000e+002
  3.6740400e+002  9.0400000e+002
  3.6829200e+002  8.8800000e+002
  3.6922400e+002  9.3200000e+002
  3.7013200e+002  9.0800000e+002
  3.7104800e+002  9.1600000e+002
  3.7197600e+002  9.2800000e+002
  3.7283200e+002  8.5600000e+002
  3.7378400e+002  9.5200000e+002
  3.7466000e+002  8.7600000e+002
  3.7558800e+002  9.2800000e+002
  3.7645200e+002  8.6400000e+002
  3.7734800e+002  8.9600000e+002
  3.7827600e+002  9.2800000e+002
  3.7918400e+002  9.0800000e+002
  3.8015600e+002  9.7200000e+002
  3.8107600e+002  9.2000000e+002
  3.8202000e+002  9.4400000e+002
  3.8287600e+002  8.5600000e+002
  3.8385600e+002  9.8000000e+002
  3.8476400e+002  9.0800000e+002
  3.8567200e+002  9.0800000e+002
  3.8657200e+002  9.0000000e+002
  3.8746400e+002  8.9200000e+002
  3.8840400e+002  9.4000000e+002
  3.8902800e+002  6.2400000e+002
  3.9018000e+002  1.1520000e+003
  3.9078000e+002  6.0000000e+002
  3.9197200e+002  1.1920000e+003
  3.9289200e+002  9.2000000e+002
  3.9381200e+002  9.2000000e+002
  3.9473200e+002  9.2000000e+002
  3.9562800e+002  8.9600000e+002
  3.9655600e+002  9.2800000e+002
  3.9743200e+002  8.7600000e+002
  3.9837200e+002  9.4000000e+002
  3.9925200e+002  8.8000000e+002
  4.0021200e+002  9.6000000e+002
  4.0112400e+002  9.1200000e+002
  4.0204000e+002  9.1600000e+002
  4.0297200e+002  9.3200000e+002
  4.0389200e+002  9.2000000e+002
  4.0480400e+002  9.1200000e+002
  4.0573200e+002  9.2800000e+002
  4.0666800e+002  9.3600000e+002
  4.0758400e+002  9.1600000e+002
  4.0850000e+002  9.1600000e+002
  4.0942800e+002  9.2800000e+002
  4.1032800e+002  9.0000000e+002
  4.1121200e+002  8.8400000e+002
  4.1216400e+002  9.5200000e+002
  4.1307200e+002  9.0800000e+002
  4.1396800e+002  8.9600000e+002
  4.1488400e+002  9.1600000e+002
  4.1580800e+002  9.2400000e+002
  4.1675200e+002  9.4400000e+002
  4.1774400e+002  9.9200000e+002
  4.1834400e+002  6.0000000e+002
  4.1958400e+002  1.2400000e+003
  4.2057200e+002  9.8800000e+002
  4.2149200e+002  9.2000000e+002
  4.2246400e+002  9.7200000e+002
  4.2299200e+002  5.2800000e+002
  4.2426400e+002  1.2720000e+003
  4.2524400e+002  9.8000000e+002
  4.2582400e+002  5.8000000e+002
  4.2704400e+002  1.2200000e+003
  4.2800000e+002  9.5600000e+002
  4.2894400e+002  9.4400000e+002
  4.2986400e+002  9.2000000e+002
  4.3080000e+002  9.3600000e+002
  4.3174400e+002  9.4400000e+002
  4.3264800e+002  9.0400000e+002
  4.3360000e+002  9.5200000e+002
  4.3451600e+002  9.1600000e+002
  4.3542000e+002  9.0400000e+002
  4.3634800e+002  9.2800000e+002
  4.3726400e+002  9.1600000e+002
  4.3819200e+002  9.2800000e+002
  4.3907200e+002  8.8000000e+002
  4.4003200e+002  9.6000000e+002
  4.4092000e+002  8.8800000e+002
  4.4186400e+002  9.4400000e+002
  4.4278800e+002  9.2400000e+002
  4.4370400e+002  9.1600000e+002
  4.4462400e+002  9.2000000e+002
  4.4558400e+002  9.6000000e+002
  4.4652000e+002  9.3600000e+002
  4.4749200e+002  9.7200000e+002
  4.4842400e+002  9.3200000e+002
  4.4936800e+002  9.4400000e+002
  4.5030000e+002  9.3200000e+002
  4.5127600e+002  9.7600000e+002
  4.5221200e+002  9.3600000e+002
  4.5316400e+002  9.5200000e+002
  4.5370000e+002  5.3600000e+002
  4.5492000e+002  1.2200000e+003
  4.5590400e+002  9.8400000e+002
  4.5688400e+002  9.8000000e+002
  4.5784800e+002  9.6400000e+002
  4.5880000e+002  9.5200000e+002
  4.5971200e+002  9.1200000e+002
  4.6068400e+002  9.7200000e+002
  4.6159600e+002  9.1200000e+002
  4.6252800e+002  9.3200000e+002
  4.6346000e+002  9.3200000e+002
  4.6441200e+002  9.5200000e+002
  4.6533600e+002  9.2400000e+002
  4.6585200e+002  5.1600000e+002
  4.6709600e+002  1.2440000e+003
  4.6805600e+002  9.6000000e+002
  4.6895200e+002  8.9600000e+002
  4.6954800e+002  5.9600000e+002
  4.7071200e+002  1.1640000e+003
  4.7163600e+002  9.2400000e+002
  4.7260400e+002  9.6800000e+002
  4.7352400e+002  9.2000000e+002
  4.7443600e+002  9.1200000e+002
  4.7534400e+002  9.0800000e+002
  4.7624400e+002  9.0000000e+002
  4.7709600e+002  8.5200000e+002
  4.7807600e+002  9.8000000e+002
  4.7894400e+002  8.6800000e+002
  4.7989200e+002  9.4800000e+002
  4.8076400e+002  8.7200000e+002
  4.8171600e+002  9.5200000e+002
  4.8258000e+002  8.6400000e+002
  4.8353200e+002  9.5200000e+002
  4.8444400e+002  9.1200000e+002
  4.8534800e+002  9.0400000e+002
  4.8628400e+002  9.3600000e+002
  4.8723600e+002  9.5200000e+002
  4.8817600e+002  9.4000000e+002
  4.8919200e+002  1.0160000e+003
  4.8973600e+002  5.4400000e+002
  4.9096800e+002  1.2320000e+003
  4.9193200e+002  9.6400000e+002
  4.9292800e+002  9.9600000e+002
  4.9389600e+002  9.6800000e+002
  4.9484000e+002  9.4400000e+002
  4.9578800e+002  9.4800000e+002
  4.9672800e+002  9.4000000e+002
  4.9760800e+002  8.8000000e+002
  4.9858000e+002  9.7200000e+002
  4.9952400e+002  9.4400000e+002
  5.0044400e+002  9.2000000e+002
  5.0135600e+002  9.1200000e+002
  5.0226400e+002  9.0800000e+002
  5.0323200e+002  9.6800000e+002
  5.0416000e+002  9.2800000e+002
  5.0509200e+002  9.3200000e+002
  5.0601200e+002  9.2000000e+002
  5.0694000e+002  9.2800000e+002
  5.0784800e+002  9.0800000e+002
  5.0878800e+002  9.4000000e+002
  5.0967600e+002  8.8800000e+002
  5.1060400e+002  9.2800000e+002
  5.1149200e+002  8.8800000e+002
  5.1240000e+002  9.0800000e+002
  5.1330800e+002  9.0800000e+002
  5.1421200e+002  9.0400000e+002
  5.1512400e+002  9.1200000e+002
  5.1606800e+002  9.4400000e+002
  5.1700000e+002  9.3200000e+002
  5.1794000e+002  9.4000000e+002
  5.1892000e+002  9.8000000e+002
  5.1988000e+002  9.6000000e+002
  5.2082000e+002  9.4000000e+002
  5.2176400e+002  9.4400000e+002
  5.2272000e+002  9.5600000e+002
  5.2368400e+002  9.6400000e+002
  5.2461600e+002  9.3200000e+002
  5.2557200e+002  9.5600000e+002
  5.2653600e+002  9.6400000e+002
  5.2743200e+002  8.9600000e+002
  5.2838800e+002  9.5600000e+002
  5.2934400e+002  9.5600000e+002
  5.3023200e+002  8.8800000e+002
  5.3122000e+002  9.8800000e+002
  5.3216000e+002  9.4000000e+002
  5.3307200e+002  9.1200000e+002
  5.3402800e+002  9.5600000e+002
  5.3494400e+002  9.1600000e+002
  5.3586400e+002  9.2000000e+002
  5.3680400e+002  9.4000000e+002
  5.3773200e+002  9.2800000e+002
  5.3859600e+002  8.6400000e+002
  5.3956800e+002  9.7200000e+002
  5.4047600e+002  9.0800000e+002
  5.4139600e+002  9.2000000e+002
  5.4228400e+002  8.8800000e+002
  5.4316800e+002  8.8400000e+002
  5.4414400e+002  9.7600000e+002
  5.4507200e+002  9.2800000e+002
  5.4602400e+002  9.5200000e+002
  5.4693600e+002  9.1200000e+002
  5.4752800e+002  5.9200000e+002
  5.4881200e+002  1.2840000e+003
  5.4981200e+002  1.0000000e+003
  5.5076400e+002  9.5200000e+002
  5.5170000e+002  9.3600000e+002
  5.5261200e+002  9.1200000e+002
  5.5355600e+002  9.4400000e+002
  5.5449200e+002  9.3600000e+002
  5.5541600e+002  9.2400000e+002
  5.5632800e+002  9.1200000e+002
  5.5724400e+002  9.1600000e+002
  5.5818000e+002  9.3600000e+002
  5.5880400e+002  6.2400000e+002
  5.5998000e+002  1.1760000e+003
  5.6093600e+002  9.5600000e+002
  5.6188400e+002  9.4800000e+002
  5.6281200e+002  9.2800000e+002
  5.6375600e+002  9.4400000e+002
  5.6464000e+002  8.8400000e+002
  5.6558000e+002  9.4000000e+002
  5.6649200e+002  9.1200000e+002
  5.6742400e+002  9.3200000e+002
  5.6835200e+002  9.2800000e+002
  5.6927200e+002  9.2000000e+002
  5.7023600e+002  9.6400000e+002
  5.7117200e+002  9.3600000e+002
  5.7214400e+002  9.7200000e+002
  5.7308800e+002  9.4400000e+002
  5.7402000e+002  9.3200000e+002
  5.7496800e+002  9.4800000e+002
  5.7553600e+002  5.6800000e+002
  5.7671600e+002  1.1800000e+003
  5.7769200e+002  9.7600000e+002
  5.7862800e+002  9.3600000e+002
  5.7956800e+002  9.4000000e+002
  5.8046000e+002  8.9200000e+002
  5.8140000e+002  9.4000000e+002
  5.8235600e+002  9.5600000e+002
  5.8332000e+002  9.6400000e+002
  5.8425600e+002  9.3600000e+002
  5.8519200e+002  9.3600000e+002
  5.8610400e+002  9.1200000e+002
  5.8704000e+002  9.3600000e+002
  5.8801600e+002  9.7600000e+002
  5.8842400e+002  4.0800000e+002
  5.8895600e+002  5.3200000e+002
  5.8988400e+002  9.2800000e+002
  5.9092400e+002  1.0400000e+003
  5.9173600e+002  8.1200000e+002
  5.9268000e+002  9.4400000e+002
  5.9368400e+002  1.0040000e+003
  5.9461200e+002  9.2800000e+002
  5.9545600e+002  8.4400000e+002
  5.9636400e+002  9.0800000e+002
  5.9729200e+002  9.2800000e+002
  5.9822400e+002  9.3200000e+002
  5.9913600e+002  9.1200000e+002
  5.9981600e+002  6.8000000e+002
  6.0097200e+002  1.1560000e+003
  6.0192800e+002  9.5600000e+002
  6.0282000e+002  8.9200000e+002
  6.0379600e+002  9.7600000e+002
  6.0470400e+002  9.0800000e+002
  6.0559200e+002  8.8800000e+002
  6.0650000e+002  9.0800000e+002
  6.0744800e+002  9.4800000e+002
  6.0837200e+002  9.2400000e+002
  6.0931600e+002  9.4400000e+002
  6.1025600e+002  9.4000000e+002
  6.1117600e+002  9.2000000e+002
  6.1209600e+002  9.2000000e+002
  6.1302000e+002  9.2400000e+002
  6.1363200e+002  6.1200000e+002
  6.1485600e+002  1.2240000e+003
  6.1582800e+002  9.7200000e+002
  6.1680400e+002  9.7600000e+002
  6.1782400e+002  1.0200000e+003
  6.1876400e+002  9.4000000e+002
  6.1976000e+002  9.9600000e+002
  6.2072000e+002  9.6000000e+002
  6.2140800e+002  6.8800000e+002
  6.2262800e+002  1.2200000e+003
  6.2358400e+002  9.5600000e+002
  6.2459600e+002  1.0120000e+003
  6.2558000e+002  9.8400000e+002
  6.2654800e+002  9.6800000e+002
  6.2750400e+002  9.5600000e+002
  6.2848000e+002  9.7600000e+002
  6.2943600e+002  9.5600000e+002
  6.3037600e+002  9.4000000e+002
  6.3132800e+002  9.5200000e+002
  6.3226400e+002  9.3600000e+002
  6.3320000e+002  9.3600000e+002
  6.3414000e+002  9.4000000e+002
  6.3508800e+002  9.4800000e+002
  6.3603200e+002  9.4400000e+002
  6.3696400e+002  9.3200000e+002
  6.3788000e+002  9.1600000e+002
  6.3880000e+002  9.2000000e+002
  6.3970000e+002  9.0000000e+002
  6.4066000e+002  9.6000000e+002
  6.4158400e+002  9.2400000e+002
  6.4250400e+002  9.2000000e+002
  6.4346800e+002  9.6400000e+002
  6.4441200e+002  9.4400000e+002
  6.4536400e+002  9.5200000e+002
  6.4629200e+002  9.2800000e+002
  6.4720400e+002  9.1200000e+002
  6.4817200e+002  9.6800000e+002
  6.4910800e+002  9.3600000e+002
  6.5002800e+002  9.2000000e+002
  6.5094800e+002  9.2000000e+002
  6.5188800e+002  9.4000000e+002
  6.5277600e+002  8.8800000e+002
  6.5372400e+002  9.4800000e+002
  6.5461200e+002  8.8800000e+002
  6.5554400e+002  9.3200000e+002
  6.5646000e+002  9.1600000e+002
  6.5738000e+002  9.2000000e+002
  6.5827600e+002  8.9600000e+002
  6.5920400e+002  9.2800000e+002
  6.6012400e+002  9.2000000e+002
  6.6102800e+002  9.0400000e+002
  6.6195600e+002  9.2800000e+002
  6.6288800e+002  9.3200000e+002
  6.6379600e+002  9.0800000e+002
  6.6470400e+002  9.0800000e+002
  6.6563600e+002  9.3200000e+002
  6.6655600e+002  9.2000000e+002
  6.6746400e+002  9.0800000e+002
  6.6838400e+002  9.2000000e+002
  6.6930800e+002  9.2400000e+002
  6.7022000e+002  9.1200000e+002
  6.7113600e+002  9.1600000e+002
  6.7207600e+002  9.4000000e+002
  6.7297600e+002  9.0000000e+002
  6.7389600e+002  9.2000000e+002
  6.7480400e+002  9.0800000e+002
  6.7575600e+002  9.5200000e+002
  6.7671200e+002  9.5600000e+002
  6.7765600e+002  9.4400000e+002
  6.7857600e+002  9.2000000e+002
  6.7952000e+002  9.4400000e+002
  6.8047200e+002  9.5200000e+002
  6.8140000e+002  9.2800000e+002
  6.8232400e+002  9.2400000e+002
  6.8322800e+002  9.0400000e+002
  6.8412800e+002  9.0000000e+002
  6.8507200e+002  9.4400000e+002
  6.8599200e+002  9.2000000e+002
  6.8688400e+002  8.9200000e+002
  6.8781200e+002  9.2800000e+002
  6.8871200e+002  9.0000000e+002
  6.8967600e+002  9.6400000e+002
  6.9058400e+002  9.0800000e+002
  6.9147600e+002  8.9200000e+002
  6.9236800e+002  8.9200000e+002
  6.9330400e+002  9.3600000e+002
  6.9415600e+002  8.5200000e+002
  6.9511600e+002  9.6000000e+002
  6.9601600e+002  9.0000000e+002
  6.9691600e+002  9.0000000e+002
  6.9780800e+002  8.9200000e+002
  6.9870800e+002  9.0000000e+002
  6.9958000e+002  8.7200000e+002
  7.0053200e+002  9.5200000e+002
  7.0140400e+002  8.7200000e+002
  7.0233200e+002  9.2800000e+002
  7.0327600e+002  9.4400000e+002
  7.0418800e+002  9.1200000e+002
  7.0508800e+002  9.0000000e+002
  7.0599600e+002  9.0800000e+002
  7.0688000e+002  8.8400000e+002
  7.0784400e+002  9.6400000e+002
  7.0873600e+002  8.9200000e+002
  7.0942000e+002  6.8400000e+002
  7.1056400e+002  1.1440000e+003
  7.1141600e+002  8.5200000e+002
  7.1235200e+002  9.3600000e+002
  7.1320800e+002  8.5600000e+002
  7.1416800e+002  9.6000000e+002
  7.1507600e+002  9.0800000e+002
  7.1599200e+002  9.1600000e+002
  7.1690000e+002  9.0800000e+002
  7.1778000e+002  8.8000000e+002
  7.1871200e+002  9.3200000e+002
  7.1963200e+002  9.2000000e+002
  7.2024400e+002  6.1200000e+002
  7.2140400e+002  1.1600000e+003
  7.2232400e+002  9.2000000e+002
  7.2323200e+002  9.0800000e+002
  7.2412400e+002  8.9200000e+002
  7.2502000e+002  8.9600000e+002
  7.2586000e+002  8.4000000e+002
  7.2678800e+002  9.2800000e+002
  7.2774400e+002  9.5600000e+002
  7.2864800e+002  9.0400000e+002
  7.2955200e+002  9.0400000e+002
  7.3046000e+002  9.0800000e+002
  7.3130800e+002  8.4800000e+002
  7.3224800e+002  9.4000000e+002
  7.3315600e+002  9.0800000e+002
  7.3406000e+002  9.0400000e+002
  7.3498400e+002  9.2400000e+002
  7.3587200e+002  8.8800000e+002
  7.3680000e+002  9.2800000e+002
  7.3768400e+002  8.8400000e+002
  7.3859200e+002  9.0800000e+002
  7.3944400e+002  8.5200000e+002
  7.4037600e+002  9.3200000e+002
  7.4126400e+002  8.8800000e+002
  7.4214400e+002  8.8000000e+002
  7.4303600e+002  8.9200000e+002
  7.4392000e+002  8.8400000e+002
  7.4476000e+002  8.4000000e+002
  7.4568800e+002  9.2800000e+002
  7.4658800e+002  9.0000000e+002
  7.4746000e+002  8.7200000e+002
  7.4834400e+002  8.8400000e+002
  7.4924000e+002  8.9600000e+002
  7.5015600e+002  9.1600000e+002
  7.5107600e+002  9.2000000e+002
  7.5197200e+002  8.9600000e+002
  7.5288800e+002  9.1600000e+002
  7.5381600e+002  9.2800000e+002
  7.5472800e+002  9.1200000e+002
  7.5563200e+002  9.0400000e+002
  7.5656400e+002  9.3200000e+002
  7.5728800e+002  7.2400000e+002
  7.5842400e+002  1.1360000e+003
  7.5934000e+002  9.1600000e+002
  7.6023200e+002  8.9200000e+002
  7.6120800e+002  9.7600000e+002
  7.6211200e+002  9.0400000e+002
  7.6303200e+002  9.2000000e+002
  7.6396000e+002  9.2800000e+002
  7.6486800e+002  9.0800000e+002
  7.6578800e+002  9.2000000e+002
  7.6667200e+002  8.8400000e+002
  7.6762400e+002  9.5200000e+002
  7.6855200e+002  9.2800000e+002
  7.6947600e+002  9.2400000e+002
  7.7039200e+002  9.1600000e+002
  7.7130000e+002  9.0800000e+002
  7.7222800e+002  9.2800000e+002
  7.7294000e+002  7.1200000e+002
  7.7403200e+002  1.0920000e+003
  7.7493200e+002  9.0000000e+002
  7.7584800e+002  9.1600000e+002
  7.7672000e+002  8.7200000e+002
  7.7764400e+002  9.2400000e+002
  7.7854400e+002  9.0000000e+002
  7.7944800e+002  9.0400000e+002
  7.8036000e+002  9.1200000e+002
  7.8125600e+002  8.9600000e+002
  7.8215600e+002  9.0000000e+002
  7.8305600e+002  9.0000000e+002
  7.8378400e+002  7.2800000e+002
  7.8486000e+002  1.0760000e+003
  7.8578400e+002  9.2400000e+002
  7.8668400e+002  9.0000000e+002
  7.8760000e+002  9.1600000e+002
  7.8852000e+002  9.2000000e+002
  7.8942800e+002  9.0800000e+002
  7.9004800e+002  6.2000000e+002
  7.9118000e+002  1.1320000e+003
  7.9212000e+002  9.4000000e+002
  7.9302400e+002  9.0400000e+002
  7.9391200e+002  8.8800000e+002
  7.9484000e+002  9.2800000e+002
  7.9575600e+002  9.1600000e+002
  7.9663600e+002  8.8000000e+002
  7.9756000e+002  9.2400000e+002
  7.9816800e+002  6.0800000e+002
  7.9929200e+002  1.1240000e+003
  8.0019200e+002  9.0000000e+002
  8.0111200e+002  9.2000000e+002
  8.0200000e+002  8.8800000e+002
  8.0287200e+002  8.7200000e+002
  8.0377600e+002  9.0400000e+002
  8.0464000e+002  8.6400000e+002
  8.0553200e+002  8.9200000e+002
  8.0641200e+002  8.8000000e+002
  8.0729200e+002  8.8000000e+002
  8.0815600e+002  8.6400000e+002
  8.0903600e+002  8.8000000e+002
  8.0994800e+002  9.1200000e+002
  8.1078800e+002  8.4000000e+002
  8.1167600e+002  8.8800000e+002
  8.1252000e+002  8.4400000e+002
  8.1342400e+002  9.0400000e+002
  8.1430800e+002  8.8400000e+002
  8.1516800e+002  8.6000000e+002
  8.1604800e+002  8.8000000e+002
  8.1693200e+002  8.8400000e+002
  8.1784400e+002  9.1200000e+002
  8.1879200e+002  9.4800000e+002
  8.1970800e+002  9.1600000e+002
  8.2059600e+002  8.8800000e+002
  8.2154400e+002  9.4800000e+002
  8.2245600e+002  9.1200000e+002
  8.2337200e+002  9.1600000e+002
  8.2430400e+002  9.3200000e+002
  8.2520800e+002  9.0400000e+002
  8.2607200e+002  8.6400000e+002
  8.2701200e+002  9.4000000e+002
  8.2786000e+002  8.4800000e+002
  8.2881200e+002  9.5200000e+002
  8.2939600e+002  5.8400000e+002
  8.3058000e+002  1.1840000e+003
  8.3149600e+002  9.1600000e+002
  8.3242000e+002  9.2400000e+002
  8.3334400e+002  9.2400000e+002
  8.3419600e+002  8.5200000e+002
  8.3514400e+002  9.4800000e+002
  8.3606000e+002  9.1600000e+002
  8.3698000e+002  9.2000000e+002
  8.3788400e+002  9.0400000e+002
  8.3878800e+002  9.0400000e+002
  8.3969200e+002  9.0400000e+002
  8.4058000e+002  8.8800000e+002
  8.4148800e+002  9.0800000e+002
  8.4238400e+002  8.9600000e+002
  8.4327600e+002  8.9200000e+002
  8.4418800e+002  9.1200000e+002
  8.4506400e+002  8.7600000e+002
  8.4591200e+002  8.4800000e+002
  8.4686800e+002  9.5600000e+002
  8.4778400e+002  9.1600000e+002
  8.4868800e+002  9.0400000e+002
  8.4958800e+002  9.0000000e+002
  8.5047200e+002  8.8400000e+002
  8.5140800e+002  9.3600000e+002
  8.5232400e+002  9.1600000e+002
  8.5326400e+002  9.4000000e+002
  8.5420000e+002  9.3600000e+002
  8.5510000e+002  9.0000000e+002
  8.5602400e+002  9.2400000e+002
  8.5688800e+002  8.6400000e+002
  8.5784400e+002  9.5600000e+002
  8.5874400e+002  9.0000000e+002
  8.5956400e+002  8.2000000e+002
  8.6051600e+002  9.5200000e+002
  8.6142000e+002  9.0400000e+002
  8.6231200e+002  8.9200000e+002
  8.6320800e+002  8.9600000e+002
  8.6408400e+002  8.7600000e+002
  8.6497600e+002  8.9200000e+002
  8.6588000e+002  9.0400000e+002
  8.6677200e+002  8.9200000e+002
  8.6768800e+002  9.1600000e+002
  8.6856800e+002  8.8000000e+002
  8.6949200e+002  9.2400000e+002
  8.7038400e+002  8.9200000e+002
  8.7130800e+002  9.2400000e+002
  8.7218000e+002  8.7200000e+002
  8.7308000e+002  9.0000000e+002
  8.7398800e+002  9.0800000e+002
  8.7488800e+002  9.0000000e+002
  8.7572000e+002  8.3200000e+002
  8.7663200e+002  9.1200000e+002
  8.7753600e+002  9.0400000e+002
  8.7841200e+002  8.7600000e+002
  8.7930000e+002  8.8800000e+002
  8.8018400e+002  8.8400000e+002
  8.8107200e+002  8.8800000e+002
  8.8196800e+002  8.9600000e+002
  8.8284000e+002  8.7200000e+002
  8.8374400e+002  9.0400000e+002
  8.8438000e+002  6.3600000e+002
  8.8552800e+002  1.1480000e+003
  8.8642400e+002  8.9600000e+002
  8.8734800e+002  9.2400000e+002
  8.8827600e+002  9.2800000e+002
  8.8921600e+002  9.4000000e+002
  8.9014800e+002  9.3200000e+002
  8.9107600e+002  9.2800000e+002
  8.9201200e+002  9.3600000e+002
  8.9293600e+002  9.2400000e+002
  8.9385200e+002  9.1600000e+002
  8.9443200e+002  5.8000000e+002
  8.9563600e+002  1.2040000e+003
  8.9658800e+002  9.5200000e+002
  8.9755200e+002  9.6400000e+002
  8.9848400e+002  9.3200000e+002
  8.9940400e+002  9.2000000e+002
  9.0032400e+002  9.2000000e+002
  9.0128800e+002  9.6400000e+002
  9.0219200e+002  9.0400000e+002
  9.0311600e+002  9.2400000e+002
  9.0379600e+002  6.8000000e+002
  9.0493200e+002  1.1360000e+003
  9.0584800e+002  9.1600000e+002
  9.0677600e+002  9.2800000e+002
  9.0765600e+002  8.8000000e+002
  9.0862400e+002  9.6800000e+002
  9.0952800e+002  9.0400000e+002
  9.1038400e+002  8.5600000e+002
  9.1132400e+002  9.4000000e+002
  9.1224400e+002  9.2000000e+002
  9.1315600e+002  9.1200000e+002
  9.1405600e+002  9.0000000e+002
  9.1496800e+002  9.1200000e+002
  9.1587600e+002  9.0800000e+002
  9.1676000e+002  8.8400000e+002
  9.1769600e+002  9.3600000e+002
  9.1859200e+002  8.9600000e+002
  9.1952400e+002  9.3200000e+002
  9.2041200e+002  8.8800000e+002
  9.2132000e+002  9.0800000e+002
  9.2222400e+002  9.0400000e+002
  9.2313200e+002  9.0800000e+002
  9.2402400e+002  8.9200000e+002
  9.2493200e+002  9.0800000e+002
  9.2582800e+002  8.9600000e+002
  9.2673200e+002  9.0400000e+002
  9.2762400e+002  8.9200000e+002
  9.2852800e+002  9.0400000e+002
  9.2941200e+002  8.8400000e+002
  9.3034800e+002  9.3600000e+002
  9.3123600e+002  8.8800000e+002
  9.3211200e+002  8.7600000e+002
  9.3302400e+002  9.1200000e+002
  9.3390800e+002  8.8400000e+002
  9.3481200e+002  9.0400000e+002
  9.3569200e+002  8.8000000e+002
  9.3658000e+002  8.8800000e+002
  9.3746000e+002  8.8000000e+002
  9.3836800e+002  9.0800000e+002
  9.3926800e+002  9.0000000e+002
  9.4014800e+002  8.8000000e+002
  9.4104400e+002  8.9600000e+002
  9.4188400e+002  8.4000000e+002
  9.4282000e+002  9.3600000e+002
  9.4373200e+002  9.1200000e+002
  9.4464400e+002  9.1200000e+002
  9.4554000e+002  8.9600000e+002
  9.4641200e+002  8.7200000e+002
  9.4731200e+002  9.0000000e+002
  9.4820800e+002  8.9600000e+002
  9.4909200e+002  8.8400000e+002
  9.4998000e+002  8.8800000e+002
  9.5086400e+002  8.8400000e+002
  9.5174400e+002  8.8000000e+002
  9.5265200e+002  9.0800000e+002
  9.5353200e+002  8.8000000e+002
  9.5445200e+002  9.2000000e+002
  9.5539200e+002  9.4000000e+002
  9.5631200e+002  9.2000000e+002
  9.5725200e+002  9.4000000e+002
  9.5814000e+002  8.8800000e+002
  9.5906400e+002  9.2400000e+002
  9.5997200e+002  9.0800000e+002
  9.6086400e+002  8.9200000e+002
  9.6172800e+002  8.6400000e+002
  9.6260000e+002  8.7200000e+002
  9.6353600e+002  9.3600000e+002
  9.6444000e+002  9.0400000e+002
  9.6532000e+002  8.8000000e+002
  9.6620400e+002  8.8400000e+002
  9.6710800e+002  9.0400000e+002
  9.6798000e+002  8.7200000e+002
  9.6890800e+002  9.2800000e+002
  9.6981600e+002  9.0800000e+002
  9.7070800e+002  8.9200000e+002
  9.7158800e+002  8.8000000e+002
  9.7249200e+002  9.0400000e+002
  9.7339200e+002  9.0000000e+002
  9.7427200e+002  8.8000000e+002
  9.7516400e+002  8.9200000e+002
  9.7607200e+002  9.0800000e+002
  9.7698800e+002  9.1600000e+002
  9.7789200e+002  9.0400000e+002
  9.7881200e+002  9.2000000e+002
  9.7972800e+002  9.1600000e+002
  9.8062400e+002  8.9600000e+002
  9.8152800e+002  9.0400000e+002
  9.8244800e+002  9.2000000e+002
  9.8331200e+002  8.6400000e+002
  9.8426400e+002  9.5200000e+002
  9.8516400e+002  9.0000000e+002
  9.8606000e+002  8.9600000e+002
  9.8697600e+002  9.1600000e+002
  9.8789600e+002  9.2000000e+002
  9.8881200e+002  9.1600000e+002
  9.8971200e+002  9.0000000e+002
  9.9062800e+002  9.1600000e+002
  9.9152000e+002  8.9200000e+002
  9.9244000e+002  9.2000000e+002
  9.9339200e+002  9.5200000e+002
  9.9436000e+002  9.6800000e+002
  9.9529200e+002  9.3200000e+002
  9.9623200e+002  9.4000000e+002
  9.9715200e+002  9.2000000e+002
  9.9810400e+002  9.5200000e+002
  9.9874400e+002  6.4000000e+002
  9.9998800e+002  1.2440000e+003
  1.0009080e+003  9.2000000e+002
  1.0018640e+003  9.5600000e+002
  1.0027520e+003  8.8800000e+002
  1.0037320e+003  9.8000000e+002
  1.0046480e+003  9.1600000e+002
  1.0055560e+003  9.0800000e+002
  1.0064680e+003  9.1200000e+002
  1.0073720e+003  9.0400000e+002
  1.0082880e+003  9.1600000e+002
  1.0091640e+003  8.7600000e+002
  1.0101160e+003  9.5200000e+002
  1.0110000e+003  8.8400000e+002
  1.0119160e+003  9.1600000e+002
  1.0128680e+003  9.5200000e+002
  1.0137720e+003  9.0400000e+002
  1.0147120e+003  9.4000000e+002
  1.0156320e+003  9.2000000e+002
  1.0165240e+003  8.9200000e+002
  1.0174800e+003  9.5600000e+002
  1.0184120e+003  9.3200000e+002
  1.0192880e+003  8.7600000e+002
  1.0202200e+003  9.3200000e+002
  1.0211880e+003  9.6800000e+002
  1.0220560e+003  8.6800000e+002
  1.0230280e+003  9.7200000e+002
  1.0239520e+003  9.2400000e+002
  1.0248360e+003  8.8400000e+002
  1.0257600e+003  9.2400000e+002
  1.0266560e+003  8.9600000e+002
  1.0275760e+003  9.2000000e+002
  1.0284720e+003  8.9600000e+002
  1.0293560e+003  8.8400000e+002
  1.0302440e+003  8.8800000e+002
  1.0311640e+003  9.2000000e+002
  1.0320480e+003  8.8400000e+002
  1.0329520e+003  9.0400000e+002
  1.0338280e+003  8.7600000e+002
  1.0347320e+003  9.0400000e+002
  1.0356360e+003  9.0400000e+002
  1.0364880e+003  8.5200000e+002
  1.0374600e+003  9.7200000e+002
  1.0383760e+003  9.1600000e+002
  1.0393040e+003  9.2800000e+002
  1.0401920e+003  8.8800000e+002
  1.0411400e+003  9.4800000e+002
  1.0420520e+003  9.1200000e+002
  1.0429840e+003  9.3200000e+002
  1.0439200e+003  9.3600000e+002
  1.0448640e+003  9.4400000e+002
  1.0458160e+003  9.5200000e+002
  1.0467640e+003  9.4800000e+002
  1.0474560e+003  6.9200000e+002
  1.0485800e+003  1.1240000e+003
  1.0495720e+003  9.9200000e+002
  1.0505280e+003  9.5600000e+002
  1.0514680e+003  9.4000000e+002
  1.0523880e+003  9.2000000e+002
  1.0532880e+003  9.0000000e+002
  1.0542560e+003  9.6800000e+002
  1.0551520e+003  8.9600000e+002
  1.0561240e+003  9.7200000e+002
  1.0570720e+003  9.4800000e+002
  1.0580080e+003  9.3600000e+002
  1.0589640e+003  9.5600000e+002
  1.0599160e+003  9.5200000e+002
  1.0608600e+003  9.4400000e+002
  1.0617520e+003  8.9200000e+002
  1.0627200e+003  9.6800000e+002
  1.0636720e+003  9.5200000e+002
  1.0646080e+003  9.3600000e+002
  1.0655560e+003  9.4800000e+002
  1.0665040e+003  9.4800000e+002
  1.0674040e+003  9.0000000e+002
  1.0684040e+003  1.0000000e+003
  1.0693520e+003  9.4800000e+002
  1.0703360e+003  9.8400000e+002
  1.0712600e+003  9.2400000e+002
  1.0722120e+003  9.5200000e+002
  1.0731800e+003  9.6800000e+002
  1.0741760e+003  9.9600000e+002
  1.0751320e+003  9.5600000e+002
  1.0760720e+003  9.4000000e+002
  1.0770400e+003  9.6800000e+002
  1.0779840e+003  9.4400000e+002
  1.0789400e+003  9.5600000e+002
  1.0798920e+003  9.5200000e+002
  1.0808480e+003  9.5600000e+002
  1.0817880e+003  9.4000000e+002
  1.0827640e+003  9.7600000e+002
  1.0837120e+003  9.4800000e+002
  1.0846560e+003  9.4400000e+002
  1.0855920e+003  9.3600000e+002
  1.0865120e+003  9.2000000e+002
  1.0876040e+003  1.0920000e+003
  1.0885920e+003  9.8800000e+002
  1.0895520e+003  9.6000000e+002
  1.0905640e+003  1.0120000e+003
  1.0915440e+003  9.8000000e+002
  1.0924880e+003  9.4400000e+002
  1.0931240e+003  6.3600000e+002
  1.0943600e+003  1.2360000e+003
  1.0953280e+003  9.6800000e+002
  1.0962920e+003  9.6400000e+002
  1.0972440e+003  9.5200000e+002
  1.0982040e+003  9.6000000e+002
  1.0991520e+003  9.4800000e+002
  1.1001440e+003  9.9200000e+002
  1.1011000e+003  9.5600000e+002
  1.1016880e+003  5.8800000e+002
  1.1029080e+003  1.2200000e+003
  1.1039120e+003  1.0040000e+003
  1.1048760e+003  9.6400000e+002
  1.1058520e+003  9.7600000e+002
  1.1067840e+003  9.3200000e+002
  1.1077240e+003  9.4000000e+002
  1.1086800e+003  9.5600000e+002
  1.1093120e+003  6.3200000e+002
  1.1105120e+003  1.2000000e+003
  1.1111880e+003  6.7600000e+002
  1.1123400e+003  1.1520000e+003
  1.1132840e+003  9.4400000e+002
  1.1142280e+003  9.4400000e+002
  1.1151520e+003  9.2400000e+002
  1.1160360e+003  8.8400000e+002
  1.1169920e+003  9.5600000e+002
  1.1179080e+003  9.1600000e+002
  1.1188520e+003  9.4400000e+002
  1.1197480e+003  8.9600000e+002
  1.1206760e+003  9.2800000e+002
  1.1215480e+003  8.7200000e+002
  1.1225160e+003  9.6800000e+002
  1.1234040e+003  8.8800000e+002
  1.1242880e+003  8.8400000e+002
  1.1252400e+003  9.5200000e+002
  1.1261680e+003  9.2800000e+002
  1.1270840e+003  9.1600000e+002
  1.1279800e+003  8.9600000e+002
  1.1289040e+003  9.2400000e+002
  1.1298000e+003  8.9600000e+002
  1.1306960e+003  8.9600000e+002
  1.1315920e+003  8.9600000e+002
  1.1324960e+003  9.0400000e+002
  1.1333880e+003  8.9200000e+002
  1.1343040e+003  9.1600000e+002
  1.1352040e+003  9.0000000e+002
  1.1361080e+003  9.0400000e+002
  1.1370360e+003  9.2800000e+002
  1.1379160e+003  8.8000000e+002
  1.1388320e+003  9.1600000e+002
  1.1397400e+003  9.0800000e+002
  1.1406240e+003  8.8400000e+002
  1.1415160e+003  8.9200000e+002
  1.1424280e+003  9.1200000e+002
  1.1433280e+003  9.0000000e+002
  1.1442240e+003  8.9600000e+002
  1.1451360e+003  9.1200000e+002
  1.1460440e+003  9.0800000e+002
  1.1469720e+003  9.2800000e+002
  1.1478880e+003  9.1600000e+002
  1.1487840e+003  8.9600000e+002
  1.1496560e+003  8.7200000e+002
  1.1505680e+003  9.1200000e+002
  1.1514440e+003  8.7600000e+002
  1.1523600e+003  9.1600000e+002
  1.1532560e+003  8.9600000e+002
  1.1541560e+003  9.0000000e+002
  1.1550760e+003  9.2000000e+002
  1.1559800e+003  9.0400000e+002
  1.1569000e+003  9.2000000e+002
  1.1578600e+003  9.6000000e+002
  1.1588200e+003  9.6000000e+002
  1.1597880e+003  9.6800000e+002
  1.1607440e+003  9.5600000e+002
  1.1616840e+003  9.4000000e+002
  1.1626120e+003  9.2800000e+002
  1.1635600e+003  9.4800000e+002
  1.1644880e+003  9.2800000e+002
  1.1654120e+003  9.2400000e+002
  1.1663320e+003  9.2000000e+002
  1.1672760e+003  9.4400000e+002
  1.1682200e+003  9.4400000e+002
  1.1691640e+003  9.4400000e+002
  1.1701000e+003  9.3600000e+002
  1.1710480e+003  9.4800000e+002
  1.1720120e+003  9.6400000e+002
  1.1729520e+003  9.4000000e+002
  1.1738720e+003  9.2000000e+002
  1.1748400e+003  9.6800000e+002
  1.1757560e+003  9.1600000e+002
  1.1767080e+003  9.5200000e+002
  1.1776160e+003  9.0800000e+002
  1.1785440e+003  9.2800000e+002
  1.1794760e+003  9.3200000e+002
  1.1803960e+003  9.2000000e+002
  1.1813000e+003  9.0400000e+002
  1.1822560e+003  9.5600000e+002
  1.1831880e+003  9.3200000e+002
  1.1841160e+003  9.2800000e+002
  1.1850480e+003  9.3200000e+002
  1.1859640e+003  9.1600000e+002
  1.1868800e+003  9.1600000e+002
  1.1878280e+003  9.4800000e+002
  1.1887320e+003  9.0400000e+002
  1.1896560e+003  9.2400000e+002
  1.1905760e+003  9.2000000e+002
  1.1915040e+003  9.2800000e+002
  1.1924000e+003  8.9600000e+002
  1.1933240e+003  9.2400000e+002
  1.1942560e+003  9.3200000e+002
  1.1951600e+003  9.0400000e+002
  1.1960800e+003  9.2000000e+002
  1.1969840e+003  9.0400000e+002
  1.1978520e+003  8.6800000e+002
  1.1987880e+003  9.3600000e+002
  1.1996960e+003  9.0800000e+002
  1.2006240e+003  9.2800000e+002
  1.2015360e+003  9.1200000e+002
  1.2024440e+003  9.0800000e+002
  1.2033800e+003  9.3600000e+002
  1.2042920e+003  9.1200000e+002
  1.2052120e+003  9.2000000e+002
  1.2060880e+003  8.7600000e+002
  1.2070720e+003  9.8400000e+002
  1.2079720e+003  9.0000000e+002
  1.2089680e+003  9.9600000e+002
  1.2098760e+003  9.0800000e+002
  1.2108040e+003  9.2800000e+002
  1.2117080e+003  9.0400000e+002
  1.2126800e+003  9.7200000e+002
  1.2136040e+003  9.2400000e+002
  1.2145600e+003  9.5600000e+002
  1.2154800e+003  9.2000000e+002
  1.2164320e+003  9.5200000e+002
  1.2170080e+003  5.7600000e+002
  1.2182440e+003  1.2360000e+003
  1.2192120e+003  9.6800000e+002
  1.2201560e+003  9.4400000e+002
  1.2211040e+003  9.4800000e+002
  1.2220480e+003  9.4400000e+002
  1.2229720e+003  9.2400000e+002
  1.2239000e+003  9.2800000e+002
  1.2248120e+003  9.1200000e+002
  1.2257200e+003  9.0800000e+002
  1.2266400e+003  9.2000000e+002
  1.2275560e+003  9.1600000e+002
  1.2284840e+003  9.2800000e+002
  1.2294000e+003  9.1600000e+002
  1.2303080e+003  9.0800000e+002
  1.2312440e+003  9.3600000e+002
  1.2321720e+003  9.2800000e+002
  1.2330960e+003  9.2400000e+002
  1.2339960e+003  9.0000000e+002
  1.2349240e+003  9.2800000e+002
  1.2358200e+003  8.9600000e+002
  1.2367320e+003  9.1200000e+002
  1.2376480e+003  9.1600000e+002
  1.2385040e+003  8.5600000e+002
  1.2394720e+003  9.6800000e+002
  1.2403240e+003  8.5200000e+002
  1.2412600e+003  9.3600000e+002
  1.2421560e+003  8.9600000e+002
  1.2430600e+003  9.0400000e+002
  1.2438440e+003  7.8400000e+002
  1.2448440e+003  1.0000000e+003
  1.2457280e+003  8.8400000e+002
  1.2465800e+003  8.5200000e+002
  1.2475480e+003  9.6800000e+002
  1.2484360e+003  8.8800000e+002
  1.2493680e+003  9.3200000e+002
  1.2502760e+003  9.0800000e+002
  1.2511800e+003  9.0400000e+002
  1.2520760e+003  8.9600000e+002
  1.2530040e+003  9.2800000e+002
  1.2538520e+003  8.4800000e+002
  1.2548080e+003  9.5600000e+002
  1.2557240e+003  9.1600000e+002
  1.2566280e+003  9.0400000e+002
  1.2575280e+003  9.0000000e+002
  1.2584280e+003  9.0000000e+002
  1.2593360e+003  9.0800000e+002
  1.2602360e+003  9.0000000e+002
  1.2611440e+003  9.0800000e+002
  1.2620440e+003  9.0000000e+002
  1.2630160e+003  9.7200000e+002
  1.2639680e+003  9.5200000e+002
  1.2648840e+003  9.1600000e+002
  1.2658040e+003  9.2000000e+002
  1.2667720e+003  9.6800000e+002
  1.2676760e+003  9.0400000e+002
  1.2686120e+003  9.3600000e+002
  1.2695520e+003  9.4000000e+002
  1.2704760e+003  9.2400000e+002
  1.2714000e+003  9.2400000e+002
  1.2723160e+003  9.1600000e+002
  1.2732360e+003  9.2000000e+002
  1.2741680e+003  9.3200000e+002
  1.2751040e+003  9.3600000e+002
  1.2760360e+003  9.3200000e+002
  1.2769520e+003  9.1600000e+002
  1.2775880e+003  6.3600000e+002
  1.2787440e+003  1.1560000e+003
  1.2797080e+003  9.6400000e+002
  1.2806240e+003  9.1600000e+002
  1.2815560e+003  9.3200000e+002
  1.2821160e+003  5.6000000e+002
  1.2832920e+003  1.1760000e+003
  1.2842440e+003  9.5200000e+002
  1.2851800e+003  9.3600000e+002
  1.2860600e+003  8.8000000e+002
  1.2866800e+003  6.2000000e+002
  1.2878280e+003  1.1480000e+003
  1.2887480e+003  9.2000000e+002
  1.2896520e+003  9.0400000e+002
  1.2905520e+003  9.0000000e+002
  1.2914560e+003  9.0400000e+002
  1.2923680e+003  9.1200000e+002
  1.2932640e+003  8.9600000e+002
  1.2941280e+003  8.6400000e+002
  1.2950120e+003  8.8400000e+002
  1.2958960e+003  8.8400000e+002
  1.2967760e+003  8.8000000e+002
  1.2976560e+003  8.8000000e+002
  1.2985400e+003  8.8400000e+002
  1.2994320e+003  8.9200000e+002
  1.3003360e+003  9.0400000e+002
  1.3012440e+003  9.0800000e+002
  1.3021160e+003  8.7200000e+002
  1.3030520e+003  9.3600000e+002
  1.3039360e+003  8.8400000e+002
  1.3048520e+003  9.1600000e+002
  1.3057480e+003  8.9600000e+002
  1.3066520e+003  9.0400000e+002
  1.3075320e+003  8.8000000e+002
  1.3084280e+003  8.9600000e+002
  1.3093280e+003  9.0000000e+002
  1.3102120e+003  8.8400000e+002
  1.3110480e+003  8.3600000e+002
  1.3119760e+003  9.2800000e+002
  1.3128640e+003  8.8800000e+002
  1.3137640e+003  9.0000000e+002
  1.3146720e+003  9.0800000e+002
  1.3155800e+003  9.0800000e+002
  1.3165120e+003  9.3200000e+002
  1.3174080e+003  8.9600000e+002
  1.3183280e+003  9.2000000e+002
  1.3192600e+003  9.3200000e+002
  1.3201440e+003  8.8400000e+002
  1.3210880e+003  9.4400000e+002
  1.3219920e+003  9.0400000e+002
  1.3229360e+003  9.4400000e+002
  1.3238560e+003  9.2000000e+002
  1.3247400e+003  8.8400000e+002
  1.3257120e+003  9.7200000e+002
  1.3266320e+003  9.2000000e+002
  1.3272240e+003  5.9200000e+002
  1.3283960e+003  1.1720000e+003
  1.3293320e+003  9.3600000e+002
  1.3302520e+003  9.2000000e+002
  1.3312000e+003  9.4800000e+002
  1.3321080e+003  9.0800000e+002
  1.3330280e+003  9.2000000e+002
  1.3339480e+003  9.2000000e+002
  1.3348440e+003  8.9600000e+002
  1.3357640e+003  9.2000000e+002
  1.3367240e+003  9.6000000e+002
  1.3376400e+003  9.1600000e+002
  1.3385680e+003  9.2800000e+002
  1.3394760e+003  9.0800000e+002
  1.3403760e+003  9.0000000e+002
  1.3413240e+003  9.4800000e+002
  1.3419080e+003  5.8400000e+002
  1.3431120e+003  1.2040000e+003
  1.3440520e+003  9.4000000e+002
  1.3449400e+003  8.8800000e+002
  1.3458680e+003  9.2800000e+002
  1.3468440e+003  9.7600000e+002
  1.3477560e+003  9.1200000e+002
  1.3486520e+003  8.9600000e+002
  1.3495560e+003  9.0400000e+002
  1.3504680e+003  9.1200000e+002
  1.3513720e+003  9.0400000e+002
  1.3522760e+003  9.0400000e+002
  1.3532000e+003  9.2400000e+002
  1.3540200e+003  8.2000000e+002
  1.3550000e+003  9.8000000e+002
  1.3558840e+003  8.8400000e+002
  1.3567760e+003  8.9200000e+002
  1.3576560e+003  8.8000000e+002
  1.3585360e+003  8.8000000e+002
  1.3594280e+003  8.9200000e+002
  1.3603240e+003  8.9600000e+002
  1.3612400e+003  9.1600000e+002
  1.3621600e+003  9.2000000e+002
  1.3627320e+003  5.7200000e+002
  1.3639960e+003  1.2640000e+003
  1.3648720e+003  8.7600000e+002
  1.3658280e+003  9.5600000e+002
  1.3667080e+003  8.8000000e+002
  1.3676720e+003  9.6400000e+002
  1.3685840e+003  9.1200000e+002
  1.3695120e+003  9.2800000e+002
  1.3704400e+003  9.2800000e+002
  1.3713480e+003  9.0800000e+002
  1.3722640e+003  9.1600000e+002
  1.3731920e+003  9.2800000e+002
  1.3740680e+003  8.7600000e+002
  1.3750040e+003  9.3600000e+002
  1.3758600e+003  8.5600000e+002
  1.3768280e+003  9.6800000e+002
  1.3777240e+003  8.9600000e+002
  1.3786400e+003  9.1600000e+002
  1.3795200e+003  8.8000000e+002
  1.3804320e+003  9.1200000e+002
  1.3813560e+003  9.2400000e+002
  1.3822840e+003  9.2800000e+002
  1.3831960e+003  9.1200000e+002
  1.3841480e+003  9.5200000e+002
  1.3850880e+003  9.4000000e+002
  1.3856520e+003  5.6400000e+002
  1.3868960e+003  1.2440000e+003
  1.3878120e+003  9.1600000e+002
  1.3888160e+003  1.0040000e+003
  1.3897680e+003  9.5200000e+002
  1.3907040e+003  9.3600000e+002
  1.3916080e+003  9.0400000e+002
  1.3925560e+003  9.4800000e+002
  1.3934880e+003  9.3200000e+002
  1.3944560e+003  9.6800000e+002
  1.3953880e+003  9.3200000e+002
  1.3963200e+003  9.3200000e+002
  1.3972560e+003  9.3600000e+002
  1.3981160e+003  8.6000000e+002
  1.3991200e+003  1.0040000e+003
  1.4000280e+003  9.0800000e+002
  1.4009920e+003  9.6400000e+002
  1.4019400e+003  9.4800000e+002
  1.4028720e+003  9.3200000e+002
  1.4037560e+003  8.8400000e+002
  1.4047320e+003  9.7600000e+002
  1.4055640e+003  8.3200000e+002
  1.4065560e+003  9.9200000e+002
  1.4074200e+003  8.6400000e+002
  1.4083800e+003  9.6000000e+002
  1.4092880e+003  9.0800000e+002
  1.4102040e+003  9.1600000e+002
  1.4110800e+003  8.7600000e+002
  1.4120280e+003  9.4800000e+002
  1.4129520e+003  9.2400000e+002
  1.4138840e+003  9.3200000e+002
  1.4148000e+003  9.1600000e+002
  1.4157080e+003  9.0800000e+002
  1.4166120e+003  9.0400000e+002
  1.4175080e+003  8.9600000e+002
  1.4184360e+003  9.2800000e+002
  1.4193280e+003  8.9200000e+002
  1.4201800e+003  8.5200000e+002
  1.4211240e+003  9.4400000e+002
  1.4219680e+003  8.4400000e+002
  1.4229240e+003  9.5600000e+002
  1.4238240e+003  9.0000000e+002
  1.4247240e+003  9.0000000e+002
  1.4256200e+003  8.9600000e+002
  1.4265360e+003  9.1600000e+002
  1.4271440e+003  6.0800000e+002
  1.4282960e+003  1.1520000e+003
  1.4292360e+003  9.4000000e+002
  1.4301520e+003  9.1600000e+002
  1.4310400e+003  8.8800000e+002
  1.4319680e+003  9.2800000e+002
  1.4328520e+003  8.8400000e+002
  1.4337640e+003  9.1200000e+002
  1.4346360e+003  8.7200000e+002
  1.4355280e+003  8.9200000e+002
  1.4364080e+003  8.8000000e+002
  1.4372960e+003  8.8800000e+002
  1.4381720e+003  8.7600000e+002
  1.4390200e+003  8.4800000e+002
  1.4399080e+003  8.8800000e+002
  1.4408120e+003  9.0400000e+002
  1.4416840e+003  8.7200000e+002
  1.4425680e+003  8.8400000e+002
  1.4434400e+003  8.7200000e+002
  1.4443080e+003  8.6800000e+002
  1.4451040e+003  7.9600000e+002
  1.4460240e+003  9.2000000e+002
  1.4468840e+003  8.6000000e+002
  1.4478080e+003  9.2400000e+002
  1.4486800e+003  8.7200000e+002
  1.4495680e+003  8.8800000e+002
  1.4504280e+003  8.6000000e+002
  1.4513080e+003  8.8000000e+002
  1.4522120e+003  9.0400000e+002
  1.4530840e+003  8.7200000e+002
  1.4539760e+003  8.9200000e+002
  1.4548640e+003  8.8800000e+002
  1.4557280e+003  8.6400000e+002
  1.4566400e+003  9.1200000e+002
  1.4575160e+003  8.7600000e+002
  1.4583760e+003  8.6000000e+002
  1.4592480e+003  8.7200000e+002
  1.4601040e+003  8.5600000e+002
  1.4609520e+003  8.4800000e+002
  1.4618640e+003  9.1200000e+002
  1.4627200e+003  8.5600000e+002
  1.4636040e+003  8.8400000e+002
  1.4644800e+003  8.7600000e+002
  1.4652760e+003  7.9600000e+002
  1.4662080e+003  9.3200000e+002
  1.4670640e+003  8.5600000e+002
  1.4679200e+003  8.5600000e+002
  1.4687680e+003  8.4800000e+002
  1.4696360e+003  8.6800000e+002
  1.4704960e+003  8.6000000e+002
  1.4713480e+003  8.5200000e+002
  1.4721600e+003  8.1200000e+002
  1.4730600e+003  9.0000000e+002
  1.4738920e+003  8.3200000e+002
  1.4747680e+003  8.7600000e+002
  1.4756320e+003  8.6400000e+002
  1.4764360e+003  8.0400000e+002
  1.4773120e+003  8.7600000e+002
  1.4782120e+003  9.0000000e+002
  1.4790880e+003  8.7600000e+002
  1.4799560e+003  8.6800000e+002
  1.4808120e+003  8.5600000e+002
  1.4816840e+003  8.7200000e+002
  1.4825600e+003  8.7600000e+002
  1.4834360e+003  8.7600000e+002
  1.4842840e+003  8.4800000e+002
  1.4851960e+003  9.1200000e+002
  1.4860960e+003  9.0000000e+002
  1.4869680e+003  8.7200000e+002
  1.4878600e+003  8.9200000e+002
  1.4887680e+003  9.0800000e+002
  1.4896480e+003  8.8000000e+002
  1.4904960e+003  8.4800000e+002
  1.4914080e+003  9.1200000e+002
  1.4922880e+003  8.8000000e+002
  1.4931240e+003  8.3600000e+002
  1.4939800e+003  8.5600000e+002
  1.4948720e+003  8.9200000e+002
  1.4956600e+003  7.8800000e+002
  1.4966040e+003  9.4400000e+002
  1.4974640e+003  8.6000000e+002
  1.4983440e+003  8.8000000e+002
  1.4992040e+003  8.6000000e+002
  1.5001040e+003  9.0000000e+002
  1.5009880e+003  8.8400000e+002
  1.5018440e+003  8.5600000e+002
  1.5027360e+003  8.9200000e+002
  1.5036280e+003  8.9200000e+002
  1.5045120e+003  8.8400000e+002
  1.5052960e+003  7.8400000e+002
  1.5063200e+003  1.0240000e+003
  1.5071720e+003  8.5200000e+002
  1.5080960e+003  9.2400000e+002
  1.5090040e+003  9.0800000e+002
  1.5098960e+003  8.9200000e+002
  1.5107680e+003  8.7200000e+002
  1.5117000e+003  9.3200000e+002
  1.5125720e+003  8.7200000e+002
  1.5134680e+003  8.9600000e+002
  1.5143560e+003  8.8800000e+002
  1.5152280e+003  8.7200000e+002
  1.5161200e+003  8.9200000e+002
  1.5169600e+003  8.4000000e+002
  1.5178400e+003  8.8000000e+002
  1.5187480e+003  9.0800000e+002
  1.5195960e+003  8.4800000e+002
  1.5204720e+003  8.7600000e+002
  1.5213400e+003  8.6800000e+002
  1.5222000e+003  8.6000000e+002
  1.5230800e+003  8.8000000e+002
  1.5239120e+003  8.3200000e+002
  1.5247840e+003  8.7200000e+002
  1.5256720e+003  8.8800000e+002
  1.5265160e+003  8.4400000e+002
  1.5274080e+003  8.9200000e+002
  1.5282440e+003  8.3600000e+002
  1.5290840e+003  8.4000000e+002
  1.5299760e+003  8.9200000e+002
  1.5308480e+003  8.7200000e+002
  1.5317120e+003  8.6400000e+002
  1.5325720e+003  8.6000000e+002
  1.5334520e+003  8.8000000e+002
  1.5343240e+003  8.7200000e+002
  1.5351680e+003  8.4400000e+002
  1.5360600e+003  8.9200000e+002
  1.5369160e+003  8.5600000e+002
  1.5377400e+003  8.2400000e+002
  1.5386520e+003  9.1200000e+002
  1.5395440e+003  8.9200000e+002
  1.5404360e+003  8.9200000e+002
  1.5413520e+003  9.1600000e+002
  1.5422840e+003  9.3200000e+002
  1.5431440e+003  8.6000000e+002
  1.5436760e+003  5.3200000e+002
  1.5441120e+003  4.3600000e+002
  1.5452720e+003  1.1600000e+003
  1.5462080e+003  9.3600000e+002
  1.5471600e+003  9.5200000e+002
  1.5481080e+003  9.4800000e+002
  1.5490480e+003  9.4000000e+002
  1.5496360e+003  5.8800000e+002
  1.5508080e+003  1.1720000e+003
  1.5517440e+003  9.3600000e+002
  1.5526720e+003  9.2800000e+002
  1.5532200e+003  5.4800000e+002
  1.5543720e+003  1.1520000e+003
  1.5553040e+003  9.3200000e+002
  1.5562200e+003  9.1600000e+002
  1.5571440e+003  9.2400000e+002
  1.5580280e+003  8.8400000e+002
  1.5589480e+003  9.2000000e+002
  1.5598600e+003  9.1200000e+002
  1.5607560e+003  8.9600000e+002
  1.5617160e+003  9.6000000e+002
  1.5626280e+003  9.1200000e+002
  1.5635480e+003  9.2000000e+002
  1.5645120e+003  9.6400000e+002
  1.5654520e+003  9.4000000e+002
  1.5663720e+003  9.2000000e+002
  1.5673240e+003  9.5200000e+002
  1.5682560e+003  9.3200000e+002
  1.5691760e+003  9.2000000e+002
  1.5701320e+003  9.5600000e+002
  1.5710920e+003  9.6000000e+002
  1.5720120e+003  9.2000000e+002
  1.5729400e+003  9.2800000e+002
  1.5738960e+003  9.5600000e+002
  1.5747680e+003  8.7200000e+002
  1.5757160e+003  9.4800000e+002
  1.5766200e+003  9.0400000e+002
  1.5775400e+003  9.2000000e+002
  1.5784600e+003  9.2000000e+002
  1.5793640e+003  9.0400000e+002
  1.5802800e+003  9.1600000e+002
  1.5812080e+003  9.2800000e+002
  1.5821360e+003  9.2800000e+002
  1.5830440e+003  9.0800000e+002
  1.5839760e+003  9.3200000e+002
  1.5849040e+003  9.2800000e+002
  1.5858560e+003  9.5200000e+002
  1.5868040e+003  9.4800000e+002
  1.5877080e+003  9.0400000e+002
  1.5886800e+003  9.7200000e+002
  1.5896080e+003  9.2800000e+002
  1.5905480e+003  9.4000000e+002
  1.5911440e+003  5.9600000e+002
  1.5923320e+003  1.1880000e+003
  1.5932360e+003  9.0400000e+002
  1.5941840e+003  9.4800000e+002
  1.5951040e+003  9.2000000e+002
  1.5960160e+003  9.1200000e+002
  1.5969280e+003  9.1200000e+002
  1.5978440e+003  9.1600000e+002
  1.5987560e+003  9.1200000e+002
  1.5996480e+003  8.9200000e+002
  1.6005480e+003  9.0000000e+002
  1.6014360e+003  8.8800000e+002
  1.6023720e+003  9.3600000e+002
  1.6032760e+003  9.0400000e+002
  1.6042080e+003  9.3200000e+002
  1.6051240e+003  9.1600000e+002
  1.6060640e+003  9.4000000e+002
  1.6069840e+003  9.2000000e+002
  1.6079240e+003  9.4000000e+002
  1.6088200e+003  8.9600000e+002
  1.6097760e+003  9.5600000e+002
  1.6107200e+003  9.4400000e+002
  1.6116520e+003  9.3200000e+002
  1.6126000e+003  9.4800000e+002
  1.6135200e+003  9.2000000e+002
  1.6144440e+003  9.2400000e+002
  1.6153840e+003  9.4000000e+002
  1.6163120e+003  9.2800000e+002
  1.6172440e+003  9.3200000e+002
  1.6181600e+003  9.1600000e+002
  1.6191120e+003  9.5200000e+002
  1.6200000e+003  8.8800000e+002
  1.6208920e+003  8.9200000e+002
  1.6221880e+003  1.2960000e+003
  1.6227840e+003  5.9600000e+002
  1.6236560e+003  8.7200000e+002
  1.6245680e+003  9.1200000e+002
  1.6254880e+003  9.2000000e+002
  1.6264160e+003  9.2800000e+002
  1.6273320e+003  9.1600000e+002
  1.6282320e+003  9.0000000e+002
  1.6291160e+003  8.8400000e+002
  1.6300720e+003  9.5600000e+002
  1.6309680e+003  8.9600000e+002
  1.6318600e+003  8.9200000e+002
  1.6327680e+003  9.0800000e+002
  1.6336720e+003  9.0400000e+002
  1.6345880e+003  9.1600000e+002
  1.6354840e+003  8.9600000e+002
  1.6363880e+003  9.0400000e+002
  1.6369520e+003  5.6400000e+002
  1.6381360e+003  1.1840000e+003
  1.6390600e+003  9.2400000e+002
  1.6399840e+003  9.2400000e+002
  1.6409000e+003  9.1600000e+002
  1.6418040e+003  9.0400000e+002
  1.6427160e+003  9.1200000e+002
  1.6436280e+003  9.1200000e+002
  1.6445360e+003  9.0800000e+002
  1.6454600e+003  9.2400000e+002
  1.6463800e+003  9.2000000e+002
  1.6472840e+003  9.0400000e+002
  1.6482040e+003  9.2000000e+002
  1.6491240e+003  9.2000000e+002
  1.6500040e+003  8.8000000e+002
  1.6509320e+003  9.2800000e+002
  1.6518360e+003  9.0400000e+002
  1.6527760e+003  9.4000000e+002
  1.6536960e+003  9.2000000e+002
  1.6546360e+003  9.4000000e+002
  1.6555800e+003  9.4400000e+002
  1.6565200e+003  9.4000000e+002
  1.6574640e+003  9.4400000e+002
  1.6584040e+003  9.4000000e+002
  1.6593320e+003  9.2800000e+002
  1.6602480e+003  9.1600000e+002
  1.6611800e+003  9.3200000e+002
  1.6620800e+003  9.0000000e+002
  1.6630400e+003  9.6000000e+002
  1.6639480e+003  9.0800000e+002
  1.6649400e+003  9.9200000e+002
  1.6658680e+003  9.2800000e+002
  1.6668200e+003  9.5200000e+002
  1.6677200e+003  9.0000000e+002
  1.6687200e+003  1.0000000e+003
  1.6696560e+003  9.3600000e+002
  1.6705760e+003  9.2000000e+002
  1.6711880e+003  6.1200000e+002
  1.6724720e+003  1.2840000e+003
  1.6734120e+003  9.4000000e+002
  1.6743560e+003  9.4400000e+002
  1.6749760e+003  6.2000000e+002
  1.6761520e+003  1.1760000e+003
  1.6771560e+003  1.0040000e+003
  1.6780840e+003  9.2800000e+002
  1.6790360e+003  9.5200000e+002
  1.6799440e+003  9.0800000e+002
  1.6808600e+003  9.1600000e+002
  1.6817760e+003  9.1600000e+002
  1.6826720e+003  8.9600000e+002
  1.6835920e+003  9.2000000e+002
  1.6844920e+003  9.0000000e+002
  1.6854200e+003  9.2800000e+002
  1.6863160e+003  8.9600000e+002
  1.6872080e+003  8.9200000e+002
  1.6881160e+003  9.0800000e+002
  1.6890280e+003  9.1200000e+002
  1.6899440e+003  9.1600000e+002
  1.6908520e+003  9.0800000e+002
  1.6918080e+003  9.5600000e+002
  1.6927120e+003  9.0400000e+002
  1.6933360e+003  6.2400000e+002
  1.6945080e+003  1.1720000e+003
  1.6954000e+003  8.9200000e+002
  1.6963680e+003  9.6800000e+002
  1.6972880e+003  9.2000000e+002
  1.6978800e+003  5.9200000e+002
  1.6990400e+003  1.1600000e+003
  1.6999880e+003  9.4800000e+002
  1.7009080e+003  9.2000000e+002
  1.7018160e+003  9.0800000e+002
  1.7027400e+003  9.2400000e+002
  1.7036280e+003  8.8800000e+002
  1.7045320e+003  9.0400000e+002
  1.7054360e+003  9.0400000e+002
  1.7063080e+003  8.7200000e+002
  1.7072560e+003  9.4800000e+002
  1.7081200e+003  8.6400000e+002
  1.7090920e+003  9.7200000e+002
  1.7097360e+003  6.4400000e+002
  1.7108640e+003  1.1280000e+003
  1.7117720e+003  9.0800000e+002
  1.7126640e+003  8.9200000e+002
  1.7135760e+003  9.1200000e+002
  1.7144720e+003  8.9600000e+002
  1.7153360e+003  8.6400000e+002
  1.7162360e+003  9.0000000e+002
  1.7171360e+003  9.0000000e+002
  1.7180280e+003  8.9200000e+002
  1.7189040e+003  8.7600000e+002
  1.7198080e+003  9.0400000e+002
  1.7207320e+003  9.2400000e+002
  1.7216160e+003  8.8400000e+002
  1.7225440e+003  9.2800000e+002
  1.7234720e+003  9.2800000e+002
  1.7243880e+003  9.1600000e+002
  1.7253200e+003  9.3200000e+002
  1.7262240e+003  9.0400000e+002
  1.7271440e+003  9.2000000e+002
  1.7280400e+003  8.9600000e+002
  1.7289680e+003  9.2800000e+002
  1.7298840e+003  9.1600000e+002
  1.7306680e+003  7.8400000e+002
  1.7317080e+003  1.0400000e+003
  1.7325760e+003  8.6800000e+002
  1.7335160e+003  9.4000000e+002
  1.7344040e+003  8.8800000e+002
  1.7352840e+003  8.8000000e+002
  1.7362680e+003  9.8400000e+002
  1.7371840e+003  9.1600000e+002
  1.7380840e+003  9.0000000e+002
  1.7389720e+003  8.8800000e+002
  1.7398800e+003  9.0800000e+002
  1.7408000e+003  9.2000000e+002
  1.7416880e+003  8.8800000e+002
  1.7426080e+003  9.2000000e+002
  1.7435080e+003  9.0000000e+002
  1.7443920e+003  8.8400000e+002
  1.7450360e+003  6.4400000e+002
  1.7461400e+003  1.1040000e+003
  1.7470320e+003  8.9200000e+002
  1.7479040e+003  8.7200000e+002
  1.7488040e+003  9.0000000e+002
  1.7497120e+003  9.0800000e+002
  1.7505880e+003  8.7600000e+002
  1.7514960e+003  9.0800000e+002
  1.7523880e+003  8.9200000e+002
  1.7532960e+003  9.0800000e+002
  1.7541640e+003  8.6800000e+002
  1.7550760e+003  9.1200000e+002
  1.7559520e+003  8.7600000e+002
  1.7568560e+003  9.0400000e+002
  1.7577480e+003  8.9200000e+002
  1.7586640e+003  9.1600000e+002
  1.7595640e+003  9.0000000e+002
  1.7605560e+003  9.9200000e+002
  1.7614720e+003  9.1600000e+002
  1.7624080e+003  9.3600000e+002
  1.7633240e+003  9.1600000e+002
  1.7642400e+003  9.1600000e+002
  1.7651160e+003  8.7600000e+002
  1.7660520e+003  9.3600000e+002
  1.7669680e+003  9.1600000e+002
  1.7678800e+003  9.1200000e+002
  1.7687520e+003  8.7200000e+002
  1.7696600e+003  9.0800000e+002
  1.7704200e+003  7.6000000e+002
  1.7714200e+003  1.0000000e+003
  1.7722800e+003  8.6000000e+002
  1.7732160e+003  9.3600000e+002
  1.7741120e+003  8.9600000e+002
  1.7750160e+003  9.0400000e+002
  1.7759240e+003  9.0800000e+002
  1.7768200e+003  8.9600000e+002
  1.7774520e+003  6.3200000e+002
  1.7786160e+003  1.1640000e+003
  1.7795320e+003  9.1600000e+002
  1.7804280e+003  8.9600000e+002
  1.7813160e+003  8.8800000e+002
  1.7822080e+003  8.9200000e+002
  1.7830640e+003  8.5600000e+002
  1.7840160e+003  9.5200000e+002
  1.7846640e+003  6.4800000e+002
  1.7857600e+003  1.0960000e+003
  1.7866800e+003  9.2000000e+002
  1.7875880e+003  9.0800000e+002
  1.7884960e+003  9.0800000e+002
  1.7893840e+003  8.8800000e+002
  1.7902680e+003  8.8400000e+002
  1.7911960e+003  9.2800000e+002
  1.7920800e+003  8.8400000e+002
  1.7929520e+003  8.7200000e+002
  1.7938960e+003  9.4400000e+002
  1.7947400e+003  8.4400000e+002
  1.7956760e+003  9.3600000e+002
  1.7966040e+003  9.2800000e+002
  1.7974960e+003  8.9200000e+002
  1.7983920e+003  8.9600000e+002
  1.7992960e+003  9.0400000e+002
