  1.2840000e+000  7.2400000e+002
  1.9880000e+000  7.0400000e+002
  2.7240000e+000  7.3600000e+002
  3.4480000e+000  7.2400000e+002
  4.1800000e+000  7.3200000e+002
  4.9040000e+000  7.2400000e+002
  5.6320000e+000  7.2800000e+002
  6.3360000e+000  7.0400000e+002
  7.0840000e+000  7.4800000e+002
  7.7840000e+000  7.0000000e+002
  8.5040000e+000  7.2000000e+002
  9.2440000e+000  7.4000000e+002
  9.9400000e+000  6.9600000e+002
  1.0684000e+001  7.4400000e+002
  1.1400000e+001  7.1600000e+002
  1.2124000e+001  7.2400000e+002
  1.2824000e+001  7.0000000e+002
  1.3560000e+001  7.3600000e+002
  1.4292000e+001  7.3200000e+002
  1.5004000e+001  7.1200000e+002
  1.5724000e+001  7.2000000e+002
  1.6424000e+001  7.0000000e+002
  1.7184000e+001  7.6000000e+002
  1.7884000e+001  7.0000000e+002
  1.8604000e+001  7.2000000e+002
  1.9344000e+001  7.4000000e+002
  2.0056000e+001  7.1200000e+002
  2.0784000e+001  7.2800000e+002
  2.1484000e+001  7.0000000e+002
  2.2220000e+001  7.3600000e+002
  2.2924000e+001  7.0400000e+002
  2.3664000e+001  7.4000000e+002
  2.4344000e+001  6.8000000e+002
  2.5080000e+001  7.3600000e+002
  2.5808000e+001  7.2800000e+002
  2.6536000e+001  7.2800000e+002
  2.7264000e+001  7.2800000e+002
  2.7972000e+001  7.0800000e+002
  2.8684000e+001  7.1200000e+002
  2.9404000e+001  7.2000000e+002
  3.0144000e+001  7.4000000e+002
  3.0856000e+001  7.1200000e+002
  3.1560000e+001  7.0400000e+002
  3.2320000e+001  7.6000000e+002
  3.3024000e+001  7.0400000e+002
  3.3756000e+001  7.3200000e+002
  3.4460000e+001  7.0400000e+002
  3.5200000e+001  7.4000000e+002
  3.5920000e+001  7.2000000e+002
  3.6664000e+001  7.4400000e+002
  3.7380000e+001  7.1600000e+002
  3.8100000e+001  7.2000000e+002
  3.8816000e+001  7.1600000e+002
  3.9548000e+001  7.3200000e+002
  4.0280000e+001  7.3200000e+002
  4.1064000e+001  7.8400000e+002
  4.1720000e+001  6.5600000e+002
  4.2500000e+001  7.8000000e+002
  4.3188000e+001  6.8800000e+002
  4.3900000e+001  7.1200000e+002
  4.4660000e+001  7.6000000e+002
  4.5376000e+001  7.1600000e+002
  4.6096000e+001  7.2000000e+002
  4.6816000e+001  7.2000000e+002
  4.7552000e+001  7.3600000e+002
  4.8288000e+001  7.3600000e+002
  4.9020000e+001  7.3200000e+002
  4.9740000e+001  7.2000000e+002
  5.0456000e+001  7.1600000e+002
  5.1180000e+001  7.2400000e+002
  5.1896000e+001  7.1600000e+002
  5.2620000e+001  7.2400000e+002
  5.3340000e+001  7.2000000e+002
  5.4060000e+001  7.2000000e+002
  5.4780000e+001  7.2000000e+002
  5.5516000e+001  7.3600000e+002
  5.6240000e+001  7.2400000e+002
  5.6936000e+001  6.9600000e+002
  5.7680000e+001  7.4400000e+002
  5.8380000e+001  7.0000000e+002
  5.9116000e+001  7.3600000e+002
  5.9828000e+001  7.1200000e+002
  6.0552000e+001  7.2400000e+002
  6.1280000e+001  7.2800000e+002
  6.1992000e+001  7.1200000e+002
  6.2720000e+001  7.2800000e+002
  6.3440000e+001  7.2000000e+002
  6.4176000e+001  7.3600000e+002
  6.4896000e+001  7.2000000e+002
  6.5600000e+001  7.0400000e+002
  6.6320000e+001  7.2000000e+002
  6.7036000e+001  7.1600000e+002
  6.7756000e+001  7.2000000e+002
  6.8476000e+001  7.2000000e+002
  6.9176000e+001  7.0000000e+002
  6.9904000e+001  7.2800000e+002
  7.0636000e+001  7.3200000e+002
  7.1316000e+001  6.8000000e+002
  7.2076000e+001  7.6000000e+002
  7.2772000e+001  6.9600000e+002
  7.3508000e+001  7.3600000e+002
  7.4216000e+001  7.0800000e+002
  7.4940000e+001  7.2400000e+002
  7.5636000e+001  6.9600000e+002
  7.6372000e+001  7.3600000e+002
  7.7092000e+001  7.2000000e+002
  7.7812000e+001  7.2000000e+002
  7.8536000e+001  7.2400000e+002
  7.9256000e+001  7.2000000e+002
  7.9980000e+001  7.2400000e+002
  8.0692000e+001  7.1200000e+002
  8.1412000e+001  7.2000000e+002
  8.2128000e+001  7.1600000e+002
  8.2860000e+001  7.3200000e+002
  8.3572000e+001  7.1200000e+002
  8.4284000e+001  7.1200000e+002
  8.5012000e+001  7.2800000e+002
  8.5728000e+001  7.1600000e+002
  8.6448000e+001  7.2000000e+002
  8.7168000e+001  7.2000000e+002
  8.7892000e+001  7.2400000e+002
  8.8612000e+001  7.2000000e+002
  8.9328000e+001  7.1600000e+002
  9.0044000e+001  7.1600000e+002
  9.0760000e+001  7.1600000e+002
  9.1468000e+001  7.0800000e+002
  9.2180000e+001  7.1200000e+002
  9.2908000e+001  7.2800000e+002
  9.3604000e+001  6.9600000e+002
  9.4324000e+001  7.2000000e+002
  9.5024000e+001  7.0000000e+002
  9.5748000e+001  7.2400000e+002
  9.6448000e+001  7.0000000e+002
  9.7200000e+001  7.5200000e+002
  9.7928000e+001  7.2800000e+002
  9.8644000e+001  7.1600000e+002
  9.9344000e+001  7.0000000e+002
  1.0006400e+002  7.2000000e+002
  1.0079600e+002  7.3200000e+002
  1.0152000e+002  7.2400000e+002
  1.0224400e+002  7.2400000e+002
  1.0296400e+002  7.2000000e+002
  1.0368400e+002  7.2000000e+002
  1.0440000e+002  7.1600000e+002
  1.0512400e+002  7.2400000e+002
  1.0584400e+002  7.2000000e+002
  1.0659600e+002  7.5200000e+002
  1.0730000e+002  7.0400000e+002
  1.0802400e+002  7.2400000e+002
  1.0876000e+002  7.3600000e+002
  1.0948000e+002  7.2000000e+002
  1.1019600e+002  7.1600000e+002
  1.1091600e+002  7.2000000e+002
  1.1163600e+002  7.2000000e+002
  1.1235600e+002  7.2000000e+002
  1.1310000e+002  7.4400000e+002
  1.1381600e+002  7.1600000e+002
  1.1453600e+002  7.2000000e+002
  1.1524000e+002  7.0400000e+002
  1.1597600e+002  7.3600000e+002
  1.1669600e+002  7.2000000e+002
  1.1742400e+002  7.2800000e+002
  1.1813600e+002  7.1200000e+002
  1.1885200e+002  7.1600000e+002
  1.1957600e+002  7.2400000e+002
  1.2031200e+002  7.3600000e+002
  1.2103200e+002  7.2000000e+002
  1.2175200e+002  7.2000000e+002
  1.2247200e+002  7.2000000e+002
  1.2321200e+002  7.4000000e+002
  1.2394400e+002  7.3200000e+002
  1.2466400e+002  7.2000000e+002
  1.2539200e+002  7.2800000e+002
  1.2612800e+002  7.3600000e+002
  1.2685200e+002  7.2400000e+002
  1.2758800e+002  7.3600000e+002
  1.2831200e+002  7.2400000e+002
  1.2901200e+002  7.0000000e+002
  1.2976400e+002  7.5200000e+002
  1.3048800e+002  7.2400000e+002
  1.3121200e+002  7.2400000e+002
  1.3194800e+002  7.3600000e+002
  1.3266800e+002  7.2000000e+002
  1.3338800e+002  7.2000000e+002
  1.3412800e+002  7.4000000e+002
  1.3485200e+002  7.2400000e+002
  1.3558800e+002  7.3600000e+002
  1.3630800e+002  7.2000000e+002
  1.3704800e+002  7.4000000e+002
  1.3774800e+002  7.0000000e+002
  1.3848000e+002  7.3200000e+002
  1.3920800e+002  7.2800000e+002
  1.3992800e+002  7.2000000e+002
  1.4065600e+002  7.2800000e+002
  1.4137600e+002  7.2000000e+002
  1.4210000e+002  7.2400000e+002
  1.4280800e+002  7.0800000e+002
  1.4352400e+002  7.1600000e+002
  1.4424800e+002  7.2400000e+002
  1.4496400e+002  7.1600000e+002
  1.4569600e+002  7.3200000e+002
  1.4640000e+002  7.0400000e+002
  1.4712400e+002  7.2400000e+002
  1.4784800e+002  7.2400000e+002
  1.4856400e+002  7.1600000e+002
  1.4928400e+002  7.2000000e+002
  1.5002400e+002  7.4000000e+002
  1.5074000e+002  7.1600000e+002
  1.5146000e+002  7.2000000e+002
  1.5218400e+002  7.2400000e+002
  1.5290400e+002  7.2000000e+002
  1.5363200e+002  7.2800000e+002
  1.5434000e+002  7.0800000e+002
  1.5507200e+002  7.3200000e+002
  1.5578400e+002  7.1200000e+002
  1.5650400e+002  7.2000000e+002
  1.5723600e+002  7.3200000e+002
  1.5796000e+002  7.2400000e+002
  1.5870000e+002  7.4000000e+002
  1.5940000e+002  7.0000000e+002
  1.6013600e+002  7.3600000e+002
  1.6088000e+002  7.4400000e+002
  1.6158000e+002  7.0000000e+002
  1.6230000e+002  7.2000000e+002
  1.6303600e+002  7.3600000e+002
  1.6377200e+002  7.3600000e+002
  1.6450000e+002  7.2800000e+002
  1.6521600e+002  7.1600000e+002
  1.6593600e+002  7.2000000e+002
  1.6665600e+002  7.2000000e+002
  1.6738000e+002  7.2400000e+002
  1.6809600e+002  7.1600000e+002
  1.6881600e+002  7.2000000e+002
  1.6956800e+002  7.5200000e+002
  1.7029600e+002  7.2800000e+002
  1.7101200e+002  7.1600000e+002
  1.7173600e+002  7.2400000e+002
  1.7247200e+002  7.3600000e+002
  1.7320800e+002  7.3600000e+002
  1.7391200e+002  7.0400000e+002
  1.7465200e+002  7.4000000e+002
  1.7538400e+002  7.3200000e+002
  1.7610800e+002  7.2400000e+002
  1.7683600e+002  7.2800000e+002
  1.7757600e+002  7.4000000e+002
  1.7829600e+002  7.2000000e+002
  1.7902800e+002  7.3200000e+002
  1.7975600e+002  7.2800000e+002
  1.8048400e+002  7.2800000e+002
  1.8121200e+002  7.2800000e+002
  1.8195200e+002  7.4000000e+002
  1.8265200e+002  7.0000000e+002
  1.8340400e+002  7.5200000e+002
  1.8411200e+002  7.0800000e+002
  1.8483200e+002  7.2000000e+002
  1.8557200e+002  7.4000000e+002
  1.8628800e+002  7.1600000e+002
  1.8700800e+002  7.2000000e+002
  1.8776000e+002  7.5200000e+002
  1.8848800e+002  7.2800000e+002
  1.8921200e+002  7.2400000e+002
  1.8992800e+002  7.1600000e+002
  1.9066800e+002  7.4000000e+002
  1.9140800e+002  7.4000000e+002
  1.9213600e+002  7.2800000e+002
  1.9286800e+002  7.3200000e+002
  1.9360800e+002  7.4000000e+002
  1.9432800e+002  7.2000000e+002
  1.9504400e+002  7.1600000e+002
  1.9578800e+002  7.4400000e+002
  1.9652800e+002  7.4000000e+002
  1.9724800e+002  7.2000000e+002
  1.9796800e+002  7.2000000e+002
  1.9870000e+002  7.3200000e+002
  1.9942400e+002  7.2400000e+002
  2.0016400e+002  7.4000000e+002
  2.0086400e+002  7.0000000e+002
  2.0156400e+002  7.0000000e+002
  2.0230400e+002  7.4000000e+002
  2.0300400e+002  7.0000000e+002
  2.0376800e+002  7.6400000e+002
  2.0446800e+002  7.0000000e+002
  2.0520400e+002  7.3600000e+002
  2.0590800e+002  7.0400000e+002
  2.0664400e+002  7.3600000e+002
  2.0734400e+002  7.0000000e+002
  2.0808400e+002  7.4000000e+002
  2.0880400e+002  7.2000000e+002
  2.0952400e+002  7.2000000e+002
  2.1025600e+002  7.3200000e+002
  2.1096400e+002  7.0800000e+002
  2.1168400e+002  7.2000000e+002
  2.1242400e+002  7.4000000e+002
  2.1314400e+002  7.2000000e+002
  2.1386400e+002  7.2000000e+002
  2.1460400e+002  7.4000000e+002
  2.1532000e+002  7.1600000e+002
  2.1605200e+002  7.3200000e+002
  2.1676400e+002  7.1200000e+002
  2.1752400e+002  7.6000000e+002
  2.1820400e+002  6.8000000e+002
  2.1895600e+002  7.5200000e+002
  2.1968400e+002  7.2800000e+002
  2.2038400e+002  7.0000000e+002
  2.2110400e+002  7.2000000e+002
  2.2184400e+002  7.4000000e+002
  2.2256400e+002  7.2000000e+002
  2.2328400e+002  7.2000000e+002
  2.2402000e+002  7.3600000e+002
  2.2474400e+002  7.2400000e+002
  2.2547200e+002  7.2800000e+002
  2.2619600e+002  7.2400000e+002
  2.2691600e+002  7.2000000e+002
  2.2762000e+002  7.0400000e+002
  2.2836000e+002  7.4000000e+002
  2.2908400e+002  7.2400000e+002
  2.2982000e+002  7.3600000e+002
  2.3054000e+002  7.2000000e+002
  2.3126000e+002  7.2000000e+002
  2.3200000e+002  7.4000000e+002
  2.3271200e+002  7.1200000e+002
  2.3344800e+002  7.3600000e+002
  2.3416000e+002  7.1200000e+002
  2.3488000e+002  7.2000000e+002
  2.3562400e+002  7.4400000e+002
  2.3633600e+002  7.1200000e+002
  2.3706000e+002  7.2400000e+002
  2.3778000e+002  7.2000000e+002
  2.3848000e+002  7.0000000e+002
  2.3922000e+002  7.4000000e+002
  2.3995200e+002  7.3200000e+002
  2.4067600e+002  7.2400000e+002
  2.4138000e+002  7.0400000e+002
  2.4212000e+002  7.4000000e+002
  2.4283600e+002  7.1600000e+002
  2.4355600e+002  7.2000000e+002
  2.4429600e+002  7.4000000e+002
  2.4502000e+002  7.2400000e+002
  2.4571600e+002  6.9600000e+002
  2.4645600e+002  7.4000000e+002
  2.4720000e+002  7.4400000e+002
  2.4789600e+002  6.9600000e+002
  2.4863600e+002  7.4000000e+002
  2.4935600e+002  7.2000000e+002
  2.5005600e+002  7.0000000e+002
  2.5081600e+002  7.6000000e+002
  2.5152800e+002  7.1200000e+002
  2.5223600e+002  7.0800000e+002
  2.5295600e+002  7.2000000e+002
  2.5369200e+002  7.3600000e+002
  2.5439600e+002  7.0400000e+002
  2.5513600e+002  7.4000000e+002
  2.5587200e+002  7.3600000e+002
  2.5657600e+002  7.0400000e+002
  2.5731200e+002  7.3600000e+002
  2.5803600e+002  7.2400000e+002
  2.5877600e+002  7.4000000e+002
  2.5949600e+002  7.2000000e+002
  2.6021600e+002  7.1600000e+002
  2.6096000e+002  7.4400000e+002
  2.6165600e+002  6.9600000e+002
  2.6239600e+002  7.4000000e+002
  2.6312000e+002  7.2400000e+002
  2.6384000e+002  7.2000000e+002
  2.6458000e+002  7.4000000e+002
  2.6530000e+002  7.2000000e+002
  2.6602800e+002  7.2800000e+002
  2.6675600e+002  7.2800000e+002
  2.6747600e+002  7.2000000e+002
  2.6819600e+002  7.2000000e+002
  2.6893600e+002  7.4000000e+002
  2.6967600e+002  7.4000000e+002
  2.7039600e+002  7.2000000e+002
  2.7113600e+002  7.4000000e+002
  2.7185600e+002  7.2000000e+002
  2.7259600e+002  7.4000000e+002
  2.7333200e+002  7.3600000e+002
  2.7406400e+002  7.3200000e+002
  2.7477600e+002  7.1200000e+002
  2.7551600e+002  7.4000000e+002
  2.7625200e+002  7.3600000e+002
  2.7695600e+002  7.0400000e+002
  2.7769600e+002  7.4000000e+002
  2.7841600e+002  7.2000000e+002
  2.7917600e+002  7.6000000e+002
  2.7989600e+002  7.2000000e+002
  2.8063200e+002  7.3600000e+002
  2.8137600e+002  7.4400000e+002
  2.8209200e+002  7.1600000e+002
  2.8279600e+002  7.0400000e+002
  2.8353200e+002  7.3600000e+002
  2.8427200e+002  7.4000000e+002
  2.8502400e+002  7.5200000e+002
  2.8573600e+002  7.1200000e+002
  2.8647600e+002  7.4000000e+002
  2.8721200e+002  7.3600000e+002
  2.8793200e+002  7.2000000e+002
  2.8868400e+002  7.5200000e+002
  2.8939200e+002  7.0800000e+002
  2.9013200e+002  7.4000000e+002
  2.9086400e+002  7.3200000e+002
  2.9159200e+002  7.2800000e+002
  2.9231200e+002  7.2000000e+002
  2.9304800e+002  7.3600000e+002
  2.9375200e+002  7.0400000e+002
  2.9449200e+002  7.4000000e+002
  2.9523200e+002  7.4000000e+002
  2.9594800e+002  7.1600000e+002
  2.9669200e+002  7.4400000e+002
  2.9742000e+002  7.2800000e+002
  2.9814800e+002  7.2800000e+002
  2.9888000e+002  7.3200000e+002
  2.9960000e+002  7.2000000e+002
  3.0032800e+002  7.2800000e+002
  3.0104800e+002  7.2000000e+002
  3.0178400e+002  7.3600000e+002
  3.0252400e+002  7.4000000e+002
  3.0322400e+002  7.0000000e+002
  3.0396400e+002  7.4000000e+002
  3.0468800e+002  7.2400000e+002
  3.0542800e+002  7.4000000e+002
  3.0616400e+002  7.3600000e+002
  3.0690400e+002  7.4000000e+002
  3.0763600e+002  7.3200000e+002
  3.0836400e+002  7.2800000e+002
  3.0911200e+002  7.4800000e+002
  3.0984400e+002  7.3200000e+002
  3.1057200e+002  7.2800000e+002
  3.1130000e+002  7.2800000e+002
  3.1204400e+002  7.4400000e+002
  3.1278000e+002  7.3600000e+002
  3.1350400e+002  7.2400000e+002
  3.1424000e+002  7.3600000e+002
  3.1498400e+002  7.4400000e+002
  3.1573000e+002  7.4600000e+002
  3.1647600e+002  7.4600000e+002
  3.1720000e+002  7.2400000e+002
  3.1794000e+002  7.4000000e+002
  3.1868400e+002  7.4400000e+002
  3.1942000e+002  7.3600000e+002
  3.2015200e+002  7.3200000e+002
  3.2089200e+002  7.4000000e+002
  3.2162400e+002  7.3200000e+002
  3.2236000e+002  7.3600000e+002
  3.2310000e+002  7.4000000e+002
  3.2382800e+002  7.2800000e+002
  3.2455600e+002  7.2800000e+002
  3.2528000e+002  7.2400000e+002
  3.2601600e+002  7.3600000e+002
  3.2675600e+002  7.4000000e+002
  3.2749200e+002  7.3600000e+002
  3.2822000e+002  7.2800000e+002
  3.2894000e+002  7.2000000e+002
  3.2968000e+002  7.4000000e+002
  3.3041600e+002  7.3600000e+002
  3.3113600e+002  7.2000000e+002
  3.3188000e+002  7.4400000e+002
  3.3261200e+002  7.3200000e+002
  3.3334800e+002  7.3600000e+002
  3.3407600e+002  7.2800000e+002
  3.3481200e+002  7.3600000e+002
  3.3555200e+002  7.4000000e+002
  3.3628000e+002  7.2800000e+002
  3.3700800e+002  7.2800000e+002
  3.3774000e+002  7.3200000e+002
  3.3847200e+002  7.3200000e+002
  3.3919600e+002  7.2400000e+002
  3.3993200e+002  7.3600000e+002
  3.4066000e+002  7.2800000e+002
  3.4139600e+002  7.3600000e+002
  3.4212000e+002  7.2400000e+002
  3.4284800e+002  7.2800000e+002
  3.4357200e+002  7.2400000e+002
  3.4429200e+002  7.2000000e+002
  3.4501600e+002  7.2400000e+002
  3.4573200e+002  7.1600000e+002
  3.4646800e+002  7.3600000e+002
  3.4719200e+002  7.2400000e+002
  3.4793600e+002  7.4400000e+002
  3.4865200e+002  7.1600000e+002
  3.4937200e+002  7.2000000e+002
  3.5009600e+002  7.2400000e+002
  3.5082800e+002  7.3200000e+002
  3.5153600e+002  7.0800000e+002
  3.5227600e+002  7.4000000e+002
  3.5299200e+002  7.1600000e+002
  3.5373200e+002  7.4000000e+002
  3.5445200e+002  7.2000000e+002
  3.5517200e+002  7.2000000e+002
  3.5589600e+002  7.2400000e+002
  3.5661600e+002  7.2000000e+002
  3.5735600e+002  7.4000000e+002
  3.5809600e+002  7.4000000e+002
  3.5879600e+002  7.0000000e+002
  3.5953600e+002  7.4000000e+002
  3.6027200e+002  7.3600000e+002
  3.6100400e+002  7.3200000e+002
  3.6173200e+002  7.2800000e+002
  3.6245600e+002  7.2400000e+002
  3.6319200e+002  7.3600000e+002
  3.6394800e+002  7.5600000e+002
  3.6468800e+002  7.4000000e+002
  3.6541600e+002  7.2800000e+002
  3.6615200e+002  7.3600000e+002
  3.6685600e+002  7.0400000e+002
  3.6761200e+002  7.5600000e+002
  3.6831600e+002  7.0400000e+002
  3.6907200e+002  7.5600000e+002
  3.6979600e+002  7.2400000e+002
  3.7054000e+002  7.4400000e+002
  3.7129200e+002  7.5200000e+002
  3.7201200e+002  7.2000000e+002
  3.7274800e+002  7.3600000e+002
  3.7347600e+002  7.2800000e+002
  3.7421600e+002  7.4000000e+002
  3.7496000e+002  7.4400000e+002
  3.7567600e+002  7.1600000e+002
  3.7641600e+002  7.4000000e+002
  3.7715600e+002  7.4000000e+002
  3.7791200e+002  7.5600000e+002
  3.7863600e+002  7.2400000e+002
  3.7938800e+002  7.5200000e+002
  3.8011600e+002  7.2800000e+002
  3.8085600e+002  7.4000000e+002
  3.8158800e+002  7.3200000e+002
  3.8231600e+002  7.2800000e+002
  3.8306400e+002  7.4800000e+002
  3.8378400e+002  7.2000000e+002
  3.8451600e+002  7.3200000e+002
  3.8524400e+002  7.2800000e+002
  3.8598000e+002  7.3600000e+002
  3.8672000e+002  7.4000000e+002
  3.8747200e+002  7.5200000e+002
  3.8820800e+002  7.3600000e+002
  3.8894000e+002  7.3200000e+002
  3.8968400e+002  7.4400000e+002
  3.9042000e+002  7.3600000e+002
  3.9115600e+002  7.3600000e+002
  3.9191200e+002  7.5600000e+002
  3.9265600e+002  7.4400000e+002
  3.9340000e+002  7.4400000e+002
  3.9414800e+002  7.4800000e+002
  3.9487600e+002  7.2800000e+002
  3.9562000e+002  7.4400000e+002
  3.9636000e+002  7.4000000e+002
  3.9709200e+002  7.3200000e+002
  3.9782000e+002  7.2800000e+002
  3.9855600e+002  7.3600000e+002
  3.9928000e+002  7.2400000e+002
  4.0004000e+002  7.6000000e+002
  4.0078000e+002  7.4000000e+002
  4.0148000e+002  7.0000000e+002
  4.0222400e+002  7.4400000e+002
  4.0294400e+002  7.2000000e+002
  4.0368400e+002  7.4000000e+002
  4.0442400e+002  7.4000000e+002
  4.0514400e+002  7.2000000e+002
  4.0588400e+002  7.4000000e+002
  4.0660400e+002  7.2000000e+002
  4.0732400e+002  7.2000000e+002
  4.0807200e+002  7.4800000e+002
  4.0878000e+002  7.0800000e+002
  4.0952400e+002  7.4400000e+002
  4.1024000e+002  7.1600000e+002
  4.1100000e+002  7.6000000e+002
  4.1172400e+002  7.2400000e+002
  4.1245600e+002  7.3200000e+002
  4.1318000e+002  7.2400000e+002
  4.1393200e+002  7.5200000e+002
  4.1466400e+002  7.3200000e+002
  4.1538400e+002  7.2000000e+002
  4.1612400e+002  7.4000000e+002
  4.1686400e+002  7.4000000e+002
  4.1759600e+002  7.3200000e+002
  4.1834400e+002  7.4800000e+002
  4.1907200e+002  7.2800000e+002
  4.1981600e+002  7.4400000e+002
  4.2054000e+002  7.2400000e+002
  4.2126400e+002  7.2400000e+002
  4.2200400e+002  7.4000000e+002
  4.2274000e+002  7.3600000e+002
  4.2346400e+002  7.2400000e+002
  4.2420400e+002  7.4000000e+002
  4.2494000e+002  7.3600000e+002
  4.2567600e+002  7.3600000e+002
  4.2638400e+002  7.0800000e+002
  4.2712000e+002  7.3600000e+002
  4.2786800e+002  7.4800000e+002
  4.2858400e+002  7.1600000e+002
  4.2932800e+002  7.4400000e+002
  4.3005600e+002  7.2800000e+002
  4.3076400e+002  7.0800000e+002
  4.3150400e+002  7.4000000e+002
  4.3224000e+002  7.3600000e+002
  4.3296400e+002  7.2400000e+002
  4.3369200e+002  7.2800000e+002
  4.3442400e+002  7.3200000e+002
  4.3514400e+002  7.2000000e+002
  4.3588000e+002  7.3600000e+002
  4.3662000e+002  7.4000000e+002
  4.3734000e+002  7.2000000e+002
  4.3807200e+002  7.3200000e+002
  4.3880000e+002  7.2800000e+002
  4.3952400e+002  7.2400000e+002
  4.4026400e+002  7.4000000e+002
  4.4100400e+002  7.4000000e+002
  4.4173600e+002  7.3200000e+002
  4.4247200e+002  7.3600000e+002
  4.4319600e+002  7.2400000e+002
  4.4392400e+002  7.2800000e+002
  4.4466000e+002  7.3600000e+002
  4.4540800e+002  7.4800000e+002
  4.4614000e+002  7.3200000e+002
  4.4690000e+002  7.6000000e+002
  4.4763200e+002  7.3200000e+002
  4.4836400e+002  7.3200000e+002
  4.4910000e+002  7.3600000e+002
  4.4984000e+002  7.4000000e+002
  4.5058000e+002  7.4000000e+002
  4.5133200e+002  7.5200000e+002
  4.5206000e+002  7.2800000e+002
  4.5281200e+002  7.5200000e+002
  4.5355200e+002  7.4000000e+002
  4.5428000e+002  7.2800000e+002
  4.5501200e+002  7.3200000e+002
  4.5575200e+002  7.4000000e+002
  4.5648000e+002  7.2800000e+002
  4.5720400e+002  7.2400000e+002
  4.5794400e+002  7.4000000e+002
  4.5868400e+002  7.4000000e+002
  4.5942400e+002  7.4000000e+002
  4.6014000e+002  7.1600000e+002
  4.6088000e+002  7.4000000e+002
  4.6164000e+002  7.6000000e+002
  4.6236400e+002  7.2400000e+002
  4.6311200e+002  7.4800000e+002
  4.6384400e+002  7.3200000e+002
  4.6458000e+002  7.3600000e+002
  4.6531600e+002  7.3600000e+002
  4.6605600e+002  7.4000000e+002
  4.6676000e+002  7.0400000e+002
  4.6750000e+002  7.4000000e+002
  4.6826000e+002  7.6000000e+002
  4.6899200e+002  7.3200000e+002
  4.6972800e+002  7.3600000e+002
  4.7044400e+002  7.1600000e+002
  4.7120000e+002  7.5600000e+002
  4.7193200e+002  7.3200000e+002
  4.7266000e+002  7.2800000e+002
  4.7336000e+002  7.0000000e+002
  4.7412400e+002  7.6400000e+002
  4.7486400e+002  7.4000000e+002
  4.7560400e+002  7.4000000e+002
  4.7633200e+002  7.2800000e+002
  4.7706000e+002  7.2800000e+002
  4.7782000e+002  7.6000000e+002
  4.7854000e+002  7.2000000e+002
  4.7926800e+002  7.2800000e+002
  4.8001200e+002  7.4400000e+002
  4.8073600e+002  7.2400000e+002
  4.8148000e+002  7.4400000e+002
  4.8222000e+002  7.4000000e+002
  4.8296000e+002  7.4000000e+002
  4.8368000e+002  7.2000000e+002
  4.8442000e+002  7.4000000e+002
  4.8516800e+002  7.4800000e+002
  4.8590800e+002  7.4000000e+002
  4.8663200e+002  7.2400000e+002
  4.8736800e+002  7.3600000e+002
  4.8810000e+002  7.3200000e+002
  4.8879600e+002  6.9600000e+002
  4.8955200e+002  7.5600000e+002
  4.9028000e+002  7.2800000e+002
  4.9101200e+002  7.3200000e+002
  4.9174000e+002  7.2800000e+002
  4.9247600e+002  7.3600000e+002
  4.9320000e+002  7.2400000e+002
  4.9393600e+002  7.3600000e+002
  4.9465600e+002  7.2000000e+002
  4.9539600e+002  7.4000000e+002
  4.9613200e+002  7.3600000e+002
  4.9684000e+002  7.0800000e+002
  4.9758000e+002  7.4000000e+002
  4.9830000e+002  7.2000000e+002
  4.9904000e+002  7.4000000e+002
  4.9977600e+002  7.3600000e+002
  5.0050800e+002  7.3200000e+002
  5.0121600e+002  7.0800000e+002
  5.0195600e+002  7.4000000e+002
  5.0269600e+002  7.4000000e+002
  5.0341600e+002  7.2000000e+002
  5.0415600e+002  7.4000000e+002
  5.0490800e+002  7.5200000e+002
  5.0561600e+002  7.0800000e+002
  5.0636800e+002  7.5200000e+002
  5.0710800e+002  7.4000000e+002
  5.0782800e+002  7.2000000e+002
  5.0855600e+002  7.2800000e+002
  5.0929600e+002  7.4000000e+002
  5.1001600e+002  7.2000000e+002
  5.1074000e+002  7.2400000e+002
  5.1148000e+002  7.4000000e+002
  5.1220000e+002  7.2000000e+002
  5.1294800e+002  7.4800000e+002
  5.1367200e+002  7.2400000e+002
  5.1440000e+002  7.2800000e+002
  5.1511600e+002  7.1600000e+002
  5.1588000e+002  7.6400000e+002
  5.1660800e+002  7.2800000e+002
  5.1733200e+002  7.2400000e+002
  5.1805600e+002  7.2400000e+002
  5.1878800e+002  7.3200000e+002
  5.1951200e+002  7.2400000e+002
  5.2024800e+002  7.3600000e+002
  5.2095600e+002  7.0800000e+002
  5.2170000e+002  7.4400000e+002
  5.2242000e+002  7.2000000e+002
  5.2316800e+002  7.4800000e+002
  5.2387600e+002  7.0800000e+002
  5.2461200e+002  7.3600000e+002
  5.2532800e+002  7.1600000e+002
  5.2606400e+002  7.3600000e+002
  5.2679200e+002  7.2800000e+002
  5.2752000e+002  7.2800000e+002
  5.2824000e+002  7.2000000e+002
  5.2896000e+002  7.2000000e+002
  5.2970000e+002  7.4000000e+002
  5.3044000e+002  7.4000000e+002
  5.3116000e+002  7.2000000e+002
  5.3188800e+002  7.2800000e+002
  5.3261600e+002  7.2800000e+002
  5.3334800e+002  7.3200000e+002
  5.3406000e+002  7.1200000e+002
  5.3480800e+002  7.4800000e+002
  5.3552000e+002  7.1200000e+002
  5.3626800e+002  7.4800000e+002
  5.3699200e+002  7.2400000e+002
  5.3772000e+002  7.2800000e+002
  5.3844000e+002  7.2000000e+002
  5.3919200e+002  7.5200000e+002
  5.3991200e+002  7.2000000e+002
  5.4063600e+002  7.2400000e+002
  5.4136800e+002  7.3200000e+002
  5.4208800e+002  7.2000000e+002
  5.4280000e+002  7.1200000e+002
  5.4353600e+002  7.3600000e+002
  5.4426000e+002  7.2400000e+002
  5.4498000e+002  7.2000000e+002
  5.4571200e+002  7.3200000e+002
  5.4644400e+002  7.3200000e+002
  5.4716000e+002  7.1600000e+002
  5.4788800e+002  7.2800000e+002
  5.4863600e+002  7.4800000e+002
  5.4936000e+002  7.2400000e+002
  5.5009200e+002  7.3200000e+002
  5.5081200e+002  7.2000000e+002
  5.5155200e+002  7.4000000e+002
  5.5229200e+002  7.4000000e+002
  5.5302800e+002  7.3600000e+002
  5.5375600e+002  7.2800000e+002
  5.5449200e+002  7.3600000e+002
  5.5523200e+002  7.4000000e+002
  5.5597600e+002  7.4400000e+002
  5.5670000e+002  7.2400000e+002
  5.5742800e+002  7.2800000e+002
  5.5816800e+002  7.4000000e+002
  5.5889600e+002  7.2800000e+002
  5.5962800e+002  7.3200000e+002
  5.6035600e+002  7.2800000e+002
  5.6109600e+002  7.4000000e+002
  5.6181200e+002  7.1600000e+002
  5.6254000e+002  7.2800000e+002
  5.6328800e+002  7.4800000e+002
  5.6399600e+002  7.0800000e+002
  5.6472000e+002  7.2400000e+002
  5.6545200e+002  7.3200000e+002
  5.6618400e+002  7.3200000e+002
  5.6690000e+002  7.1600000e+002
  5.6763600e+002  7.3600000e+002
  5.6835200e+002  7.1600000e+002
  5.6909200e+002  7.4000000e+002
  5.6982000e+002  7.2800000e+002
  5.7054400e+002  7.2400000e+002
  5.7127600e+002  7.3200000e+002
  5.7202000e+002  7.4400000e+002
  5.7272400e+002  7.0400000e+002
  5.7344400e+002  7.2000000e+002
  5.7420000e+002  7.5600000e+002
  5.7490400e+002  7.0400000e+002
  5.7564400e+002  7.4000000e+002
  5.7637600e+002  7.3200000e+002
  5.7710400e+002  7.2800000e+002
  5.7782000e+002  7.1600000e+002
  5.7857600e+002  7.5600000e+002
  5.7930000e+002  7.2400000e+002
  5.8002400e+002  7.2400000e+002
  5.8075600e+002  7.3200000e+002
  5.8148000e+002  7.2400000e+002
  5.8221200e+002  7.3200000e+002
  5.8292400e+002  7.1200000e+002
  5.8365600e+002  7.3200000e+002
  5.8438400e+002  7.2800000e+002
  5.8508400e+002  7.0000000e+002
  5.8582400e+002  7.4000000e+002
  5.8655200e+002  7.2800000e+002
  5.8728400e+002  7.3200000e+002
  5.8801600e+002  7.3200000e+002
  5.8875200e+002  7.3600000e+002
  5.8948400e+002  7.3200000e+002
  5.9020800e+002  7.2400000e+002
  5.9094400e+002  7.3600000e+002
  5.9168400e+002  7.4000000e+002
  5.9240800e+002  7.2400000e+002
  5.9316800e+002  7.6000000e+002
  5.9388400e+002  7.1600000e+002
  5.9462800e+002  7.4400000e+002
  5.9536000e+002  7.3200000e+002
  5.9606400e+002  7.0400000e+002
  5.9682800e+002  7.6400000e+002
  5.9756400e+002  7.3600000e+002
  5.9830400e+002  7.4000000e+002
  5.9902800e+002  7.2400000e+002
  5.9976400e+002  7.3600000e+002
  6.0050400e+002  7.4000000e+002
  6.0124400e+002  7.4000000e+002
  6.0198000e+002  7.3600000e+002
  6.0270400e+002  7.2400000e+002
  6.0344800e+002  7.4400000e+002
  6.0418400e+002  7.3600000e+002
  6.0490800e+002  7.2400000e+002
  6.0564800e+002  7.4000000e+002
  6.0638800e+002  7.4000000e+002
  6.0710800e+002  7.2000000e+002
  6.0784400e+002  7.3600000e+002
  6.0856400e+002  7.2000000e+002
  6.0930000e+002  7.3600000e+002
  6.1003200e+002  7.3200000e+002
  6.1075600e+002  7.2400000e+002
  6.1146800e+002  7.1200000e+002
  6.1221600e+002  7.4800000e+002
  6.1294000e+002  7.2400000e+002
  6.1367600e+002  7.3600000e+002
  6.1440400e+002  7.2800000e+002
  6.1512800e+002  7.2400000e+002
  6.1586000e+002  7.3200000e+002
  6.1659200e+002  7.3200000e+002
  6.1732400e+002  7.3200000e+002
  6.1804800e+002  7.2400000e+002
  6.1877600e+002  7.2800000e+002
  6.1949600e+002  7.2000000e+002
  6.2022400e+002  7.2800000e+002
  6.2094800e+002  7.2400000e+002
  6.2168800e+002  7.4000000e+002
  6.2240800e+002  7.2000000e+002
  6.2311600e+002  7.0800000e+002
  6.2385600e+002  7.4000000e+002
  6.2458800e+002  7.3200000e+002
  6.2530800e+002  7.2000000e+002
  6.2602800e+002  7.2000000e+002
  6.2674800e+002  7.2000000e+002
  6.2750800e+002  7.6000000e+002
  6.2822000e+002  7.1200000e+002
  6.2892800e+002  7.0800000e+002
  6.2968800e+002  7.6000000e+002
  6.3042400e+002  7.3600000e+002
  6.3114400e+002  7.2000000e+002
  6.3186800e+002  7.2400000e+002
  6.3260800e+002  7.4000000e+002
  6.3332000e+002  7.1200000e+002
  6.3402800e+002  7.0800000e+002
  6.3477200e+002  7.4400000e+002
  6.3548800e+002  7.1600000e+002
  6.3622800e+002  7.4000000e+002
  6.3696000e+002  7.3200000e+002
  6.3766800e+002  7.0800000e+002
  6.3841200e+002  7.4400000e+002
  6.3912800e+002  7.1600000e+002
  6.3986800e+002  7.4000000e+002
  6.4057200e+002  7.0400000e+002
  6.4128800e+002  7.1600000e+002
  6.4204000e+002  7.5200000e+002
  6.4276400e+002  7.2400000e+002
  6.4348000e+002  7.1600000e+002
  6.4419200e+002  7.1200000e+002
  6.4492400e+002  7.3200000e+002
  6.4564800e+002  7.2400000e+002
  6.4638800e+002  7.4000000e+002
  6.4710800e+002  7.2000000e+002
  6.4782800e+002  7.2000000e+002
  6.4856400e+002  7.3600000e+002
  6.4929200e+002  7.2800000e+002
  6.5002800e+002  7.3600000e+002
  6.5076400e+002  7.3600000e+002
  6.5148800e+002  7.2400000e+002
  6.5221200e+002  7.2400000e+002
  6.5292800e+002  7.1600000e+002
  6.5367600e+002  7.4800000e+002
  6.5440800e+002  7.3200000e+002
  6.5514800e+002  7.4000000e+002
  6.5586800e+002  7.2000000e+002
  6.5660000e+002  7.3200000e+002
  6.5732800e+002  7.2800000e+002
  6.5805600e+002  7.2800000e+002
  6.5878800e+002  7.3200000e+002
  6.5951600e+002  7.2800000e+002
  6.6024800e+002  7.3200000e+002
  6.6096800e+002  7.2000000e+002
  6.6170800e+002  7.4000000e+002
  6.6243200e+002  7.2400000e+002
  6.6315200e+002  7.2000000e+002
  6.6389600e+002  7.4400000e+002
  6.6462800e+002  7.3200000e+002
  6.6535200e+002  7.2400000e+002
  6.6608800e+002  7.3600000e+002
  6.6681600e+002  7.2800000e+002
  6.6754400e+002  7.2800000e+002
  6.6826000e+002  7.1600000e+002
  6.6898800e+002  7.2800000e+002
  6.6971200e+002  7.2400000e+002
  6.7044800e+002  7.3600000e+002
  6.7115200e+002  7.0400000e+002
  6.7189200e+002  7.4000000e+002
  6.7262400e+002  7.3200000e+002
  6.7336800e+002  7.4400000e+002
  6.7408400e+002  7.1600000e+002
  6.7480800e+002  7.2400000e+002
  6.7553200e+002  7.2400000e+002
  6.7626800e+002  7.3600000e+002
  6.7699600e+002  7.2800000e+002
  6.7772800e+002  7.3200000e+002
  6.7845200e+002  7.2400000e+002
  6.7919200e+002  7.4000000e+002
  6.7991200e+002  7.2000000e+002
  6.8064800e+002  7.3600000e+002
  6.8136800e+002  7.2000000e+002
  6.8209200e+002  7.2400000e+002
  6.8283200e+002  7.4000000e+002
  6.8355200e+002  7.2000000e+002
  6.8429200e+002  7.4000000e+002
  6.8502400e+002  7.3200000e+002
  6.8573600e+002  7.1200000e+002
  6.8649200e+002  7.5600000e+002
  6.8721200e+002  7.2000000e+002
  6.8793600e+002  7.2400000e+002
  6.8865600e+002  7.2000000e+002
  6.8939200e+002  7.3600000e+002
  6.9013200e+002  7.4000000e+002
  6.9085200e+002  7.2000000e+002
  6.9157600e+002  7.2400000e+002
  6.9230400e+002  7.2800000e+002
  6.9301600e+002  7.1200000e+002
  6.9375600e+002  7.4000000e+002
  6.9447600e+002  7.2000000e+002
  6.9521600e+002  7.4000000e+002
  6.9595200e+002  7.3600000e+002
  6.9667600e+002  7.2400000e+002
  6.9741200e+002  7.3600000e+002
  6.9815600e+002  7.4400000e+002
  6.9886000e+002  7.0400000e+002
  6.9961600e+002  7.5600000e+002
  7.0031600e+002  7.0000000e+002
  7.0106000e+002  7.4400000e+002
  7.0179600e+002  7.3600000e+002
  7.0253600e+002  7.4000000e+002
  7.0325600e+002  7.2000000e+002
  7.0398000e+002  7.2400000e+002
  7.0470800e+002  7.2800000e+002
  7.0543200e+002  7.2400000e+002
  7.0616000e+002  7.2800000e+002
  7.0688800e+002  7.2800000e+002
  7.0761600e+002  7.2800000e+002
  7.0834000e+002  7.2400000e+002
  7.0906800e+002  7.2800000e+002
  7.0979600e+002  7.2800000e+002
  7.1052000e+002  7.2400000e+002
  7.1125600e+002  7.3600000e+002
  7.1198400e+002  7.2800000e+002
  7.1270000e+002  7.1600000e+002
  7.1344400e+002  7.4400000e+002
  7.1418000e+002  7.3600000e+002
  7.1491200e+002  7.3200000e+002
  7.1563600e+002  7.2400000e+002
  7.1638000e+002  7.4400000e+002
  7.1710000e+002  7.2000000e+002
  7.1783200e+002  7.3200000e+002
  7.1856000e+002  7.2800000e+002
  7.1929200e+002  7.3200000e+002
  7.2002000e+002  7.2800000e+002
  7.2075200e+002  7.3200000e+002
  7.2148000e+002  7.2800000e+002
  7.2220400e+002  7.2400000e+002
  7.2293600e+002  7.3200000e+002
  7.2366000e+002  7.2400000e+002
  7.2438000e+002  7.2000000e+002
  7.2510400e+002  7.2400000e+002
  7.2583200e+002  7.2800000e+002
  7.2654400e+002  7.1200000e+002
  7.2728000e+002  7.3600000e+002
  7.2800800e+002  7.2800000e+002
  7.2872400e+002  7.1600000e+002
  7.2944400e+002  7.2000000e+002
  7.3016000e+002  7.1600000e+002
  7.3089200e+002  7.3200000e+002
  7.3161200e+002  7.2000000e+002
  7.3232400e+002  7.1200000e+002
  7.3305600e+002  7.3200000e+002
  7.3376400e+002  7.0800000e+002
  7.3450400e+002  7.4000000e+002
  7.3523600e+002  7.3200000e+002
  7.3596400e+002  7.2800000e+002
  7.3667600e+002  7.1200000e+002
  7.3743600e+002  7.6000000e+002
  7.3815200e+002  7.1600000e+002
  7.3888000e+002  7.2800000e+002
  7.3960800e+002  7.2800000e+002
  7.4034000e+002  7.3200000e+002
  7.4106800e+002  7.2800000e+002
  7.4178400e+002  7.1600000e+002
  7.4252800e+002  7.4400000e+002
  7.4326000e+002  7.3200000e+002
  7.4396400e+002  7.0400000e+002
  7.4471600e+002  7.5200000e+002
  7.4544800e+002  7.3200000e+002
  7.4616400e+002  7.1600000e+002
  7.4689600e+002  7.3200000e+002
  7.4760400e+002  7.0800000e+002
  7.4836400e+002  7.6000000e+002
  7.4906800e+002  7.0400000e+002
  7.4979200e+002  7.2400000e+002
  7.5050800e+002  7.1600000e+002
  7.5122800e+002  7.2000000e+002
  7.5196800e+002  7.4000000e+002
  7.5268400e+002  7.1600000e+002
  7.5340800e+002  7.2400000e+002
  7.5412800e+002  7.2000000e+002
  7.5486400e+002  7.3600000e+002
  7.5559600e+002  7.3200000e+002
  7.5630800e+002  7.1200000e+002
  7.5702800e+002  7.2000000e+002
  7.5774800e+002  7.2000000e+002
  7.5848800e+002  7.4000000e+002
  7.5921200e+002  7.2400000e+002
  7.5992800e+002  7.1600000e+002
  7.6067200e+002  7.4400000e+002
  7.6139600e+002  7.2400000e+002
  7.6213600e+002  7.4000000e+002
  7.6283600e+002  7.0000000e+002
  7.6358400e+002  7.4800000e+002
  7.6431200e+002  7.2800000e+002
  7.6504400e+002  7.3200000e+002
  7.6576800e+002  7.2400000e+002
  7.6648000e+002  7.1200000e+002
  7.6722800e+002  7.4800000e+002
  7.6796000e+002  7.3200000e+002
  7.6868800e+002  7.2800000e+002
  7.6940800e+002  7.2000000e+002
  7.7014800e+002  7.4000000e+002
  7.7086800e+002  7.2000000e+002
  7.7161200e+002  7.4400000e+002
  7.7234000e+002  7.2800000e+002
  7.7307200e+002  7.3200000e+002
  7.7380800e+002  7.3600000e+002
  7.7454400e+002  7.3600000e+002
  7.7528400e+002  7.4000000e+002
  7.7598800e+002  7.0400000e+002
  7.7672800e+002  7.4000000e+002
  7.7746400e+002  7.3600000e+002
  7.7804400e+002  5.8000000e+002
  7.7891200e+002  8.6800000e+002
  7.7969200e+002  7.8000000e+002
  7.8036800e+002  6.7600000e+002
  7.8114800e+002  7.8000000e+002
  7.8184000e+002  6.9200000e+002
  7.8254800e+002  7.0800000e+002
  7.8326800e+002  7.2000000e+002
  7.8400000e+002  7.3200000e+002
  7.8468800e+002  6.8800000e+002
  7.8544800e+002  7.6000000e+002
  7.8617200e+002  7.2400000e+002
  7.8688400e+002  7.1200000e+002
  7.8761200e+002  7.2800000e+002
  7.8833200e+002  7.2000000e+002
  7.8906800e+002  7.3600000e+002
  7.8977200e+002  7.0400000e+002
  7.9050400e+002  7.3200000e+002
  7.9123200e+002  7.2800000e+002
  7.9195200e+002  7.2000000e+002
  7.9268400e+002  7.3200000e+002
  7.9340000e+002  7.1600000e+002
  7.9411200e+002  7.1200000e+002
  7.9487200e+002  7.6000000e+002
  7.9558400e+002  7.1200000e+002
  7.9630400e+002  7.2000000e+002
  7.9703600e+002  7.3200000e+002
  7.9777200e+002  7.3600000e+002
  7.9849600e+002  7.2400000e+002
  7.9921600e+002  7.2000000e+002
  7.9993600e+002  7.2000000e+002
  8.0066800e+002  7.3200000e+002
  8.0139200e+002  7.2400000e+002
  8.0212000e+002  7.2800000e+002
  8.0282800e+002  7.0800000e+002
  8.0354800e+002  7.2000000e+002
  8.0429200e+002  7.4400000e+002
  8.0501600e+002  7.2400000e+002
  8.0571600e+002  7.0000000e+002
  8.0644800e+002  7.3200000e+002
  8.0716400e+002  7.1600000e+002
  8.0788000e+002  7.1600000e+002
  8.0860800e+002  7.2800000e+002
  8.0932000e+002  7.1200000e+002
  8.1003600e+002  7.1600000e+002
  8.1074800e+002  7.1200000e+002
  8.1146000e+002  7.1200000e+002
  8.1218800e+002  7.2800000e+002
  8.1291200e+002  7.2400000e+002
  8.1359200e+002  6.8000000e+002
  8.1432000e+002  7.2800000e+002
  8.1503600e+002  7.1600000e+002
  8.1577600e+002  7.4000000e+002
  8.1647600e+002  7.0000000e+002
  8.1719200e+002  7.1600000e+002
  8.1790000e+002  7.0800000e+002
  8.1862000e+002  7.2000000e+002
  8.1934400e+002  7.2400000e+002
  8.2007200e+002  7.2800000e+002
  8.2079200e+002  7.2000000e+002
  8.2151200e+002  7.2000000e+002
  8.2222400e+002  7.1200000e+002
  8.2294400e+002  7.2000000e+002
  8.2368000e+002  7.3600000e+002
  8.2441600e+002  7.3600000e+002
  8.2514000e+002  7.2400000e+002
  8.2585600e+002  7.1600000e+002
  8.2656400e+002  7.0800000e+002
  8.2728400e+002  7.2000000e+002
  8.2802000e+002  7.3600000e+002
  8.2874000e+002  7.2000000e+002
  8.2946400e+002  7.2400000e+002
  8.3017600e+002  7.1200000e+002
  8.3091600e+002  7.4000000e+002
  8.3162800e+002  7.1200000e+002
  8.3234800e+002  7.2000000e+002
  8.3308400e+002  7.3600000e+002
  8.3381200e+002  7.2800000e+002
  8.3454400e+002  7.3200000e+002
  8.3527600e+002  7.3200000e+002
  8.3600800e+002  7.3200000e+002
  8.3672800e+002  7.2000000e+002
  8.3744800e+002  7.2000000e+002
  8.3819200e+002  7.4400000e+002
  8.3891600e+002  7.2400000e+002
  8.3964400e+002  7.2800000e+002
  8.4036000e+002  7.1600000e+002
  8.4108800e+002  7.2800000e+002
  8.4182400e+002  7.3600000e+002
  8.4252800e+002  7.0400000e+002
  8.4326800e+002  7.4000000e+002
  8.4398800e+002  7.2000000e+002
  8.4470800e+002  7.2000000e+002
  8.4542800e+002  7.2000000e+002
  8.4613200e+002  7.0400000e+002
  8.4686800e+002  7.3600000e+002
  8.4760000e+002  7.3200000e+002
  8.4832800e+002  7.2800000e+002
  8.4903600e+002  7.0800000e+002
  8.4978000e+002  7.4400000e+002
  8.5052400e+002  7.4400000e+002
  8.5125200e+002  7.2800000e+002
  8.5198800e+002  7.3600000e+002
  8.5272800e+002  7.4000000e+002
  8.5345200e+002  7.2400000e+002
  8.5418800e+002  7.3600000e+002
  8.5493200e+002  7.4400000e+002
  8.5565200e+002  7.2000000e+002
  8.5640000e+002  7.4800000e+002
  8.5714000e+002  7.4000000e+002
  8.5787600e+002  7.3600000e+002
  8.5859200e+002  7.1600000e+002
  8.5934000e+002  7.4800000e+002
  8.6006800e+002  7.2800000e+002
  8.6079200e+002  7.2400000e+002
  8.6152800e+002  7.3600000e+002
  8.6225600e+002  7.2800000e+002
  8.6298800e+002  7.3200000e+002
  8.6372000e+002  7.3200000e+002
  8.6444800e+002  7.2800000e+002
  8.6516800e+002  7.2000000e+002
  8.6590000e+002  7.3200000e+002
  8.6663600e+002  7.3600000e+002
  8.6736000e+002  7.2400000e+002
  8.6808800e+002  7.2800000e+002
  8.6881600e+002  7.2800000e+002
  8.6954800e+002  7.3200000e+002
  8.7039600e+002  8.4800000e+002
  8.7100400e+002  6.0800000e+002
  8.7174000e+002  7.3600000e+002
  8.7246000e+002  7.2000000e+002
  8.7320000e+002  7.4000000e+002
  8.7392800e+002  7.2800000e+002
  8.7465200e+002  7.2400000e+002
  8.7538800e+002  7.3600000e+002
  8.7611200e+002  7.2400000e+002
  8.7684000e+002  7.2800000e+002
  8.7756800e+002  7.2800000e+002
  8.7830800e+002  7.4000000e+002
  8.7902400e+002  7.1600000e+002
  8.7976800e+002  7.4400000e+002
  8.8048800e+002  7.2000000e+002
  8.8121200e+002  7.2400000e+002
  8.8193200e+002  7.2000000e+002
  8.8266400e+002  7.3200000e+002
  8.8339600e+002  7.3200000e+002
  8.8412400e+002  7.2800000e+002
  8.8483200e+002  7.0800000e+002
  8.8557200e+002  7.4000000e+002
  8.8629200e+002  7.2000000e+002
  8.8701200e+002  7.2000000e+002
  8.8774800e+002  7.3600000e+002
  8.8847200e+002  7.2400000e+002
  8.8920000e+002  7.2800000e+002
  8.8993200e+002  7.3200000e+002
  8.9065600e+002  7.2400000e+002
  8.9138000e+002  7.2400000e+002
  8.9210400e+002  7.2400000e+002
  8.9281600e+002  7.1200000e+002
  8.9354000e+002  7.2400000e+002
  8.9425600e+002  7.1600000e+002
  8.9498000e+002  7.2400000e+002
  8.9572000e+002  7.4000000e+002
  8.9642400e+002  7.0400000e+002
  8.9714400e+002  7.2000000e+002
  8.9787200e+002  7.2800000e+002
  8.9859200e+002  7.2000000e+002
  8.9931200e+002  7.2000000e+002
  9.0003200e+002  7.2000000e+002
  9.0075600e+002  7.2400000e+002
  9.0148000e+002  7.2400000e+002
  9.0220000e+002  7.2000000e+002
  9.0291600e+002  7.1600000e+002
  9.0365600e+002  7.4000000e+002
  9.0436400e+002  7.0800000e+002
  9.0508800e+002  7.2400000e+002
  9.0581600e+002  7.2800000e+002
  9.0651600e+002  7.0000000e+002
  9.0725600e+002  7.4000000e+002
  9.0795200e+002  6.9600000e+002
  9.0868800e+002  7.3600000e+002
  9.0942800e+002  7.4000000e+002
  9.1013600e+002  7.0800000e+002
  9.1085600e+002  7.2000000e+002
  9.1157200e+002  7.1600000e+002
  9.1230000e+002  7.2800000e+002
  9.1302400e+002  7.2400000e+002
  9.1373600e+002  7.1200000e+002
  9.1447200e+002  7.3600000e+002
  9.1519600e+002  7.2400000e+002
  9.1589600e+002  7.0000000e+002
  9.1663200e+002  7.3600000e+002
  9.1735200e+002  7.2000000e+002
  9.1805200e+002  7.0000000e+002
  9.1879600e+002  7.4400000e+002
  9.1951600e+002  7.2000000e+002
  9.2025200e+002  7.3600000e+002
  9.2097600e+002  7.2400000e+002
  9.2171200e+002  7.3600000e+002
  9.2242800e+002  7.1600000e+002
  9.2315600e+002  7.2800000e+002
  9.2387600e+002  7.2000000e+002
  9.2459200e+002  7.1600000e+002
  9.2532400e+002  7.3200000e+002
  9.2604800e+002  7.2400000e+002
  9.2679200e+002  7.4400000e+002
  9.2750800e+002  7.1600000e+002
  9.2823600e+002  7.2800000e+002
  9.2894800e+002  7.1200000e+002
  9.2969200e+002  7.4400000e+002
  9.3042800e+002  7.3600000e+002
  9.3115200e+002  7.2400000e+002
  9.3189200e+002  7.4000000e+002
  9.3260800e+002  7.1600000e+002
  9.3332800e+002  7.2000000e+002
  9.3407600e+002  7.4800000e+002
  9.3479200e+002  7.1600000e+002
  9.3553600e+002  7.4400000e+002
  9.3625600e+002  7.2000000e+002
  9.3699600e+002  7.4000000e+002
  9.3772800e+002  7.3200000e+002
  9.3847200e+002  7.4400000e+002
  9.3918400e+002  7.1200000e+002
  9.3991200e+002  7.2800000e+002
  9.4062800e+002  7.1600000e+002
  9.4137600e+002  7.4800000e+002
  9.4208800e+002  7.1200000e+002
  9.4283200e+002  7.4400000e+002
  9.4356800e+002  7.3600000e+002
  9.4429600e+002  7.2800000e+002
  9.4504000e+002  7.4400000e+002
  9.4576800e+002  7.2800000e+002
  9.4650400e+002  7.3600000e+002
  9.4723600e+002  7.3200000e+002
  9.4796400e+002  7.2800000e+002
  9.4869600e+002  7.3200000e+002
  9.4942800e+002  7.3200000e+002
  9.5016000e+002  7.3200000e+002
  9.5090000e+002  7.4000000e+002
  9.5161600e+002  7.1600000e+002
  9.5236000e+002  7.4400000e+002
  9.5309600e+002  7.3600000e+002
  9.5382000e+002  7.2400000e+002
  9.5456000e+002  7.4000000e+002
  9.5530000e+002  7.4000000e+002
  9.5603600e+002  7.3600000e+002
  9.5677600e+002  7.4000000e+002
  9.5751200e+002  7.3600000e+002
  9.5823600e+002  7.2400000e+002
  9.5896800e+002  7.3200000e+002
  9.5969600e+002  7.2800000e+002
  9.6042800e+002  7.3200000e+002
  9.6114000e+002  7.1200000e+002
  9.6187200e+002  7.3200000e+002
  9.6261600e+002  7.4400000e+002
  9.6333200e+002  7.1600000e+002
  9.6405600e+002  7.2400000e+002
  9.6477200e+002  7.1600000e+002
  9.6550400e+002  7.3200000e+002
  9.6623600e+002  7.3200000e+002
  9.6695600e+002  7.2000000e+002
  9.6768000e+002  7.2400000e+002
  9.6842000e+002  7.4000000e+002
  9.6915200e+002  7.3200000e+002
  9.6988000e+002  7.2800000e+002
  9.7061600e+002  7.3600000e+002
  9.7134000e+002  7.2400000e+002
  9.7205600e+002  7.1600000e+002
  9.7279200e+002  7.3600000e+002
  9.7351600e+002  7.2400000e+002
  9.7425600e+002  7.4000000e+002
  9.7495200e+002  6.9600000e+002
  9.7569200e+002  7.4000000e+002
  9.7641200e+002  7.2000000e+002
  9.7713200e+002  7.2000000e+002
  9.7787600e+002  7.4400000e+002
  9.7859200e+002  7.1600000e+002
  9.7931600e+002  7.2400000e+002
  9.8002000e+002  7.0400000e+002
  9.8074000e+002  7.2000000e+002
  9.8147200e+002  7.3200000e+002
  9.8218800e+002  7.1600000e+002
  9.8291600e+002  7.2800000e+002
  9.8364000e+002  7.2400000e+002
  9.8436400e+002  7.2400000e+002
  9.8508000e+002  7.1600000e+002
  9.8584800e+002  7.6800000e+002
  9.8652800e+002  6.8000000e+002
  9.8726000e+002  7.3200000e+002
  9.8803200e+002  7.7200000e+002
  9.8867600e+002  6.4400000e+002
  9.8942000e+002  7.4400000e+002
  9.9014000e+002  7.2000000e+002
  9.9092800e+002  7.8800000e+002
  9.9159600e+002  6.6800000e+002
  9.9236400e+002  7.6800000e+002
  9.9303600e+002  6.7200000e+002
  9.9376000e+002  7.2400000e+002
  9.9448000e+002  7.2000000e+002
  9.9521600e+002  7.3600000e+002
  9.9591200e+002  6.9600000e+002
  9.9662800e+002  7.1600000e+002
  9.9734400e+002  7.1600000e+002
  9.9807200e+002  7.2800000e+002
  9.9876000e+002  6.8800000e+002
  9.9946800e+002  7.0800000e+002
  1.0002160e+003  7.4800000e+002
  1.0009280e+003  7.1200000e+002
  1.0016320e+003  7.0400000e+002
  1.0023640e+003  7.3200000e+002
  1.0030800e+003  7.1600000e+002
  1.0038000e+003  7.2000000e+002
  1.0045200e+003  7.2000000e+002
  1.0052560e+003  7.3600000e+002
  1.0059560e+003  7.0000000e+002
  1.0066680e+003  7.1200000e+002
  1.0073800e+003  7.1200000e+002
  1.0081080e+003  7.2800000e+002
  1.0088360e+003  7.2800000e+002
  1.0095200e+003  6.8400000e+002
  1.0102600e+003  7.4000000e+002
  1.0109800e+003  7.2000000e+002
  1.0117160e+003  7.3600000e+002
  1.0124240e+003  7.0800000e+002
  1.0131400e+003  7.1600000e+002
  1.0138600e+003  7.2000000e+002
  1.0145960e+003  7.3600000e+002
  1.0152960e+003  7.0000000e+002
  1.0160400e+003  7.4400000e+002
  1.0167600e+003  7.2000000e+002
  1.0175000e+003  7.4000000e+002
  1.0182160e+003  7.1600000e+002
  1.0189440e+003  7.2800000e+002
  1.0196760e+003  7.3200000e+002
  1.0204000e+003  7.2400000e+002
  1.0211360e+003  7.3600000e+002
  1.0218600e+003  7.2400000e+002
  1.0225560e+003  6.9600000e+002
  1.0233160e+003  7.6000000e+002
  1.0240440e+003  7.2800000e+002
  1.0247760e+003  7.3200000e+002
  1.0254760e+003  7.0000000e+002
  1.0262360e+003  7.6000000e+002
  1.0269640e+003  7.2800000e+002
  1.0276840e+003  7.2000000e+002
  1.0284120e+003  7.2800000e+002
  1.0291400e+003  7.2800000e+002
  1.0298760e+003  7.3600000e+002
  1.0305760e+003  7.0000000e+002
  1.0313000e+003  7.2400000e+002
  1.0320360e+003  7.3600000e+002
  1.0327560e+003  7.2000000e+002
  1.0334960e+003  7.4000000e+002
  1.0342200e+003  7.2400000e+002
  1.0349560e+003  7.3600000e+002
  1.0356800e+003  7.2400000e+002
  1.0364080e+003  7.2800000e+002
  1.0371440e+003  7.3600000e+002
  1.0378760e+003  7.3200000e+002
  1.0386040e+003  7.2800000e+002
  1.0393360e+003  7.3200000e+002
  1.0400560e+003  7.2000000e+002
  1.0407960e+003  7.4000000e+002
  1.0415360e+003  7.4000000e+002
  1.0422600e+003  7.2400000e+002
  1.0430000e+003  7.4000000e+002
  1.0437160e+003  7.1600000e+002
  1.0444400e+003  7.2400000e+002
  1.0451920e+003  7.5200000e+002
  1.0459000e+003  7.0800000e+002
  1.0466440e+003  7.4400000e+002
  1.0473760e+003  7.3200000e+002
  1.0480960e+003  7.2000000e+002
  1.0488000e+003  7.0400000e+002
  1.0495560e+003  7.5600000e+002
  1.0502760e+003  7.2000000e+002
  1.0509800e+003  7.0400000e+002
  1.0517000e+003  7.2000000e+002
  1.0524400e+003  7.4000000e+002
  1.0531640e+003  7.2400000e+002
  1.0538800e+003  7.1600000e+002
  1.0546000e+003  7.2000000e+002
  1.0553000e+003  7.0000000e+002
  1.0560560e+003  7.5600000e+002
  1.0567800e+003  7.2400000e+002
  1.0575000e+003  7.2000000e+002
  1.0582360e+003  7.3600000e+002
  1.0589560e+003  7.2000000e+002
  1.0596800e+003  7.2400000e+002
  1.0604160e+003  7.3600000e+002
  1.0611200e+003  7.0400000e+002
  1.0618560e+003  7.3600000e+002
  1.0625560e+003  7.0000000e+002
  1.0633040e+003  7.4800000e+002
  1.0640200e+003  7.1600000e+002
  1.0647400e+003  7.2000000e+002
  1.0654880e+003  7.4800000e+002
  1.0662160e+003  7.2800000e+002
  1.0669360e+003  7.2000000e+002
  1.0676640e+003  7.2800000e+002
  1.0684000e+003  7.3600000e+002
  1.0691160e+003  7.1600000e+002
  1.0698360e+003  7.2000000e+002
  1.0705400e+003  7.0400000e+002
  1.0712880e+003  7.4800000e+002
  1.0720320e+003  7.4400000e+002
  1.0727400e+003  7.0800000e+002
  1.0734680e+003  7.2800000e+002
  1.0741960e+003  7.2800000e+002
  1.0749200e+003  7.2400000e+002
  1.0756480e+003  7.2800000e+002
  1.0763760e+003  7.2800000e+002
  1.0771080e+003  7.3200000e+002
  1.0778360e+003  7.2800000e+002
  1.0785560e+003  7.2000000e+002
  1.0792800e+003  7.2400000e+002
  1.0800000e+003  7.2000000e+002
  1.0807400e+003  7.4000000e+002
  1.0814680e+003  7.2800000e+002
  1.0822000e+003  7.3200000e+002
  1.0829160e+003  7.1600000e+002
  1.0836720e+003  7.5600000e+002
  1.0843760e+003  7.0400000e+002
  1.0851240e+003  7.4800000e+002
  1.0858720e+003  7.4800000e+002
  1.0865960e+003  7.2400000e+002
  1.0873320e+003  7.3600000e+002
  1.0880560e+003  7.2400000e+002
  1.0887760e+003  7.2000000e+002
  1.0895120e+003  7.3600000e+002
  1.0902360e+003  7.2400000e+002
  1.0909720e+003  7.3600000e+002
  1.0916960e+003  7.2400000e+002
  1.0924320e+003  7.3600000e+002
  1.0931560e+003  7.2400000e+002
  1.0938840e+003  7.2800000e+002
  1.0946120e+003  7.2800000e+002
  1.0953360e+003  7.2400000e+002
  1.0960680e+003  7.3200000e+002
  1.0967920e+003  7.2400000e+002
  1.0975160e+003  7.2400000e+002
  1.0982560e+003  7.4000000e+002
  1.0989760e+003  7.2000000e+002
  1.0997040e+003  7.2800000e+002
  1.1004360e+003  7.3200000e+002
  1.1011520e+003  7.1600000e+002
  1.1018840e+003  7.3200000e+002
  1.1026120e+003  7.2800000e+002
  1.1033360e+003  7.2400000e+002
  1.1040640e+003  7.2800000e+002
  1.1047960e+003  7.3200000e+002
  1.1055160e+003  7.2000000e+002
  1.1062360e+003  7.2000000e+002
  1.1069840e+003  7.4800000e+002
  1.1077120e+003  7.2800000e+002
  1.1084400e+003  7.2800000e+002
  1.1091560e+003  7.1600000e+002
  1.1098880e+003  7.3200000e+002
  1.1106240e+003  7.3600000e+002
  1.1113360e+003  7.1200000e+002
  1.1120840e+003  7.4800000e+002
  1.1127960e+003  7.1200000e+002
  1.1135200e+003  7.2400000e+002
  1.1142520e+003  7.3200000e+002
  1.1149600e+003  7.0800000e+002
  1.1156960e+003  7.3600000e+002
  1.1164160e+003  7.2000000e+002
  1.1171400e+003  7.2400000e+002
  1.1178560e+003  7.1600000e+002
  1.1185800e+003  7.2400000e+002
  1.1193200e+003  7.4000000e+002
  1.1200520e+003  7.3200000e+002
  1.1207760e+003  7.2400000e+002
  1.1215000e+003  7.2400000e+002
  1.1222560e+003  7.5600000e+002
  1.1229800e+003  7.2400000e+002
  1.1237000e+003  7.2000000e+002
  1.1244360e+003  7.3600000e+002
  1.1251600e+003  7.2400000e+002
  1.1258960e+003  7.3600000e+002
  1.1266400e+003  7.4400000e+002
  1.1273800e+003  7.4000000e+002
  1.1281000e+003  7.2000000e+002
  1.1288400e+003  7.4000000e+002
  1.1295760e+003  7.3600000e+002
  1.1303200e+003  7.4400000e+002
  1.1310520e+003  7.3200000e+002
  1.1317880e+003  7.3600000e+002
  1.1325000e+003  7.1200000e+002
  1.1332520e+003  7.5200000e+002
  1.1339800e+003  7.2800000e+002
  1.1347120e+003  7.3200000e+002
  1.1354400e+003  7.2800000e+002
  1.1361600e+003  7.2000000e+002
  1.1368800e+003  7.2000000e+002
  1.1376240e+003  7.4400000e+002
  1.1383360e+003  7.1200000e+002
  1.1390600e+003  7.2400000e+002
  1.1397800e+003  7.2000000e+002
  1.1405200e+003  7.4000000e+002
  1.1412560e+003  7.3600000e+002
  1.1419600e+003  7.0400000e+002
  1.1427000e+003  7.4000000e+002
  1.1434200e+003  7.2000000e+002
  1.1441560e+003  7.3600000e+002
  1.1448800e+003  7.2400000e+002
  1.1456040e+003  7.2400000e+002
  1.1463360e+003  7.3200000e+002
  1.1470600e+003  7.2400000e+002
  1.1478000e+003  7.4000000e+002
  1.1485200e+003  7.2000000e+002
  1.1492280e+003  7.0800000e+002
  1.1499680e+003  7.4000000e+002
  1.1506800e+003  7.1200000e+002
  1.1514240e+003  7.4400000e+002
  1.1521600e+003  7.3600000e+002
  1.1528760e+003  7.1600000e+002
  1.1536160e+003  7.4000000e+002
  1.1543360e+003  7.2000000e+002
  1.1550520e+003  7.1600000e+002
  1.1557800e+003  7.2800000e+002
  1.1565160e+003  7.3600000e+002
  1.1572400e+003  7.2400000e+002
  1.1579600e+003  7.2000000e+002
  1.1586960e+003  7.3600000e+002
  1.1594360e+003  7.4000000e+002
  1.1601560e+003  7.2000000e+002
  1.1608960e+003  7.4000000e+002
  1.1616160e+003  7.2000000e+002
  1.1623400e+003  7.2400000e+002
  1.1630680e+003  7.2800000e+002
  1.1637800e+003  7.1200000e+002
  1.1645000e+003  7.2000000e+002
  1.1652400e+003  7.4000000e+002
  1.1659600e+003  7.2000000e+002
  1.1666960e+003  7.3600000e+002
  1.1674280e+003  7.3200000e+002
  1.1681560e+003  7.2800000e+002
  1.1688760e+003  7.2000000e+002
  1.1696000e+003  7.2400000e+002
  1.1703200e+003  7.2000000e+002
  1.1710520e+003  7.3200000e+002
  1.1717800e+003  7.2800000e+002
  1.1725000e+003  7.2000000e+002
  1.1732200e+003  7.2000000e+002
  1.1739800e+003  7.6000000e+002
  1.1746960e+003  7.1600000e+002
  1.1754200e+003  7.2400000e+002
  1.1761600e+003  7.4000000e+002
  1.1768760e+003  7.1600000e+002
  1.1776000e+003  7.2400000e+002
  1.1783240e+003  7.2400000e+002
  1.1790400e+003  7.1600000e+002
  1.1797680e+003  7.2800000e+002
  1.1804800e+003  7.1200000e+002
  1.1812000e+003  7.2000000e+002
  1.1819200e+003  7.2000000e+002
  1.1826520e+003  7.3200000e+002
  1.1833720e+003  7.2000000e+002
  1.1841000e+003  7.2800000e+002
  1.1848160e+003  7.1600000e+002
  1.1855360e+003  7.2000000e+002
  1.1862600e+003  7.2400000e+002
  1.1869760e+003  7.1600000e+002
  1.1877080e+003  7.3200000e+002
  1.1884320e+003  7.2400000e+002
  1.1891400e+003  7.0800000e+002
  1.1898760e+003  7.3600000e+002
  1.1906000e+003  7.2400000e+002
  1.1913160e+003  7.1600000e+002
  1.1920400e+003  7.2400000e+002
  1.1927800e+003  7.4000000e+002
  1.1934920e+003  7.1200000e+002
  1.1942160e+003  7.2400000e+002
  1.1949360e+003  7.2000000e+002
  1.1956760e+003  7.4000000e+002
  1.1964160e+003  7.4000000e+002
  1.1971200e+003  7.0400000e+002
  1.1978760e+003  7.5600000e+002
  1.1985800e+003  7.0400000e+002
  1.1993360e+003  7.5600000e+002
  1.2000600e+003  7.2400000e+002
  1.2007560e+003  6.9600000e+002
  1.2014960e+003  7.4000000e+002
  1.2022280e+003  7.3200000e+002
  1.2029160e+003  6.8800000e+002
  1.2037000e+003  7.8400000e+002
  1.2044000e+003  7.0000000e+002
  1.2051480e+003  7.4800000e+002
  1.2058800e+003  7.3200000e+002
  1.2066160e+003  7.3600000e+002
  1.2073520e+003  7.3600000e+002
  1.2080760e+003  7.2400000e+002
  1.2088080e+003  7.3200000e+002
  1.2095360e+003  7.2800000e+002
  1.2102400e+003  7.0400000e+002
  1.2110000e+003  7.6000000e+002
  1.2117360e+003  7.3600000e+002
  1.2124760e+003  7.4000000e+002
  1.2132000e+003  7.2400000e+002
  1.2139520e+003  7.5200000e+002
  1.2146560e+003  7.0400000e+002
  1.2154120e+003  7.5600000e+002
  1.2161440e+003  7.3200000e+002
  1.2168760e+003  7.3200000e+002
  1.2176160e+003  7.4000000e+002
  1.2183560e+003  7.4000000e+002
  1.2191080e+003  7.5200000e+002
  1.2198360e+003  7.2800000e+002
  1.2205840e+003  7.4800000e+002
  1.2213360e+003  7.5200000e+002
  1.2220560e+003  7.2000000e+002
  1.2228160e+003  7.6000000e+002
  1.2235680e+003  7.5200000e+002
  1.2243120e+003  7.4400000e+002
  1.2250360e+003  7.2400000e+002
  1.2258080e+003  7.7200000e+002
  1.2265480e+003  7.4000000e+002
  1.2272880e+003  7.4000000e+002
  1.2280200e+003  7.3200000e+002
  1.2287720e+003  7.5200000e+002
  1.2295120e+003  7.4000000e+002
  1.2302480e+003  7.3600000e+002
  1.2309800e+003  7.3200000e+002
  1.2317200e+003  7.4000000e+002
  1.2324480e+003  7.2800000e+002
  1.2331720e+003  7.2400000e+002
  1.2339120e+003  7.4000000e+002
  1.2346520e+003  7.4000000e+002
  1.2353880e+003  7.3600000e+002
  1.2361120e+003  7.2400000e+002
  1.2368440e+003  7.3200000e+002
  1.2375840e+003  7.4000000e+002
  1.2383200e+003  7.3600000e+002
  1.2390520e+003  7.3200000e+002
  1.2397880e+003  7.3600000e+002
  1.2405120e+003  7.2400000e+002
  1.2412480e+003  7.3600000e+002
  1.2419680e+003  7.2000000e+002
  1.2427040e+003  7.3600000e+002
  1.2434360e+003  7.3200000e+002
  1.2441680e+003  7.3200000e+002
  1.2449120e+003  7.4400000e+002
  1.2456440e+003  7.3200000e+002
  1.2463840e+003  7.4000000e+002
  1.2471240e+003  7.4000000e+002
  1.2478640e+003  7.4000000e+002
  1.2486040e+003  7.4000000e+002
  1.2493440e+003  7.4000000e+002
  1.2500840e+003  7.4000000e+002
  1.2508440e+003  7.6000000e+002
  1.2515960e+003  7.5200000e+002
  1.2523600e+003  7.6400000e+002
  1.2530840e+003  7.2400000e+002
  1.2538600e+003  7.7600000e+002
  1.2546000e+003  7.4000000e+002
  1.2553360e+003  7.3600000e+002
  1.2560960e+003  7.6000000e+002
  1.2568440e+003  7.4800000e+002
  1.2575800e+003  7.3600000e+002
  1.2583440e+003  7.6400000e+002
  1.2590640e+003  7.2000000e+002
  1.2598360e+003  7.7200000e+002
  1.2605880e+003  7.5200000e+002
  1.2613320e+003  7.4400000e+002
  1.2620960e+003  7.6400000e+002
  1.2628520e+003  7.5600000e+002
  1.2635960e+003  7.4400000e+002
  1.2643520e+003  7.5600000e+002
  1.2650800e+003  7.2800000e+002
  1.2658400e+003  7.6000000e+002
  1.2666000e+003  7.6000000e+002
  1.2673560e+003  7.5600000e+002
  1.2681000e+003  7.4400000e+002
  1.2688560e+003  7.5600000e+002
  1.2696000e+003  7.4400000e+002
  1.2703680e+003  7.6800000e+002
  1.2711200e+003  7.5200000e+002
  1.2718640e+003  7.4400000e+002
  1.2726120e+003  7.4800000e+002
  1.2733520e+003  7.4000000e+002
  1.2740760e+003  7.2400000e+002
  1.2748160e+003  7.4000000e+002
  1.2755640e+003  7.4800000e+002
  1.2762880e+003  7.2400000e+002
  1.2770120e+003  7.2400000e+002
  1.2777640e+003  7.5200000e+002
  1.2784760e+003  7.1200000e+002
  1.2792160e+003  7.4000000e+002
  1.2799320e+003  7.1600000e+002
  1.2806720e+003  7.4000000e+002
  1.2814080e+003  7.3600000e+002
  1.2821360e+003  7.2800000e+002
  1.2828680e+003  7.3200000e+002
  1.2835920e+003  7.2400000e+002
  1.2843240e+003  7.3200000e+002
  1.2850600e+003  7.3600000e+002
  1.2857720e+003  7.1200000e+002
  1.2864920e+003  7.2000000e+002
  1.2872320e+003  7.4000000e+002
  1.2879560e+003  7.2400000e+002
  1.2886760e+003  7.2000000e+002
  1.2894120e+003  7.3600000e+002
  1.2901480e+003  7.3600000e+002
  1.2908680e+003  7.2000000e+002
  1.2915880e+003  7.2000000e+002
  1.2923120e+003  7.2400000e+002
  1.2930360e+003  7.2400000e+002
  1.2937680e+003  7.3200000e+002
  1.2944880e+003  7.2000000e+002
  1.2952080e+003  7.2000000e+002
  1.2959240e+003  7.1600000e+002
  1.2966800e+003  7.5600000e+002
  1.2973880e+003  7.0800000e+002
  1.2981120e+003  7.2400000e+002
  1.2988480e+003  7.3600000e+002
  1.2995600e+003  7.1200000e+002
  1.3003000e+003  7.4000000e+002
  1.3010120e+003  7.1200000e+002
  1.3017480e+003  7.3600000e+002
  1.3024640e+003  7.1600000e+002
  1.3031800e+003  7.1600000e+002
  1.3039120e+003  7.3200000e+002
  1.3046600e+003  7.4800000e+002
  1.3053800e+003  7.2000000e+002
  1.3060920e+003  7.1200000e+002
  1.3068240e+003  7.3200000e+002
  1.3075320e+003  7.0800000e+002
  1.3082680e+003  7.3600000e+002
  1.3090000e+003  7.3200000e+002
  1.3097120e+003  7.1200000e+002
  1.3104280e+003  7.1600000e+002
  1.3111480e+003  7.2000000e+002
  1.3118800e+003  7.3200000e+002
  1.3126080e+003  7.2800000e+002
  1.3133240e+003  7.1600000e+002
  1.3140480e+003  7.2400000e+002
  1.3147720e+003  7.2400000e+002
  1.3155040e+003  7.3200000e+002
  1.3162320e+003  7.2800000e+002
  1.3169560e+003  7.2400000e+002
  1.3176920e+003  7.3600000e+002
  1.3184080e+003  7.1600000e+002
  1.3191240e+003  7.1600000e+002
  1.3198760e+003  7.5200000e+002
  1.3206200e+003  7.4400000e+002
  1.3213480e+003  7.2800000e+002
  1.3220880e+003  7.4000000e+002
  1.3228280e+003  7.4000000e+002
  1.3235560e+003  7.2800000e+002
  1.3243000e+003  7.4400000e+002
  1.3250080e+003  7.0800000e+002
  1.3257480e+003  7.4000000e+002
  1.3265000e+003  7.5200000e+002
  1.3272240e+003  7.2400000e+002
  1.3279680e+003  7.4400000e+002
  1.3286960e+003  7.2800000e+002
  1.3294240e+003  7.2800000e+002
  1.3301600e+003  7.3600000e+002
  1.3308920e+003  7.3200000e+002
  1.3316160e+003  7.2400000e+002
  1.3323520e+003  7.3600000e+002
  1.3330800e+003  7.2800000e+002
  1.3338040e+003  7.2400000e+002
  1.3345240e+003  7.2000000e+002
  1.3352720e+003  7.4800000e+002
  1.3360040e+003  7.3200000e+002
  1.3367240e+003  7.2000000e+002
  1.3374720e+003  7.4800000e+002
  1.3382120e+003  7.4000000e+002
  1.3389400e+003  7.2800000e+002
  1.3396720e+003  7.3200000e+002
  1.3404160e+003  7.4400000e+002
  1.3411440e+003  7.2800000e+002
  1.3418840e+003  7.4000000e+002
  1.3426120e+003  7.2800000e+002
  1.3433400e+003  7.2800000e+002
  1.3440600e+003  7.2000000e+002
  1.3448040e+003  7.4400000e+002
  1.3455320e+003  7.2800000e+002
  1.3462840e+003  7.5200000e+002
  1.3470000e+003  7.1600000e+002
  1.3477440e+003  7.4400000e+002
  1.3484760e+003  7.3200000e+002
  1.3492000e+003  7.2400000e+002
  1.3499240e+003  7.2400000e+002
  1.3506600e+003  7.3600000e+002
  1.3513960e+003  7.3600000e+002
  1.3521040e+003  7.0800000e+002
  1.3528600e+003  7.5600000e+002
  1.3535800e+003  7.2000000e+002
  1.3543000e+003  7.2000000e+002
  1.3550240e+003  7.2400000e+002
  1.3557800e+003  7.5600000e+002
  1.3565120e+003  7.3200000e+002
  1.3572360e+003  7.2400000e+002
  1.3579800e+003  7.4400000e+002
  1.3587000e+003  7.2000000e+002
  1.3594440e+003  7.4400000e+002
  1.3601720e+003  7.2800000e+002
  1.3609000e+003  7.2800000e+002
  1.3616200e+003  7.2000000e+002
  1.3623760e+003  7.5600000e+002
  1.3630960e+003  7.2000000e+002
  1.3638240e+003  7.2800000e+002
  1.3645440e+003  7.2000000e+002
  1.3652800e+003  7.3600000e+002
  1.3660040e+003  7.2400000e+002
  1.3667360e+003  7.3200000e+002
  1.3674600e+003  7.2400000e+002
  1.3681840e+003  7.2400000e+002
  1.3689120e+003  7.2800000e+002
  1.3696440e+003  7.3200000e+002
  1.3703640e+003  7.2000000e+002
  1.3711200e+003  7.5600000e+002
  1.3718440e+003  7.2400000e+002
  1.3725720e+003  7.2800000e+002
  1.3733080e+003  7.3600000e+002
  1.3740480e+003  7.4000000e+002
  1.3747800e+003  7.3200000e+002
  1.3754840e+003  7.0400000e+002
  1.3762400e+003  7.5600000e+002
  1.3769720e+003  7.3200000e+002
  1.3777080e+003  7.3600000e+002
  1.3784240e+003  7.1600000e+002
  1.3791440e+003  7.2000000e+002
  1.3798760e+003  7.3200000e+002
  1.3806160e+003  7.4000000e+002
  1.3813280e+003  7.1200000e+002
  1.3820480e+003  7.2000000e+002
  1.3828000e+003  7.5200000e+002
  1.3835280e+003  7.2800000e+002
  1.3842280e+003  7.0000000e+002
  1.3849720e+003  7.4400000e+002
  1.3857000e+003  7.2800000e+002
  1.3864240e+003  7.2400000e+002
  1.3871360e+003  7.1200000e+002
  1.3878680e+003  7.3200000e+002
  1.3885880e+003  7.2000000e+002
  1.3893320e+003  7.4400000e+002
  1.3900520e+003  7.2000000e+002
  1.3907760e+003  7.2400000e+002
  1.3914920e+003  7.1600000e+002
  1.3922120e+003  7.2000000e+002
  1.3929480e+003  7.3600000e+002
  1.3936680e+003  7.2000000e+002
  1.3944000e+003  7.3200000e+002
  1.3951240e+003  7.2400000e+002
  1.3958520e+003  7.2800000e+002
  1.3965720e+003  7.2000000e+002
  1.3973120e+003  7.4000000e+002
  1.3980200e+003  7.0800000e+002
  1.3987320e+003  7.1200000e+002
  1.3994680e+003  7.3600000e+002
  1.4001880e+003  7.2000000e+002
  1.4009200e+003  7.3200000e+002
  1.4016480e+003  7.2800000e+002
  1.4023640e+003  7.1600000e+002
  1.4030760e+003  7.1200000e+002
  1.4038080e+003  7.3200000e+002
  1.4045240e+003  7.1600000e+002
  1.4052480e+003  7.2400000e+002
  1.4059560e+003  7.0800000e+002
  1.4066720e+003  7.1600000e+002
  1.4074160e+003  7.4400000e+002
  1.4081160e+003  7.0000000e+002
  1.4088760e+003  7.6000000e+002
  1.4095840e+003  7.0800000e+002
  1.4102920e+003  7.0800000e+002
  1.4110120e+003  7.2000000e+002
  1.4117360e+003  7.2400000e+002
  1.4124560e+003  7.2000000e+002
  1.4131840e+003  7.2800000e+002
  1.4138760e+003  6.9200000e+002
  1.4146280e+003  7.5200000e+002
  1.4153400e+003  7.1200000e+002
  1.4160720e+003  7.3200000e+002
  1.4167800e+003  7.0800000e+002
  1.4175120e+003  7.3200000e+002
  1.4182520e+003  7.4000000e+002
  1.4189360e+003  6.8400000e+002
  1.4197000e+003  7.6400000e+002
  1.4203960e+003  6.9600000e+002
  1.4211200e+003  7.2400000e+002
  1.4218400e+003  7.2000000e+002
  1.4225800e+003  7.4000000e+002
  1.4232960e+003  7.1600000e+002
  1.4240200e+003  7.2400000e+002
  1.4247400e+003  7.2000000e+002
  1.4254600e+003  7.2000000e+002
  1.4262000e+003  7.4000000e+002
  1.4269120e+003  7.1200000e+002
  1.4276200e+003  7.0800000e+002
  1.4283480e+003  7.2800000e+002
  1.4290760e+003  7.2800000e+002
  1.4298080e+003  7.3200000e+002
  1.4305160e+003  7.0800000e+002
  1.4312400e+003  7.2400000e+002
  1.4319600e+003  7.2000000e+002
  1.4327040e+003  7.4400000e+002
  1.4334240e+003  7.2000000e+002
  1.4341440e+003  7.2000000e+002
  1.4348640e+003  7.2000000e+002
  1.4355600e+003  6.9600000e+002
  1.4363000e+003  7.4000000e+002
  1.4370000e+003  7.0000000e+002
  1.4377240e+003  7.2400000e+002
  1.4384440e+003  7.2000000e+002
  1.4391600e+003  7.1600000e+002
  1.4398800e+003  7.2000000e+002
  1.4406000e+003  7.2000000e+002
  1.4413440e+003  7.4400000e+002
  1.4420560e+003  7.1200000e+002
  1.4427640e+003  7.0800000e+002
  1.4434840e+003  7.2000000e+002
  1.4442040e+003  7.2000000e+002
  1.4449520e+003  7.4800000e+002
  1.4456560e+003  7.0400000e+002
  1.4464040e+003  7.4800000e+002
  1.4471120e+003  7.0800000e+002
  1.4478360e+003  7.2400000e+002
  1.4485640e+003  7.2800000e+002
  1.4492840e+003  7.2000000e+002
  1.4500040e+003  7.2000000e+002
  1.4507240e+003  7.2000000e+002
  1.4514440e+003  7.2000000e+002
  1.4521880e+003  7.4400000e+002
  1.4529120e+003  7.2400000e+002
  1.4536240e+003  7.1200000e+002
  1.4543640e+003  7.4000000e+002
  1.4550840e+003  7.2000000e+002
  1.4558160e+003  7.3200000e+002
  1.4565440e+003  7.2800000e+002
  1.4572480e+003  7.0400000e+002
  1.4579880e+003  7.4000000e+002
  1.4587080e+003  7.2000000e+002
  1.4594240e+003  7.1600000e+002
  1.4601480e+003  7.2400000e+002
  1.4609080e+003  7.6000000e+002
  1.4616080e+003  7.0000000e+002
  1.4623440e+003  7.3600000e+002
  1.4630680e+003  7.2400000e+002
  1.4637960e+003  7.2800000e+002
  1.4645080e+003  7.1200000e+002
  1.4652680e+003  7.6000000e+002
  1.4659680e+003  7.0000000e+002
  1.4666920e+003  7.2400000e+002
  1.4674080e+003  7.1600000e+002
  1.4681520e+003  7.4400000e+002
  1.4688840e+003  7.3200000e+002
  1.4696200e+003  7.3600000e+002
  1.4703280e+003  7.0800000e+002
  1.4710600e+003  7.3200000e+002
  1.4717720e+003  7.1200000e+002
  1.4725080e+003  7.3600000e+002
  1.4732120e+003  7.0400000e+002
  1.4739480e+003  7.3600000e+002
  1.4746320e+003  6.8400000e+002
  1.4753800e+003  7.4800000e+002
  1.4761000e+003  7.2000000e+002
  1.4768240e+003  7.2400000e+002
  1.4775320e+003  7.0800000e+002
  1.4782480e+003  7.1600000e+002
  1.4789800e+003  7.3200000e+002
  1.4796720e+003  6.9200000e+002
  1.4804280e+003  7.5600000e+002
  1.4811600e+003  7.3200000e+002
  1.4818840e+003  7.2400000e+002
  1.4826120e+003  7.2800000e+002
  1.4833320e+003  7.2000000e+002
  1.4840640e+003  7.3200000e+002
  1.4847960e+003  7.3200000e+002
  1.4855360e+003  7.4000000e+002
  1.4862360e+003  7.0000000e+002
  1.4869560e+003  7.2000000e+002
  1.4877080e+003  7.5200000e+002
  1.4884320e+003  7.2400000e+002
  1.4891800e+003  7.4800000e+002
  1.4899080e+003  7.2800000e+002
  1.4906400e+003  7.3200000e+002
  1.4913800e+003  7.4000000e+002
  1.4921200e+003  7.4000000e+002
  1.4928400e+003  7.2000000e+002
  1.4935800e+003  7.4000000e+002
  1.4943240e+003  7.4400000e+002
  1.4950400e+003  7.1600000e+002
  1.4957800e+003  7.4000000e+002
  1.4965200e+003  7.4000000e+002
  1.4972800e+003  7.6000000e+002
  1.4980280e+003  7.4800000e+002
  1.4987560e+003  7.2800000e+002
  1.4995200e+003  7.6400000e+002
  1.5002520e+003  7.3200000e+002
  1.5009920e+003  7.4000000e+002
  1.5017320e+003  7.4000000e+002
  1.5024680e+003  7.3600000e+002
  1.5032080e+003  7.4000000e+002
  1.5039480e+003  7.4000000e+002
  1.5046680e+003  7.2000000e+002
  1.5054120e+003  7.4400000e+002
  1.5061600e+003  7.4800000e+002
  1.5068800e+003  7.2000000e+002
  1.5076240e+003  7.4400000e+002
  1.5083440e+003  7.2000000e+002
  1.5090800e+003  7.3600000e+002
  1.5098000e+003  7.2000000e+002
  1.5105520e+003  7.5200000e+002
  1.5112920e+003  7.4000000e+002
  1.5120240e+003  7.3200000e+002
  1.5127640e+003  7.4000000e+002
  1.5135000e+003  7.3600000e+002
  1.5142400e+003  7.4000000e+002
  1.5149640e+003  7.2400000e+002
  1.5157200e+003  7.5600000e+002
  1.5164600e+003  7.4000000e+002
  1.5171800e+003  7.2000000e+002
  1.5179600e+003  7.8000000e+002
  1.5186840e+003  7.2400000e+002
  1.5194320e+003  7.4800000e+002
  1.5201440e+003  7.1200000e+002
  1.5208840e+003  7.4000000e+002
  1.5216240e+003  7.4000000e+002
  1.5223640e+003  7.4000000e+002
  1.5230800e+003  7.1600000e+002
  1.5238200e+003  7.4000000e+002
  1.5245640e+003  7.4400000e+002
  1.5252760e+003  7.1200000e+002
  1.5260120e+003  7.3600000e+002
  1.5267320e+003  7.2000000e+002
  1.5274480e+003  7.1600000e+002
  1.5281880e+003  7.4000000e+002
  1.5289040e+003  7.1600000e+002
  1.5296240e+003  7.2000000e+002
  1.5303280e+003  7.0400000e+002
  1.5310800e+003  7.5200000e+002
  1.5318080e+003  7.2800000e+002
  1.5325280e+003  7.2000000e+002
  1.5332680e+003  7.4000000e+002
  1.5339680e+003  7.0000000e+002
  1.5347080e+003  7.4000000e+002
  1.5354480e+003  7.4000000e+002
  1.5361640e+003  7.1600000e+002
  1.5368920e+003  7.2800000e+002
  1.5376240e+003  7.3200000e+002
  1.5383520e+003  7.2800000e+002
  1.5390480e+003  6.9600000e+002
  1.5397880e+003  7.4000000e+002
  1.5405160e+003  7.2800000e+002
  1.5412480e+003  7.3200000e+002
  1.5419680e+003  7.2000000e+002
  1.5426800e+003  7.1200000e+002
  1.5433880e+003  7.0800000e+002
  1.5441200e+003  7.3200000e+002
  1.5448480e+003  7.2800000e+002
  1.5455480e+003  7.0000000e+002
  1.5462640e+003  7.1600000e+002
  1.5469960e+003  7.3200000e+002
  1.5477000e+003  7.0400000e+002
  1.5484240e+003  7.2400000e+002
  1.5491480e+003  7.2400000e+002
  1.5498520e+003  7.0400000e+002
  1.5505720e+003  7.2000000e+002
  1.5512880e+003  7.1600000e+002
  1.5519920e+003  7.0400000e+002
  1.5527280e+003  7.3600000e+002
  1.5534320e+003  7.0400000e+002
  1.5541480e+003  7.1600000e+002
  1.5548680e+003  7.2000000e+002
  1.5555920e+003  7.2400000e+002
  1.5563080e+003  7.1600000e+002
  1.5570320e+003  7.2400000e+002
  1.5577440e+003  7.1200000e+002
  1.5584440e+003  7.0000000e+002
  1.5591880e+003  7.4400000e+002
  1.5599120e+003  7.2400000e+002
  1.5606320e+003  7.2000000e+002
  1.5613320e+003  7.0000000e+002
  1.5620680e+003  7.3600000e+002
  1.5627760e+003  7.0800000e+002
  1.5635120e+003  7.3600000e+002
  1.5642360e+003  7.2400000e+002
  1.5649520e+003  7.1600000e+002
  1.5656720e+003  7.2000000e+002
  1.5663960e+003  7.2400000e+002
  1.5671160e+003  7.2000000e+002
  1.5678320e+003  7.1600000e+002
  1.5685680e+003  7.3600000e+002
  1.5692880e+003  7.2000000e+002
  1.5700040e+003  7.1600000e+002
  1.5707120e+003  7.0800000e+002
  1.5714480e+003  7.3600000e+002
  1.5721720e+003  7.2400000e+002
  1.5728920e+003  7.2000000e+002
  1.5735920e+003  7.0000000e+002
  1.5743120e+003  7.2000000e+002
  1.5750160e+003  7.0400000e+002
  1.5757720e+003  7.5600000e+002
  1.5764760e+003  7.0400000e+002
  1.5771960e+003  7.2000000e+002
  1.5779320e+003  7.3600000e+002
  1.5786560e+003  7.2400000e+002
  1.5793800e+003  7.2400000e+002
  1.5800960e+003  7.1600000e+002
  1.5808200e+003  7.2400000e+002
  1.5815520e+003  7.3200000e+002
  1.5822600e+003  7.0800000e+002
  1.5830000e+003  7.4000000e+002
  1.5837400e+003  7.4000000e+002
  1.5844600e+003  7.2000000e+002
  1.5851800e+003  7.2000000e+002
  1.5859160e+003  7.3600000e+002
  1.5866400e+003  7.2400000e+002
  1.5873600e+003  7.2000000e+002
  1.5880880e+003  7.2800000e+002
  1.5888360e+003  7.4800000e+002
  1.5895440e+003  7.0800000e+002
  1.5902560e+003  7.1200000e+002
  1.5909800e+003  7.2400000e+002
  1.5917160e+003  7.3600000e+002
  1.5924440e+003  7.2800000e+002
  1.5931640e+003  7.2000000e+002
  1.5938880e+003  7.2400000e+002
  1.5946040e+003  7.1600000e+002
  1.5953400e+003  7.3600000e+002
  1.5960600e+003  7.2000000e+002
  1.5967840e+003  7.2400000e+002
  1.5975120e+003  7.2800000e+002
  1.5982440e+003  7.3200000e+002
  1.5989640e+003  7.2000000e+002
  1.5997040e+003  7.4000000e+002
  1.6004240e+003  7.2000000e+002
  1.6011560e+003  7.3200000e+002
  1.6018720e+003  7.1600000e+002
  1.6025880e+003  7.1600000e+002
  1.6033240e+003  7.3600000e+002
  1.6040600e+003  7.3600000e+002
  1.6047680e+003  7.0800000e+002
  1.6055000e+003  7.3200000e+002
  1.6062280e+003  7.2800000e+002
  1.6069280e+003  7.0000000e+002
  1.6076480e+003  7.2000000e+002
  1.6083880e+003  7.4000000e+002
  1.6091040e+003  7.1600000e+002
  1.6098280e+003  7.2400000e+002
  1.6105480e+003  7.2000000e+002
  1.6112880e+003  7.4000000e+002
  1.6120160e+003  7.2800000e+002
  1.6127480e+003  7.3200000e+002
  1.6134680e+003  7.2000000e+002
  1.6141880e+003  7.2000000e+002
  1.6149240e+003  7.3600000e+002
  1.6156480e+003  7.2400000e+002
  1.6163800e+003  7.3200000e+002
  1.6170880e+003  7.0800000e+002
  1.6178440e+003  7.5600000e+002
  1.6185640e+003  7.2000000e+002
  1.6192920e+003  7.2800000e+002
  1.6200120e+003  7.2000000e+002
  1.6207400e+003  7.2800000e+002
  1.6214720e+003  7.3200000e+002
  1.6221720e+003  7.0000000e+002
  1.6229200e+003  7.4800000e+002
  1.6236520e+003  7.3200000e+002
  1.6243880e+003  7.3600000e+002
  1.6250880e+003  7.0000000e+002
  1.6258240e+003  7.3600000e+002
  1.6265560e+003  7.3200000e+002
  1.6272800e+003  7.2400000e+002
  1.6280040e+003  7.2400000e+002
  1.6287320e+003  7.2800000e+002
  1.6294480e+003  7.1600000e+002
  1.6301720e+003  7.2400000e+002
  1.6309320e+003  7.6000000e+002
  1.6316320e+003  7.0000000e+002
  1.6323720e+003  7.4000000e+002
  1.6330880e+003  7.1600000e+002
  1.6338280e+003  7.4000000e+002
  1.6345520e+003  7.2400000e+002
  1.6352920e+003  7.4000000e+002
  1.6360320e+003  7.4000000e+002
  1.6367320e+003  7.0000000e+002
  1.6374840e+003  7.5200000e+002
  1.6382080e+003  7.2400000e+002
  1.6389320e+003  7.2400000e+002
  1.6396520e+003  7.2000000e+002
  1.6403880e+003  7.3600000e+002
  1.6411120e+003  7.2400000e+002
  1.6418480e+003  7.3600000e+002
  1.6425680e+003  7.2000000e+002
  1.6433080e+003  7.4000000e+002
  1.6440120e+003  7.0400000e+002
  1.6447560e+003  7.4400000e+002
  1.6454920e+003  7.3600000e+002
  1.6461920e+003  7.0000000e+002
  1.6469120e+003  7.2000000e+002
  1.6476440e+003  7.3200000e+002
  1.6483720e+003  7.2800000e+002
  1.6490760e+003  7.0400000e+002
  1.6498160e+003  7.4000000e+002
  1.6505160e+003  7.0000000e+002
  1.6512560e+003  7.4000000e+002
  1.6519720e+003  7.1600000e+002
  1.6527080e+003  7.3600000e+002
  1.6534360e+003  7.2800000e+002
  1.6541520e+003  7.1600000e+002
  1.6548920e+003  7.4000000e+002
  1.6556160e+003  7.2400000e+002
  1.6563360e+003  7.2000000e+002
  1.6570640e+003  7.2800000e+002
  1.6577920e+003  7.2800000e+002
  1.6585000e+003  7.0800000e+002
  1.6592600e+003  7.6000000e+002
  1.6599600e+003  7.0000000e+002
  1.6607000e+003  7.4000000e+002
  1.6614200e+003  7.2000000e+002
  1.6621400e+003  7.2000000e+002
  1.6628760e+003  7.3600000e+002
  1.6635880e+003  7.1200000e+002
  1.6643280e+003  7.4000000e+002
  1.6650600e+003  7.3200000e+002
  1.6657800e+003  7.2000000e+002
  1.6665200e+003  7.4000000e+002
  1.6672520e+003  7.3200000e+002
  1.6679720e+003  7.2000000e+002
  1.6687040e+003  7.3200000e+002
  1.6694200e+003  7.1600000e+002
  1.6701520e+003  7.3200000e+002
  1.6708440e+003  6.9200000e+002
  1.6715840e+003  7.4000000e+002
  1.6723240e+003  7.4000000e+002
  1.6730400e+003  7.1600000e+002
  1.6737720e+003  7.3200000e+002
  1.6744960e+003  7.2400000e+002
  1.6752000e+003  7.0400000e+002
  1.6759240e+003  7.2400000e+002
  1.6766400e+003  7.1600000e+002
  1.6773640e+003  7.2400000e+002
  1.6781000e+003  7.3600000e+002
  1.6788120e+003  7.1200000e+002
  1.6795240e+003  7.1200000e+002
  1.6802600e+003  7.3600000e+002
  1.6809640e+003  7.0400000e+002
  1.6817000e+003  7.3600000e+002
  1.6824200e+003  7.2000000e+002
  1.6831400e+003  7.2000000e+002
  1.6838840e+003  7.4400000e+002
  1.6845920e+003  7.0800000e+002
  1.6853040e+003  7.1200000e+002
  1.6860400e+003  7.3600000e+002
  1.6867640e+003  7.2400000e+002
  1.6874880e+003  7.2400000e+002
  1.6882080e+003  7.2000000e+002
  1.6889240e+003  7.1600000e+002
  1.6896520e+003  7.2800000e+002
  1.6903680e+003  7.1600000e+002
  1.6911040e+003  7.3600000e+002
  1.6918080e+003  7.0400000e+002
  1.6925240e+003  7.1600000e+002
  1.6932680e+003  7.4400000e+002
  1.6939480e+003  6.8000000e+002
  1.6946920e+003  7.4400000e+002
  1.6954040e+003  7.1200000e+002
  1.6961280e+003  7.2400000e+002
  1.6968440e+003  7.1600000e+002
  1.6975760e+003  7.3200000e+002
  1.6982880e+003  7.1200000e+002
  1.6990280e+003  7.4000000e+002
  1.6997280e+003  7.0000000e+002
  1.7004640e+003  7.3600000e+002
  1.7011880e+003  7.2400000e+002
  1.7019240e+003  7.3600000e+002
  1.7026200e+003  6.9600000e+002
  1.7033640e+003  7.4400000e+002
  1.7040840e+003  7.2000000e+002
  1.7048040e+003  7.2000000e+002
  1.7055120e+003  7.0800000e+002
  1.7062440e+003  7.3200000e+002
  1.7069680e+003  7.2400000e+002
  1.7076880e+003  7.2000000e+002
  1.7084000e+003  7.1200000e+002
  1.7090920e+003  6.9200000e+002
  1.7098280e+003  7.3600000e+002
  1.7105680e+003  7.4000000e+002
  1.7112800e+003  7.1200000e+002
  1.7120120e+003  7.3200000e+002
  1.7127200e+003  7.0800000e+002
  1.7134520e+003  7.3200000e+002
  1.7141680e+003  7.1600000e+002
  1.7148720e+003  7.0400000e+002
  1.7155720e+003  7.0000000e+002
  1.7163120e+003  7.4000000e+002
  1.7170480e+003  7.3600000e+002
  1.7177520e+003  7.0400000e+002
  1.7184680e+003  7.1600000e+002
  1.7192120e+003  7.4400000e+002
  1.7199120e+003  7.0000000e+002
  1.7206520e+003  7.4000000e+002
  1.7213720e+003  7.2000000e+002
  1.7220880e+003  7.1600000e+002
  1.7228080e+003  7.2000000e+002
  1.7235520e+003  7.4400000e+002
  1.7242520e+003  7.0000000e+002
  1.7249680e+003  7.1600000e+002
  1.7256920e+003  7.2400000e+002
  1.7264120e+003  7.2000000e+002
  1.7271520e+003  7.4000000e+002
  1.7278720e+003  7.2000000e+002
  1.7285720e+003  7.0000000e+002
  1.7293120e+003  7.4000000e+002
  1.7300440e+003  7.3200000e+002
  1.7307600e+003  7.1600000e+002
  1.7314800e+003  7.2000000e+002
  1.7321920e+003  7.1200000e+002
  1.7329240e+003  7.3200000e+002
  1.7336560e+003  7.3200000e+002
  1.7343360e+003  6.8000000e+002
  1.7350840e+003  7.4800000e+002
  1.7357920e+003  7.0800000e+002
  1.7365160e+003  7.2400000e+002
  1.7372560e+003  7.4000000e+002
  1.7379520e+003  6.9600000e+002
  1.7386720e+003  7.2000000e+002
  1.7393960e+003  7.2400000e+002
  1.7401080e+003  7.1200000e+002
  1.7408320e+003  7.2400000e+002
  1.7415360e+003  7.0400000e+002
  1.7422520e+003  7.1600000e+002
  1.7429760e+003  7.2400000e+002
  1.7435920e+003  6.1600000e+002
  1.7444120e+003  8.2000000e+002
  1.7451360e+003  7.2400000e+002
  1.7458520e+003  7.1600000e+002
  1.7465680e+003  7.1600000e+002
  1.7473040e+003  7.3600000e+002
  1.7480160e+003  7.1200000e+002
  1.7487360e+003  7.2000000e+002
  1.7494360e+003  7.0000000e+002
  1.7501760e+003  7.4000000e+002
  1.7511400e+003  9.6400000e+002
  1.7516360e+003  4.9600000e+002
  1.7523480e+003  7.1200000e+002
  1.7530560e+003  7.0800000e+002
  1.7537560e+003  7.0000000e+002
  1.7545000e+003  7.4400000e+002
  1.7552120e+003  7.1200000e+002
  1.7559320e+003  7.2000000e+002
  1.7566520e+003  7.2000000e+002
  1.7573960e+003  7.4400000e+002
  1.7580760e+003  6.8000000e+002
  1.7588160e+003  7.4000000e+002
  1.7595360e+003  7.2000000e+002
  1.7602360e+003  7.0000000e+002
  1.7609560e+003  7.2000000e+002
  1.7616560e+003  7.0000000e+002
  1.7623960e+003  7.4000000e+002
  1.7631160e+003  7.2000000e+002
  1.7638360e+003  7.2000000e+002
  1.7645680e+003  7.3200000e+002
  1.7652560e+003  6.8800000e+002
  1.7659960e+003  7.4000000e+002
  1.7667160e+003  7.2000000e+002
  1.7674160e+003  7.0000000e+002
  1.7681520e+003  7.3600000e+002
  1.7688720e+003  7.2000000e+002
  1.7695920e+003  7.2000000e+002
  1.7703160e+003  7.2400000e+002
  1.7710320e+003  7.1600000e+002
  1.7717760e+003  7.4400000e+002
  1.7724920e+003  7.1600000e+002
  1.7732160e+003  7.2400000e+002
  1.7739440e+003  7.2800000e+002
  1.7746520e+003  7.0800000e+002
  1.7753760e+003  7.2400000e+002
  1.7760920e+003  7.1600000e+002
  1.7768120e+003  7.2000000e+002
  1.7774960e+003  6.8400000e+002
  1.7782600e+003  7.6400000e+002
  1.7789600e+003  7.0000000e+002
  1.7796760e+003  7.1600000e+002
  1.7803960e+003  7.2000000e+002
  1.7811200e+003  7.2400000e+002
  1.7818480e+003  7.2800000e+002
  1.7825400e+003  6.9200000e+002
  1.7832800e+003  7.4000000e+002
  1.7839960e+003  7.1600000e+002
  1.7847000e+003  7.0400000e+002
  1.7854200e+003  7.2000000e+002
  1.7861400e+003  7.2000000e+002
  1.7868760e+003  7.3600000e+002
  1.7876000e+003  7.2400000e+002
  1.7883200e+003  7.2000000e+002
  1.7890400e+003  7.2000000e+002
  1.7897560e+003  7.1600000e+002
  1.7904640e+003  7.0800000e+002
  1.7912000e+003  7.3600000e+002
  1.7919040e+003  7.0400000e+002
  1.7926200e+003  7.1600000e+002
  1.7933440e+003  7.2400000e+002
  1.7940440e+003  7.0000000e+002
  1.7947840e+003  7.4000000e+002
  1.7955240e+003  7.4000000e+002
  1.7962200e+003  6.9600000e+002
  1.7969600e+003  7.4000000e+002
  1.7976600e+003  7.0000000e+002
