  1.5160000e+000  7.6000000e+002
  2.2760000e+000  7.6000000e+002
  3.0160000e+000  7.4000000e+002
  3.7560000e+000  7.4000000e+002
  4.5200000e+000  7.6400000e+002
  5.2800000e+000  7.6000000e+002
  5.7160000e+000  4.3600000e+002
  6.7800000e+000  1.0640000e+003
  7.5200000e+000  7.4000000e+002
  8.2400000e+000  7.2000000e+002
  8.9400000e+000  7.0000000e+002
  9.7000000e+000  7.6000000e+002
  1.0420000e+001  7.2000000e+002
  1.1140000e+001  7.2000000e+002
  1.1900000e+001  7.6000000e+002
  1.2640000e+001  7.4000000e+002
  1.3424000e+001  7.8400000e+002
  1.4180000e+001  7.5600000e+002
  1.4944000e+001  7.6400000e+002
  1.5704000e+001  7.6000000e+002
  1.6460000e+001  7.5600000e+002
  1.7240000e+001  7.8000000e+002
  1.7984000e+001  7.4400000e+002
  1.8720000e+001  7.3600000e+002
  1.9460000e+001  7.4000000e+002
  2.0200000e+001  7.4000000e+002
  2.0920000e+001  7.2000000e+002
  2.1660000e+001  7.4000000e+002
  2.2400000e+001  7.4000000e+002
  2.3140000e+001  7.4000000e+002
  2.3880000e+001  7.4000000e+002
  2.4620000e+001  7.4000000e+002
  2.5360000e+001  7.4000000e+002
  2.6104000e+001  7.4400000e+002
  2.6840000e+001  7.3600000e+002
  2.7600000e+001  7.6000000e+002
  2.8324000e+001  7.2400000e+002
  2.9064000e+001  7.4000000e+002
  2.9804000e+001  7.4000000e+002
  3.0544000e+001  7.4000000e+002
  3.1284000e+001  7.4000000e+002
  3.2024000e+001  7.4000000e+002
  3.2764000e+001  7.4000000e+002
  3.3504000e+001  7.4000000e+002
  3.4244000e+001  7.4000000e+002
  3.4984000e+001  7.4000000e+002
  3.5744000e+001  7.6000000e+002
  3.6484000e+001  7.4000000e+002
  3.7244000e+001  7.6000000e+002
  3.7964000e+001  7.2000000e+002
  3.8704000e+001  7.4000000e+002
  3.9444000e+001  7.4000000e+002
  4.0184000e+001  7.4000000e+002
  4.0924000e+001  7.4000000e+002
  4.1664000e+001  7.4000000e+002
  4.2404000e+001  7.4000000e+002
  4.3124000e+001  7.2000000e+002
  4.3884000e+001  7.6000000e+002
  4.4624000e+001  7.4000000e+002
  4.5384000e+001  7.6000000e+002
  4.6124000e+001  7.4000000e+002
  4.6864000e+001  7.4000000e+002
  4.7624000e+001  7.6000000e+002
  4.8364000e+001  7.4000000e+002
  4.9124000e+001  7.6000000e+002
  4.9864000e+001  7.4000000e+002
  5.0624000e+001  7.6000000e+002
  5.1364000e+001  7.4000000e+002
  5.2124000e+001  7.6000000e+002
  5.2864000e+001  7.4000000e+002
  5.3624000e+001  7.6000000e+002
  5.4364000e+001  7.4000000e+002
  5.5124000e+001  7.6000000e+002
  5.5884000e+001  7.6000000e+002
  5.6644000e+001  7.6000000e+002
  5.7404000e+001  7.6000000e+002
  5.8164000e+001  7.6000000e+002
  5.8924000e+001  7.6000000e+002
  5.9680000e+001  7.5600000e+002
  6.0420000e+001  7.4000000e+002
  6.1160000e+001  7.4000000e+002
  6.1920000e+001  7.6000000e+002
  6.2680000e+001  7.6000000e+002
  6.3420000e+001  7.4000000e+002
  6.4160000e+001  7.4000000e+002
  6.4920000e+001  7.6000000e+002
  6.5680000e+001  7.6000000e+002
  6.6440000e+001  7.6000000e+002
  6.7180000e+001  7.4000000e+002
  6.7940000e+001  7.6000000e+002
  6.8700000e+001  7.6000000e+002
  6.9460000e+001  7.6000000e+002
  7.0220000e+001  7.6000000e+002
  7.0980000e+001  7.6000000e+002
  7.1720000e+001  7.4000000e+002
  7.2480000e+001  7.6000000e+002
  7.3240000e+001  7.6000000e+002
  7.3980000e+001  7.4000000e+002
  7.4720000e+001  7.4000000e+002
  7.5496000e+001  7.7600000e+002
  7.6240000e+001  7.4400000e+002
  7.7000000e+001  7.6000000e+002
  7.7756000e+001  7.5600000e+002
  7.8496000e+001  7.4000000e+002
  7.9276000e+001  7.8000000e+002
  8.0020000e+001  7.4400000e+002
  8.0768000e+001  7.4800000e+002
  8.1516000e+001  7.4800000e+002
  8.2256000e+001  7.4000000e+002
  8.2996000e+001  7.4000000e+002
  8.3756000e+001  7.6000000e+002
  8.4476000e+001  7.2000000e+002
  8.5216000e+001  7.4000000e+002
  8.5956000e+001  7.4000000e+002
  8.6716000e+001  7.6000000e+002
  8.7476000e+001  7.6000000e+002
  8.8216000e+001  7.4000000e+002
  8.8936000e+001  7.2000000e+002
  8.9716000e+001  7.8000000e+002
  9.0456000e+001  7.4000000e+002
  9.1216000e+001  7.6000000e+002
  9.1976000e+001  7.6000000e+002
  9.2716000e+001  7.4000000e+002
  9.3476000e+001  7.6000000e+002
  9.4236000e+001  7.6000000e+002
  9.4976000e+001  7.4000000e+002
  9.5716000e+001  7.4000000e+002
  9.6432000e+001  7.1600000e+002
  9.7192000e+001  7.6000000e+002
  9.7932000e+001  7.4000000e+002
  9.8672000e+001  7.4000000e+002
  9.9392000e+001  7.2000000e+002
  1.0013200e+002  7.4000000e+002
  1.0089200e+002  7.6000000e+002
  1.0163200e+002  7.4000000e+002
  1.0239200e+002  7.6000000e+002
  1.0313200e+002  7.4000000e+002
  1.0389200e+002  7.6000000e+002
  1.0465200e+002  7.6000000e+002
  1.0541200e+002  7.6000000e+002
  1.0615200e+002  7.4000000e+002
  1.0690200e+002  7.5000000e+002
  1.0765200e+002  7.5000000e+002
  1.0839200e+002  7.4000000e+002
  1.0915200e+002  7.6000000e+002
  1.0989200e+002  7.4000000e+002
  1.1063200e+002  7.4000000e+002
  1.1137200e+002  7.4000000e+002
  1.1213200e+002  7.6000000e+002
  1.1287200e+002  7.4000000e+002
  1.1361200e+002  7.4000000e+002
  1.1436800e+002  7.5600000e+002
  1.1511200e+002  7.4400000e+002
  1.1586800e+002  7.5600000e+002
  1.1659200e+002  7.2400000e+002
  1.1734400e+002  7.5200000e+002
  1.1809600e+002  7.5200000e+002
  1.1884800e+002  7.5200000e+002
  1.1959200e+002  7.4400000e+002
  1.2034800e+002  7.5600000e+002
  1.2108800e+002  7.4000000e+002
  1.2184800e+002  7.6000000e+002
  1.2260800e+002  7.6000000e+002
  1.2334800e+002  7.4000000e+002
  1.2410800e+002  7.6000000e+002
  1.2486800e+002  7.6000000e+002
  1.2562800e+002  7.6000000e+002
  1.2636800e+002  7.4000000e+002
  1.2710800e+002  7.4000000e+002
  1.2784800e+002  7.4000000e+002
  1.2860800e+002  7.6000000e+002
  1.2934800e+002  7.4000000e+002
  1.3008800e+002  7.4000000e+002
  1.3082800e+002  7.4000000e+002
  1.3158800e+002  7.6000000e+002
  1.3234800e+002  7.6000000e+002
  1.3308800e+002  7.4000000e+002
  1.3384800e+002  7.6000000e+002
  1.3458800e+002  7.4000000e+002
  1.3534800e+002  7.6000000e+002
  1.3608800e+002  7.4000000e+002
  1.3684800e+002  7.6000000e+002
  1.3758800e+002  7.4000000e+002
  1.3832800e+002  7.4000000e+002
  1.3908800e+002  7.6000000e+002
  1.3982800e+002  7.4000000e+002
  1.4058800e+002  7.6000000e+002
  1.4132800e+002  7.4000000e+002
  1.4208800e+002  7.6000000e+002
  1.4282800e+002  7.4000000e+002
  1.4358800e+002  7.6000000e+002
  1.4436800e+002  7.8000000e+002
  1.4510800e+002  7.4000000e+002
  1.4586800e+002  7.6000000e+002
  1.4660400e+002  7.3600000e+002
  1.4734400e+002  7.4000000e+002
  1.4808400e+002  7.4000000e+002
  1.4884400e+002  7.6000000e+002
  1.4958400e+002  7.4000000e+002
  1.5032400e+002  7.4000000e+002
  1.5106000e+002  7.3600000e+002
  1.5180400e+002  7.4400000e+002
  1.5254400e+002  7.4000000e+002
  1.5326400e+002  7.2000000e+002
  1.5400400e+002  7.4000000e+002
  1.5474400e+002  7.4000000e+002
  1.5552400e+002  7.8000000e+002
  1.5626400e+002  7.4000000e+002
  1.5702400e+002  7.6000000e+002
  1.5776400e+002  7.4000000e+002
  1.5852400e+002  7.6000000e+002
  1.5926400e+002  7.4000000e+002
  1.6002400e+002  7.6000000e+002
  1.6076400e+002  7.4000000e+002
  1.6152400e+002  7.6000000e+002
  1.6227600e+002  7.5200000e+002
  1.6302400e+002  7.4800000e+002
  1.6376400e+002  7.4000000e+002
  1.6452400e+002  7.6000000e+002
  1.6528400e+002  7.6000000e+002
  1.6604400e+002  7.6000000e+002
  1.6680400e+002  7.6000000e+002
  1.6754400e+002  7.4000000e+002
  1.6830400e+002  7.6000000e+002
  1.6906400e+002  7.6000000e+002
  1.6980400e+002  7.4000000e+002
  1.7054400e+002  7.4000000e+002
  1.7130000e+002  7.5600000e+002
  1.7202000e+002  7.2000000e+002
  1.7278000e+002  7.6000000e+002
  1.7352000e+002  7.4000000e+002
  1.7426000e+002  7.4000000e+002
  1.7501200e+002  7.5200000e+002
  1.7577200e+002  7.6000000e+002
  1.7652000e+002  7.4800000e+002
  1.7728000e+002  7.6000000e+002
  1.7801200e+002  7.3200000e+002
  1.7878000e+002  7.6800000e+002
  1.7954000e+002  7.6000000e+002
  1.8027200e+002  7.3200000e+002
  1.8102000e+002  7.4800000e+002
  1.8176000e+002  7.4000000e+002
  1.8250000e+002  7.4000000e+002
  1.8326000e+002  7.6000000e+002
  1.8402000e+002  7.6000000e+002
  1.8476000e+002  7.4000000e+002
  1.8550000e+002  7.4000000e+002
  1.8625200e+002  7.5200000e+002
  1.8702000e+002  7.6800000e+002
  1.8777600e+002  7.5600000e+002
  1.8853600e+002  7.6000000e+002
  1.8927600e+002  7.4000000e+002
  1.9001600e+002  7.4000000e+002
  1.9079600e+002  7.8000000e+002
  1.9151600e+002  7.2000000e+002
  1.9225600e+002  7.4000000e+002
  1.9303200e+002  7.7600000e+002
  1.9377600e+002  7.4400000e+002
  1.9449600e+002  7.2000000e+002
  1.9525600e+002  7.6000000e+002
  1.9599600e+002  7.4000000e+002
  1.9675600e+002  7.6000000e+002
  1.9751600e+002  7.6000000e+002
  1.9825200e+002  7.3600000e+002
  1.9899200e+002  7.4000000e+002
  1.9973200e+002  7.4000000e+002
  2.0047200e+002  7.4000000e+002
  2.0123200e+002  7.6000000e+002
  2.0198400e+002  7.5200000e+002
  2.0275200e+002  7.6800000e+002
  2.0351200e+002  7.6000000e+002
  2.0429200e+002  7.8000000e+002
  2.0505200e+002  7.6000000e+002
  2.0585200e+002  8.0000000e+002
  2.0660800e+002  7.5600000e+002
  2.0738800e+002  7.8000000e+002
  2.0813800e+002  7.5000000e+002
  2.0888800e+002  7.5000000e+002
  2.0962800e+002  7.4000000e+002
  2.1038800e+002  7.6000000e+002
  2.1110800e+002  7.2000000e+002
  2.1184800e+002  7.4000000e+002
  2.1256800e+002  7.2000000e+002
  2.1330800e+002  7.4000000e+002
  2.1404800e+002  7.4000000e+002
  2.1478000e+002  7.3200000e+002
  2.1552800e+002  7.4800000e+002
  2.1626800e+002  7.4000000e+002
  2.1700800e+002  7.4000000e+002
  2.1774800e+002  7.4000000e+002
  2.1850400e+002  7.5600000e+002
  2.1924400e+002  7.4000000e+002
  2.1996800e+002  7.2400000e+002
  2.2070400e+002  7.3600000e+002
  2.2144400e+002  7.4000000e+002
  2.2216400e+002  7.2000000e+002
  2.2290400e+002  7.4000000e+002
  2.2366000e+002  7.5600000e+002
  2.2440000e+002  7.4000000e+002
  2.2512000e+002  7.2000000e+002
  2.2588000e+002  7.6000000e+002
  2.2662000e+002  7.4000000e+002
  2.2738000e+002  7.6000000e+002
  2.2810000e+002  7.2000000e+002
  2.2888000e+002  7.8000000e+002
  2.2962000e+002  7.4000000e+002
  2.3038000e+002  7.6000000e+002
  2.3114000e+002  7.6000000e+002
  2.3188000e+002  7.4000000e+002
  2.3261600e+002  7.3600000e+002
  2.3337200e+002  7.5600000e+002
  2.3412000e+002  7.4800000e+002
  2.3485600e+002  7.3600000e+002
  2.3560000e+002  7.4400000e+002
  2.3633600e+002  7.3600000e+002
  2.3707600e+002  7.4000000e+002
  2.3783600e+002  7.6000000e+002
  2.3855600e+002  7.2000000e+002
  2.3931600e+002  7.6000000e+002
  2.4005600e+002  7.4000000e+002
  2.4079600e+002  7.4000000e+002
  2.4153600e+002  7.4000000e+002
  2.4229600e+002  7.6000000e+002
  2.4303600e+002  7.4000000e+002
  2.4375600e+002  7.2000000e+002
  2.4449200e+002  7.3600000e+002
  2.4525600e+002  7.6400000e+002
  2.4599600e+002  7.4000000e+002
  2.4673200e+002  7.3600000e+002
  2.4749200e+002  7.6000000e+002
  2.4821200e+002  7.2000000e+002
  2.4899200e+002  7.8000000e+002
  2.4974800e+002  7.5600000e+002
  2.5046800e+002  7.2000000e+002
  2.5124800e+002  7.8000000e+002
  2.5200800e+002  7.6000000e+002
  2.5276800e+002  7.6000000e+002
  2.5352800e+002  7.6000000e+002
  2.5428800e+002  7.6000000e+002
  2.5502800e+002  7.4000000e+002
  2.5578800e+002  7.6000000e+002
  2.5652800e+002  7.4000000e+002
  2.5728800e+002  7.6000000e+002
  2.5800800e+002  7.2000000e+002
  2.5874800e+002  7.4000000e+002
  2.5948800e+002  7.4000000e+002
  2.6024800e+002  7.5600000e+002
  2.6100800e+002  7.6000000e+002
  2.6172800e+002  7.2000000e+002
  2.6248800e+002  7.6000000e+002
  2.6322800e+002  7.4000000e+002
  2.6398800e+002  7.6000000e+002
  2.6472800e+002  7.4000000e+002
  2.6546800e+002  7.4000000e+002
  2.6620800e+002  7.4000000e+002
  2.6694800e+002  7.4000000e+002
  2.6766800e+002  7.2000000e+002
  2.6840800e+002  7.4000000e+002
  2.6912800e+002  7.2000000e+002
  2.6988800e+002  7.6000000e+002
  2.7064800e+002  7.6000000e+002
  2.7142800e+002  7.8000000e+002
  2.7218800e+002  7.6000000e+002
  2.7296800e+002  7.8000000e+002
  2.7374800e+002  7.8000000e+002
  2.7452800e+002  7.8000000e+002
  2.7528400e+002  7.5600000e+002
  2.7608400e+002  8.0000000e+002
  2.7682400e+002  7.4000000e+002
  2.7756400e+002  7.4000000e+002
  2.7828400e+002  7.2000000e+002
  2.7904400e+002  7.6000000e+002
  2.7978400e+002  7.4000000e+002
  2.8050400e+002  7.2000000e+002
  2.8124400e+002  7.4000000e+002
  2.8200000e+002  7.5600000e+002
  2.8272000e+002  7.2000000e+002
  2.8348000e+002  7.6000000e+002
  2.8422000e+002  7.4000000e+002
  2.8496000e+002  7.4000000e+002
  2.8570000e+002  7.4000000e+002
  2.8646000e+002  7.6000000e+002
  2.8720000e+002  7.4000000e+002
  2.8794000e+002  7.4000000e+002
  2.8868000e+002  7.4000000e+002
  2.8942000e+002  7.4000000e+002
  2.9018000e+002  7.6000000e+002
  2.9092000e+002  7.4000000e+002
  2.9166000e+002  7.4000000e+002
  2.9242000e+002  7.6000000e+002
  2.9316000e+002  7.4000000e+002
  2.9392000e+002  7.6000000e+002
  2.9468000e+002  7.6000000e+002
  2.9544000e+002  7.6000000e+002
  2.9620000e+002  7.6000000e+002
  2.9696000e+002  7.6000000e+002
  2.9772000e+002  7.6000000e+002
  2.9848000e+002  7.6000000e+002
  2.9924000e+002  7.6000000e+002
  2.9998000e+002  7.4000000e+002
  3.0074000e+002  7.6000000e+002
  3.0150000e+002  7.6000000e+002
  3.0225600e+002  7.5600000e+002
  3.0299600e+002  7.4000000e+002
  3.0375600e+002  7.6000000e+002
  3.0451600e+002  7.6000000e+002
  3.0527600e+002  7.6000000e+002
  3.0603600e+002  7.6000000e+002
  3.0679600e+002  7.6000000e+002
  3.0757600e+002  7.8000000e+002
  3.0835600e+002  7.8000000e+002
  3.0911600e+002  7.6000000e+002
  3.0985600e+002  7.4000000e+002
  3.1063600e+002  7.8000000e+002
  3.1139600e+002  7.6000000e+002
  3.1217200e+002  7.7600000e+002
  3.1291200e+002  7.4000000e+002
  3.1365200e+002  7.4000000e+002
  3.1441200e+002  7.6000000e+002
  3.1515600e+002  7.4400000e+002
  3.1591200e+002  7.5600000e+002
  3.1665200e+002  7.4000000e+002
  3.1739200e+002  7.4000000e+002
  3.1815200e+002  7.6000000e+002
  3.1889200e+002  7.4000000e+002
  3.1965200e+002  7.6000000e+002
  3.2041200e+002  7.6000000e+002
  3.2115200e+002  7.4000000e+002
  3.2189200e+002  7.4000000e+002
  3.2265200e+002  7.6000000e+002
  3.2339200e+002  7.4000000e+002
  3.2413200e+002  7.4000000e+002
  3.2486800e+002  7.3600000e+002
  3.2558800e+002  7.2000000e+002
  3.2630800e+002  7.2000000e+002
  3.2706800e+002  7.6000000e+002
  3.2780800e+002  7.4000000e+002
  3.2854800e+002  7.4000000e+002
  3.2928800e+002  7.4000000e+002
  3.3004400e+002  7.5600000e+002
  3.3080400e+002  7.6000000e+002
  3.3154400e+002  7.4000000e+002
  3.3232400e+002  7.8000000e+002
  3.3306400e+002  7.4000000e+002
  3.3384400e+002  7.8000000e+002
  3.3458400e+002  7.4000000e+002
  3.3532400e+002  7.4000000e+002
  3.3605600e+002  7.3200000e+002
  3.3680400e+002  7.4800000e+002
  3.3754400e+002  7.4000000e+002
  3.3828400e+002  7.4000000e+002
  3.3902400e+002  7.4000000e+002
  3.3976400e+002  7.4000000e+002
  3.4050400e+002  7.4000000e+002
  3.4124400e+002  7.4000000e+002
  3.4198400e+002  7.4000000e+002
  3.4274000e+002  7.5600000e+002
  3.4346400e+002  7.2400000e+002
  3.4422000e+002  7.5600000e+002
  3.4496000e+002  7.4000000e+002
  3.4569000e+002  7.3000000e+002
  3.4642000e+002  7.3000000e+002
  3.4716000e+002  7.4000000e+002
  3.4790000e+002  7.4000000e+002
  3.4866000e+002  7.6000000e+002
  3.4940000e+002  7.4000000e+002
  3.5012000e+002  7.2000000e+002
  3.5088000e+002  7.6000000e+002
  3.5164000e+002  7.6000000e+002
  3.5238000e+002  7.4000000e+002
  3.5314000e+002  7.6000000e+002
  3.5390000e+002  7.6000000e+002
  3.5463600e+002  7.3600000e+002
  3.5538000e+002  7.4400000e+002
  3.5611600e+002  7.3600000e+002
  3.5685800e+002  7.4200000e+002
  3.5760000e+002  7.4200000e+002
  3.5833600e+002  7.3600000e+002
  3.5909600e+002  7.6000000e+002
  3.5981600e+002  7.2000000e+002
  3.6055600e+002  7.4000000e+002
  3.6129600e+002  7.4000000e+002
  3.6203600e+002  7.4000000e+002
  3.6277600e+002  7.4000000e+002
  3.6353600e+002  7.6000000e+002
  3.6429600e+002  7.6000000e+002
  3.6501600e+002  7.2000000e+002
  3.6577600e+002  7.6000000e+002
  3.6653600e+002  7.6000000e+002
  3.6727600e+002  7.4000000e+002
  3.6801600e+002  7.4000000e+002
  3.6877600e+002  7.6000000e+002
  3.6953600e+002  7.6000000e+002
  3.7027600e+002  7.4000000e+002
  3.7103600e+002  7.6000000e+002
  3.7179600e+002  7.6000000e+002
  3.7253600e+002  7.4000000e+002
  3.7329600e+002  7.6000000e+002
  3.7404800e+002  7.5200000e+002
  3.7479600e+002  7.4800000e+002
  3.7555600e+002  7.6000000e+002
  3.7629600e+002  7.4000000e+002
  3.7705600e+002  7.6000000e+002
  3.7779600e+002  7.4000000e+002
  3.7853600e+002  7.4000000e+002
  3.7927200e+002  7.3600000e+002
  3.8001600e+002  7.4400000e+002
  3.8077600e+002  7.6000000e+002
  3.8153200e+002  7.5600000e+002
  3.8227200e+002  7.4000000e+002
  3.8303200e+002  7.6000000e+002
  3.8379200e+002  7.6000000e+002
  3.8455200e+002  7.6000000e+002
  3.8529200e+002  7.4000000e+002
  3.8605200e+002  7.6000000e+002
  3.8681200e+002  7.6000000e+002
  3.8755200e+002  7.4000000e+002
  3.8829200e+002  7.4000000e+002
  3.8903200e+002  7.4000000e+002
  3.8977200e+002  7.4000000e+002
  3.9053200e+002  7.6000000e+002
  3.9127200e+002  7.4000000e+002
  3.9201200e+002  7.4000000e+002
  3.9275200e+002  7.4000000e+002
  3.9351200e+002  7.6000000e+002
  3.9425200e+002  7.4000000e+002
  3.9503200e+002  7.8000000e+002
  3.9577200e+002  7.4000000e+002
  3.9652800e+002  7.5600000e+002
  3.9726800e+002  7.4000000e+002
  3.9804800e+002  7.8000000e+002
  3.9878800e+002  7.4000000e+002
  3.9954800e+002  7.6000000e+002
  4.0028800e+002  7.4000000e+002
  4.0104800e+002  7.6000000e+002
  4.0180800e+002  7.6000000e+002
  4.0256800e+002  7.6000000e+002
  4.0330800e+002  7.4000000e+002
  4.0406800e+002  7.6000000e+002
  4.0482400e+002  7.5600000e+002
  4.0558400e+002  7.6000000e+002
  4.0634400e+002  7.6000000e+002
  4.0706400e+002  7.2000000e+002
  4.0782400e+002  7.6000000e+002
  4.0858400e+002  7.6000000e+002
  4.0932400e+002  7.4000000e+002
  4.1006400e+002  7.4000000e+002
  4.1080400e+002  7.4000000e+002
  4.1156400e+002  7.6000000e+002
  4.1230400e+002  7.4000000e+002
  4.1304400e+002  7.4000000e+002
  4.1378400e+002  7.4000000e+002
  4.1452400e+002  7.4000000e+002
  4.1526400e+002  7.4000000e+002
  4.1600400e+002  7.4000000e+002
  4.1674400e+002  7.4000000e+002
  4.1748400e+002  7.4000000e+002
  4.1822400e+002  7.4000000e+002
  4.1896400e+002  7.4000000e+002
  4.1969400e+002  7.3000000e+002
  4.2042400e+002  7.3000000e+002
  4.2116400e+002  7.4000000e+002
  4.2192400e+002  7.6000000e+002
  4.2266400e+002  7.4000000e+002
  4.2340400e+002  7.4000000e+002
  4.2414400e+002  7.4000000e+002
  4.2488400e+002  7.4000000e+002
  4.2560400e+002  7.2000000e+002
  4.2636400e+002  7.6000000e+002
  4.2710400e+002  7.4000000e+002
  4.2786400e+002  7.6000000e+002
  4.2856400e+002  7.0000000e+002
  4.2932400e+002  7.6000000e+002
  4.3012400e+002  8.0000000e+002
  4.3086400e+002  7.4000000e+002
  4.3162400e+002  7.6000000e+002
  4.3238400e+002  7.6000000e+002
  4.3314400e+002  7.6000000e+002
  4.3392400e+002  7.8000000e+002
  4.3466400e+002  7.4000000e+002
  4.3542400e+002  7.6000000e+002
  4.3616400e+002  7.4000000e+002
  4.3692400e+002  7.6000000e+002
  4.3768400e+002  7.6000000e+002
  4.3842400e+002  7.4000000e+002
  4.3916400e+002  7.4000000e+002
  4.3992400e+002  7.6000000e+002
  4.4068400e+002  7.6000000e+002
  4.4144400e+002  7.6000000e+002
  4.4218400e+002  7.4000000e+002
  4.4295600e+002  7.7200000e+002
  4.4372400e+002  7.6800000e+002
  4.4448400e+002  7.6000000e+002
  4.4522400e+002  7.4000000e+002
  4.4598400e+002  7.6000000e+002
  4.4672400e+002  7.4000000e+002
  4.4748400e+002  7.6000000e+002
  4.4822400e+002  7.4000000e+002
  4.4898400e+002  7.6000000e+002
  4.4974400e+002  7.6000000e+002
  4.5048800e+002  7.4400000e+002
  4.5124400e+002  7.5600000e+002
  4.5198800e+002  7.4400000e+002
  4.5274800e+002  7.6000000e+002
  4.5350800e+002  7.6000000e+002
  4.5426800e+002  7.6000000e+002
  4.5502800e+002  7.6000000e+002
  4.5578800e+002  7.6000000e+002
  4.5652400e+002  7.3600000e+002
  4.5728800e+002  7.6400000e+002
  4.5803800e+002  7.5000000e+002
  4.5878800e+002  7.5000000e+002
  4.5952800e+002  7.4000000e+002
  4.6026800e+002  7.4000000e+002
  4.6101800e+002  7.5000000e+002
  4.6176800e+002  7.5000000e+002
  4.6252800e+002  7.6000000e+002
  4.6326000e+002  7.3200000e+002
  4.6402800e+002  7.6800000e+002
  4.6478400e+002  7.5600000e+002
  4.6550800e+002  7.2400000e+002
  4.6626800e+002  7.6000000e+002
  4.6700800e+002  7.4000000e+002
  4.6774800e+002  7.4000000e+002
  4.6850800e+002  7.6000000e+002
  4.6922800e+002  7.2000000e+002
  4.6996800e+002  7.4000000e+002
  4.7070800e+002  7.4000000e+002
  4.7146800e+002  7.6000000e+002
  4.7222800e+002  7.6000000e+002
  4.7298800e+002  7.6000000e+002
  4.7370800e+002  7.2000000e+002
  4.7448800e+002  7.8000000e+002
  4.7522800e+002  7.4000000e+002
  4.7600800e+002  7.8000000e+002
  4.7677200e+002  7.6400000e+002
  4.7751200e+002  7.4000000e+002
  4.7826800e+002  7.5600000e+002
  4.7901200e+002  7.4400000e+002
  4.7975200e+002  7.4000000e+002
  4.8049200e+002  7.4000000e+002
  4.8123200e+002  7.4000000e+002
  4.8196800e+002  7.3600000e+002
  4.8270800e+002  7.4000000e+002
  4.8346800e+002  7.6000000e+002
  4.8422800e+002  7.6000000e+002
  4.8496800e+002  7.4000000e+002
  4.8572000e+002  7.5200000e+002
  4.8648800e+002  7.6800000e+002
  4.8724800e+002  7.6000000e+002
  4.8800800e+002  7.6000000e+002
  4.8874800e+002  7.4000000e+002
  4.8950800e+002  7.6000000e+002
  4.9026800e+002  7.6000000e+002
  4.9100800e+002  7.4000000e+002
  4.9174800e+002  7.4000000e+002
  4.9249200e+002  7.4400000e+002
  4.9326800e+002  7.7600000e+002
  4.9403200e+002  7.6400000e+002
  4.9479200e+002  7.6000000e+002
  4.9555200e+002  7.6000000e+002
  4.9631200e+002  7.6000000e+002
  4.9709200e+002  7.8000000e+002
  4.9785200e+002  7.6000000e+002
  4.9859200e+002  7.4000000e+002
  4.9935200e+002  7.6000000e+002
  5.0011200e+002  7.6000000e+002
  5.0087200e+002  7.6000000e+002
  5.0163200e+002  7.6000000e+002
  5.0237200e+002  7.4000000e+002
  5.0311200e+002  7.4000000e+002
  5.0391200e+002  8.0000000e+002
  5.0467200e+002  7.6000000e+002
  5.0541200e+002  7.4000000e+002
  5.0617200e+002  7.6000000e+002
  5.0693200e+002  7.6000000e+002
  5.0768400e+002  7.5200000e+002
  5.0843200e+002  7.4800000e+002
  5.0919200e+002  7.6000000e+002
  5.0993200e+002  7.4000000e+002
  5.1067200e+002  7.4000000e+002
  5.1143600e+002  7.6400000e+002
  5.1219200e+002  7.5600000e+002
  5.1295200e+002  7.6000000e+002
  5.1370800e+002  7.5600000e+002
  5.1443200e+002  7.2400000e+002
  5.1520800e+002  7.7600000e+002
  5.1597600e+002  7.6800000e+002
  5.1673200e+002  7.5600000e+002
  5.1749600e+002  7.6400000e+002
  5.1825600e+002  7.6000000e+002
  5.1901600e+002  7.6000000e+002
  5.1975600e+002  7.4000000e+002
  5.2049600e+002  7.4000000e+002
  5.2121600e+002  7.2000000e+002
  5.2199600e+002  7.8000000e+002
  5.2273600e+002  7.4000000e+002
  5.2349600e+002  7.6000000e+002
  5.2423600e+002  7.4000000e+002
  5.2498000e+002  7.4400000e+002
  5.2573600e+002  7.5600000e+002
  5.2648000e+002  7.4400000e+002
  5.2723600e+002  7.5600000e+002
  5.2797600e+002  7.4000000e+002
  5.2872000e+002  7.4400000e+002
  5.2948000e+002  7.6000000e+002
  5.3024000e+002  7.6000000e+002
  5.3098000e+002  7.4000000e+002
  5.3172000e+002  7.4000000e+002
  5.3248000e+002  7.6000000e+002
  5.3324000e+002  7.6000000e+002
  5.3400000e+002  7.6000000e+002
  5.3474000e+002  7.4000000e+002
  5.3548000e+002  7.4000000e+002
  5.3624000e+002  7.6000000e+002
  5.3698000e+002  7.4000000e+002
  5.3772000e+002  7.4000000e+002
  5.3844000e+002  7.2000000e+002
  5.3918400e+002  7.4400000e+002
  5.3994000e+002  7.5600000e+002
  5.4068400e+002  7.4400000e+002
  5.4144000e+002  7.5600000e+002
  5.4215200e+002  7.1200000e+002
  5.4294400e+002  7.9200000e+002
  5.4370000e+002  7.5600000e+002
  5.4444000e+002  7.4000000e+002
  5.4520000e+002  7.6000000e+002
  5.4594000e+002  7.4000000e+002
  5.4670000e+002  7.6000000e+002
  5.4746000e+002  7.6000000e+002
  5.4822000e+002  7.6000000e+002
  5.4896000e+002  7.4000000e+002
  5.4970000e+002  7.4000000e+002
  5.5048400e+002  7.8400000e+002
  5.5124000e+002  7.5600000e+002
  5.5198400e+002  7.4400000e+002
  5.5272000e+002  7.3600000e+002
  5.5352000e+002  8.0000000e+002
  5.5426400e+002  7.4400000e+002
  5.5500400e+002  7.4000000e+002
  5.5576400e+002  7.6000000e+002
  5.5654400e+002  7.8000000e+002
  5.5730800e+002  7.6400000e+002
  5.5810400e+002  7.9600000e+002
  5.5886400e+002  7.6000000e+002
  5.5964400e+002  7.8000000e+002
  5.6044400e+002  8.0000000e+002
  5.6122400e+002  7.8000000e+002
  5.6198400e+002  7.6000000e+002
  5.6274400e+002  7.6000000e+002
  5.6352800e+002  7.8400000e+002
  5.6428800e+002  7.6000000e+002
  5.6504400e+002  7.5600000e+002
  5.6578400e+002  7.4000000e+002
  5.6654800e+002  7.6400000e+002
  5.6730000e+002  7.5200000e+002
  5.6804800e+002  7.4800000e+002
  5.6878800e+002  7.4000000e+002
  5.6954800e+002  7.6000000e+002
  5.7026800e+002  7.2000000e+002
  5.7102800e+002  7.6000000e+002
  5.7177200e+002  7.4400000e+002
  5.7252000e+002  7.4800000e+002
  5.7326800e+002  7.4800000e+002
  5.7403200e+002  7.6400000e+002
  5.7478800e+002  7.5600000e+002
  5.7553200e+002  7.4400000e+002
  5.7628400e+002  7.5200000e+002
  5.7703200e+002  7.4800000e+002
  5.7779200e+002  7.6000000e+002
  5.7855200e+002  7.6000000e+002
  5.7931200e+002  7.6000000e+002
  5.8007200e+002  7.6000000e+002
  5.8083200e+002  7.6000000e+002
  5.8159200e+002  7.6000000e+002
  5.8237200e+002  7.8000000e+002
  5.8313600e+002  7.6400000e+002
  5.8391200e+002  7.7600000e+002
  5.8465600e+002  7.4400000e+002
  5.8542400e+002  7.6800000e+002
  5.8617200e+002  7.4800000e+002
  5.8693200e+002  7.6000000e+002
  5.8767200e+002  7.4000000e+002
  5.8843200e+002  7.6000000e+002
  5.8919200e+002  7.6000000e+002
  5.8993600e+002  7.4400000e+002
  5.9067200e+002  7.3600000e+002
  5.9145600e+002  7.8400000e+002
  5.9221600e+002  7.6000000e+002
  5.9299600e+002  7.8000000e+002
  5.9375600e+002  7.6000000e+002
  5.9449600e+002  7.4000000e+002
  5.9527600e+002  7.8000000e+002
  5.9603600e+002  7.6000000e+002
  5.9677600e+002  7.4000000e+002
  5.9753600e+002  7.6000000e+002
  5.9827600e+002  7.4000000e+002
  5.9903600e+002  7.6000000e+002
  5.9978000e+002  7.4400000e+002
  6.0052000e+002  7.4000000e+002
  6.0127600e+002  7.5600000e+002
  6.0201600e+002  7.4000000e+002
  6.0278000e+002  7.6400000e+002
  6.0354000e+002  7.6000000e+002
  6.0428000e+002  7.4000000e+002
  6.0502000e+002  7.4000000e+002
  6.0578000e+002  7.6000000e+002
  6.0652000e+002  7.4000000e+002
  6.0726000e+002  7.4000000e+002
  6.0800000e+002  7.4000000e+002
  6.0874000e+002  7.4000000e+002
  6.0948000e+002  7.4000000e+002
  6.1024000e+002  7.6000000e+002
  6.1098000e+002  7.4000000e+002
  6.1174000e+002  7.6000000e+002
  6.1248400e+002  7.4400000e+002
  6.1322000e+002  7.3600000e+002
  6.1399200e+002  7.7200000e+002
  6.1472000e+002  7.2800000e+002
  6.1549200e+002  7.7200000e+002
  6.1624000e+002  7.4800000e+002
  6.1698000e+002  7.4000000e+002
  6.1772400e+002  7.4400000e+002
  6.1848400e+002  7.6000000e+002
  6.1922400e+002  7.4000000e+002
  6.1998400e+002  7.6000000e+002
  6.2072400e+002  7.4000000e+002
  6.2148400e+002  7.6000000e+002
  6.2222400e+002  7.4000000e+002
  6.2296400e+002  7.4000000e+002
  6.2370400e+002  7.4000000e+002
  6.2446400e+002  7.6000000e+002
  6.2520400e+002  7.4000000e+002
  6.2594800e+002  7.4400000e+002
  6.2668800e+002  7.4000000e+002
  6.2744800e+002  7.6000000e+002
  6.2821600e+002  7.6800000e+002
  6.2898800e+002  7.7200000e+002
  6.2974000e+002  7.5200000e+002
  6.3048800e+002  7.4800000e+002
  6.3126800e+002  7.8000000e+002
  6.3202800e+002  7.6000000e+002
  6.3274800e+002  7.2000000e+002
  6.3353200e+002  7.8400000e+002
  6.3426800e+002  7.3600000e+002
  6.3501200e+002  7.4400000e+002
  6.3577200e+002  7.6000000e+002
  6.3651200e+002  7.4000000e+002
  6.3724800e+002  7.3600000e+002
  6.3798800e+002  7.4000000e+002
  6.3874800e+002  7.6000000e+002
  6.3949200e+002  7.4400000e+002
  6.4023200e+002  7.4000000e+002
  6.4097200e+002  7.4000000e+002
  6.4171200e+002  7.4000000e+002
  6.4245200e+002  7.4000000e+002
  6.4319200e+002  7.4000000e+002
  6.4393200e+002  7.4000000e+002
  6.4465200e+002  7.2000000e+002
  6.4537200e+002  7.2000000e+002
  6.4609200e+002  7.2000000e+002
  6.4683200e+002  7.4000000e+002
  6.4761200e+002  7.8000000e+002
  6.4835200e+002  7.4000000e+002
  6.4909200e+002  7.4000000e+002
  6.4983600e+002  7.4400000e+002
  6.5059600e+002  7.6000000e+002
  6.5135600e+002  7.6000000e+002
  6.5209600e+002  7.4000000e+002
  6.5283600e+002  7.4000000e+002
  6.5359600e+002  7.6000000e+002
  6.5435600e+002  7.6000000e+002
  6.5510000e+002  7.4400000e+002
  6.5583600e+002  7.3600000e+002
  6.5660600e+002  7.7000000e+002
  6.5737600e+002  7.7000000e+002
  6.5812000e+002  7.4400000e+002
  6.5890000e+002  7.8000000e+002
  6.5966000e+002  7.6000000e+002
  6.6042000e+002  7.6000000e+002
  6.6118000e+002  7.6000000e+002
  6.6196000e+002  7.8000000e+002
  6.6272000e+002  7.6000000e+002
  6.6350000e+002  7.8000000e+002
  6.6426000e+002  7.6000000e+002
  6.6504000e+002  7.8000000e+002
  6.6580000e+002  7.6000000e+002
  6.6656000e+002  7.6000000e+002
  6.6730000e+002  7.4000000e+002
  6.6808400e+002  7.8400000e+002
  6.6884400e+002  7.6000000e+002
  6.6960400e+002  7.6000000e+002
  6.7036400e+002  7.6000000e+002
  6.7110400e+002  7.4000000e+002
  6.7186400e+002  7.6000000e+002
  6.7264400e+002  7.8000000e+002
  6.7340400e+002  7.6000000e+002
  6.7416400e+002  7.6000000e+002
  6.7490400e+002  7.4000000e+002
  6.7568800e+002  7.8400000e+002
  6.7644800e+002  7.6000000e+002
  6.7720800e+002  7.6000000e+002
  6.7794800e+002  7.4000000e+002
  6.7868800e+002  7.4000000e+002
  6.7946800e+002  7.8000000e+002
  6.8022800e+002  7.6000000e+002
  6.8097200e+002  7.4400000e+002
  6.8173200e+002  7.6000000e+002
  6.8249200e+002  7.6000000e+002
  6.8325200e+002  7.6000000e+002
  6.8399600e+002  7.4400000e+002
  6.8475600e+002  7.6000000e+002
  6.8553200e+002  7.7600000e+002
  6.8629600e+002  7.6400000e+002
  6.8705600e+002  7.6000000e+002
  6.8781200e+002  7.5600000e+002
  6.8858800e+002  7.7600000e+002
  6.8935200e+002  7.6400000e+002
  6.9013200e+002  7.8000000e+002
  6.9087600e+002  7.4400000e+002
  6.9165600e+002  7.8000000e+002
  6.9239600e+002  7.4000000e+002
  6.9315600e+002  7.6000000e+002
  6.9391600e+002  7.6000000e+002
  6.9463600e+002  7.2000000e+002
  6.9539600e+002  7.6000000e+002
  6.9616000e+002  7.6400000e+002
  6.9692000e+002  7.6000000e+002
  6.9766000e+002  7.4000000e+002
  6.9840000e+002  7.4000000e+002
  6.9918000e+002  7.8000000e+002
  6.9992000e+002  7.4000000e+002
  7.0068000e+002  7.6000000e+002
  7.0144000e+002  7.6000000e+002
  7.0218000e+002  7.4000000e+002
  7.0292400e+002  7.4400000e+002
  7.0366400e+002  7.4000000e+002
  7.0440400e+002  7.4000000e+002
  7.0514400e+002  7.4000000e+002
  7.0588800e+002  7.4400000e+002
  7.0662400e+002  7.3600000e+002
  7.0738800e+002  7.6400000e+002
  7.0812800e+002  7.4000000e+002
  7.0888800e+002  7.6000000e+002
  7.0964800e+002  7.6000000e+002
  7.1039200e+002  7.4400000e+002
  7.1114800e+002  7.5600000e+002
  7.1188800e+002  7.4000000e+002
  7.1263200e+002  7.4400000e+002
  7.1337200e+002  7.4000000e+002
  7.1411200e+002  7.4000000e+002
  7.1483200e+002  7.2000000e+002
  7.1555200e+002  7.2000000e+002
  7.1629200e+002  7.4000000e+002
  7.1703200e+002  7.4000000e+002
  7.1776400e+002  7.3200000e+002
  7.1849200e+002  7.2800000e+002
  7.1923200e+002  7.4000000e+002
  7.1999200e+002  7.6000000e+002
  7.2075600e+002  7.6400000e+002
  7.2149600e+002  7.4000000e+002
  7.2225600e+002  7.6000000e+002
  7.2301600e+002  7.6000000e+002
  7.2379600e+002  7.8000000e+002
  7.2455600e+002  7.6000000e+002
  7.2531600e+002  7.6000000e+002
  7.2607600e+002  7.6000000e+002
  7.2684000e+002  7.6400000e+002
  7.2762000e+002  7.8000000e+002
  7.2838000e+002  7.6000000e+002
  7.2914000e+002  7.6000000e+002
  7.2988000e+002  7.4000000e+002
  7.3064000e+002  7.6000000e+002
  7.3140400e+002  7.6400000e+002
  7.3216400e+002  7.6000000e+002
  7.3292400e+002  7.6000000e+002
  7.3368400e+002  7.6000000e+002
  7.3442400e+002  7.4000000e+002
  7.3518400e+002  7.6000000e+002
  7.3594400e+002  7.6000000e+002
  7.3668800e+002  7.4400000e+002
  7.3742800e+002  7.4000000e+002
  7.3816800e+002  7.4000000e+002
  7.3892800e+002  7.6000000e+002
  7.3966800e+002  7.4000000e+002
  7.4042400e+002  7.5600000e+002
  7.4116800e+002  7.4400000e+002
  7.4190800e+002  7.4000000e+002
  7.4268800e+002  7.8000000e+002
  7.4344800e+002  7.6000000e+002
  7.4420800e+002  7.6000000e+002
  7.4494800e+002  7.4000000e+002
  7.4570800e+002  7.6000000e+002
  7.4647200e+002  7.6400000e+002
  7.4723200e+002  7.6000000e+002
  7.4797200e+002  7.4000000e+002
  7.4873200e+002  7.6000000e+002
  7.4947200e+002  7.4000000e+002
  7.5023200e+002  7.6000000e+002
  7.5097600e+002  7.4400000e+002
  7.5173200e+002  7.5600000e+002
  7.5245600e+002  7.2400000e+002
  7.5319600e+002  7.4000000e+002
  7.5395600e+002  7.6000000e+002
  7.5471600e+002  7.6000000e+002
  7.5547600e+002  7.6000000e+002
  7.5622000e+002  7.4400000e+002
  7.5695600e+002  7.3600000e+002
  7.5772000e+002  7.6400000e+002
  7.5848000e+002  7.6000000e+002
  7.5922000e+002  7.4000000e+002
  7.5995600e+002  7.3600000e+002
  7.6072000e+002  7.6400000e+002
  7.6148400e+002  7.6400000e+002
  7.6224400e+002  7.6000000e+002
  7.6300400e+002  7.6000000e+002
  7.6376000e+002  7.5600000e+002
  7.6452400e+002  7.6400000e+002
  7.6528400e+002  7.6000000e+002
  7.6606000e+002  7.7600000e+002
  7.6680400e+002  7.4400000e+002
  7.6758000e+002  7.7600000e+002
  7.6832400e+002  7.4400000e+002
  7.6908000e+002  7.5600000e+002
  7.6982400e+002  7.4400000e+002
  7.7058400e+002  7.6000000e+002
  7.7132400e+002  7.4000000e+002
  7.7208400e+002  7.6000000e+002
  7.7284400e+002  7.6000000e+002
  7.7360800e+002  7.6400000e+002
  7.7436800e+002  7.6000000e+002
  7.7512800e+002  7.6000000e+002
  7.7588800e+002  7.6000000e+002
  7.7664800e+002  7.6000000e+002
  7.7740800e+002  7.6000000e+002
  7.7816800e+002  7.6000000e+002
  7.7894800e+002  7.8000000e+002
  7.7971200e+002  7.6400000e+002
  7.8047200e+002  7.6000000e+002
  7.8123200e+002  7.6000000e+002
  7.8199200e+002  7.6000000e+002
  7.8275200e+002  7.6000000e+002
  7.8351200e+002  7.6000000e+002
  7.8427600e+002  7.6400000e+002
  7.8501600e+002  7.4000000e+002
  7.8577600e+002  7.6000000e+002
  7.8653600e+002  7.6000000e+002
  7.8729600e+002  7.6000000e+002
  7.8803600e+002  7.4000000e+002
  7.8879600e+002  7.6000000e+002
  7.8953600e+002  7.4000000e+002
  7.9031600e+002  7.8000000e+002
  7.9107600e+002  7.6000000e+002
  7.9184000e+002  7.6400000e+002
  7.9259600e+002  7.5600000e+002
  7.9336000e+002  7.6400000e+002
  7.9411600e+002  7.5600000e+002
  7.9486000e+002  7.4400000e+002
  7.9562000e+002  7.6000000e+002
  7.9640000e+002  7.8000000e+002
  7.9714000e+002  7.4000000e+002
  7.9790000e+002  7.6000000e+002
  7.9866000e+002  7.6000000e+002
  7.9942000e+002  7.6000000e+002
  8.0018400e+002  7.6400000e+002
  8.0094400e+002  7.6000000e+002
  8.0168400e+002  7.4000000e+002
  8.0244400e+002  7.6000000e+002
  8.0320400e+002  7.6000000e+002
  8.0396400e+002  7.6000000e+002
  8.0472400e+002  7.6000000e+002
  8.0546800e+002  7.4400000e+002
  8.0622400e+002  7.5600000e+002
  8.0696800e+002  7.4400000e+002
  8.0772800e+002  7.6000000e+002
  8.0846800e+002  7.4000000e+002
  8.0920800e+002  7.4000000e+002
  8.0996800e+002  7.6000000e+002
  8.1072800e+002  7.6000000e+002
  8.1147200e+002  7.4400000e+002
  8.1223200e+002  7.6000000e+002
  8.1299200e+002  7.6000000e+002
  8.1376800e+002  7.7600000e+002
  8.1453200e+002  7.6400000e+002
  8.1527200e+002  7.4000000e+002
  8.1603200e+002  7.6000000e+002
  8.1677200e+002  7.4000000e+002
  8.1753200e+002  7.6000000e+002
  8.1829200e+002  7.6000000e+002
  8.1905200e+002  7.6000000e+002
  8.1979200e+002  7.4000000e+002
  8.2057200e+002  7.8000000e+002
  8.2133200e+002  7.6000000e+002
  8.2209600e+002  7.6400000e+002
  8.2285600e+002  7.6000000e+002
  8.2361600e+002  7.6000000e+002
  8.2437600e+002  7.6000000e+002
  8.2513600e+002  7.6000000e+002
  8.2589600e+002  7.6000000e+002
  8.2663600e+002  7.4000000e+002
  8.2737600e+002  7.4000000e+002
  8.2813600e+002  7.6000000e+002
  8.2889600e+002  7.6000000e+002
  8.2963600e+002  7.4000000e+002
  8.3038000e+002  7.4400000e+002
  8.3112000e+002  7.4000000e+002
  8.3188000e+002  7.6000000e+002
  8.3264000e+002  7.6000000e+002
  8.3340000e+002  7.6000000e+002
  8.3416000e+002  7.6000000e+002
  8.3490000e+002  7.4000000e+002
  8.3568000e+002  7.8000000e+002
  8.3644400e+002  7.6400000e+002
  8.3720400e+002  7.6000000e+002
  8.3794400e+002  7.4000000e+002
  8.3870400e+002  7.6000000e+002
  8.3946400e+002  7.6000000e+002
  8.4022400e+002  7.6000000e+002
  8.4098400e+002  7.6000000e+002
  8.4174400e+002  7.6000000e+002
  8.4249600e+002  7.5200000e+002
  8.4324400e+002  7.4800000e+002
  8.4398800e+002  7.4400000e+002
  8.4474400e+002  7.5600000e+002
  8.4546400e+002  7.2000000e+002
  8.4622400e+002  7.6000000e+002
  8.4696400e+002  7.4000000e+002
  8.4770800e+002  7.4400000e+002
  8.4842800e+002  7.2000000e+002
  8.4916800e+002  7.4000000e+002
  8.4992800e+002  7.6000000e+002
  8.5066800e+002  7.4000000e+002
  8.5141200e+002  7.4400000e+002
  8.5215200e+002  7.4000000e+002
  8.5289200e+002  7.4000000e+002
  8.5363200e+002  7.4000000e+002
  8.5435200e+002  7.2000000e+002
  8.5511200e+002  7.6000000e+002
  8.5585200e+002  7.4000000e+002
  8.5659200e+002  7.4000000e+002
  8.5733200e+002  7.4000000e+002
  8.5807600e+002  7.4400000e+002
  8.5883600e+002  7.6000000e+002
  8.5959600e+002  7.6000000e+002
  8.6033600e+002  7.4000000e+002
  8.6109600e+002  7.6000000e+002
  8.6183600e+002  7.4000000e+002
  8.6259600e+002  7.6000000e+002
  8.6333600e+002  7.4000000e+002
  8.6406000e+002  7.2400000e+002
  8.6478000e+002  7.2000000e+002
  8.6552000e+002  7.4000000e+002
  8.6626000e+002  7.4000000e+002
  8.6698000e+002  7.2000000e+002
  8.6770400e+002  7.2400000e+002
  8.6842000e+002  7.1600000e+002
  8.6916400e+002  7.4400000e+002
  8.6988000e+002  7.1600000e+002
  8.7062000e+002  7.4000000e+002
  8.7134000e+002  7.2000000e+002
  8.7208000e+002  7.4000000e+002
  8.7282400e+002  7.4400000e+002
  8.7358400e+002  7.6000000e+002
  8.7434400e+002  7.6000000e+002
  8.7508800e+002  7.4400000e+002
  8.7584400e+002  7.5600000e+002
  8.7660400e+002  7.6000000e+002
  8.7738400e+002  7.8000000e+002
  8.7812800e+002  7.4400000e+002
  8.7886800e+002  7.4000000e+002
  8.7962800e+002  7.6000000e+002
  8.8036800e+002  7.4000000e+002
  8.8112000e+002  7.5200000e+002
  8.8186800e+002  7.4800000e+002
  8.8260800e+002  7.4000000e+002
  8.8336800e+002  7.6000000e+002
  8.8411200e+002  7.4400000e+002
  8.8486800e+002  7.5600000e+002
  8.8560800e+002  7.4000000e+002
  8.8635200e+002  7.4400000e+002
  8.8711200e+002  7.6000000e+002
  8.8785200e+002  7.4000000e+002
  8.8861200e+002  7.6000000e+002
  8.8935200e+002  7.4000000e+002
  8.9009200e+002  7.4000000e+002
  8.9085200e+002  7.6000000e+002
  8.9159600e+002  7.4400000e+002
  8.9235200e+002  7.5600000e+002
  8.9310400e+002  7.5200000e+002
  8.9385200e+002  7.4800000e+002
  8.9462800e+002  7.7600000e+002
  8.9539200e+002  7.6400000e+002
  8.9615200e+002  7.6000000e+002
  8.9689200e+002  7.4000000e+002
  8.9765200e+002  7.6000000e+002
  8.9841200e+002  7.6000000e+002
  8.9917200e+002  7.6000000e+002
  8.9991200e+002  7.4000000e+002
  9.0067200e+002  7.6000000e+002
  9.0141200e+002  7.4000000e+002
  9.0217200e+002  7.6000000e+002
  9.0293200e+002  7.6000000e+002
  9.0369200e+002  7.6000000e+002
  9.0443200e+002  7.4000000e+002
  9.0517200e+002  7.4000000e+002
  9.0593200e+002  7.6000000e+002
  9.0667600e+002  7.4400000e+002
  9.0741200e+002  7.3600000e+002
  9.0815200e+002  7.4000000e+002
  9.0889600e+002  7.4400000e+002
  9.0963600e+002  7.4000000e+002
  9.1039600e+002  7.6000000e+002
  9.1111600e+002  7.2000000e+002
  9.1189600e+002  7.8000000e+002
  9.1263600e+002  7.4000000e+002
  9.1339600e+002  7.6000000e+002
  9.1416000e+002  7.6400000e+002
  9.1491600e+002  7.5600000e+002
  9.1565600e+002  7.4000000e+002
  9.1641600e+002  7.6000000e+002
  9.1717600e+002  7.6000000e+002
  9.1792000e+002  7.4400000e+002
  9.1866000e+002  7.4000000e+002
  9.1940000e+002  7.4000000e+002
  9.2016000e+002  7.6000000e+002
  9.2091600e+002  7.5600000e+002
  9.2165600e+002  7.4000000e+002
  9.2241600e+002  7.6000000e+002
  9.2315600e+002  7.4000000e+002
  9.2392000e+002  7.6400000e+002
  9.2468000e+002  7.6000000e+002
  9.2543600e+002  7.5600000e+002
  9.2618000e+002  7.4400000e+002
  9.2691600e+002  7.3600000e+002
  9.2766000e+002  7.4400000e+002
  9.2842000e+002  7.6000000e+002
  9.2916000e+002  7.4000000e+002
  9.2990000e+002  7.4000000e+002
  9.3064000e+002  7.4000000e+002
  9.3140000e+002  7.6000000e+002
  9.3216000e+002  7.6000000e+002
  9.3292000e+002  7.6000000e+002
  9.3368000e+002  7.6000000e+002
  9.3444000e+002  7.6000000e+002
  9.3520000e+002  7.6000000e+002
  9.3596000e+002  7.6000000e+002
  9.3672000e+002  7.6000000e+002
  9.3748000e+002  7.6000000e+002
  9.3822000e+002  7.4000000e+002
  9.3896000e+002  7.4000000e+002
  9.3972000e+002  7.6000000e+002
  9.4046000e+002  7.4000000e+002
  9.4122000e+002  7.6000000e+002
  9.4196000e+002  7.4000000e+002
  9.4270000e+002  7.4000000e+002
  9.4344000e+002  7.4000000e+002
  9.4418000e+002  7.4000000e+002
  9.4494000e+002  7.6000000e+002
  9.4568000e+002  7.4000000e+002
  9.4642000e+002  7.4000000e+002
  9.4718000e+002  7.6000000e+002
  9.4792000e+002  7.4000000e+002
  9.4867600e+002  7.5600000e+002
  9.4942400e+002  7.4800000e+002
  9.5016000e+002  7.3600000e+002
  9.5094000e+002  7.8000000e+002
  9.5172000e+002  7.8000000e+002
  9.5250000e+002  7.8000000e+002
  9.5327200e+002  7.7200000e+002
  9.5404000e+002  7.6800000e+002
  9.5484000e+002  8.0000000e+002
  9.5562000e+002  7.8000000e+002
  9.5638400e+002  7.6400000e+002
  9.5714400e+002  7.6000000e+002
  9.5790400e+002  7.6000000e+002
  9.5866400e+002  7.6000000e+002
  9.5942400e+002  7.6000000e+002
  9.6016400e+002  7.4000000e+002
  9.6090400e+002  7.4000000e+002
  9.6164400e+002  7.4000000e+002
  9.6240400e+002  7.6000000e+002
  9.6316400e+002  7.6000000e+002
  9.6390400e+002  7.4000000e+002
  9.6466400e+002  7.6000000e+002
  9.6540400e+002  7.4000000e+002
  9.6616400e+002  7.6000000e+002
  9.6692400e+002  7.6000000e+002
  9.6766800e+002  7.4400000e+002
  9.6842400e+002  7.5600000e+002
  9.6916800e+002  7.4400000e+002
  9.6992800e+002  7.6000000e+002
  9.7068000e+002  7.5200000e+002
  9.7144400e+002  7.6400000e+002
  9.7218800e+002  7.4400000e+002
  9.7293600e+002  7.4800000e+002
  9.7370400e+002  7.6800000e+002
  9.7446400e+002  7.6000000e+002
  9.7522400e+002  7.6000000e+002
  9.7598400e+002  7.6000000e+002
  9.7672400e+002  7.4000000e+002
  9.7750400e+002  7.8000000e+002
  9.7824800e+002  7.4400000e+002
  9.7900400e+002  7.5600000e+002
  9.7976400e+002  7.6000000e+002
  9.8052400e+002  7.6000000e+002
  9.8128800e+002  7.6400000e+002
  9.8204400e+002  7.5600000e+002
  9.8278800e+002  7.4400000e+002
  9.8352800e+002  7.4000000e+002
  9.8428400e+002  7.5600000e+002
  9.8504800e+002  7.6400000e+002
  9.8580400e+002  7.5600000e+002
  9.8654800e+002  7.4400000e+002
  9.8730800e+002  7.6000000e+002
  9.8802800e+002  7.2000000e+002
  9.8876800e+002  7.4000000e+002
  9.8948800e+002  7.2000000e+002
  9.9024800e+002  7.6000000e+002
  9.9098800e+002  7.4000000e+002
  9.9174800e+002  7.6000000e+002
  9.9252800e+002  7.8000000e+002
  9.9330800e+002  7.8000000e+002
  9.9412800e+002  8.2000000e+002
  9.9492800e+002  8.0000000e+002
  9.9574800e+002  8.2000000e+002
  9.9653600e+002  7.8800000e+002
  9.9732800e+002  7.9200000e+002
  9.9812400e+002  7.9600000e+002
  9.9890400e+002  7.8000000e+002
  9.9966400e+002  7.6000000e+002
  1.0004240e+003  7.6000000e+002
  1.0011640e+003  7.4000000e+002
  1.0019240e+003  7.6000000e+002
  1.0026640e+003  7.4000000e+002
  1.0034240e+003  7.6000000e+002
  1.0041640e+003  7.4000000e+002
  1.0049040e+003  7.4000000e+002
  1.0056640e+003  7.6000000e+002
  1.0064240e+003  7.6000000e+002
  1.0071840e+003  7.6000000e+002
  1.0079440e+003  7.6000000e+002
  1.0086880e+003  7.4400000e+002
  1.0094240e+003  7.3600000e+002
  1.0102080e+003  7.8400000e+002
  1.0109680e+003  7.6000000e+002
  1.0117080e+003  7.4000000e+002
  1.0124680e+003  7.6000000e+002
  1.0132280e+003  7.6000000e+002
  1.0139840e+003  7.5600000e+002
  1.0147480e+003  7.6400000e+002
  1.0154880e+003  7.4000000e+002
  1.0162480e+003  7.6000000e+002
  1.0169880e+003  7.4000000e+002
  1.0177480e+003  7.6000000e+002
  1.0185080e+003  7.6000000e+002
  1.0192520e+003  7.4400000e+002
  1.0200120e+003  7.6000000e+002
  1.0207880e+003  7.7600000e+002
  1.0215520e+003  7.6400000e+002
  1.0223320e+003  7.8000000e+002
  1.0230920e+003  7.6000000e+002
  1.0238480e+003  7.5600000e+002
  1.0246280e+003  7.8000000e+002
  1.0254080e+003  7.8000000e+002
  1.0261880e+003  7.8000000e+002
  1.0269480e+003  7.6000000e+002
  1.0277320e+003  7.8400000e+002
  1.0285120e+003  7.8000000e+002
  1.0293120e+003  8.0000000e+002
  1.0301120e+003  8.0000000e+002
  1.0308920e+003  7.8000000e+002
  1.0316720e+003  7.8000000e+002
  1.0324520e+003  7.8000000e+002
  1.0332320e+003  7.8000000e+002
  1.0340120e+003  7.8000000e+002
  1.0347920e+003  7.8000000e+002
  1.0355520e+003  7.6000000e+002
  1.0363520e+003  8.0000000e+002
  1.0371080e+003  7.5600000e+002
  1.0378960e+003  7.8800000e+002
  1.0386760e+003  7.8000000e+002
  1.0394520e+003  7.7600000e+002
  1.0402320e+003  7.8000000e+002
  1.0409920e+003  7.6000000e+002
  1.0417560e+003  7.6400000e+002
  1.0425160e+003  7.6000000e+002
  1.0432920e+003  7.7600000e+002
  1.0440560e+003  7.6400000e+002
  1.0448160e+003  7.6000000e+002
  1.0455680e+003  7.5200000e+002
  1.0463360e+003  7.6800000e+002
  1.0471200e+003  7.8400000e+002
  1.0478800e+003  7.6000000e+002
  1.0486360e+003  7.5600000e+002
  1.0494160e+003  7.8000000e+002
  1.0501760e+003  7.6000000e+002
  1.0509560e+003  7.8000000e+002
  1.0517360e+003  7.8000000e+002
  1.0524960e+003  7.6000000e+002
  1.0532520e+003  7.5600000e+002
  1.0540160e+003  7.6400000e+002
  1.0547960e+003  7.8000000e+002
  1.0555560e+003  7.6000000e+002
  1.0562960e+003  7.4000000e+002
  1.0570760e+003  7.8000000e+002
  1.0578280e+003  7.5200000e+002
  1.0585560e+003  7.2800000e+002
  1.0593400e+003  7.8400000e+002
  1.0600960e+003  7.5600000e+002
  1.0608360e+003  7.4000000e+002
  1.0616160e+003  7.8000000e+002
  1.0623800e+003  7.6400000e+002
  1.0631200e+003  7.4000000e+002
  1.0638800e+003  7.6000000e+002
  1.0646400e+003  7.6000000e+002
  1.0653800e+003  7.4000000e+002
  1.0661400e+003  7.6000000e+002
  1.0668840e+003  7.4400000e+002
  1.0676400e+003  7.5600000e+002
  1.0683840e+003  7.4400000e+002
  1.0691480e+003  7.6400000e+002
  1.0699000e+003  7.5200000e+002
  1.0706600e+003  7.6000000e+002
  1.0714400e+003  7.8000000e+002
  1.0722000e+003  7.6000000e+002
  1.0729800e+003  7.8000000e+002
  1.0737640e+003  7.8400000e+002
  1.0745200e+003  7.5600000e+002
  1.0752600e+003  7.4000000e+002
  1.0760600e+003  8.0000000e+002
  1.0768400e+003  7.8000000e+002
  1.0775880e+003  7.4800000e+002
  1.0783400e+003  7.5200000e+002
  1.0790800e+003  7.4000000e+002
  1.0798600e+003  7.8000000e+002
  1.0806160e+003  7.5600000e+002
  1.0813400e+003  7.2400000e+002
  1.0821000e+003  7.6000000e+002
  1.0828400e+003  7.4000000e+002
  1.0836200e+003  7.8000000e+002
  1.0843840e+003  7.6400000e+002
  1.0851440e+003  7.6000000e+002
  1.0858960e+003  7.5200000e+002
  1.0866640e+003  7.6800000e+002
  1.0874280e+003  7.6400000e+002
  1.0881840e+003  7.5600000e+002
  1.0889640e+003  7.8000000e+002
  1.0897040e+003  7.4000000e+002
  1.0904800e+003  7.7600000e+002
  1.0912280e+003  7.4800000e+002
  1.0919840e+003  7.5600000e+002
  1.0927440e+003  7.6000000e+002
  1.0934840e+003  7.4000000e+002
  1.0942480e+003  7.6400000e+002
  1.0950080e+003  7.6000000e+002
  1.0957680e+003  7.6000000e+002
  1.0965280e+003  7.6000000e+002
  1.0972880e+003  7.6000000e+002
  1.0980640e+003  7.7600000e+002
  1.0988280e+003  7.6400000e+002
  1.0995880e+003  7.6000000e+002
  1.1003480e+003  7.6000000e+002
  1.1011080e+003  7.6000000e+002
  1.1018680e+003  7.6000000e+002
  1.1026280e+003  7.6000000e+002
  1.1033880e+003  7.6000000e+002
  1.1041240e+003  7.3600000e+002
  1.1048880e+003  7.6400000e+002
  1.1056480e+003  7.6000000e+002
  1.1064280e+003  7.8000000e+002
  1.1071880e+003  7.6000000e+002
  1.1079320e+003  7.4400000e+002
  1.1086880e+003  7.5600000e+002
  1.1094480e+003  7.6000000e+002
  1.1102120e+003  7.6400000e+002
  1.1109680e+003  7.5600000e+002
  1.1117280e+003  7.6000000e+002
  1.1124720e+003  7.4400000e+002
  1.1132320e+003  7.6000000e+002
  1.1139920e+003  7.6000000e+002
  1.1147520e+003  7.6000000e+002
  1.1154920e+003  7.4000000e+002
  1.1162360e+003  7.4400000e+002
  1.1169960e+003  7.6000000e+002
  1.1177520e+003  7.5600000e+002
  1.1184920e+003  7.4000000e+002
  1.1192320e+003  7.4000000e+002
  1.1199720e+003  7.4000000e+002
  1.1207320e+003  7.6000000e+002
  1.1214960e+003  7.6400000e+002
  1.1222520e+003  7.5600000e+002
  1.1229920e+003  7.4000000e+002
  1.1237560e+003  7.6400000e+002
  1.1245120e+003  7.5600000e+002
  1.1252560e+003  7.4400000e+002
  1.1260160e+003  7.6000000e+002
  1.1267600e+003  7.4400000e+002
  1.1274960e+003  7.3600000e+002
  1.1282520e+003  7.5600000e+002
  1.1289920e+003  7.4000000e+002
  1.1297320e+003  7.4000000e+002
  1.1304920e+003  7.6000000e+002
  1.1312720e+003  7.8000000e+002
  1.1320320e+003  7.6000000e+002
  1.1328120e+003  7.8000000e+002
  1.1335920e+003  7.8000000e+002
  1.1343720e+003  7.8000000e+002
  1.1351720e+003  8.0000000e+002
  1.1359320e+003  7.6000000e+002
  1.1367120e+003  7.8000000e+002
  1.1374720e+003  7.6000000e+002
  1.1382360e+003  7.6400000e+002
  1.1389920e+003  7.5600000e+002
  1.1397320e+003  7.4000000e+002
  1.1405120e+003  7.8000000e+002
  1.1412720e+003  7.6000000e+002
  1.1420120e+003  7.4000000e+002
  1.1427520e+003  7.4000000e+002
  1.1434960e+003  7.4400000e+002
  1.1442520e+003  7.5600000e+002
  1.1449960e+003  7.4400000e+002
  1.1457760e+003  7.8000000e+002
  1.1465120e+003  7.3600000e+002
  1.1472720e+003  7.6000000e+002
  1.1480320e+003  7.6000000e+002
  1.1487920e+003  7.6000000e+002
  1.1495520e+003  7.6000000e+002
  1.1502960e+003  7.4400000e+002
  1.1510360e+003  7.4000000e+002
  1.1517960e+003  7.6000000e+002
  1.1525720e+003  7.7600000e+002
  1.1533120e+003  7.4000000e+002
  1.1540760e+003  7.6400000e+002
  1.1548120e+003  7.3600000e+002
  1.1555820e+003  7.7000000e+002
  1.1563520e+003  7.7000000e+002
  1.1571120e+003  7.6000000e+002
  1.1578720e+003  7.6000000e+002
  1.1585920e+003  7.2000000e+002
  1.1593480e+003  7.5600000e+002
  1.1601240e+003  7.7600000e+002
  1.1608920e+003  7.6800000e+002
  1.1616320e+003  7.4000000e+002
  1.1623720e+003  7.4000000e+002
  1.1631320e+003  7.6000000e+002
  1.1638840e+003  7.5200000e+002
  1.1646480e+003  7.6400000e+002
  1.1653760e+003  7.2800000e+002
  1.1661320e+003  7.5600000e+002
  1.1668960e+003  7.6400000e+002
  1.1676480e+003  7.5200000e+002
  1.1683920e+003  7.4400000e+002
  1.1691640e+003  7.7200000e+002
  1.1699120e+003  7.4800000e+002
  1.1706760e+003  7.6400000e+002
  1.1714560e+003  7.8000000e+002
  1.1722120e+003  7.5600000e+002
  1.1729760e+003  7.6400000e+002
  1.1737160e+003  7.4000000e+002
  1.1745000e+003  7.8400000e+002
  1.1752760e+003  7.7600000e+002
  1.1760360e+003  7.6000000e+002
  1.1767880e+003  7.5200000e+002
  1.1775600e+003  7.7200000e+002
  1.1783400e+003  7.8000000e+002
  1.1791040e+003  7.6400000e+002
  1.1798680e+003  7.6400000e+002
  1.1806360e+003  7.6800000e+002
  1.1813880e+003  7.5200000e+002
  1.1821520e+003  7.6400000e+002
  1.1828960e+003  7.4400000e+002
  1.1836480e+003  7.5200000e+002
  1.1843960e+003  7.4800000e+002
  1.1851200e+003  7.2400000e+002
  1.1858960e+003  7.7600000e+002
  1.1866360e+003  7.4000000e+002
  1.1874160e+003  7.8000000e+002
  1.1881760e+003  7.6000000e+002
  1.1889200e+003  7.4400000e+002
  1.1896760e+003  7.5600000e+002
  1.1904320e+003  7.5600000e+002
  1.1912120e+003  7.8000000e+002
  1.1919560e+003  7.4400000e+002
  1.1927000e+003  7.4400000e+002
  1.1934600e+003  7.6000000e+002
  1.1942120e+003  7.5200000e+002
  1.1949640e+003  7.5200000e+002
  1.1957320e+003  7.6800000e+002
  1.1964600e+003  7.2800000e+002
  1.1972200e+003  7.6000000e+002
  1.1980000e+003  7.8000000e+002
  1.1987400e+003  7.4000000e+002
  1.1995000e+003  7.6000000e+002
  1.2002200e+003  7.2000000e+002
  1.2010200e+003  8.0000000e+002
  1.2017400e+003  7.2000000e+002
  1.2025200e+003  7.8000000e+002
  1.2032720e+003  7.5200000e+002
  1.2040120e+003  7.4000000e+002
  1.2047800e+003  7.6800000e+002
  1.2055400e+003  7.6000000e+002
  1.2063000e+003  7.6000000e+002
  1.2070400e+003  7.4000000e+002
  1.2077960e+003  7.5600000e+002
  1.2085800e+003  7.8400000e+002
  1.2093400e+003  7.6000000e+002
  1.2101200e+003  7.8000000e+002
  1.2108800e+003  7.6000000e+002
  1.2116240e+003  7.4400000e+002
  1.2124040e+003  7.8000000e+002
  1.2131600e+003  7.5600000e+002
  1.2139240e+003  7.6400000e+002
  1.2146800e+003  7.5600000e+002
  1.2154360e+003  7.5600000e+002
  1.2162040e+003  7.6800000e+002
  1.2169440e+003  7.4000000e+002
  1.2176800e+003  7.3600000e+002
  1.2184240e+003  7.4400000e+002
  1.2191840e+003  7.6000000e+002
  1.2199360e+003  7.5200000e+002
  1.2206920e+003  7.5600000e+002
  1.2214560e+003  7.6400000e+002
  1.2222040e+003  7.4800000e+002
  1.2229640e+003  7.6000000e+002
  1.2237440e+003  7.8000000e+002
  1.2245040e+003  7.6000000e+002
  1.2252680e+003  7.6400000e+002
  1.2260240e+003  7.5600000e+002
  1.2267840e+003  7.6000000e+002
  1.2275440e+003  7.6000000e+002
  1.2283040e+003  7.6000000e+002
  1.2290640e+003  7.6000000e+002
  1.2298000e+003  7.3600000e+002
  1.2305840e+003  7.8400000e+002
  1.2313440e+003  7.6000000e+002
  1.2320840e+003  7.4000000e+002
  1.2328440e+003  7.6000000e+002
  1.2335760e+003  7.3200000e+002
  1.2343240e+003  7.4800000e+002
  1.2350880e+003  7.6400000e+002
  1.2358560e+003  7.6800000e+002
  1.2366000e+003  7.4400000e+002
  1.2373680e+003  7.6800000e+002
  1.2381480e+003  7.8000000e+002
  1.2389080e+003  7.6000000e+002
  1.2396640e+003  7.5600000e+002
  1.2404240e+003  7.6000000e+002
  1.2412040e+003  7.8000000e+002
  1.2419840e+003  7.8000000e+002
  1.2427360e+003  7.5200000e+002
  1.2434840e+003  7.4800000e+002
  1.2442440e+003  7.6000000e+002
  1.2449640e+003  7.2000000e+002
  1.2457400e+003  7.7600000e+002
  1.2464840e+003  7.4400000e+002
  1.2472480e+003  7.6400000e+002
  1.2479680e+003  7.2000000e+002
  1.2484240e+003  4.5600000e+002
  1.2494960e+003  1.0720000e+003
  1.2502400e+003  7.4400000e+002
  1.2509480e+003  7.0800000e+002
  1.2516480e+003  7.0000000e+002
  1.2523680e+003  7.2000000e+002
  1.2530880e+003  7.2000000e+002
  1.2538280e+003  7.4000000e+002
  1.2545240e+003  6.9600000e+002
  1.2552880e+003  7.6400000e+002
  1.2560440e+003  7.5600000e+002
  1.2567840e+003  7.4000000e+002
  1.2575680e+003  7.8400000e+002
  1.2583240e+003  7.5600000e+002
  1.2590840e+003  7.6000000e+002
  1.2598640e+003  7.8000000e+002
  1.2606240e+003  7.6000000e+002
  1.2613640e+003  7.4000000e+002
  1.2621240e+003  7.6000000e+002
  1.2628680e+003  7.4400000e+002
  1.2636280e+003  7.6000000e+002
  1.2643680e+003  7.4000000e+002
  1.2651280e+003  7.6000000e+002
  1.2658680e+003  7.4000000e+002
  1.2666080e+003  7.4000000e+002
  1.2673720e+003  7.6400000e+002
  1.2681280e+003  7.5600000e+002
  1.2688880e+003  7.6000000e+002
  1.2696480e+003  7.6000000e+002
  1.2703880e+003  7.4000000e+002
  1.2711680e+003  7.8000000e+002
  1.2719080e+003  7.4000000e+002
  1.2726880e+003  7.8000000e+002
  1.2734320e+003  7.4400000e+002
  1.2741680e+003  7.3600000e+002
  1.2749320e+003  7.6400000e+002
  1.2756720e+003  7.4000000e+002
  1.2764320e+003  7.6000000e+002
  1.2771920e+003  7.6000000e+002
  1.2779320e+003  7.4000000e+002
  1.2786920e+003  7.6000000e+002
  1.2794520e+003  7.6000000e+002
  1.2802120e+003  7.6000000e+002
  1.2809760e+003  7.6400000e+002
  1.2817120e+003  7.3600000e+002
  1.2824720e+003  7.6000000e+002
  1.2832320e+003  7.6000000e+002
  1.2839720e+003  7.4000000e+002
  1.2847040e+003  7.3200000e+002
  1.2854480e+003  7.4400000e+002
  1.2861920e+003  7.4400000e+002
  1.2869280e+003  7.3600000e+002
  1.2876720e+003  7.4400000e+002
  1.2884480e+003  7.7600000e+002
  1.2891960e+003  7.4800000e+002
  1.2899720e+003  7.7600000e+002
  1.2907560e+003  7.8400000e+002
  1.2915240e+003  7.6800000e+002
  1.2922920e+003  7.6800000e+002
  1.2930720e+003  7.8000000e+002
  1.2938120e+003  7.4000000e+002
  1.2945720e+003  7.6000000e+002
  1.2953520e+003  7.8000000e+002
  1.2961120e+003  7.6000000e+002
  1.2968520e+003  7.4000000e+002
  1.2976520e+003  8.0000000e+002
  1.2983960e+003  7.4400000e+002
  1.2991560e+003  7.6000000e+002
  1.2999160e+003  7.6000000e+002
  1.3006760e+003  7.6000000e+002
  1.3014560e+003  7.8000000e+002
  1.3022160e+003  7.6000000e+002
  1.3029760e+003  7.6000000e+002
  1.3037360e+003  7.6000000e+002
  1.3044960e+003  7.6000000e+002
  1.3052760e+003  7.8000000e+002
  1.3060160e+003  7.4000000e+002
  1.3067760e+003  7.6000000e+002
  1.3075160e+003  7.4000000e+002
  1.3082960e+003  7.8000000e+002
  1.3090520e+003  7.5600000e+002
  1.3098320e+003  7.8000000e+002
  1.3105920e+003  7.6000000e+002
  1.3113520e+003  7.6000000e+002
  1.3121120e+003  7.6000000e+002
  1.3128760e+003  7.6400000e+002
  1.3136360e+003  7.6000000e+002
  1.3143960e+003  7.6000000e+002
  1.3151560e+003  7.6000000e+002
  1.3159160e+003  7.6000000e+002
  1.3166960e+003  7.8000000e+002
  1.3174360e+003  7.4000000e+002
  1.3181960e+003  7.6000000e+002
  1.3189560e+003  7.6000000e+002
  1.3197160e+003  7.6000000e+002
  1.3204520e+003  7.3600000e+002
  1.3212360e+003  7.8400000e+002
  1.3219760e+003  7.4000000e+002
  1.3227160e+003  7.4000000e+002
  1.3234760e+003  7.6000000e+002
  1.3242360e+003  7.6000000e+002
  1.3249960e+003  7.6000000e+002
  1.3257460e+003  7.5000000e+002
  1.3264960e+003  7.5000000e+002
  1.3272760e+003  7.8000000e+002
  1.3280360e+003  7.6000000e+002
  1.3288360e+003  8.0000000e+002
  1.3295760e+003  7.4000000e+002
  1.3303360e+003  7.6000000e+002
  1.3310960e+003  7.6000000e+002
  1.3318560e+003  7.6000000e+002
  1.3326160e+003  7.6000000e+002
  1.3333720e+003  7.5600000e+002
  1.3341120e+003  7.4000000e+002
  1.3345720e+003  4.6000000e+002
  1.3350920e+003  5.2000000e+002
  1.3356920e+003  6.0000000e+002
  1.3364480e+003  7.5600000e+002
  1.3371720e+003  7.2400000e+002
  1.3379280e+003  7.5600000e+002
  1.3386920e+003  7.6400000e+002
  1.3394720e+003  7.8000000e+002
  1.3402320e+003  7.6000000e+002
  1.3410120e+003  7.8000000e+002
  1.3417520e+003  7.4000000e+002
  1.3425720e+003  8.2000000e+002
  1.3433520e+003  7.8000000e+002
  1.3441520e+003  8.0000000e+002
  1.3449320e+003  7.8000000e+002
  1.3457120e+003  7.8000000e+002
  1.3464920e+003  7.8000000e+002
  1.3472720e+003  7.8000000e+002
  1.3480320e+003  7.6000000e+002
  1.3487720e+003  7.4000000e+002
  1.3494920e+003  7.2000000e+002
  1.3502720e+003  7.8000000e+002
  1.3510320e+003  7.6000000e+002
  1.3517720e+003  7.4000000e+002
  1.3525160e+003  7.4400000e+002
  1.3532740e+003  7.5800000e+002
  1.3540320e+003  7.5800000e+002
  1.3547560e+003  7.2400000e+002
  1.3555160e+003  7.6000000e+002
  1.3562720e+003  7.5600000e+002
  1.3570120e+003  7.4000000e+002
  1.3577720e+003  7.6000000e+002
  1.3585320e+003  7.6000000e+002
  1.3592920e+003  7.6000000e+002
  1.3600320e+003  7.4000000e+002
  1.3608120e+003  7.8000000e+002
  1.3615720e+003  7.6000000e+002
  1.3623520e+003  7.8000000e+002
  1.3631320e+003  7.8000000e+002
  1.3638720e+003  7.4000000e+002
  1.3646520e+003  7.8000000e+002
  1.3654320e+003  7.8000000e+002
  1.3661920e+003  7.6000000e+002
  1.3669720e+003  7.8000000e+002
  1.3677320e+003  7.6000000e+002
  1.3684920e+003  7.6000000e+002
  1.3692520e+003  7.6000000e+002
  1.3700120e+003  7.6000000e+002
  1.3707920e+003  7.8000000e+002
  1.3715320e+003  7.4000000e+002
  1.3722920e+003  7.6000000e+002
  1.3730720e+003  7.8000000e+002
  1.3738320e+003  7.6000000e+002
  1.3745920e+003  7.6000000e+002
  1.3753720e+003  7.8000000e+002
  1.3761120e+003  7.4000000e+002
  1.3768920e+003  7.8000000e+002
  1.3776720e+003  7.8000000e+002
  1.3784280e+003  7.5600000e+002
  1.3791920e+003  7.6400000e+002
  1.3799400e+003  7.4800000e+002
  1.3807120e+003  7.7200000e+002
  1.3814720e+003  7.6000000e+002
  1.3822280e+003  7.5600000e+002
  1.3829680e+003  7.4000000e+002
  1.3837480e+003  7.8000000e+002
  1.3845080e+003  7.6000000e+002
  1.3852880e+003  7.8000000e+002
  1.3860480e+003  7.6000000e+002
  1.3868080e+003  7.6000000e+002
  1.3875680e+003  7.6000000e+002
  1.3883480e+003  7.8000000e+002
  1.3891080e+003  7.6000000e+002
  1.3898680e+003  7.6000000e+002
  1.3906280e+003  7.6000000e+002
  1.3913880e+003  7.6000000e+002
  1.3921640e+003  7.7600000e+002
  1.3929080e+003  7.4400000e+002
  1.3936640e+003  7.5600000e+002
  1.3944240e+003  7.6000000e+002
  1.3951840e+003  7.6000000e+002
  1.3959640e+003  7.8000000e+002
  1.3967240e+003  7.6000000e+002
  1.3974640e+003  7.4000000e+002
  1.3982240e+003  7.6000000e+002
  1.3989840e+003  7.6000000e+002
  1.3997440e+003  7.6000000e+002
  1.4005040e+003  7.6000000e+002
  1.4012440e+003  7.4000000e+002
  1.4020040e+003  7.6000000e+002
  1.4027440e+003  7.4000000e+002
  1.4035080e+003  7.6400000e+002
  1.4042640e+003  7.5600000e+002
  1.4050240e+003  7.6000000e+002
  1.4057640e+003  7.4000000e+002
  1.4065440e+003  7.8000000e+002
  1.4073040e+003  7.6000000e+002
  1.4080640e+003  7.6000000e+002
  1.4088240e+003  7.6000000e+002
  1.4095640e+003  7.4000000e+002
  1.4103240e+003  7.6000000e+002
  1.4110640e+003  7.4000000e+002
  1.4118440e+003  7.8000000e+002
  1.4126040e+003  7.6000000e+002
  1.4133640e+003  7.6000000e+002
  1.4141240e+003  7.6000000e+002
  1.4148840e+003  7.6000000e+002
  1.4156440e+003  7.6000000e+002
  1.4164040e+003  7.6000000e+002
  1.4171840e+003  7.8000000e+002
  1.4179400e+003  7.5600000e+002
  1.4187200e+003  7.8000000e+002
  1.4194640e+003  7.4400000e+002
  1.4202400e+003  7.7600000e+002
  1.4210040e+003  7.6400000e+002
  1.4217640e+003  7.6000000e+002
  1.4225240e+003  7.6000000e+002
  1.4233040e+003  7.8000000e+002
  1.4240800e+003  7.7600000e+002
  1.4248440e+003  7.6400000e+002
  1.4256200e+003  7.7600000e+002
  1.4263840e+003  7.6400000e+002
  1.4271600e+003  7.7600000e+002
  1.4279400e+003  7.8000000e+002
  1.4287040e+003  7.6400000e+002
  1.4294760e+003  7.7200000e+002
  1.4302200e+003  7.4400000e+002
  1.4309800e+003  7.6000000e+002
  1.4317440e+003  7.6400000e+002
  1.4325040e+003  7.6000000e+002
  1.4332600e+003  7.5600000e+002
  1.4340000e+003  7.4000000e+002
  1.4347800e+003  7.8000000e+002
  1.4355600e+003  7.8000000e+002
  1.4363200e+003  7.6000000e+002
  1.4370800e+003  7.6000000e+002
  1.4378200e+003  7.4000000e+002
  1.4386200e+003  8.0000000e+002
  1.4394200e+003  8.0000000e+002
  1.4402000e+003  7.8000000e+002
  1.4409800e+003  7.8000000e+002
  1.4417600e+003  7.8000000e+002
  1.4425520e+003  7.9200000e+002
  1.4433400e+003  7.8800000e+002
  1.4441200e+003  7.8000000e+002
  1.4448960e+003  7.7600000e+002
  1.4456760e+003  7.8000000e+002
  1.4464560e+003  7.8000000e+002
  1.4472160e+003  7.6000000e+002
  1.4480160e+003  8.0000000e+002
  1.4487360e+003  7.2000000e+002
  1.4495360e+003  8.0000000e+002
  1.4503160e+003  7.8000000e+002
  1.4510760e+003  7.6000000e+002
  1.4518360e+003  7.6000000e+002
  1.4525960e+003  7.6000000e+002
  1.4533560e+003  7.6000000e+002
  1.4541160e+003  7.6000000e+002
  1.4548760e+003  7.6000000e+002
  1.4556360e+003  7.6000000e+002
  1.4563760e+003  7.4000000e+002
  1.4571320e+003  7.5600000e+002
  1.4578960e+003  7.6400000e+002
  1.4586560e+003  7.6000000e+002
  1.4594120e+003  7.5600000e+002
  1.4601920e+003  7.8000000e+002
  1.4609920e+003  8.0000000e+002
  1.4617720e+003  7.8000000e+002
  1.4625520e+003  7.8000000e+002
  1.4633120e+003  7.6000000e+002
  1.4640920e+003  7.8000000e+002
  1.4648880e+003  7.9600000e+002
  1.4656520e+003  7.6400000e+002
  1.4664320e+003  7.8000000e+002
  1.4672080e+003  7.7600000e+002
  1.4679880e+003  7.8000000e+002
  1.4687680e+003  7.8000000e+002
  1.4695480e+003  7.8000000e+002
  1.4703080e+003  7.6000000e+002
  1.4710680e+003  7.6000000e+002
  1.4718280e+003  7.6000000e+002
  1.4726000e+003  7.7200000e+002
  1.4733880e+003  7.8800000e+002
  1.4741480e+003  7.6000000e+002
  1.4748880e+003  7.4000000e+002
  1.4756480e+003  7.6000000e+002
  1.4764280e+003  7.8000000e+002
  1.4771880e+003  7.6000000e+002
  1.4779480e+003  7.6000000e+002
  1.4787080e+003  7.6000000e+002
  1.4794440e+003  7.3600000e+002
  1.4802440e+003  8.0000000e+002
  1.4810040e+003  7.6000000e+002
  1.4817640e+003  7.6000000e+002
  1.4825240e+003  7.6000000e+002
  1.4833040e+003  7.8000000e+002
  1.4840840e+003  7.8000000e+002
  1.4848440e+003  7.6000000e+002
  1.4856040e+003  7.6000000e+002
  1.4863640e+003  7.6000000e+002
  1.4871400e+003  7.7600000e+002
  1.4879000e+003  7.6000000e+002
  1.4886600e+003  7.6000000e+002
  1.4894200e+003  7.6000000e+002
  1.4901760e+003  7.5600000e+002
  1.4909160e+003  7.4000000e+002
  1.4916760e+003  7.6000000e+002
  1.4924160e+003  7.4000000e+002
  1.4931960e+003  7.8000000e+002
  1.4939560e+003  7.6000000e+002
  1.4947160e+003  7.6000000e+002
  1.4954760e+003  7.6000000e+002
  1.4962560e+003  7.8000000e+002
  1.4969760e+003  7.2000000e+002
  1.4977360e+003  7.6000000e+002
  1.4984960e+003  7.6000000e+002
  1.4992760e+003  7.8000000e+002
  1.5000480e+003  7.7200000e+002
  1.5007920e+003  7.4400000e+002
  1.5015520e+003  7.6000000e+002
  1.5022920e+003  7.4000000e+002
  1.5030720e+003  7.8000000e+002
  1.5038320e+003  7.6000000e+002
  1.5045720e+003  7.4000000e+002
  1.5053320e+003  7.6000000e+002
  1.5060720e+003  7.4000000e+002
  1.5068520e+003  7.8000000e+002
  1.5076120e+003  7.6000000e+002
  1.5083720e+003  7.6000000e+002
  1.5091280e+003  7.5600000e+002
  1.5098880e+003  7.6000000e+002
  1.5106680e+003  7.8000000e+002
  1.5114080e+003  7.4000000e+002
  1.5121680e+003  7.6000000e+002
  1.5129280e+003  7.6000000e+002
  1.5137080e+003  7.8000000e+002
  1.5144840e+003  7.7600000e+002
  1.5152440e+003  7.6000000e+002
  1.5159960e+003  7.5200000e+002
  1.5167440e+003  7.4800000e+002
  1.5175240e+003  7.8000000e+002
  1.5182640e+003  7.4000000e+002
  1.5190240e+003  7.6000000e+002
  1.5197840e+003  7.6000000e+002
  1.5205440e+003  7.6000000e+002
  1.5213040e+003  7.6000000e+002
  1.5220760e+003  7.7200000e+002
  1.5228160e+003  7.4000000e+002
  1.5236240e+003  8.0800000e+002
  1.5243800e+003  7.5600000e+002
  1.5251600e+003  7.8000000e+002
  1.5259400e+003  7.8000000e+002
  1.5267000e+003  7.6000000e+002
  1.5274800e+003  7.8000000e+002
  1.5282320e+003  7.5200000e+002
  1.5290000e+003  7.6800000e+002
  1.5297600e+003  7.6000000e+002
  1.5305360e+003  7.7600000e+002
  1.5312920e+003  7.5600000e+002
  1.5320600e+003  7.6800000e+002
  1.5328360e+003  7.7600000e+002
  1.5335960e+003  7.6000000e+002
  1.5343760e+003  7.8000000e+002
  1.5351560e+003  7.8000000e+002
  1.5359160e+003  7.6000000e+002
  1.5366760e+003  7.6000000e+002
  1.5374560e+003  7.8000000e+002
  1.5382160e+003  7.6000000e+002
  1.5389760e+003  7.6000000e+002
  1.5397120e+003  7.3600000e+002
  1.5404920e+003  7.8000000e+002
  1.5412520e+003  7.6000000e+002
  1.5420240e+003  7.7200000e+002
  1.5427920e+003  7.6800000e+002
  1.5435720e+003  7.8000000e+002
  1.5443320e+003  7.6000000e+002
  1.5451120e+003  7.8000000e+002
  1.5459080e+003  7.9600000e+002
  1.5467080e+003  8.0000000e+002
  1.5474680e+003  7.6000000e+002
  1.5482480e+003  7.8000000e+002
  1.5490280e+003  7.8000000e+002
  1.5498080e+003  7.8000000e+002
  1.5505880e+003  7.8000000e+002
  1.5513480e+003  7.6000000e+002
  1.5521280e+003  7.8000000e+002
  1.5529080e+003  7.8000000e+002
  1.5536680e+003  7.6000000e+002
  1.5544480e+003  7.8000000e+002
  1.5552240e+003  7.7600000e+002
  1.5560040e+003  7.8000000e+002
  1.5567840e+003  7.8000000e+002
  1.5575840e+003  8.0000000e+002
  1.5583640e+003  7.8000000e+002
  1.5591440e+003  7.8000000e+002
  1.5599040e+003  7.6000000e+002
  1.5606840e+003  7.8000000e+002
  1.5614440e+003  7.6000000e+002
  1.5622240e+003  7.8000000e+002
  1.5629640e+003  7.4000000e+002
  1.5637240e+003  7.6000000e+002
  1.5645000e+003  7.7600000e+002
  1.5652600e+003  7.6000000e+002
  1.5660200e+003  7.6000000e+002
  1.5667800e+003  7.6000000e+002
  1.5675400e+003  7.6000000e+002
  1.5683160e+003  7.7600000e+002
  1.5690960e+003  7.8000000e+002
  1.5698560e+003  7.6000000e+002
  1.5706160e+003  7.6000000e+002
  1.5713760e+003  7.6000000e+002
  1.5721360e+003  7.6000000e+002
  1.5728960e+003  7.6000000e+002
  1.5736720e+003  7.7600000e+002
  1.5744520e+003  7.8000000e+002
  1.5751920e+003  7.4000000e+002
  1.5759520e+003  7.6000000e+002
  1.5767520e+003  8.0000000e+002
  1.5774920e+003  7.4000000e+002
  1.5782520e+003  7.6000000e+002
  1.5790320e+003  7.8000000e+002
  1.5797840e+003  7.5200000e+002
  1.5805520e+003  7.6800000e+002
  1.5813280e+003  7.7600000e+002
  1.5820480e+003  7.2000000e+002
  1.5828320e+003  7.8400000e+002
  1.5835880e+003  7.5600000e+002
  1.5843280e+003  7.4000000e+002
  1.5851080e+003  7.8000000e+002
  1.5858280e+003  7.2000000e+002
  1.5866280e+003  8.0000000e+002
  1.5873880e+003  7.6000000e+002
  1.5881480e+003  7.6000000e+002
  1.5889040e+003  7.5600000e+002
  1.5896640e+003  7.6000000e+002
  1.5904040e+003  7.4000000e+002
  1.5911840e+003  7.8000000e+002
  1.5919160e+003  7.3200000e+002
  1.5927000e+003  7.8400000e+002
  1.5934360e+003  7.3600000e+002
  1.5942200e+003  7.8400000e+002
  1.5950200e+003  8.0000000e+002
  1.5957760e+003  7.5600000e+002
  1.5965800e+003  8.0400000e+002
  1.5973540e+003  7.7400000e+002
  1.5981280e+003  7.7400000e+002
  1.5989320e+003  8.0400000e+002
  1.5996960e+003  7.6400000e+002
  1.6004600e+003  7.6400000e+002
  1.6012160e+003  7.5600000e+002
  1.6019960e+003  7.8000000e+002
  1.6027520e+003  7.5600000e+002
  1.6035160e+003  7.6400000e+002
  1.6042760e+003  7.6000000e+002
  1.6050360e+003  7.6000000e+002
  1.6058160e+003  7.8000000e+002
  1.6065960e+003  7.8000000e+002
  1.6073720e+003  7.7600000e+002
  1.6081480e+003  7.7600000e+002
  1.6089120e+003  7.6400000e+002
  1.6096720e+003  7.6000000e+002
  1.6104720e+003  8.0000000e+002
  1.6112520e+003  7.8000000e+002
  1.6120120e+003  7.6000000e+002
  1.6127680e+003  7.5600000e+002
  1.6135680e+003  8.0000000e+002
  1.6143120e+003  7.4400000e+002
  1.6150880e+003  7.7600000e+002
  1.6158480e+003  7.6000000e+002
  1.6166080e+003  7.6000000e+002
  1.6173600e+003  7.5200000e+002
  1.6181240e+003  7.6400000e+002
  1.6189040e+003  7.8000000e+002
  1.6196440e+003  7.4000000e+002
  1.6204000e+003  7.5600000e+002
  1.6211640e+003  7.6400000e+002
  1.6219200e+003  7.5600000e+002
  1.6226800e+003  7.6000000e+002
  1.6234200e+003  7.4000000e+002
  1.6241800e+003  7.6000000e+002
  1.6249400e+003  7.6000000e+002
  1.6256960e+003  7.5600000e+002
  1.6264600e+003  7.6400000e+002
  1.6272360e+003  7.7600000e+002
  1.6279760e+003  7.4000000e+002
  1.6287560e+003  7.8000000e+002
  1.6295360e+003  7.8000000e+002
  1.6302560e+003  7.2000000e+002
  1.6310360e+003  7.8000000e+002
  1.6317960e+003  7.6000000e+002
  1.6325520e+003  7.5600000e+002
  1.6332960e+003  7.4400000e+002
  1.6340520e+003  7.5600000e+002
  1.6348120e+003  7.6000000e+002
  1.6355720e+003  7.6000000e+002
  1.6363520e+003  7.8000000e+002
  1.6371320e+003  7.8000000e+002
  1.6378920e+003  7.6000000e+002
  1.6386520e+003  7.6000000e+002
  1.6394080e+003  7.5600000e+002
  1.6401680e+003  7.6000000e+002
  1.6409280e+003  7.6000000e+002
  1.6416680e+003  7.4000000e+002
  1.6424080e+003  7.4000000e+002
  1.6431440e+003  7.3600000e+002
  1.6438880e+003  7.4400000e+002
  1.6446240e+003  7.3600000e+002
  1.6453640e+003  7.4000000e+002
  1.6461140e+003  7.5000000e+002
  1.6468640e+003  7.5000000e+002
  1.6476040e+003  7.4000000e+002
  1.6483760e+003  7.7200000e+002
  1.6491400e+003  7.6400000e+002
  1.6499000e+003  7.6000000e+002
  1.6506600e+003  7.6000000e+002
  1.6514400e+003  7.8000000e+002
  1.6522000e+003  7.6000000e+002
  1.6529600e+003  7.6000000e+002
  1.6537160e+003  7.5600000e+002
  1.6544760e+003  7.6000000e+002
  1.6552480e+003  7.7200000e+002
  1.6560160e+003  7.6800000e+002
  1.6567760e+003  7.6000000e+002
  1.6575360e+003  7.6000000e+002
  1.6582860e+003  7.5000000e+002
  1.6590360e+003  7.5000000e+002
  1.6597920e+003  7.5600000e+002
  1.6605320e+003  7.4000000e+002
  1.6612720e+003  7.4000000e+002
  1.6620320e+003  7.6000000e+002
  1.6627920e+003  7.6000000e+002
  1.6635280e+003  7.3600000e+002
  1.6643080e+003  7.8000000e+002
  1.6650680e+003  7.6000000e+002
  1.6658080e+003  7.4000000e+002
  1.6665880e+003  7.8000000e+002
  1.6673440e+003  7.5600000e+002
  1.6680960e+003  7.5200000e+002
  1.6688600e+003  7.6400000e+002
  1.6696000e+003  7.4000000e+002
  1.6703800e+003  7.8000000e+002
  1.6711160e+003  7.3600000e+002
  1.6718760e+003  7.6000000e+002
  1.6726160e+003  7.4000000e+002
  1.6733760e+003  7.6000000e+002
  1.6741360e+003  7.6000000e+002
  1.6749120e+003  7.7600000e+002
  1.6756520e+003  7.4000000e+002
  1.6764120e+003  7.6000000e+002
  1.6771640e+003  7.5200000e+002
  1.6779320e+003  7.6800000e+002
  1.6786680e+003  7.3600000e+002
  1.6794480e+003  7.8000000e+002
  1.6802080e+003  7.6000000e+002
  1.6809680e+003  7.6000000e+002
  1.6817240e+003  7.5600000e+002
  1.6824840e+003  7.6000000e+002
  1.6832440e+003  7.6000000e+002
  1.6840240e+003  7.8000000e+002
  1.6847640e+003  7.4000000e+002
  1.6855400e+003  7.7600000e+002
  1.6863200e+003  7.8000000e+002
  1.6870800e+003  7.6000000e+002
  1.6878360e+003  7.5600000e+002
  1.6886160e+003  7.8000000e+002
  1.6893760e+003  7.6000000e+002
  1.6901560e+003  7.8000000e+002
  1.6909160e+003  7.6000000e+002
  1.6916720e+003  7.5600000e+002
  1.6924320e+003  7.6000000e+002
  1.6932220e+003  7.9000000e+002
  1.6940120e+003  7.9000000e+002
  1.6947880e+003  7.7600000e+002
  1.6955480e+003  7.6000000e+002
  1.6963440e+003  7.9600000e+002
  1.6970840e+003  7.4000000e+002
  1.6978440e+003  7.6000000e+002
  1.6986040e+003  7.6000000e+002
  1.6993400e+003  7.3600000e+002
  1.7000800e+003  7.4000000e+002
  1.7008600e+003  7.8000000e+002
  1.7016200e+003  7.6000000e+002
  1.7023800e+003  7.6000000e+002
  1.7031400e+003  7.6000000e+002
  1.7039160e+003  7.7600000e+002
  1.7046760e+003  7.6000000e+002
  1.7054560e+003  7.8000000e+002
  1.7062120e+003  7.5600000e+002
  1.7069520e+003  7.4000000e+002
  1.7077520e+003  8.0000000e+002
  1.7084920e+003  7.4000000e+002
  1.7092520e+003  7.6000000e+002
  1.7100280e+003  7.7600000e+002
  1.7107480e+003  7.2000000e+002
  1.7115180e+003  7.7000000e+002
  1.7122880e+003  7.7000000e+002
  1.7130280e+003  7.4000000e+002
  1.7137840e+003  7.5600000e+002
  1.7145440e+003  7.6000000e+002
  1.7153040e+003  7.6000000e+002
  1.7160800e+003  7.7600000e+002
  1.7168200e+003  7.4000000e+002
  1.7175600e+003  7.4000000e+002
  1.7183200e+003  7.6000000e+002
  1.7190960e+003  7.7600000e+002
  1.7198560e+003  7.6000000e+002
  1.7206160e+003  7.6000000e+002
  1.7213720e+003  7.5600000e+002
  1.7221120e+003  7.4000000e+002
  1.7228920e+003  7.8000000e+002
  1.7236680e+003  7.7600000e+002
  1.7244280e+003  7.6000000e+002
  1.7251880e+003  7.6000000e+002
  1.7259400e+003  7.5200000e+002
  1.7267040e+003  7.6400000e+002
  1.7274640e+003  7.6000000e+002
  1.7282240e+003  7.6000000e+002
  1.7289840e+003  7.6000000e+002
  1.7297400e+003  7.5600000e+002
  1.7304800e+003  7.4000000e+002
  1.7312400e+003  7.6000000e+002
  1.7320000e+003  7.6000000e+002
  1.7327560e+003  7.5600000e+002
  1.7334960e+003  7.4000000e+002
  1.7342760e+003  7.8000000e+002
  1.7350360e+003  7.6000000e+002
  1.7357940e+003  7.5800000e+002
  1.7365520e+003  7.5800000e+002
  1.7373120e+003  7.6000000e+002
  1.7380720e+003  7.6000000e+002
  1.7388480e+003  7.7600000e+002
  1.7396080e+003  7.6000000e+002
  1.7403520e+003  7.4400000e+002
  1.7411080e+003  7.5600000e+002
  1.7418680e+003  7.6000000e+002
  1.7426480e+003  7.8000000e+002
  1.7434040e+003  7.5600000e+002
  1.7441440e+003  7.4000000e+002
  1.7449240e+003  7.8000000e+002
  1.7456840e+003  7.6000000e+002
  1.7464600e+003  7.7600000e+002
  1.7472040e+003  7.4400000e+002
  1.7479800e+003  7.7600000e+002
  1.7487200e+003  7.4000000e+002
  1.7494560e+003  7.3600000e+002
  1.7502360e+003  7.8000000e+002
  1.7509960e+003  7.6000000e+002
  1.7517560e+003  7.6000000e+002
  1.7524760e+003  7.2000000e+002
  1.7532560e+003  7.8000000e+002
  1.7540120e+003  7.5600000e+002
  1.7547720e+003  7.6000000e+002
  1.7555320e+003  7.6000000e+002
  1.7562880e+003  7.5600000e+002
  1.7570320e+003  7.4400000e+002
  1.7578080e+003  7.7600000e+002
  1.7585680e+003  7.6000000e+002
  1.7593080e+003  7.4000000e+002
  1.7600880e+003  7.8000000e+002
  1.7608480e+003  7.6000000e+002
  1.7616040e+003  7.5600000e+002
  1.7623680e+003  7.6400000e+002
  1.7631240e+003  7.5600000e+002
  1.7638840e+003  7.6000000e+002
  1.7646440e+003  7.6000000e+002
  1.7654040e+003  7.6000000e+002
  1.7661800e+003  7.7600000e+002
  1.7669400e+003  7.6000000e+002
  1.7677000e+003  7.6000000e+002
  1.7684800e+003  7.8000000e+002
  1.7692560e+003  7.7600000e+002
  1.7700160e+003  7.6000000e+002
  1.7707960e+003  7.8000000e+002
  1.7715560e+003  7.6000000e+002
  1.7723120e+003  7.5600000e+002
  1.7730720e+003  7.6000000e+002
  1.7738320e+003  7.6000000e+002
  1.7745920e+003  7.6000000e+002
  1.7753480e+003  7.5600000e+002
  1.7761080e+003  7.6000000e+002
  1.7768680e+003  7.6000000e+002
  1.7776280e+003  7.6000000e+002
  1.7783840e+003  7.5600000e+002
  1.7791440e+003  7.6000000e+002
  1.7799240e+003  7.8000000e+002
  1.7807040e+003  7.8000000e+002
  1.7814640e+003  7.6000000e+002
  1.7822400e+003  7.7600000e+002
  1.7830000e+003  7.6000000e+002
  1.7837600e+003  7.6000000e+002
  1.7845200e+003  7.6000000e+002
  1.7852800e+003  7.6000000e+002
  1.7860200e+003  7.4000000e+002
  1.7867760e+003  7.5600000e+002
  1.7875360e+003  7.6000000e+002
  1.7883160e+003  7.8000000e+002
  1.7890760e+003  7.6000000e+002
  1.7898360e+003  7.6000000e+002
  1.7905920e+003  7.5600000e+002
  1.7913520e+003  7.6000000e+002
  1.7920920e+003  7.4000000e+002
  1.7928720e+003  7.8000000e+002
  1.7936120e+003  7.4000000e+002
  1.7943480e+003  7.3600000e+002
  1.7951280e+003  7.8000000e+002
  1.7958680e+003  7.4000000e+002
  1.7966080e+003  7.4000000e+002
  1.7973680e+003  7.6000000e+002
