  1.7080000e+000  7.8800000e+002
  2.4960000e+000  7.8800000e+002
  3.2760000e+000  7.8000000e+002
  4.0560000e+000  7.8000000e+002
  4.8360000e+000  7.8000000e+002
  5.6120000e+000  7.7600000e+002
  6.3920000e+000  7.8000000e+002
  7.1800000e+000  7.8800000e+002
  7.9480000e+000  7.6800000e+002
  8.7240000e+000  7.7600000e+002
  9.4960000e+000  7.7200000e+002
  1.0272000e+001  7.7600000e+002
  1.0744000e+001  4.7200000e+002
  1.1632000e+001  8.8800000e+002
  1.2448000e+001  8.1600000e+002
  1.3260000e+001  8.1200000e+002
  1.4032000e+001  7.7200000e+002
  1.4840000e+001  8.0800000e+002
  1.5624000e+001  7.8400000e+002
  1.6408000e+001  7.8400000e+002
  1.7192000e+001  7.8400000e+002
  1.7980000e+001  7.8800000e+002
  1.8756000e+001  7.7600000e+002
  1.9528000e+001  7.7200000e+002
  2.0296000e+001  7.6800000e+002
  2.1068000e+001  7.7200000e+002
  2.1848000e+001  7.8000000e+002
  2.2592000e+001  7.4400000e+002
  2.3388000e+001  7.9600000e+002
  2.4152000e+001  7.6400000e+002
  2.4936000e+001  7.8400000e+002
  2.5696000e+001  7.6000000e+002
  2.6336000e+001  6.4000000e+002
  2.7256000e+001  9.2000000e+002
  2.8028000e+001  7.7200000e+002
  2.8808000e+001  7.8000000e+002
  2.9572000e+001  7.6400000e+002
  3.0348000e+001  7.7600000e+002
  3.1124000e+001  7.7600000e+002
  3.1892000e+001  7.6800000e+002
  3.2660000e+001  7.6800000e+002
  3.3448000e+001  7.8800000e+002
  3.4208000e+001  7.6000000e+002
  3.4972000e+001  7.6400000e+002
  3.5748000e+001  7.7600000e+002
  3.6544000e+001  7.9600000e+002
  3.7304000e+001  7.6000000e+002
  3.8108000e+001  8.0400000e+002
  3.8884000e+001  7.7600000e+002
  3.9640000e+001  7.5600000e+002
  4.0428000e+001  7.8800000e+002
  4.1168000e+001  7.4000000e+002
  4.1976000e+001  8.0800000e+002
  4.2760000e+001  7.8400000e+002
  4.3528000e+001  7.6800000e+002
  4.4304000e+001  7.7600000e+002
  4.5080000e+001  7.7600000e+002
  4.5852000e+001  7.7200000e+002
  4.6604000e+001  7.5200000e+002
  4.7396000e+001  7.9200000e+002
  4.8176000e+001  7.8000000e+002
  4.8944000e+001  7.6800000e+002
  4.9720000e+001  7.7600000e+002
  5.0484000e+001  7.6400000e+002
  5.1260000e+001  7.7600000e+002
  5.2004000e+001  7.4400000e+002
  5.2784000e+001  7.8000000e+002
  5.3568000e+001  7.8400000e+002
  5.4340000e+001  7.7200000e+002
  5.5108000e+001  7.6800000e+002
  5.5888000e+001  7.8000000e+002
  5.6648000e+001  7.6000000e+002
  5.7432000e+001  7.8400000e+002
  5.8200000e+001  7.6800000e+002
  5.8972000e+001  7.7200000e+002
  5.9740000e+001  7.6800000e+002
  6.0520000e+001  7.8000000e+002
  6.1300000e+001  7.8000000e+002
  6.2068000e+001  7.6800000e+002
  6.2844000e+001  7.7600000e+002
  6.3620000e+001  7.7600000e+002
  6.4392000e+001  7.7200000e+002
  6.5168000e+001  7.7600000e+002
  6.5948000e+001  7.8000000e+002
  6.6704000e+001  7.5600000e+002
  6.7488000e+001  7.8400000e+002
  6.8268000e+001  7.8000000e+002
  6.9044000e+001  7.7600000e+002
  6.9820000e+001  7.7600000e+002
  7.0592000e+001  7.7200000e+002
  7.1368000e+001  7.7600000e+002
  7.2144000e+001  7.7600000e+002
  7.2924000e+001  7.8000000e+002
  7.3680000e+001  7.5600000e+002
  7.4452000e+001  7.7200000e+002
  7.5244000e+001  7.9200000e+002
  7.6016000e+001  7.7200000e+002
  7.6796000e+001  7.8000000e+002
  7.7564000e+001  7.6800000e+002
  7.8332000e+001  7.6800000e+002
  7.9108000e+001  7.7600000e+002
  7.9888000e+001  7.8000000e+002
  8.0652000e+001  7.6400000e+002
  8.1428000e+001  7.7600000e+002
  8.2196000e+001  7.6800000e+002
  8.2960000e+001  7.6400000e+002
  8.3740000e+001  7.8000000e+002
  8.4512000e+001  7.7200000e+002
  8.5272000e+001  7.6000000e+002
  8.6056000e+001  7.8400000e+002
  8.6836000e+001  7.8000000e+002
  8.7616000e+001  7.8000000e+002
  8.8384000e+001  7.6800000e+002
  8.9156000e+001  7.7200000e+002
  8.9972000e+001  8.1600000e+002
  9.0704000e+001  7.3200000e+002
  9.1480000e+001  7.7600000e+002
  9.2260000e+001  7.8000000e+002
  9.3028000e+001  7.6800000e+002
  9.3800000e+001  7.7200000e+002
  9.4568000e+001  7.6800000e+002
  9.5344000e+001  7.7600000e+002
  9.6124000e+001  7.8000000e+002
  9.6896000e+001  7.7200000e+002
  9.7676000e+001  7.8000000e+002
  9.8456000e+001  7.8000000e+002
  9.9224000e+001  7.6800000e+002
  1.0000000e+002  7.7600000e+002
  1.0078400e+002  7.8400000e+002
  1.0155600e+002  7.7200000e+002
  1.0232400e+002  7.6800000e+002
  1.0291600e+002  5.9200000e+002
  1.0388800e+002  9.7200000e+002
  1.0468800e+002  8.0000000e+002
  1.0546000e+002  7.7200000e+002
  1.0624400e+002  7.8400000e+002
  1.0703600e+002  7.9200000e+002
  1.0784800e+002  8.1200000e+002
  1.0862800e+002  7.8000000e+002
  1.0942800e+002  8.0000000e+002
  1.1019600e+002  7.6800000e+002
  1.1100800e+002  8.1200000e+002
  1.1180800e+002  8.0000000e+002
  1.1260000e+002  7.9200000e+002
  1.1337600e+002  7.7600000e+002
  1.1417600e+002  8.0000000e+002
  1.1495600e+002  7.8000000e+002
  1.1574800e+002  7.9200000e+002
  1.1652400e+002  7.7600000e+002
  1.1730000e+002  7.7600000e+002
  1.1806800e+002  7.6800000e+002
  1.1883600e+002  7.6800000e+002
  1.1960800e+002  7.7200000e+002
  1.2040000e+002  7.9200000e+002
  1.2118000e+002  7.8000000e+002
  1.2194400e+002  7.6400000e+002
  1.2272000e+002  7.7600000e+002
  1.2348800e+002  7.6800000e+002
  1.2426400e+002  7.7600000e+002
  1.2504000e+002  7.7600000e+002
  1.2580800e+002  7.6800000e+002
  1.2656800e+002  7.6000000e+002
  1.2736000e+002  7.9200000e+002
  1.2812800e+002  7.6800000e+002
  1.2890400e+002  7.7600000e+002
  1.2967200e+002  7.6800000e+002
  1.3043600e+002  7.6400000e+002
  1.3122800e+002  7.9200000e+002
  1.3198000e+002  7.5200000e+002
  1.3277600e+002  7.9600000e+002
  1.3354400e+002  7.6800000e+002
  1.3432400e+002  7.8000000e+002
  1.3510000e+002  7.7600000e+002
  1.3586800e+002  7.6800000e+002
  1.3653200e+002  6.6400000e+002
  1.3740000e+002  8.6800000e+002
  1.3817600e+002  7.7600000e+002
  1.3897200e+002  7.9600000e+002
  1.3974000e+002  7.6800000e+002
  1.4054000e+002  8.0000000e+002
  1.4107600e+002  5.3600000e+002
  1.4208400e+002  1.0080000e+003
  1.4286400e+002  7.8000000e+002
  1.4364000e+002  7.7600000e+002
  1.4442000e+002  7.8000000e+002
  1.4519600e+002  7.7600000e+002
  1.4595200e+002  7.5600000e+002
  1.4674800e+002  7.9600000e+002
  1.4752800e+002  7.8000000e+002
  1.4829600e+002  7.6800000e+002
  1.4908800e+002  7.9200000e+002
  1.4987200e+002  7.8400000e+002
  1.5066000e+002  7.8800000e+002
  1.5142800e+002  7.6800000e+002
  1.5221600e+002  7.8800000e+002
  1.5299600e+002  7.8000000e+002
  1.5378000e+002  7.8400000e+002
  1.5456400e+002  7.8400000e+002
  1.5532800e+002  7.6400000e+002
  1.5611600e+002  7.8800000e+002
  1.5689200e+002  7.7600000e+002
  1.5766800e+002  7.7600000e+002
  1.5844800e+002  7.8000000e+002
  1.5922400e+002  7.7600000e+002
  1.6001200e+002  7.8800000e+002
  1.6076800e+002  7.5600000e+002
  1.6157200e+002  8.0400000e+002
  1.6235200e+002  7.8000000e+002
  1.6313200e+002  7.8000000e+002
  1.6390400e+002  7.7200000e+002
  1.6468800e+002  7.8400000e+002
  1.6545600e+002  7.6800000e+002
  1.6622000e+002  7.6400000e+002
  1.6698800e+002  7.6800000e+002
  1.6778400e+002  7.9600000e+002
  1.6856400e+002  7.8000000e+002
  1.6932800e+002  7.6400000e+002
  1.7010400e+002  7.7600000e+002
  1.7088400e+002  7.8000000e+002
  1.7138000e+002  4.9600000e+002
  1.7232800e+002  9.4800000e+002
  1.7282400e+002  4.9600000e+002
  1.7371200e+002  8.8800000e+002
  1.7454400e+002  8.3200000e+002
  1.7532800e+002  7.8400000e+002
  1.7614400e+002  8.1600000e+002
  1.7692800e+002  7.8400000e+002
  1.7770400e+002  7.7600000e+002
  1.7848400e+002  7.8000000e+002
  1.7925200e+002  7.6800000e+002
  1.8002000e+002  7.6800000e+002
  1.8082400e+002  8.0400000e+002
  1.8157600e+002  7.5200000e+002
  1.8235200e+002  7.7600000e+002
  1.8313600e+002  7.8400000e+002
  1.8391200e+002  7.7600000e+002
  1.8468800e+002  7.7600000e+002
  1.8546800e+002  7.8000000e+002
  1.8624000e+002  7.7200000e+002
  1.8698800e+002  7.4800000e+002
  1.8778800e+002  8.0000000e+002
  1.8856800e+002  7.8000000e+002
  1.8934400e+002  7.7600000e+002
  1.9011600e+002  7.7200000e+002
  1.9089600e+002  7.8000000e+002
  1.9136800e+002  4.7200000e+002
  1.9225600e+002  8.8800000e+002
  1.9308000e+002  8.2400000e+002
  1.9389200e+002  8.1200000e+002
  1.9467600e+002  7.8400000e+002
  1.9549200e+002  8.1600000e+002
  1.9627200e+002  7.8000000e+002
  1.9704800e+002  7.7600000e+002
  1.9766400e+002  6.1600000e+002
  1.9862400e+002  9.6000000e+002
  1.9943600e+002  8.1200000e+002
  2.0021600e+002  7.8000000e+002
  2.0098800e+002  7.7200000e+002
  2.0176400e+002  7.7600000e+002
  2.0253600e+002  7.7200000e+002
  2.0330400e+002  7.6800000e+002
  2.0409600e+002  7.9200000e+002
  2.0487600e+002  7.8000000e+002
  2.0565600e+002  7.8000000e+002
  2.0641200e+002  7.5600000e+002
  2.0722000e+002  8.0800000e+002
  2.0798400e+002  7.6400000e+002
  2.0876800e+002  7.8400000e+002
  2.0954400e+002  7.7600000e+002
  2.1030800e+002  7.6400000e+002
  2.1109200e+002  7.8400000e+002
  2.1188000e+002  7.8800000e+002
  2.1254000e+002  6.6000000e+002
  2.1297600e+002  4.3600000e+002
  2.1341200e+002  4.3600000e+002
  2.1421600e+002  8.0400000e+002
  2.1498800e+002  7.7200000e+002
  2.1576800e+002  7.8000000e+002
  2.1652400e+002  7.5600000e+002
  2.1732000e+002  7.9600000e+002
  2.1810800e+002  7.8800000e+002
  2.1888000e+002  7.7200000e+002
  2.1966000e+002  7.8000000e+002
  2.2040400e+002  7.4400000e+002
  2.2122000e+002  8.1600000e+002
  2.2198400e+002  7.6400000e+002
  2.2277200e+002  7.8800000e+002
  2.2354000e+002  7.6800000e+002
  2.2431600e+002  7.7600000e+002
  2.2509600e+002  7.8000000e+002
  2.2588000e+002  7.8400000e+002
  2.2664800e+002  7.6800000e+002
  2.2741200e+002  7.6400000e+002
  2.2820400e+002  7.9200000e+002
  2.2898000e+002  7.7600000e+002
  2.2975600e+002  7.7600000e+002
  2.3052800e+002  7.7200000e+002
  2.3131600e+002  7.8800000e+002
  2.3209600e+002  7.8000000e+002
  2.3286400e+002  7.6800000e+002
  2.3363600e+002  7.7200000e+002
  2.3441200e+002  7.7600000e+002
  2.3519600e+002  7.8400000e+002
  2.3596800e+002  7.7200000e+002
  2.3673600e+002  7.6800000e+002
  2.3752400e+002  7.8800000e+002
  2.3828400e+002  7.6000000e+002
  2.3908000e+002  7.9600000e+002
  2.3985200e+002  7.7200000e+002
  2.4063200e+002  7.8000000e+002
  2.4141600e+002  7.8400000e+002
  2.4218800e+002  7.7200000e+002
  2.4296800e+002  7.8000000e+002
  2.4375200e+002  7.8400000e+002
  2.4452000e+002  7.6800000e+002
  2.4530400e+002  7.8400000e+002
  2.4607600e+002  7.7200000e+002
  2.4686000e+002  7.8400000e+002
  2.4764000e+002  7.8000000e+002
  2.4841600e+002  7.7600000e+002
  2.4919200e+002  7.7600000e+002
  2.4994800e+002  7.5600000e+002
  2.5074400e+002  7.9600000e+002
  2.5152400e+002  7.8000000e+002
  2.5230000e+002  7.7600000e+002
  2.5308800e+002  7.8800000e+002
  2.5386400e+002  7.7600000e+002
  2.5463200e+002  7.6800000e+002
  2.5542800e+002  7.9600000e+002
  2.5619600e+002  7.6800000e+002
  2.5698400e+002  7.8800000e+002
  2.5776400e+002  7.8000000e+002
  2.5854000e+002  7.7600000e+002
  2.5932800e+002  7.8800000e+002
  2.6010800e+002  7.8000000e+002
  2.6072800e+002  6.2000000e+002
  2.6167200e+002  9.4400000e+002
  2.6245600e+002  7.8400000e+002
  2.6324000e+002  7.8400000e+002
  2.6402400e+002  7.8400000e+002
  2.6481600e+002  7.9200000e+002
  2.6559200e+002  7.7600000e+002
  2.6637600e+002  7.8400000e+002
  2.6715600e+002  7.8000000e+002
  2.6794800e+002  7.9200000e+002
  2.6872400e+002  7.7600000e+002
  2.6949200e+002  7.6800000e+002
  2.7004000e+002  5.4800000e+002
  2.7104800e+002  1.0080000e+003
  2.7184400e+002  7.9600000e+002
  2.7262800e+002  7.8400000e+002
  2.7341200e+002  7.8400000e+002
  2.7404000e+002  6.2800000e+002
  2.7497600e+002  9.3600000e+002
  2.7576400e+002  7.8800000e+002
  2.7653200e+002  7.6800000e+002
  2.7732400e+002  7.9200000e+002
  2.7810800e+002  7.8400000e+002
  2.7888800e+002  7.8000000e+002
  2.7939600e+002  5.0800000e+002
  2.8010000e+002  7.0400000e+002
  2.8102400e+002  9.2400000e+002
  2.8187200e+002  8.4800000e+002
  2.8264800e+002  7.7600000e+002
  2.8347200e+002  8.2400000e+002
  2.8426400e+002  7.9200000e+002
  2.8505200e+002  7.8800000e+002
  2.8584800e+002  7.9600000e+002
  2.8664000e+002  7.9200000e+002
  2.8741200e+002  7.7200000e+002
  2.8820800e+002  7.9600000e+002
  2.8899600e+002  7.8800000e+002
  2.8977200e+002  7.7600000e+002
  2.9056400e+002  7.9200000e+002
  2.9132800e+002  7.6400000e+002
  2.9212800e+002  8.0000000e+002
  2.9291600e+002  7.8800000e+002
  2.9370800e+002  7.9200000e+002
  2.9448400e+002  7.7600000e+002
  2.9527200e+002  7.8800000e+002
  2.9605600e+002  7.8400000e+002
  2.9685200e+002  7.9600000e+002
  2.9763600e+002  7.8400000e+002
  2.9842800e+002  7.9200000e+002
  2.9918400e+002  7.5600000e+002
  3.0000000e+002  8.1600000e+002
  3.0078400e+002  7.8400000e+002
  3.0158000e+002  7.9600000e+002
  3.0234000e+002  7.6000000e+002
  3.0313600e+002  7.9600000e+002
  3.0392400e+002  7.8800000e+002
  3.0470000e+002  7.7600000e+002
  3.0548800e+002  7.8800000e+002
  3.0626800e+002  7.8000000e+002
  3.0703600e+002  7.6800000e+002
  3.0783600e+002  8.0000000e+002
  3.0863200e+002  7.9600000e+002
  3.0941200e+002  7.8000000e+002
  3.1020000e+002  7.8800000e+002
  3.1098800e+002  7.8800000e+002
  3.1176800e+002  7.8000000e+002
  3.1255200e+002  7.8400000e+002
  3.1334000e+002  7.8800000e+002
  3.1412000e+002  7.8000000e+002
  3.1491200e+002  7.9200000e+002
  3.1568800e+002  7.7600000e+002
  3.1646800e+002  7.8000000e+002
  3.1725200e+002  7.8400000e+002
  3.1803600e+002  7.8400000e+002
  3.1881600e+002  7.8000000e+002
  3.1959600e+002  7.8000000e+002
  3.2039600e+002  8.0000000e+002
  3.2117200e+002  7.7600000e+002
  3.2196000e+002  7.8800000e+002
  3.2272800e+002  7.6800000e+002
  3.2352000e+002  7.9200000e+002
  3.2432800e+002  8.0800000e+002
  3.2510400e+002  7.7600000e+002
  3.2589200e+002  7.8800000e+002
  3.2667200e+002  7.8000000e+002
  3.2746000e+002  7.8800000e+002
  3.2824800e+002  7.8800000e+002
  3.2902400e+002  7.7600000e+002
  3.2981600e+002  7.9200000e+002
  3.3060800e+002  7.9200000e+002
  3.3138800e+002  7.8000000e+002
  3.3189600e+002  5.0800000e+002
  3.3286000e+002  9.6400000e+002
  3.3368400e+002  8.2400000e+002
  3.3448400e+002  8.0000000e+002
  3.3529600e+002  8.1200000e+002
  3.3610000e+002  8.0400000e+002
  3.3657200e+002  4.7200000e+002
  3.3746800e+002  8.9600000e+002
  3.3830800e+002  8.4000000e+002
  3.3912000e+002  8.1200000e+002
  3.3992400e+002  8.0400000e+002
  3.4072400e+002  8.0000000e+002
  3.4151200e+002  7.8800000e+002
  3.4232400e+002  8.1200000e+002
  3.4311600e+002  7.9200000e+002
  3.4390800e+002  7.9200000e+002
  3.4469600e+002  7.8800000e+002
  3.4548400e+002  7.8800000e+002
  3.4627200e+002  7.8800000e+002
  3.4707200e+002  8.0000000e+002
  3.4785600e+002  7.8400000e+002
  3.4861600e+002  7.6000000e+002
  3.4943200e+002  8.1600000e+002
  3.5021600e+002  7.8400000e+002
  3.5100800e+002  7.9200000e+002
  3.5181200e+002  8.0400000e+002
  3.5257200e+002  7.6000000e+002
  3.5337200e+002  8.0000000e+002
  3.5414000e+002  7.6800000e+002
  3.5493200e+002  7.9200000e+002
  3.5573600e+002  8.0400000e+002
  3.5650800e+002  7.7200000e+002
  3.5732400e+002  8.1600000e+002
  3.5810000e+002  7.7600000e+002
  3.5889200e+002  7.9200000e+002
  3.5967600e+002  7.8400000e+002
  3.6047600e+002  8.0000000e+002
  3.6125600e+002  7.8000000e+002
  3.6205600e+002  8.0000000e+002
  3.6283200e+002  7.7600000e+002
  3.6364400e+002  8.1200000e+002
  3.6443600e+002  7.9200000e+002
  3.6495600e+002  5.2000000e+002
  3.6587600e+002  9.2000000e+002
  3.6675200e+002  8.7600000e+002
  3.6757600e+002  8.2400000e+002
  3.6838000e+002  8.0400000e+002
  3.6918800e+002  8.0800000e+002
  3.7000400e+002  8.1600000e+002
  3.7079200e+002  7.8800000e+002
  3.7160400e+002  8.1200000e+002
  3.7240400e+002  8.0000000e+002
  3.7320800e+002  8.0400000e+002
  3.7400000e+002  7.9200000e+002
  3.7480800e+002  8.0800000e+002
  3.7557600e+002  7.6800000e+002
  3.7639600e+002  8.2000000e+002
  3.7720000e+002  8.0400000e+002
  3.7794800e+002  7.4800000e+002
  3.7878800e+002  8.4000000e+002
  3.7959200e+002  8.0400000e+002
  3.8038000e+002  7.8800000e+002
  3.8117200e+002  7.9200000e+002
  3.8196800e+002  7.9600000e+002
  3.8277200e+002  8.0400000e+002
  3.8356800e+002  7.9600000e+002
  3.8436000e+002  7.9200000e+002
  3.8514400e+002  7.8400000e+002
  3.8595200e+002  8.0800000e+002
  3.8676000e+002  8.0800000e+002
  3.8754000e+002  7.8000000e+002
  3.8834000e+002  8.0000000e+002
  3.8911600e+002  7.7600000e+002
  3.8992800e+002  8.1200000e+002
  3.9071600e+002  7.8800000e+002
  3.9151600e+002  8.0000000e+002
  3.9230400e+002  7.8800000e+002
  3.9309600e+002  7.9200000e+002
  3.9387200e+002  7.7600000e+002
  3.9467200e+002  8.0000000e+002
  3.9547600e+002  8.0400000e+002
  3.9626400e+002  7.8800000e+002
  3.9706000e+002  7.9600000e+002
  3.9785200e+002  7.9200000e+002
  3.9864800e+002  7.9600000e+002
  3.9942000e+002  7.7200000e+002
  4.0022800e+002  8.0800000e+002
  4.0102000e+002  7.9200000e+002
  4.0181600e+002  7.9600000e+002
  4.0260800e+002  7.9200000e+002
  4.0338400e+002  7.7600000e+002
  4.0418400e+002  8.0000000e+002
  4.0494400e+002  7.6000000e+002
  4.0574800e+002  8.0400000e+002
  4.0651600e+002  7.6800000e+002
  4.0731600e+002  8.0000000e+002
  4.0810400e+002  7.8800000e+002
  4.0888000e+002  7.7600000e+002
  4.0967200e+002  7.9200000e+002
  4.1046400e+002  7.9200000e+002
  4.1125600e+002  7.9200000e+002
  4.1202400e+002  7.6800000e+002
  4.1282400e+002  8.0000000e+002
  4.1360800e+002  7.8400000e+002
  4.1438400e+002  7.7600000e+002
  4.1518000e+002  7.9600000e+002
  4.1598800e+002  8.0800000e+002
  4.1678800e+002  8.0000000e+002
  4.1759200e+002  8.0400000e+002
  4.1838000e+002  7.8800000e+002
  4.1917600e+002  7.9600000e+002
  4.1996800e+002  7.9200000e+002
  4.2076000e+002  7.9200000e+002
  4.2153600e+002  7.7600000e+002
  4.2234400e+002  8.0800000e+002
  4.2314800e+002  8.0400000e+002
  4.2393200e+002  7.8400000e+002
  4.2472400e+002  7.9200000e+002
  4.2549200e+002  7.6800000e+002
  4.2631200e+002  8.2000000e+002
  4.2710400e+002  7.9200000e+002
  4.2790000e+002  7.9600000e+002
  4.2869200e+002  7.9200000e+002
  4.2947200e+002  7.8000000e+002
  4.3028800e+002  8.1600000e+002
  4.3109200e+002  8.0400000e+002
  4.3189200e+002  8.0000000e+002
  4.3268400e+002  7.9200000e+002
  4.3347600e+002  7.9200000e+002
  4.3425200e+002  7.7600000e+002
  4.3507600e+002  8.2400000e+002
  4.3587200e+002  7.9600000e+002
  4.3667200e+002  8.0000000e+002
  4.3746400e+002  7.9200000e+002
  4.3825200e+002  7.8800000e+002
  4.3905200e+002  8.0000000e+002
  4.3984400e+002  7.9200000e+002
  4.4062800e+002  7.8400000e+002
  4.4142000e+002  7.9200000e+002
  4.4224000e+002  8.2000000e+002
  4.4304400e+002  8.0400000e+002
  4.4384000e+002  7.9600000e+002
  4.4464400e+002  8.0400000e+002
  4.4544400e+002  8.0000000e+002
  4.4624000e+002  7.9600000e+002
  4.4703200e+002  7.9200000e+002
  4.4782800e+002  7.9600000e+002
  4.4862400e+002  7.9600000e+002
  4.4942400e+002  8.0000000e+002
  4.5021200e+002  7.8800000e+002
  4.5100800e+002  7.9600000e+002
  4.5148400e+002  4.7600000e+002
  4.5234800e+002  8.6400000e+002
  4.5321600e+002  8.6800000e+002
  4.5404400e+002  8.2800000e+002
  4.5484400e+002  8.0000000e+002
  4.5565600e+002  8.1200000e+002
  4.5646000e+002  8.0400000e+002
  4.5725200e+002  7.9200000e+002
  4.5804000e+002  7.8800000e+002
  4.5884000e+002  8.0000000e+002
  4.5965200e+002  8.1200000e+002
  4.6044800e+002  7.9600000e+002
  4.6124800e+002  8.0000000e+002
  4.6204800e+002  8.0000000e+002
  4.6284000e+002  7.9200000e+002
  4.6362800e+002  7.8800000e+002
  4.6443200e+002  8.0400000e+002
  4.6522800e+002  7.9600000e+002
  4.6602800e+002  8.0000000e+002
  4.6682000e+002  7.9200000e+002
  4.6760400e+002  7.8400000e+002
  4.6839600e+002  7.9200000e+002
  4.6920400e+002  8.0800000e+002
  4.6999600e+002  7.9200000e+002
  4.7079600e+002  8.0000000e+002
  4.7158400e+002  7.8800000e+002
  4.7237600e+002  7.9200000e+002
  4.7315200e+002  7.7600000e+002
  4.7397200e+002  8.2000000e+002
  4.7474400e+002  7.7200000e+002
  4.7553600e+002  7.9200000e+002
  4.7634800e+002  8.1200000e+002
  4.7713600e+002  7.8800000e+002
  4.7792800e+002  7.9200000e+002
  4.7861600e+002  6.8800000e+002
  4.7951200e+002  8.9600000e+002
  4.8030400e+002  7.9200000e+002
  4.8110400e+002  8.0000000e+002
  4.8189200e+002  7.8800000e+002
  4.8268400e+002  7.9200000e+002
  4.8334800e+002  6.6400000e+002
  4.8427200e+002  9.2400000e+002
  4.8507200e+002  8.0000000e+002
  4.8586800e+002  7.9600000e+002
  4.8664800e+002  7.8000000e+002
  4.8745200e+002  8.0400000e+002
  4.8824800e+002  7.9600000e+002
  4.8904000e+002  7.9200000e+002
  4.8983600e+002  7.9600000e+002
  4.9063600e+002  8.0000000e+002
  4.9127200e+002  6.3600000e+002
  4.9220400e+002  9.3200000e+002
  4.9300000e+002  7.9600000e+002
  4.9379200e+002  7.9200000e+002
  4.9456800e+002  7.7600000e+002
  4.9538000e+002  8.1200000e+002
  4.9618000e+002  8.0000000e+002
  4.9696000e+002  7.8000000e+002
  4.9776800e+002  8.0800000e+002
  4.9854400e+002  7.7600000e+002
  4.9901600e+002  4.7200000e+002
  4.9991200e+002  8.9600000e+002
  5.0096000e+002  1.0480000e+003
  5.0176000e+002  8.0000000e+002
  5.0254800e+002  7.8800000e+002
  5.0334000e+002  7.9200000e+002
  5.0412800e+002  7.8800000e+002
  5.0475200e+002  6.2400000e+002
  5.0572000e+002  9.6800000e+002
  5.0651600e+002  7.9600000e+002
  5.0731200e+002  7.9600000e+002
  5.0811200e+002  8.0000000e+002
  5.0891200e+002  8.0000000e+002
  5.0970800e+002  7.9600000e+002
  5.1050400e+002  7.9600000e+002
  5.1130000e+002  7.9600000e+002
  5.1209200e+002  7.9200000e+002
  5.1290000e+002  8.0800000e+002
  5.1370400e+002  8.0400000e+002
  5.1450400e+002  8.0000000e+002
  5.1510000e+002  5.9600000e+002
  5.1611200e+002  1.0120000e+003
  5.1691200e+002  8.0000000e+002
  5.1772000e+002  8.0800000e+002
  5.1852000e+002  8.0000000e+002
  5.1931200e+002  7.9200000e+002
  5.2013200e+002  8.2000000e+002
  5.2092400e+002  7.9200000e+002
  5.2172000e+002  7.9600000e+002
  5.2252000e+002  8.0000000e+002
  5.2333200e+002  8.1200000e+002
  5.2413200e+002  8.0000000e+002
  5.2492400e+002  7.9200000e+002
  5.2572000e+002  7.9600000e+002
  5.2651200e+002  7.9200000e+002
  5.2731200e+002  8.0000000e+002
  5.2811200e+002  8.0000000e+002
  5.2888800e+002  7.7600000e+002
  5.2970000e+002  8.1200000e+002
  5.3050000e+002  8.0000000e+002
  5.3128800e+002  7.8800000e+002
  5.3208800e+002  8.0000000e+002
  5.3288800e+002  8.0000000e+002
  5.3367600e+002  7.8800000e+002
  5.3446800e+002  7.9200000e+002
  5.3526800e+002  8.0000000e+002
  5.3606800e+002  8.0000000e+002
  5.3684400e+002  7.7600000e+002
  5.3765200e+002  8.0800000e+002
  5.3845200e+002  8.0000000e+002
  5.3925200e+002  8.0000000e+002
  5.4004800e+002  7.9600000e+002
  5.4084400e+002  7.9600000e+002
  5.4163600e+002  7.9200000e+002
  5.4244000e+002  8.0400000e+002
  5.4324400e+002  8.0400000e+002
  5.4404800e+002  8.0400000e+002
  5.4484800e+002  8.0000000e+002
  5.4564800e+002  8.0000000e+002
  5.4645600e+002  8.0800000e+002
  5.4726000e+002  8.0400000e+002
  5.4806000e+002  8.0000000e+002
  5.4886800e+002  8.0800000e+002
  5.4966800e+002  8.0000000e+002
  5.5047600e+002  8.0800000e+002
  5.5128400e+002  8.0800000e+002
  5.5207200e+002  7.8800000e+002
  5.5288800e+002  8.1600000e+002
  5.5370000e+002  8.1200000e+002
  5.5450000e+002  8.0000000e+002
  5.5530400e+002  8.0400000e+002
  5.5610800e+002  8.0400000e+002
  5.5690000e+002  7.9200000e+002
  5.5770800e+002  8.0800000e+002
  5.5850000e+002  7.9200000e+002
  5.5930800e+002  8.0800000e+002
  5.6008000e+002  7.7200000e+002
  5.6091600e+002  8.3600000e+002
  5.6171200e+002  7.9600000e+002
  5.6252400e+002  8.1200000e+002
  5.6331600e+002  7.9200000e+002
  5.6411200e+002  7.9600000e+002
  5.6491200e+002  8.0000000e+002
  5.6571200e+002  8.0000000e+002
  5.6651200e+002  8.0000000e+002
  5.6731600e+002  8.0400000e+002
  5.6811200e+002  7.9600000e+002
  5.6891600e+002  8.0400000e+002
  5.6972400e+002  8.0800000e+002
  5.7052000e+002  7.9600000e+002
  5.7131600e+002  7.9600000e+002
  5.7212400e+002  8.0800000e+002
  5.7290800e+002  7.8400000e+002
  5.7372800e+002  8.2000000e+002
  5.7453200e+002  8.0400000e+002
  5.7534000e+002  8.0800000e+002
  5.7614000e+002  8.0000000e+002
  5.7694800e+002  8.0800000e+002
  5.7775200e+002  8.0400000e+002
  5.7855600e+002  8.0400000e+002
  5.7934800e+002  7.9200000e+002
  5.8016400e+002  8.1600000e+002
  5.8096800e+002  8.0400000e+002
  5.8176400e+002  7.9600000e+002
  5.8258000e+002  8.1600000e+002
  5.8338000e+002  8.0000000e+002
  5.8418400e+002  8.0400000e+002
  5.8500400e+002  8.2000000e+002
  5.8581600e+002  8.1200000e+002
  5.8662800e+002  8.1200000e+002
  5.8744800e+002  8.2000000e+002
  5.8824800e+002  8.0000000e+002
  5.8902400e+002  7.7600000e+002
  5.8986400e+002  8.4000000e+002
  5.9066800e+002  8.0400000e+002
  5.9146800e+002  8.0000000e+002
  5.9227600e+002  8.0800000e+002
  5.9307600e+002  8.0000000e+002
  5.9387600e+002  8.0000000e+002
  5.9467600e+002  8.0000000e+002
  5.9546800e+002  7.9200000e+002
  5.9627200e+002  8.0400000e+002
  5.9707200e+002  8.0000000e+002
  5.9787600e+002  8.0400000e+002
  5.9866400e+002  7.8800000e+002
  5.9946400e+002  8.0000000e+002
  6.0025600e+002  7.9200000e+002
  6.0105600e+002  8.0000000e+002
  6.0185600e+002  8.0000000e+002
  6.0263200e+002  7.7600000e+002
  6.0344400e+002  8.1200000e+002
  6.0424000e+002  7.9600000e+002
  6.0501200e+002  7.7200000e+002
  6.0583200e+002  8.2000000e+002
  6.0663200e+002  8.0000000e+002
  6.0741200e+002  7.8000000e+002
  6.0823200e+002  8.2000000e+002
  6.0903200e+002  8.0000000e+002
  6.0983600e+002  8.0400000e+002
  6.1065600e+002  8.2000000e+002
  6.1144800e+002  7.9200000e+002
  6.1225600e+002  8.0800000e+002
  6.1303600e+002  7.8000000e+002
  6.1385200e+002  8.1600000e+002
  6.1465600e+002  8.0400000e+002
  6.1545600e+002  8.0000000e+002
  6.1625200e+002  7.9600000e+002
  6.1705600e+002  8.0400000e+002
  6.1784400e+002  7.8800000e+002
  6.1865600e+002  8.1200000e+002
  6.1945600e+002  8.0000000e+002
  6.2026800e+002  8.1200000e+002
  6.2106800e+002  8.0000000e+002
  6.2186000e+002  7.9200000e+002
  6.2268400e+002  8.2400000e+002
  6.2349200e+002  8.0800000e+002
  6.2428400e+002  7.9200000e+002
  6.2510800e+002  8.2400000e+002
  6.2590800e+002  8.0000000e+002
  6.2671600e+002  8.0800000e+002
  6.2752000e+002  8.0400000e+002
  6.2831200e+002  7.9200000e+002
  6.2914400e+002  8.3200000e+002
  6.2994000e+002  7.9600000e+002
  6.3075200e+002  8.1200000e+002
  6.3152400e+002  7.7200000e+002
  6.3236800e+002  8.4400000e+002
  6.3316000e+002  7.9200000e+002
  6.3395600e+002  7.9600000e+002
  6.3476800e+002  8.1200000e+002
  6.3554800e+002  7.8000000e+002
  6.3637200e+002  8.2400000e+002
  6.3716000e+002  7.8800000e+002
  6.3796000e+002  8.0000000e+002
  6.3878000e+002  8.2000000e+002
  6.3958400e+002  8.0400000e+002
  6.4040000e+002  8.1600000e+002
  6.4119200e+002  7.9200000e+002
  6.4200400e+002  8.1200000e+002
  6.4280400e+002  8.0000000e+002
  6.4360800e+002  8.0400000e+002
  6.4439600e+002  7.8800000e+002
  6.4518000e+002  7.8400000e+002
  6.4599200e+002  8.1200000e+002
  6.4680800e+002  8.1600000e+002
  6.4760800e+002  8.0000000e+002
  6.4842000e+002  8.1200000e+002
  6.4922400e+002  8.0400000e+002
  6.5001200e+002  7.8800000e+002
  6.5083200e+002  8.2000000e+002
  6.5164000e+002  8.0800000e+002
  6.5244400e+002  8.0400000e+002
  6.5324400e+002  8.0000000e+002
  6.5404000e+002  7.9600000e+002
  6.5485200e+002  8.1200000e+002
  6.5565600e+002  8.0400000e+002
  6.5646400e+002  8.0800000e+002
  6.5726400e+002  8.0000000e+002
  6.5807600e+002  8.1200000e+002
  6.5886800e+002  7.9200000e+002
  6.5967200e+002  8.0400000e+002
  6.6047600e+002  8.0400000e+002
  6.6128800e+002  8.1200000e+002
  6.6207200e+002  7.8400000e+002
  6.6286800e+002  7.9600000e+002
  6.6367200e+002  8.0400000e+002
  6.6449200e+002  8.2000000e+002
  6.6530000e+002  8.0800000e+002
  6.6613600e+002  8.3600000e+002
  6.6692800e+002  7.9200000e+002
  6.6774000e+002  8.1200000e+002
  6.6855200e+002  8.1200000e+002
  6.6936000e+002  8.0800000e+002
  6.7015200e+002  7.9200000e+002
  6.7096400e+002  8.1200000e+002
  6.7178000e+002  8.1600000e+002
  6.7258400e+002  8.0400000e+002
  6.7338400e+002  8.0000000e+002
  6.7418400e+002  8.0000000e+002
  6.7497600e+002  7.9200000e+002
  6.7579200e+002  8.1600000e+002
  6.7658800e+002  7.9600000e+002
  6.7740800e+002  8.2000000e+002
  6.7821200e+002  8.0400000e+002
  6.7900000e+002  7.8800000e+002
  6.7980800e+002  8.0800000e+002
  6.8061600e+002  8.0800000e+002
  6.8142000e+002  8.0400000e+002
  6.8222000e+002  8.0000000e+002
  6.8303200e+002  8.1200000e+002
  6.8383600e+002  8.0400000e+002
  6.8463600e+002  8.0000000e+002
  6.8543200e+002  7.9600000e+002
  6.8625200e+002  8.2000000e+002
  6.8705200e+002  8.0000000e+002
  6.8785600e+002  8.0400000e+002
  6.8866800e+002  8.1200000e+002
  6.8946800e+002  8.0000000e+002
  6.9027200e+002  8.0400000e+002
  6.9106800e+002  7.9600000e+002
  6.9188000e+002  8.1200000e+002
  6.9268000e+002  8.0000000e+002
  6.9349200e+002  8.1200000e+002
  6.9424800e+002  7.5600000e+002
  6.9509200e+002  8.4400000e+002
  6.9588000e+002  7.8800000e+002
  6.9670400e+002  8.2400000e+002
  6.9751600e+002  8.1200000e+002
  6.9831600e+002  8.0000000e+002
  6.9911600e+002  8.0000000e+002
  6.9994000e+002  8.2400000e+002
  7.0074000e+002  8.0000000e+002
  7.0153200e+002  7.9200000e+002
  7.0231600e+002  7.8400000e+002
  7.0315200e+002  8.3600000e+002
  7.0395200e+002  8.0000000e+002
  7.0463200e+002  6.8000000e+002
  7.0554000e+002  9.0800000e+002
  7.0635200e+002  8.1200000e+002
  7.0716000e+002  8.0800000e+002
  7.0798800e+002  8.2800000e+002
  7.0878800e+002  8.0000000e+002
  7.0958800e+002  8.0000000e+002
  7.1040000e+002  8.1200000e+002
  7.1120000e+002  8.0000000e+002
  7.1202000e+002  8.2000000e+002
  7.1282400e+002  8.0400000e+002
  7.1360800e+002  7.8400000e+002
  7.1443600e+002  8.2800000e+002
  7.1524000e+002  8.0400000e+002
  7.1604800e+002  8.0800000e+002
  7.1684800e+002  8.0000000e+002
  7.1763600e+002  7.8800000e+002
  7.1843600e+002  8.0000000e+002
  7.1924800e+002  8.1200000e+002
  7.2004800e+002  8.0000000e+002
  7.2084800e+002  8.0000000e+002
  7.2163600e+002  7.8800000e+002
  7.2245600e+002  8.2000000e+002
  7.2324800e+002  7.9200000e+002
  7.2404800e+002  8.0000000e+002
  7.2486000e+002  8.1200000e+002
  7.2566400e+002  8.0400000e+002
  7.2644800e+002  7.8400000e+002
  7.2727200e+002  8.2400000e+002
  7.2807600e+002  8.0400000e+002
  7.2887600e+002  8.0000000e+002
  7.2968000e+002  8.0400000e+002
  7.3047600e+002  7.9600000e+002
  7.3127200e+002  7.9600000e+002
  7.3207200e+002  8.0000000e+002
  7.3286400e+002  7.9200000e+002
  7.3366000e+002  7.9600000e+002
  7.3446800e+002  8.0800000e+002
  7.3525600e+002  7.8800000e+002
  7.3606800e+002  8.1200000e+002
  7.3687600e+002  8.0800000e+002
  7.3766800e+002  7.9200000e+002
  7.3848000e+002  8.1200000e+002
  7.3926800e+002  7.8800000e+002
  7.4006800e+002  8.0000000e+002
  7.4088800e+002  8.2000000e+002
  7.4168800e+002  8.0000000e+002
  7.4248800e+002  8.0000000e+002
  7.4328800e+002  8.0000000e+002
  7.4408800e+002  8.0000000e+002
  7.4488800e+002  8.0000000e+002
  7.4568400e+002  7.9600000e+002
  7.4647600e+002  7.9200000e+002
  7.4728400e+002  8.0800000e+002
  7.4809600e+002  8.1200000e+002
  7.4889200e+002  7.9600000e+002
  7.4968800e+002  7.9600000e+002
  7.5050000e+002  8.1200000e+002
  7.5130000e+002  8.0000000e+002
  7.5208800e+002  7.8800000e+002
  7.5288800e+002  8.0000000e+002
  7.5368800e+002  8.0000000e+002
  7.5446800e+002  7.8000000e+002
  7.5528400e+002  8.1600000e+002
  7.5608400e+002  8.0000000e+002
  7.5688400e+002  8.0000000e+002
  7.5768000e+002  7.9600000e+002
  7.5848400e+002  8.0400000e+002
  7.5928400e+002  8.0000000e+002
  7.6006000e+002  7.7600000e+002
  7.6087200e+002  8.1200000e+002
  7.6167200e+002  8.0000000e+002
  7.6246000e+002  7.8800000e+002
  7.6326000e+002  8.0000000e+002
  7.6404800e+002  7.8800000e+002
  7.6485200e+002  8.0400000e+002
  7.6563600e+002  7.8400000e+002
  7.6644400e+002  8.0800000e+002
  7.6724400e+002  8.0000000e+002
  7.6803600e+002  7.9200000e+002
  7.6883200e+002  7.9600000e+002
  7.6964000e+002  8.0800000e+002
  7.7042000e+002  7.8000000e+002
  7.7096000e+002  5.4000000e+002
  7.7202000e+002  1.0600000e+003
  7.7282000e+002  8.0000000e+002
  7.7359600e+002  7.7600000e+002
  7.7442000e+002  8.2400000e+002
  7.7520800e+002  7.8800000e+002
  7.7600800e+002  8.0000000e+002
  7.7682000e+002  8.1200000e+002
  7.7736800e+002  5.4800000e+002
  7.7841600e+002  1.0480000e+003
  7.7922000e+002  8.0400000e+002
  7.8000800e+002  7.8800000e+002
  7.8082800e+002  8.2000000e+002
  7.8164000e+002  8.1200000e+002
  7.8231600e+002  6.7600000e+002
  7.8324000e+002  9.2400000e+002
  7.8402400e+002  7.8400000e+002
  7.8460400e+002  5.8000000e+002
  7.8563200e+002  1.0280000e+003
  7.8646000e+002  8.2800000e+002
  7.8726400e+002  8.0400000e+002
  7.8806400e+002  8.0000000e+002
  7.8886400e+002  8.0000000e+002
  7.8966400e+002  8.0000000e+002
  7.9022400e+002  5.6000000e+002
  7.9126000e+002  1.0360000e+003
  7.9206000e+002  8.0000000e+002
  7.9283600e+002  7.7600000e+002
  7.9367200e+002  8.3600000e+002
  7.9446800e+002  7.9600000e+002
  7.9527200e+002  8.0400000e+002
  7.9607200e+002  8.0000000e+002
  7.9686800e+002  7.9600000e+002
  7.9766800e+002  8.0000000e+002
  7.9847200e+002  8.0400000e+002
  7.9926800e+002  7.9600000e+002
  8.0006800e+002  8.0000000e+002
  8.0086800e+002  8.0000000e+002
  8.0166400e+002  7.9600000e+002
  8.0246400e+002  8.0000000e+002
  8.0326400e+002  8.0000000e+002
  8.0404800e+002  7.8400000e+002
  8.0486400e+002  8.1600000e+002
  8.0552800e+002  6.6400000e+002
  8.0598000e+002  4.5200000e+002
  8.0644800e+002  4.6800000e+002
  8.0724400e+002  7.9600000e+002
  8.0806400e+002  8.2000000e+002
  8.0886400e+002  8.0000000e+002
  8.0967600e+002  8.1200000e+002
  8.1047600e+002  8.0000000e+002
  8.1128000e+002  8.0400000e+002
  8.1208800e+002  8.0800000e+002
  8.1288800e+002  8.0000000e+002
  8.1370000e+002  8.1200000e+002
  8.1450000e+002  8.0000000e+002
  8.1529200e+002  7.9200000e+002
  8.1577200e+002  4.8000000e+002
  8.1668000e+002  9.0800000e+002
  8.1752800e+002  8.4800000e+002
  8.1834400e+002  8.1600000e+002
  8.1917600e+002  8.3200000e+002
  8.1996800e+002  7.9200000e+002
  8.2080000e+002  8.3200000e+002
  8.2161200e+002  8.1200000e+002
  8.2241200e+002  8.0000000e+002
  8.2322400e+002  8.1200000e+002
  8.2398400e+002  7.6000000e+002
  8.2484800e+002  8.6400000e+002
  8.2565600e+002  8.0800000e+002
  8.2646400e+002  8.0800000e+002
  8.2728400e+002  8.2000000e+002
  8.2809200e+002  8.0800000e+002
  8.2890800e+002  8.1600000e+002
  8.2972800e+002  8.2000000e+002
  8.3054000e+002  8.1200000e+002
  8.3134400e+002  8.0400000e+002
  8.3214800e+002  8.0400000e+002
  8.3294400e+002  7.9600000e+002
  8.3376800e+002  8.2400000e+002
  8.3456800e+002  8.0000000e+002
  8.3537200e+002  8.0400000e+002
  8.3617600e+002  8.0400000e+002
  8.3697600e+002  8.0000000e+002
  8.3777600e+002  8.0000000e+002
  8.3858800e+002  8.1200000e+002
  8.3938800e+002  8.0000000e+002
  8.4018800e+002  8.0000000e+002
  8.4100800e+002  8.2000000e+002
  8.4179600e+002  7.8800000e+002
  8.4259600e+002  8.0000000e+002
  8.4342000e+002  8.2400000e+002
  8.4421600e+002  7.9600000e+002
  8.4502000e+002  8.0400000e+002
  8.4582800e+002  8.0800000e+002
  8.4664000e+002  8.1200000e+002
  8.4742800e+002  7.8800000e+002
  8.4822800e+002  8.0000000e+002
  8.4903200e+002  8.0400000e+002
  8.4984000e+002  8.0800000e+002
  8.5064800e+002  8.0800000e+002
  8.5145200e+002  8.0400000e+002
  8.5226400e+002  8.1200000e+002
  8.5306400e+002  8.0000000e+002
  8.5387200e+002  8.0800000e+002
  8.5467600e+002  8.0400000e+002
  8.5547600e+002  8.0000000e+002
  8.5628800e+002  8.1200000e+002
  8.5709600e+002  8.0800000e+002
  8.5790800e+002  8.1200000e+002
  8.5870800e+002  8.0000000e+002
  8.5952000e+002  8.1200000e+002
  8.6032000e+002  8.0000000e+002
  8.6113200e+002  8.1200000e+002
  8.6194400e+002  8.1200000e+002
  8.6272400e+002  7.8000000e+002
  8.6354400e+002  8.2000000e+002
  8.6434800e+002  8.0400000e+002
  8.6516800e+002  8.2000000e+002
  8.6596800e+002  8.0000000e+002
  8.6678000e+002  8.1200000e+002
  8.6758000e+002  8.0000000e+002
  8.6838800e+002  8.0800000e+002
  8.6921200e+002  8.2400000e+002
  8.7001200e+002  8.0000000e+002
  8.7081600e+002  8.0400000e+002
  8.7162400e+002  8.0800000e+002
  8.7242800e+002  8.0400000e+002
  8.7323200e+002  8.0400000e+002
  8.7402400e+002  7.9200000e+002
  8.7483600e+002  8.1200000e+002
  8.7564400e+002  8.0800000e+002
  8.7645200e+002  8.0800000e+002
  8.7724400e+002  7.9200000e+002
  8.7806800e+002  8.2400000e+002
  8.7884800e+002  7.8000000e+002
  8.7967600e+002  8.2800000e+002
  8.8047600e+002  8.0000000e+002
  8.8126800e+002  7.9200000e+002
  8.8196400e+002  6.9600000e+002
  8.8288800e+002  9.2400000e+002
  8.8369200e+002  8.0400000e+002
  8.8450000e+002  8.0800000e+002
  8.8528800e+002  7.8800000e+002
  8.8611200e+002  8.2400000e+002
  8.8691200e+002  8.0000000e+002
  8.8770400e+002  7.9200000e+002
  8.8852000e+002  8.1600000e+002
  8.8930400e+002  7.8400000e+002
  8.9012000e+002  8.1600000e+002
  8.9092400e+002  8.0400000e+002
  8.9172800e+002  8.0400000e+002
  8.9253200e+002  8.0400000e+002
  8.9334400e+002  8.1200000e+002
  8.9414400e+002  8.0000000e+002
  8.9493600e+002  7.9200000e+002
  8.9576400e+002  8.2800000e+002
  8.9656800e+002  8.0400000e+002
  8.9737200e+002  8.0400000e+002
  8.9817600e+002  8.0400000e+002
  8.9898400e+002  8.0800000e+002
  8.9978800e+002  8.0400000e+002
  9.0060000e+002  8.1200000e+002
  9.0140800e+002  8.0800000e+002
  9.0219600e+002  7.8800000e+002
  9.0302000e+002  8.2400000e+002
  9.0380800e+002  7.8800000e+002
  9.0462400e+002  8.1600000e+002
  9.0542000e+002  7.9600000e+002
  9.0624000e+002  8.2000000e+002
  9.0702400e+002  7.8400000e+002
  9.0785200e+002  8.2800000e+002
  9.0865600e+002  8.0400000e+002
  9.0945600e+002  8.0000000e+002
  9.1025600e+002  8.0000000e+002
  9.1107600e+002  8.2000000e+002
  9.1187600e+002  8.0000000e+002
  9.1268800e+002  8.1200000e+002
  9.1348800e+002  8.0000000e+002
  9.1430000e+002  8.1200000e+002
  9.1509600e+002  7.9600000e+002
  9.1589600e+002  8.0000000e+002
  9.1668800e+002  7.9200000e+002
  9.1748000e+002  7.9200000e+002
  9.1831600e+002  8.3600000e+002
  9.1911200e+002  7.9600000e+002
  9.1990000e+002  7.8800000e+002
  9.2070800e+002  8.0800000e+002
  9.2152800e+002  8.2000000e+002
  9.2232800e+002  8.0000000e+002
  9.2312800e+002  8.0000000e+002
  9.2390800e+002  7.8000000e+002
  9.2472800e+002  8.2000000e+002
  9.2551600e+002  7.8800000e+002
  9.2632400e+002  8.0800000e+002
  9.2711600e+002  7.9200000e+002
  9.2788000e+002  7.6400000e+002
  9.2871200e+002  8.3200000e+002
  9.2949600e+002  7.8400000e+002
  9.3031200e+002  8.1600000e+002
  9.3112000e+002  8.0800000e+002
  9.3192000e+002  8.0000000e+002
  9.3272400e+002  8.0400000e+002
  9.3350400e+002  7.8000000e+002
  9.3432400e+002  8.2000000e+002
  9.3511200e+002  7.8800000e+002
  9.3592800e+002  8.1600000e+002
  9.3673200e+002  8.0400000e+002
  9.3754000e+002  8.0800000e+002
  9.3835600e+002  8.1600000e+002
  9.3914400e+002  7.8800000e+002
  9.3994400e+002  8.0000000e+002
  9.4078800e+002  8.4400000e+002
  9.4158000e+002  7.9200000e+002
  9.4239200e+002  8.1200000e+002
  9.4320400e+002  8.1200000e+002
  9.4401200e+002  8.0800000e+002
  9.4480400e+002  7.9200000e+002
  9.4560400e+002  8.0000000e+002
  9.4610800e+002  5.0400000e+002
  9.4700400e+002  8.9600000e+002
  9.4784800e+002  8.4400000e+002
  9.4868000e+002  8.3200000e+002
  9.4948800e+002  8.0800000e+002
  9.5027600e+002  7.8800000e+002
  9.5110000e+002  8.2400000e+002
  9.5190000e+002  8.0000000e+002
  9.5267200e+002  7.7200000e+002
  9.5347600e+002  8.0400000e+002
  9.5429200e+002  8.1600000e+002
  9.5508400e+002  7.9200000e+002
  9.5587200e+002  7.8800000e+002
  9.5665600e+002  7.8400000e+002
  9.5744800e+002  7.9200000e+002
  9.5822000e+002  7.7200000e+002
  9.5902000e+002  8.0000000e+002
  9.5978400e+002  7.6400000e+002
  9.6056800e+002  7.8400000e+002
  9.6133600e+002  7.6800000e+002
  9.6210800e+002  7.7200000e+002
  9.6285200e+002  7.4400000e+002
  9.6364800e+002  7.9600000e+002
  9.6440000e+002  7.5200000e+002
  9.6517600e+002  7.7600000e+002
  9.6594800e+002  7.7200000e+002
  9.6668800e+002  7.4000000e+002
  9.6747200e+002  7.8400000e+002
  9.6823600e+002  7.6400000e+002
  9.6900000e+002  7.6400000e+002
  9.6976400e+002  7.6400000e+002
  9.7050800e+002  7.4400000e+002
  9.7128800e+002  7.8000000e+002
  9.7202400e+002  7.3600000e+002
  9.7280400e+002  7.8000000e+002
  9.7355600e+002  7.5200000e+002
  9.7433200e+002  7.7600000e+002
  9.7510400e+002  7.7200000e+002
  9.7556400e+002  4.6000000e+002
  9.7646000e+002  8.9600000e+002
  9.7725200e+002  7.9200000e+002
  9.7805200e+002  8.0000000e+002
  9.7881600e+002  7.6400000e+002
  9.7960000e+002  7.8400000e+002
  9.8038400e+002  7.8400000e+002
  9.8117200e+002  7.8800000e+002
  9.8164800e+002  4.7600000e+002
  9.8250800e+002  8.6000000e+002
  9.8335200e+002  8.4400000e+002
  9.8414000e+002  7.8800000e+002
  9.8492000e+002  7.8000000e+002
  9.8567200e+002  7.5200000e+002
  9.8646000e+002  7.8800000e+002
  9.8725200e+002  7.9200000e+002
  9.8802000e+002  7.6800000e+002
  9.8880400e+002  7.8400000e+002
  9.8955600e+002  7.5200000e+002
  9.9032000e+002  7.6400000e+002
  9.9110400e+002  7.8400000e+002
  9.9187200e+002  7.6800000e+002
  9.9264400e+002  7.7200000e+002
  9.9340000e+002  7.5600000e+002
  9.9419200e+002  7.9200000e+002
  9.9494000e+002  7.4800000e+002
  9.9572400e+002  7.8400000e+002
  9.9649600e+002  7.7200000e+002
  9.9726800e+002  7.7200000e+002
  9.9803200e+002  7.6400000e+002
  9.9880400e+002  7.7200000e+002
  9.9958400e+002  7.8000000e+002
  1.0003240e+003  7.4000000e+002
  1.0010880e+003  7.6400000e+002
  1.0018720e+003  7.8400000e+002
  1.0026600e+003  7.8800000e+002
  1.0034360e+003  7.7600000e+002
  1.0042000e+003  7.6400000e+002
  1.0049840e+003  7.8400000e+002
  1.0057480e+003  7.6400000e+002
  1.0065240e+003  7.7600000e+002
  1.0072960e+003  7.7200000e+002
  1.0080680e+003  7.7200000e+002
  1.0088360e+003  7.6800000e+002
  1.0096120e+003  7.7600000e+002
  1.0103680e+003  7.5600000e+002
  1.0111640e+003  7.9600000e+002
  1.0119360e+003  7.7200000e+002
  1.0126880e+003  7.5200000e+002
  1.0134520e+003  7.6400000e+002
  1.0142400e+003  7.8800000e+002
  1.0150160e+003  7.7600000e+002
  1.0157960e+003  7.8000000e+002
  1.0165680e+003  7.7200000e+002
  1.0173360e+003  7.6800000e+002
  1.0180920e+003  7.5600000e+002
  1.0188760e+003  7.8400000e+002
  1.0196440e+003  7.6800000e+002
  1.0204160e+003  7.7200000e+002
  1.0211880e+003  7.7200000e+002
  1.0219640e+003  7.7600000e+002
  1.0227280e+003  7.6400000e+002
  1.0234920e+003  7.6400000e+002
  1.0242280e+003  7.3600000e+002
  1.0250400e+003  8.1200000e+002
  1.0258040e+003  7.6400000e+002
  1.0265800e+003  7.7600000e+002
  1.0273280e+003  7.4800000e+002
  1.0281160e+003  7.8800000e+002
  1.0288840e+003  7.6800000e+002
  1.0296520e+003  7.6800000e+002
  1.0304080e+003  7.5600000e+002
  1.0311760e+003  7.6800000e+002
  1.0319560e+003  7.8000000e+002
  1.0327320e+003  7.7600000e+002
  1.0335080e+003  7.7600000e+002
  1.0342520e+003  7.4400000e+002
  1.0350360e+003  7.8400000e+002
  1.0358200e+003  7.8400000e+002
  1.0365960e+003  7.7600000e+002
  1.0373680e+003  7.7200000e+002
  1.0381480e+003  7.8000000e+002
  1.0389200e+003  7.7200000e+002
  1.0396680e+003  7.4800000e+002
  1.0404600e+003  7.9200000e+002
  1.0412320e+003  7.7200000e+002
  1.0419960e+003  7.6400000e+002
  1.0427720e+003  7.7600000e+002
  1.0435400e+003  7.6800000e+002
  1.0443080e+003  7.6800000e+002
  1.0450680e+003  7.6000000e+002
  1.0458120e+003  7.4400000e+002
  1.0466200e+003  8.0800000e+002
  1.0473840e+003  7.6400000e+002
  1.0481520e+003  7.6800000e+002
  1.0489240e+003  7.7200000e+002
  1.0496880e+003  7.6400000e+002
  1.0504640e+003  7.7600000e+002
  1.0512120e+003  7.4800000e+002
  1.0519880e+003  7.7600000e+002
  1.0527520e+003  7.6400000e+002
  1.0535080e+003  7.5600000e+002
  1.0542880e+003  7.8000000e+002
  1.0547800e+003  4.9200000e+002
  1.0558160e+003  1.0360000e+003
  1.0566000e+003  7.8400000e+002
  1.0573640e+003  7.6400000e+002
  1.0581080e+003  7.4400000e+002
  1.0588560e+003  7.4800000e+002
  1.0596360e+003  7.8000000e+002
  1.0604160e+003  7.8000000e+002
  1.0611680e+003  7.5200000e+002
  1.0619320e+003  7.6400000e+002
  1.0626960e+003  7.6400000e+002
  1.0631440e+003  4.4800000e+002
  1.0640080e+003  8.6400000e+002
  1.0648200e+003  8.1200000e+002
  1.0656000e+003  7.8000000e+002
  1.0663800e+003  7.8000000e+002
  1.0671400e+003  7.6000000e+002
  1.0679040e+003  7.6400000e+002
  1.0686840e+003  7.8000000e+002
  1.0694440e+003  7.6000000e+002
  1.0701960e+003  7.5200000e+002
  1.0709680e+003  7.7200000e+002
  1.0717320e+003  7.6400000e+002
  1.0725000e+003  7.6800000e+002
  1.0732640e+003  7.6400000e+002
  1.0740280e+003  7.6400000e+002
  1.0747920e+003  7.6400000e+002
  1.0755560e+003  7.6400000e+002
  1.0763080e+003  7.5200000e+002
  1.0770840e+003  7.7600000e+002
  1.0778440e+003  7.6000000e+002
  1.0785960e+003  7.5200000e+002
  1.0793840e+003  7.8800000e+002
  1.0801440e+003  7.6000000e+002
  1.0808960e+003  7.5200000e+002
  1.0816840e+003  7.8800000e+002
  1.0824480e+003  7.6400000e+002
  1.0832120e+003  7.6400000e+002
  1.0839800e+003  7.6800000e+002
  1.0847360e+003  7.5600000e+002
  1.0855240e+003  7.8800000e+002
  1.0862760e+003  7.5200000e+002
  1.0870480e+003  7.7200000e+002
  1.0878240e+003  7.7600000e+002
  1.0885880e+003  7.6400000e+002
  1.0893600e+003  7.7200000e+002
  1.0901360e+003  7.7600000e+002
  1.0909000e+003  7.6400000e+002
  1.0916720e+003  7.7200000e+002
  1.0924280e+003  7.5600000e+002
  1.0932200e+003  7.9200000e+002
  1.0939880e+003  7.6800000e+002
  1.0947400e+003  7.5200000e+002
  1.0955280e+003  7.8800000e+002
  1.0963000e+003  7.7200000e+002
  1.0970720e+003  7.7200000e+002
  1.0978520e+003  7.8000000e+002
  1.0986040e+003  7.5200000e+002
  1.0990840e+003  4.8000000e+002
  1.0999480e+003  8.6400000e+002
  1.1007560e+003  8.0800000e+002
  1.1015640e+003  8.0800000e+002
  1.1023480e+003  7.8400000e+002
  1.1031280e+003  7.8000000e+002
  1.1039160e+003  7.8800000e+002
  1.1046920e+003  7.7600000e+002
  1.1054560e+003  7.6400000e+002
  1.1062520e+003  7.9600000e+002
  1.1068360e+003  5.8400000e+002
  1.1077080e+003  8.7200000e+002
  1.1085080e+003  8.0000000e+002
  1.1092840e+003  7.7600000e+002
  1.1100640e+003  7.8000000e+002
  1.1108680e+003  8.0400000e+002
  1.1116440e+003  7.7600000e+002
  1.1124120e+003  7.6800000e+002
  1.1131840e+003  7.7200000e+002
  1.1140960e+003  9.1200000e+002
  1.1147120e+003  6.1600000e+002
  1.1154960e+003  7.8400000e+002
  1.1162720e+003  7.7600000e+002
  1.1170440e+003  7.7200000e+002
  1.1178000e+003  7.5600000e+002
  1.1185840e+003  7.8400000e+002
  1.1193600e+003  7.7600000e+002
  1.1201120e+003  7.5200000e+002
  1.1209480e+003  8.3600000e+002
  1.1216720e+003  7.2400000e+002
  1.1224560e+003  7.8400000e+002
  1.1232320e+003  7.7600000e+002
  1.1239960e+003  7.6400000e+002
  1.1247720e+003  7.7600000e+002
  1.1255440e+003  7.7200000e+002
  1.1263160e+003  7.7200000e+002
  1.1270920e+003  7.7600000e+002
  1.1278600e+003  7.6800000e+002
  1.1286360e+003  7.7600000e+002
  1.1294080e+003  7.7200000e+002
  1.1301720e+003  7.6400000e+002
  1.1309480e+003  7.7600000e+002
  1.1317200e+003  7.7200000e+002
  1.1324840e+003  7.6400000e+002
  1.1332480e+003  7.6400000e+002
  1.1340320e+003  7.8400000e+002
  1.1347880e+003  7.5600000e+002
  1.1355720e+003  7.8400000e+002
  1.1360440e+003  4.7200000e+002
  1.1369040e+003  8.6000000e+002
  1.1377360e+003  8.3200000e+002
  1.1385480e+003  8.1200000e+002
  1.1393280e+003  7.8000000e+002
  1.1401160e+003  7.8800000e+002
  1.1409120e+003  7.9600000e+002
  1.1416880e+003  7.7600000e+002
  1.1424640e+003  7.7600000e+002
  1.1432480e+003  7.8400000e+002
  1.1440240e+003  7.7600000e+002
  1.1447880e+003  7.6400000e+002
  1.1455760e+003  7.8800000e+002
  1.1463480e+003  7.7200000e+002
  1.1471200e+003  7.7200000e+002
  1.1478880e+003  7.6800000e+002
  1.1486720e+003  7.8400000e+002
  1.1494360e+003  7.6400000e+002
  1.1502240e+003  7.8800000e+002
  1.1510000e+003  7.7600000e+002
  1.1517680e+003  7.6800000e+002
  1.1525360e+003  7.6800000e+002
  1.1533160e+003  7.8000000e+002
  1.1540800e+003  7.6400000e+002
  1.1548640e+003  7.8400000e+002
  1.1556280e+003  7.6400000e+002
  1.1564200e+003  7.9200000e+002
  1.1571840e+003  7.6400000e+002
  1.1579600e+003  7.7600000e+002
  1.1587240e+003  7.6400000e+002
  1.1595000e+003  7.7600000e+002
  1.1602720e+003  7.7200000e+002
  1.1610440e+003  7.7200000e+002
  1.1617920e+003  7.4800000e+002
  1.1623240e+003  5.3200000e+002
  1.1632440e+003  9.2000000e+002
  1.1641360e+003  8.9200000e+002
  1.1649080e+003  7.7200000e+002
  1.1656840e+003  7.7600000e+002
  1.1664480e+003  7.6400000e+002
  1.1672160e+003  7.6800000e+002
  1.1679760e+003  7.6000000e+002
  1.1686120e+003  6.3600000e+002
  1.1691400e+003  5.2800000e+002
  1.1697400e+003  6.0000000e+002
  1.1703000e+003  5.6000000e+002
  1.1710640e+003  7.6400000e+002
  1.1718360e+003  7.7200000e+002
  1.1726120e+003  7.7600000e+002
  1.1733880e+003  7.7600000e+002
  1.1741400e+003  7.5200000e+002
  1.1749240e+003  7.8400000e+002
  1.1757000e+003  7.7600000e+002
  1.1764440e+003  7.4400000e+002
  1.1772280e+003  7.8400000e+002
  1.1780120e+003  7.8400000e+002
  1.1787760e+003  7.6400000e+002
  1.1795400e+003  7.6400000e+002
  1.1803120e+003  7.7200000e+002
  1.1810800e+003  7.6800000e+002
  1.1818520e+003  7.7200000e+002
  1.1826240e+003  7.7200000e+002
  1.1833920e+003  7.6800000e+002
  1.1841640e+003  7.7200000e+002
  1.1847840e+003  6.2000000e+002
  1.1856760e+003  8.9200000e+002
  1.1865040e+003  8.2800000e+002
  1.1872400e+003  7.3600000e+002
  1.1880040e+003  7.6400000e+002
  1.1887880e+003  7.8400000e+002
  1.1895440e+003  7.5600000e+002
  1.1903400e+003  7.9600000e+002
  1.1911040e+003  7.6400000e+002
  1.1918680e+003  7.6400000e+002
  1.1926400e+003  7.7200000e+002
  1.1933920e+003  7.5200000e+002
  1.1941800e+003  7.8800000e+002
  1.1949520e+003  7.7200000e+002
  1.1957160e+003  7.6400000e+002
  1.1964840e+003  7.6800000e+002
  1.1972560e+003  7.7200000e+002
  1.1980240e+003  7.6800000e+002
  1.1987920e+003  7.6800000e+002
  1.1995560e+003  7.6400000e+002
  1.2003160e+003  7.6000000e+002
  1.2010960e+003  7.8000000e+002
  1.2018560e+003  7.6000000e+002
  1.2026400e+003  7.8400000e+002
  1.2034040e+003  7.6400000e+002
  1.2041800e+003  7.7600000e+002
  1.2049440e+003  7.6400000e+002
  1.2057280e+003  7.8400000e+002
  1.2065040e+003  7.7600000e+002
  1.2072800e+003  7.7600000e+002
  1.2080480e+003  7.6800000e+002
  1.2088200e+003  7.7200000e+002
  1.2096040e+003  7.8400000e+002
  1.2103760e+003  7.7200000e+002
  1.2111400e+003  7.6400000e+002
  1.2119200e+003  7.8000000e+002
  1.2126840e+003  7.6400000e+002
  1.2134560e+003  7.7200000e+002
  1.2142520e+003  7.9600000e+002
  1.2150200e+003  7.6800000e+002
  1.2158040e+003  7.8400000e+002
  1.2165800e+003  7.7600000e+002
  1.2173600e+003  7.8000000e+002
  1.2181280e+003  7.6800000e+002
  1.2189120e+003  7.8400000e+002
  1.2197000e+003  7.8800000e+002
  1.2204680e+003  7.6800000e+002
  1.2212440e+003  7.7600000e+002
  1.2220160e+003  7.7200000e+002
  1.2227800e+003  7.6400000e+002
  1.2235760e+003  7.9600000e+002
  1.2243400e+003  7.6400000e+002
  1.2251160e+003  7.7600000e+002
  1.2258800e+003  7.6400000e+002
  1.2266400e+003  7.6000000e+002
  1.2274120e+003  7.7200000e+002
  1.2282000e+003  7.8800000e+002
  1.2289600e+003  7.6000000e+002
  1.2297280e+003  7.6800000e+002
  1.2304920e+003  7.6400000e+002
  1.2312640e+003  7.7200000e+002
  1.2320160e+003  7.5200000e+002
  1.2326400e+003  6.2400000e+002
  1.2335560e+003  9.1600000e+002
  1.2343280e+003  7.7200000e+002
  1.2351040e+003  7.7600000e+002
  1.2358640e+003  7.6000000e+002
  1.2366320e+003  7.6800000e+002
  1.2374040e+003  7.7200000e+002
  1.2381680e+003  7.6400000e+002
  1.2389400e+003  7.7200000e+002
  1.2397040e+003  7.6400000e+002
  1.2404880e+003  7.8400000e+002
  1.2412440e+003  7.5600000e+002
  1.2420280e+003  7.8400000e+002
  1.2427840e+003  7.5600000e+002
  1.2435560e+003  7.7200000e+002
  1.2443360e+003  7.8000000e+002
  1.2451040e+003  7.6800000e+002
  1.2458680e+003  7.6400000e+002
  1.2466480e+003  7.8000000e+002
  1.2474160e+003  7.6800000e+002
  1.2481800e+003  7.6400000e+002
  1.2489680e+003  7.8800000e+002
  1.2497400e+003  7.7200000e+002
  1.2505040e+003  7.6400000e+002
  1.2512760e+003  7.7200000e+002
  1.2520440e+003  7.6800000e+002
  1.2528160e+003  7.7200000e+002
  1.2535920e+003  7.7600000e+002
  1.2543640e+003  7.7200000e+002
  1.2551240e+003  7.6000000e+002
  1.2558840e+003  7.6000000e+002
  1.2566680e+003  7.8400000e+002
  1.2574320e+003  7.6400000e+002
  1.2582160e+003  7.8400000e+002
  1.2589760e+003  7.6000000e+002
  1.2597520e+003  7.7600000e+002
  1.2605160e+003  7.6400000e+002
  1.2612920e+003  7.7600000e+002
  1.2620640e+003  7.7200000e+002
  1.2628400e+003  7.7600000e+002
  1.2636160e+003  7.7600000e+002
  1.2643680e+003  7.5200000e+002
  1.2651520e+003  7.8400000e+002
  1.2659160e+003  7.6400000e+002
  1.2666880e+003  7.7200000e+002
  1.2674560e+003  7.6800000e+002
  1.2682280e+003  7.7200000e+002
  1.2689800e+003  7.5200000e+002
  1.2697640e+003  7.8400000e+002
  1.2705280e+003  7.6400000e+002
  1.2713040e+003  7.7600000e+002
  1.2720600e+003  7.5600000e+002
  1.2728520e+003  7.9200000e+002
  1.2736200e+003  7.6800000e+002
  1.2743920e+003  7.7200000e+002
  1.2751640e+003  7.7200000e+002
  1.2759400e+003  7.7600000e+002
  1.2767120e+003  7.7200000e+002
  1.2774920e+003  7.8000000e+002
  1.2782440e+003  7.5200000e+002
  1.2790120e+003  7.6800000e+002
  1.2798040e+003  7.9200000e+002
  1.2805760e+003  7.7200000e+002
  1.2813520e+003  7.7600000e+002
  1.2821280e+003  7.7600000e+002
  1.2829040e+003  7.7600000e+002
  1.2836720e+003  7.6800000e+002
  1.2844400e+003  7.6800000e+002
  1.2852040e+003  7.6400000e+002
  1.2859880e+003  7.8400000e+002
  1.2867680e+003  7.8000000e+002
  1.2875160e+003  7.4800000e+002
  1.2882960e+003  7.8000000e+002
  1.2887880e+003  4.9200000e+002
  1.2898680e+003  1.0800000e+003
  1.2906520e+003  7.8400000e+002
  1.2914160e+003  7.6400000e+002
  1.2921800e+003  7.6400000e+002
  1.2929400e+003  7.6000000e+002
  1.2937160e+003  7.7600000e+002
  1.2945040e+003  7.8800000e+002
  1.2952520e+003  7.4800000e+002
  1.2960440e+003  7.9200000e+002
  1.2968160e+003  7.7200000e+002
  1.2975880e+003  7.7200000e+002
  1.2983520e+003  7.6400000e+002
  1.2991280e+003  7.7600000e+002
  1.2999040e+003  7.7600000e+002
  1.3006640e+003  7.6000000e+002
  1.3014400e+003  7.7600000e+002
  1.3022120e+003  7.7200000e+002
  1.3029720e+003  7.6000000e+002
  1.3037600e+003  7.8800000e+002
  1.3045280e+003  7.6800000e+002
  1.3052920e+003  7.6400000e+002
  1.3060760e+003  7.8400000e+002
  1.3068520e+003  7.7600000e+002
  1.3076040e+003  7.5200000e+002
  1.3083920e+003  7.8800000e+002
  1.3091280e+003  7.3600000e+002
  1.3099280e+003  8.0000000e+002
  1.3106880e+003  7.6000000e+002
  1.3114520e+003  7.6400000e+002
  1.3122240e+003  7.7200000e+002
  1.3129920e+003  7.6800000e+002
  1.3137560e+003  7.6400000e+002
  1.3145200e+003  7.6400000e+002
  1.3152680e+003  7.4800000e+002
  1.3160320e+003  7.6400000e+002
  1.3168160e+003  7.8400000e+002
  1.3175800e+003  7.6400000e+002
  1.3183320e+003  7.5200000e+002
  1.3191040e+003  7.7200000e+002
  1.3198680e+003  7.6400000e+002
  1.3206480e+003  7.8000000e+002
  1.3214160e+003  7.6800000e+002
  1.3221880e+003  7.7200000e+002
  1.3228040e+003  6.1600000e+002
  1.3237040e+003  9.0000000e+002
  1.3244800e+003  7.7600000e+002
  1.3252520e+003  7.7200000e+002
  1.3260160e+003  7.6400000e+002
  1.3267760e+003  7.6000000e+002
  1.3275320e+003  7.5600000e+002
  1.3283040e+003  7.7200000e+002
  1.3290680e+003  7.6400000e+002
  1.3298520e+003  7.8400000e+002
  1.3306040e+003  7.5200000e+002
  1.3313480e+003  7.4400000e+002
  1.3321640e+003  8.1600000e+002
  1.3329280e+003  7.6400000e+002
  1.3336800e+003  7.5200000e+002
  1.3344600e+003  7.8000000e+002
  1.3352440e+003  7.8400000e+002
  1.3359800e+003  7.3600000e+002
  1.3367800e+003  8.0000000e+002
  1.3375400e+003  7.6000000e+002
  1.3383280e+003  7.8800000e+002
  1.3390800e+003  7.5200000e+002
  1.3398560e+003  7.7600000e+002
  1.3406280e+003  7.7200000e+002
  1.3414120e+003  7.8400000e+002
  1.3421800e+003  7.6800000e+002
  1.3429640e+003  7.8400000e+002
  1.3434240e+003  4.6000000e+002
  1.3443120e+003  8.8800000e+002
  1.3451320e+003  8.2000000e+002
  1.3459400e+003  8.0800000e+002
  1.3467160e+003  7.7600000e+002
  1.3475080e+003  7.9200000e+002
  1.3483240e+003  8.1600000e+002
  1.3491040e+003  7.8000000e+002
  1.3499000e+003  7.9600000e+002
  1.3506800e+003  7.8000000e+002
  1.3514560e+003  7.7600000e+002
  1.3522400e+003  7.8400000e+002
  1.3530360e+003  7.9600000e+002
  1.3538120e+003  7.7600000e+002
  1.3545960e+003  7.8400000e+002
  1.3553760e+003  7.8000000e+002
  1.3561440e+003  7.6800000e+002
  1.3569240e+003  7.8000000e+002
  1.3577320e+003  8.0800000e+002
  1.3585000e+003  7.6800000e+002
  1.3592640e+003  7.6400000e+002
  1.3600600e+003  7.9600000e+002
  1.3608240e+003  7.6400000e+002
  1.3616080e+003  7.8400000e+002
  1.3623840e+003  7.7600000e+002
  1.3631840e+003  8.0000000e+002
  1.3639600e+003  7.7600000e+002
  1.3647440e+003  7.8400000e+002
  1.3655040e+003  7.6000000e+002
  1.3662920e+003  7.8800000e+002
  1.3667720e+003  4.8000000e+002
  1.3676360e+003  8.6400000e+002
  1.3684360e+003  8.0000000e+002
  1.3692520e+003  8.1600000e+002
  1.3700600e+003  8.0800000e+002
  1.3708440e+003  7.8400000e+002
  1.3716320e+003  7.8800000e+002
  1.3724040e+003  7.7200000e+002
  1.3731600e+003  7.5600000e+002
  1.3739560e+003  7.9600000e+002
  1.3747200e+003  7.6400000e+002
  1.3754840e+003  7.6400000e+002
  1.3762640e+003  7.8000000e+002
  1.3770200e+003  7.5600000e+002
  1.3778080e+003  7.8800000e+002
  1.3785480e+003  7.4000000e+002
  1.3793440e+003  7.9600000e+002
  1.3801040e+003  7.6000000e+002
  1.3808800e+003  7.7600000e+002
  1.3816200e+003  7.4000000e+002
  1.3823880e+003  7.6800000e+002
  1.3831760e+003  7.8800000e+002
  1.3839520e+003  7.7600000e+002
  1.3847280e+003  7.7600000e+002
  1.3854800e+003  7.5200000e+002
  1.3862680e+003  7.8800000e+002
  1.3870320e+003  7.6400000e+002
  1.3878080e+003  7.7600000e+002
  1.3885760e+003  7.6800000e+002
  1.3893440e+003  7.6800000e+002
  1.3901080e+003  7.6400000e+002
  1.3908920e+003  7.8400000e+002
  1.3916560e+003  7.6400000e+002
  1.3924320e+003  7.7600000e+002
  1.3932040e+003  7.7200000e+002
  1.3939600e+003  7.5600000e+002
  1.3947320e+003  7.7200000e+002
  1.3954960e+003  7.6400000e+002
  1.3962880e+003  7.9200000e+002
  1.3970560e+003  7.6800000e+002
  1.3978160e+003  7.6000000e+002
  1.3985840e+003  7.6800000e+002
  1.3993800e+003  7.9600000e+002
  1.4001520e+003  7.7200000e+002
  1.4009280e+003  7.7600000e+002
  1.4016920e+003  7.6400000e+002
  1.4024600e+003  7.6800000e+002
  1.4032080e+003  7.4800000e+002
  1.4039920e+003  7.8400000e+002
  1.4047560e+003  7.6400000e+002
  1.4055200e+003  7.6400000e+002
  1.4062960e+003  7.7600000e+002
  1.4070800e+003  7.8400000e+002
  1.4078400e+003  7.6000000e+002
  1.4086240e+003  7.8400000e+002
  1.4093680e+003  7.4400000e+002
  1.4101640e+003  7.9600000e+002
  1.4109360e+003  7.7200000e+002
  1.4117040e+003  7.6800000e+002
  1.4124640e+003  7.6000000e+002
  1.4132400e+003  7.7600000e+002
  1.4140120e+003  7.7200000e+002
  1.4147840e+003  7.7200000e+002
  1.4155520e+003  7.6800000e+002
  1.4163360e+003  7.8400000e+002
  1.4171000e+003  7.6400000e+002
  1.4178760e+003  7.7600000e+002
  1.4186520e+003  7.7600000e+002
  1.4194200e+003  7.6800000e+002
  1.4201680e+003  7.4800000e+002
  1.4209640e+003  7.9600000e+002
  1.4217360e+003  7.7200000e+002
  1.4225120e+003  7.7600000e+002
  1.4232840e+003  7.7200000e+002
  1.4240520e+003  7.6800000e+002
  1.4248360e+003  7.8400000e+002
  1.4255880e+003  7.5200000e+002
  1.4263760e+003  7.8800000e+002
  1.4271480e+003  7.7200000e+002
  1.4279240e+003  7.7600000e+002
  1.4286840e+003  7.6000000e+002
  1.4294840e+003  8.0000000e+002
  1.4302480e+003  7.6400000e+002
  1.4310160e+003  7.6800000e+002
  1.4317960e+003  7.8000000e+002
  1.4325680e+003  7.7200000e+002
  1.4333360e+003  7.6800000e+002
  1.4341080e+003  7.7200000e+002
  1.4348840e+003  7.7600000e+002
  1.4356440e+003  7.6000000e+002
  1.4364200e+003  7.7600000e+002
  1.4371960e+003  7.7600000e+002
  1.4379600e+003  7.6400000e+002
  1.4387440e+003  7.8400000e+002
  1.4395080e+003  7.6400000e+002
  1.4402760e+003  7.6800000e+002
  1.4410600e+003  7.8400000e+002
  1.4418200e+003  7.6000000e+002
  1.4422960e+003  4.7600000e+002
  1.4433480e+003  1.0520000e+003
  1.4441400e+003  7.9200000e+002
  1.4449040e+003  7.6400000e+002
  1.4456920e+003  7.8800000e+002
  1.4464680e+003  7.7600000e+002
  1.4472560e+003  7.8800000e+002
  1.4479960e+003  7.4000000e+002
  1.4487920e+003  7.9600000e+002
  1.4495560e+003  7.6400000e+002
  1.4503400e+003  7.8400000e+002
  1.4511160e+003  7.7600000e+002
  1.4519080e+003  7.9200000e+002
  1.4526760e+003  7.6800000e+002
  1.4534640e+003  7.8800000e+002
  1.4542360e+003  7.7200000e+002
  1.4550120e+003  7.7600000e+002
  1.4557680e+003  7.5600000e+002
  1.4565520e+003  7.8400000e+002
  1.4573280e+003  7.7600000e+002
  1.4581240e+003  7.9600000e+002
  1.4589000e+003  7.7600000e+002
  1.4596720e+003  7.7200000e+002
  1.4604520e+003  7.8000000e+002
  1.4612160e+003  7.6400000e+002
  1.4619920e+003  7.7600000e+002
  1.4627840e+003  7.9200000e+002
  1.4635520e+003  7.6800000e+002
  1.4643480e+003  7.9600000e+002
  1.4651200e+003  7.7200000e+002
  1.4658960e+003  7.7600000e+002
  1.4666680e+003  7.7200000e+002
  1.4674240e+003  7.5600000e+002
  1.4681960e+003  7.7200000e+002
  1.4689720e+003  7.7600000e+002
  1.4697520e+003  7.8000000e+002
  1.4705280e+003  7.7600000e+002
  1.4712960e+003  7.6800000e+002
  1.4717640e+003  4.6800000e+002
  1.4728480e+003  1.0840000e+003
  1.4736360e+003  7.8800000e+002
  1.4744200e+003  7.8400000e+002
  1.4752040e+003  7.8400000e+002
  1.4759640e+003  7.6000000e+002
  1.4767320e+003  7.6800000e+002
  1.4775120e+003  7.8000000e+002
  1.4782880e+003  7.7600000e+002
  1.4790600e+003  7.7200000e+002
  1.4798280e+003  7.6800000e+002
  1.4806160e+003  7.8800000e+002
  1.4812920e+003  6.7600000e+002
  1.4821320e+003  8.4000000e+002
  1.4829360e+003  8.0400000e+002
  1.4837000e+003  7.6400000e+002
  1.4844760e+003  7.7600000e+002
  1.4852520e+003  7.7600000e+002
  1.4860280e+003  7.7600000e+002
  1.4868040e+003  7.7600000e+002
  1.4875760e+003  7.7200000e+002
  1.4883520e+003  7.7600000e+002
  1.4891360e+003  7.8400000e+002
  1.4898920e+003  7.5600000e+002
  1.4906840e+003  7.9200000e+002
  1.4914600e+003  7.7600000e+002
  1.4922360e+003  7.7600000e+002
  1.4929880e+003  7.5200000e+002
  1.4937800e+003  7.9200000e+002
  1.4945600e+003  7.8000000e+002
  1.4953240e+003  7.6400000e+002
  1.4961000e+003  7.7600000e+002
  1.4968960e+003  7.9600000e+002
  1.4976720e+003  7.7600000e+002
  1.4984600e+003  7.8800000e+002
  1.4992480e+003  7.8800000e+002
  1.5000280e+003  7.8000000e+002
  1.5007960e+003  7.6800000e+002
  1.5015840e+003  7.8800000e+002
  1.5023680e+003  7.8400000e+002
  1.5031480e+003  7.8000000e+002
  1.5039280e+003  7.8000000e+002
  1.5047160e+003  7.8800000e+002
  1.5055000e+003  7.8400000e+002
  1.5062680e+003  7.6800000e+002
  1.5070320e+003  7.6400000e+002
  1.5078280e+003  7.9600000e+002
  1.5086120e+003  7.8400000e+002
  1.5093840e+003  7.7200000e+002
  1.5101640e+003  7.8000000e+002
  1.5109440e+003  7.8000000e+002
  1.5117200e+003  7.7600000e+002
  1.5125000e+003  7.8000000e+002
  1.5132560e+003  7.5600000e+002
  1.5140600e+003  8.0400000e+002
  1.5148360e+003  7.7600000e+002
  1.5156120e+003  7.7600000e+002
  1.5163760e+003  7.6400000e+002
  1.5171520e+003  7.7600000e+002
  1.5179360e+003  7.8400000e+002
  1.5187120e+003  7.7600000e+002
  1.5195040e+003  7.9200000e+002
  1.5202800e+003  7.7600000e+002
  1.5210560e+003  7.7600000e+002
  1.5218440e+003  7.8800000e+002
  1.5226080e+003  7.6400000e+002
  1.5234080e+003  8.0000000e+002
  1.5241800e+003  7.7200000e+002
  1.5249480e+003  7.6800000e+002
  1.5257440e+003  7.9600000e+002
  1.5265360e+003  7.9200000e+002
  1.5273120e+003  7.7600000e+002
  1.5281040e+003  7.9200000e+002
  1.5288720e+003  7.6800000e+002
  1.5296760e+003  8.0400000e+002
  1.5304720e+003  7.9600000e+002
  1.5312520e+003  7.8000000e+002
  1.5320360e+003  7.8400000e+002
  1.5328120e+003  7.7600000e+002
  1.5336120e+003  8.0000000e+002
  1.5344040e+003  7.9200000e+002
  1.5351840e+003  7.8000000e+002
  1.5359600e+003  7.7600000e+002
  1.5367520e+003  7.9200000e+002
  1.5375200e+003  7.6800000e+002
  1.5383000e+003  7.8000000e+002
  1.5390960e+003  7.9600000e+002
  1.5398560e+003  7.6000000e+002
  1.5406560e+003  8.0000000e+002
  1.5414280e+003  7.7200000e+002
  1.5422040e+003  7.7600000e+002
  1.5430000e+003  7.9600000e+002
  1.5437760e+003  7.7600000e+002
  1.5445600e+003  7.8400000e+002
  1.5453480e+003  7.8800000e+002
  1.5461080e+003  7.6000000e+002
  1.5468880e+003  7.8000000e+002
  1.5476880e+003  8.0000000e+002
  1.5484600e+003  7.7200000e+002
  1.5492360e+003  7.7600000e+002
  1.5500200e+003  7.8400000e+002
  1.5505000e+003  4.8000000e+002
  1.5515560e+003  1.0560000e+003
  1.5523480e+003  7.9200000e+002
  1.5531360e+003  7.8800000e+002
  1.5539200e+003  7.8400000e+002
  1.5546960e+003  7.7600000e+002
  1.5554800e+003  7.8400000e+002
  1.5562560e+003  7.7600000e+002
  1.5570400e+003  7.8400000e+002
  1.5578080e+003  7.6800000e+002
  1.5586080e+003  8.0000000e+002
  1.5593800e+003  7.7200000e+002
  1.5601680e+003  7.8800000e+002
  1.5609600e+003  7.9200000e+002
  1.5617400e+003  7.8000000e+002
  1.5625280e+003  7.8800000e+002
  1.5633040e+003  7.7600000e+002
  1.5641000e+003  7.9600000e+002
  1.5648960e+003  7.9600000e+002
  1.5656520e+003  7.5600000e+002
  1.5664520e+003  8.0000000e+002
  1.5672320e+003  7.8000000e+002
  1.5680080e+003  7.7600000e+002
  1.5687960e+003  7.8800000e+002
  1.5695840e+003  7.8800000e+002
  1.5703600e+003  7.7600000e+002
  1.5711440e+003  7.8400000e+002
  1.5719280e+003  7.8400000e+002
  1.5727120e+003  7.8400000e+002
  1.5735040e+003  7.9200000e+002
  1.5742800e+003  7.7600000e+002
  1.5750680e+003  7.8800000e+002
  1.5758560e+003  7.8800000e+002
  1.5766320e+003  7.7600000e+002
  1.5774400e+003  8.0800000e+002
  1.5782280e+003  7.8800000e+002
  1.5790240e+003  7.9600000e+002
  1.5798120e+003  7.8800000e+002
  1.5806080e+003  7.9600000e+002
  1.5814080e+003  8.0000000e+002
  1.5821840e+003  7.7600000e+002
  1.5829840e+003  8.0000000e+002
  1.5837680e+003  7.8400000e+002
  1.5845480e+003  7.8000000e+002
  1.5853280e+003  7.8000000e+002
  1.5861280e+003  8.0000000e+002
  1.5869160e+003  7.8800000e+002
  1.5877040e+003  7.8800000e+002
  1.5884880e+003  7.8400000e+002
  1.5892640e+003  7.7600000e+002
  1.5900560e+003  7.9200000e+002
  1.5908480e+003  7.9200000e+002
  1.5916240e+003  7.7600000e+002
  1.5924000e+003  7.7600000e+002
  1.5931480e+003  7.4800000e+002
  1.5939720e+003  8.2400000e+002
  1.5947560e+003  7.8400000e+002
  1.5955320e+003  7.7600000e+002
  1.5963200e+003  7.8800000e+002
  1.5971080e+003  7.8800000e+002
  1.5978840e+003  7.7600000e+002
  1.5986800e+003  7.9600000e+002
  1.5994480e+003  7.6800000e+002
  1.6002440e+003  7.9600000e+002
  1.6010440e+003  8.0000000e+002
  1.6018160e+003  7.7200000e+002
  1.6026160e+003  8.0000000e+002
  1.6034160e+003  8.0000000e+002
  1.6042120e+003  7.9600000e+002
  1.6050000e+003  7.8800000e+002
  1.6057640e+003  7.6400000e+002
  1.6065720e+003  8.0800000e+002
  1.6073600e+003  7.8800000e+002
  1.6081480e+003  7.8800000e+002
  1.6089440e+003  7.9600000e+002
  1.6097320e+003  7.8800000e+002
  1.6105080e+003  7.7600000e+002
  1.6113040e+003  7.9600000e+002
  1.6120920e+003  7.8800000e+002
  1.6128680e+003  7.7600000e+002
  1.6136520e+003  7.8400000e+002
  1.6144400e+003  7.8800000e+002
  1.6152320e+003  7.9200000e+002
  1.6160240e+003  7.9200000e+002
  1.6168000e+003  7.7600000e+002
  1.6175880e+003  7.8800000e+002
  1.6183760e+003  7.8800000e+002
  1.6191720e+003  7.9600000e+002
  1.6199720e+003  8.0000000e+002
  1.6207600e+003  7.8800000e+002
  1.6215320e+003  7.7200000e+002
  1.6223320e+003  8.0000000e+002
  1.6231200e+003  7.8800000e+002
  1.6239160e+003  7.9600000e+002
  1.6246800e+003  7.6400000e+002
  1.6254880e+003  8.0800000e+002
  1.6262640e+003  7.7600000e+002
  1.6270600e+003  7.9600000e+002
  1.6278480e+003  7.8800000e+002
  1.6286400e+003  7.9200000e+002
  1.6294240e+003  7.8400000e+002
  1.6302040e+003  7.8000000e+002
  1.6310000e+003  7.9600000e+002
  1.6317840e+003  7.8400000e+002
  1.6325720e+003  7.8800000e+002
  1.6333560e+003  7.8400000e+002
  1.6341440e+003  7.8800000e+002
  1.6349320e+003  7.8800000e+002
  1.6357280e+003  7.9600000e+002
  1.6365160e+003  7.8800000e+002
  1.6373000e+003  7.8400000e+002
  1.6380800e+003  7.8000000e+002
  1.6388760e+003  7.9600000e+002
  1.6396440e+003  7.6800000e+002
  1.6404680e+003  8.2400000e+002
  1.6412240e+003  7.5600000e+002
  1.6420200e+003  7.9600000e+002
  1.6428120e+003  7.9200000e+002
  1.6435960e+003  7.8400000e+002
  1.6443800e+003  7.8400000e+002
  1.6451680e+003  7.8800000e+002
  1.6459560e+003  7.8800000e+002
  1.6467040e+003  7.4800000e+002
  1.6475320e+003  8.2800000e+002
  1.6483200e+003  7.8800000e+002
  1.6491120e+003  7.9200000e+002
  1.6499040e+003  7.9200000e+002
  1.6506920e+003  7.8800000e+002
  1.6514920e+003  8.0000000e+002
  1.6522760e+003  7.8400000e+002
  1.6530840e+003  8.0800000e+002
  1.6538640e+003  7.8000000e+002
  1.6546600e+003  7.9600000e+002
  1.6554360e+003  7.7600000e+002
  1.6562440e+003  8.0800000e+002
  1.6570200e+003  7.7600000e+002
  1.6578200e+003  8.0000000e+002
  1.6585960e+003  7.7600000e+002
  1.6594040e+003  8.0800000e+002
  1.6601960e+003  7.9200000e+002
  1.6609920e+003  7.9600000e+002
  1.6617880e+003  7.9600000e+002
  1.6625760e+003  7.8800000e+002
  1.6633760e+003  8.0000000e+002
  1.6641640e+003  7.8800000e+002
  1.6649720e+003  8.0800000e+002
  1.6657800e+003  8.0800000e+002
  1.6665800e+003  8.0000000e+002
  1.6673560e+003  7.7600000e+002
  1.6681760e+003  8.2000000e+002
  1.6689680e+003  7.9200000e+002
  1.6697760e+003  8.0800000e+002
  1.6705680e+003  7.9200000e+002
  1.6713760e+003  8.0800000e+002
  1.6721600e+003  7.8400000e+002
  1.6729600e+003  8.0000000e+002
  1.6737600e+003  8.0000000e+002
  1.6745400e+003  7.8000000e+002
  1.6753480e+003  8.0800000e+002
  1.6761440e+003  7.9600000e+002
  1.6769240e+003  7.8000000e+002
  1.6777200e+003  7.9600000e+002
  1.6785280e+003  8.0800000e+002
  1.6793280e+003  8.0000000e+002
  1.6801160e+003  7.8800000e+002
  1.6809240e+003  8.0800000e+002
  1.6816760e+003  7.5200000e+002
  1.6825120e+003  8.3600000e+002
  1.6833200e+003  8.0800000e+002
  1.6841080e+003  7.8800000e+002
  1.6849040e+003  7.9600000e+002
  1.6854440e+003  5.4000000e+002
  1.6864800e+003  1.0360000e+003
  1.6872360e+003  7.5600000e+002
  1.6880640e+003  8.2800000e+002
  1.6888520e+003  7.8800000e+002
  1.6896400e+003  7.8800000e+002
  1.6904280e+003  7.8800000e+002
  1.6912160e+003  7.8800000e+002
  1.6920120e+003  7.9600000e+002
  1.6927880e+003  7.7600000e+002
  1.6935880e+003  8.0000000e+002
  1.6943840e+003  7.9600000e+002
  1.6951480e+003  7.6400000e+002
  1.6959160e+003  7.6800000e+002
  1.6967320e+003  8.1600000e+002
  1.6975520e+003  8.2000000e+002
  1.6983400e+003  7.8800000e+002
  1.6991280e+003  7.8800000e+002
  1.6999200e+003  7.9200000e+002
  1.7007120e+003  7.9200000e+002
  1.7015000e+003  7.8800000e+002
  1.7022880e+003  7.8800000e+002
  1.7030840e+003  7.9600000e+002
  1.7038720e+003  7.8800000e+002
  1.7046720e+003  8.0000000e+002
  1.7054560e+003  7.8400000e+002
  1.7062560e+003  8.0000000e+002
  1.7070360e+003  7.8000000e+002
  1.7078320e+003  7.9600000e+002
  1.7086280e+003  7.9600000e+002
  1.7093920e+003  7.6400000e+002
  1.7101920e+003  8.0000000e+002
  1.7109800e+003  7.8800000e+002
  1.7117760e+003  7.9600000e+002
  1.7127720e+003  9.9600000e+002
  1.7133560e+003  5.8400000e+002
  1.7141560e+003  8.0000000e+002
  1.7148120e+003  6.5600000e+002
  1.7157440e+003  9.3200000e+002
  1.7165360e+003  7.9200000e+002
  1.7173320e+003  7.9600000e+002
  1.7181280e+003  7.9600000e+002
  1.7189160e+003  7.8800000e+002
  1.7197120e+003  7.9600000e+002
  1.7205240e+003  8.1200000e+002
  1.7213120e+003  7.8800000e+002
  1.7221120e+003  8.0000000e+002
  1.7229200e+003  8.0800000e+002
  1.7237000e+003  7.8000000e+002
  1.7244880e+003  7.8800000e+002
  1.7252840e+003  7.9600000e+002
  1.7260920e+003  8.0800000e+002
  1.7268800e+003  7.8800000e+002
  1.7276760e+003  7.9600000e+002
  1.7284880e+003  8.1200000e+002
  1.7292680e+003  7.8000000e+002
  1.7300720e+003  8.0400000e+002
  1.7308640e+003  7.9200000e+002
  1.7316720e+003  8.0800000e+002
  1.7324600e+003  7.8800000e+002
  1.7332560e+003  7.9600000e+002
  1.7340400e+003  7.8400000e+002
  1.7348440e+003  8.0400000e+002
  1.7356320e+003  7.8800000e+002
  1.7364320e+003  8.0000000e+002
  1.7372280e+003  7.9600000e+002
  1.7380240e+003  7.9600000e+002
  1.7388120e+003  7.8800000e+002
  1.7396120e+003  8.0000000e+002
  1.7404000e+003  7.8800000e+002
  1.7412080e+003  8.0800000e+002
  1.7419960e+003  7.8800000e+002
  1.7427840e+003  7.8800000e+002
  1.7435840e+003  8.0000000e+002
  1.7441640e+003  5.8000000e+002
  1.7451440e+003  9.8000000e+002
  1.7459560e+003  8.1200000e+002
  1.7467600e+003  8.0400000e+002
  1.7475520e+003  7.9200000e+002
  1.7483480e+003  7.9600000e+002
  1.7491280e+003  7.8000000e+002
  1.7499400e+003  8.1200000e+002
  1.7507360e+003  7.9600000e+002
  1.7515440e+003  8.0800000e+002
  1.7523320e+003  7.8800000e+002
  1.7531120e+003  7.8000000e+002
  1.7539400e+003  8.2800000e+002
  1.7545360e+003  5.9600000e+002
  1.7555120e+003  9.7600000e+002
  1.7563040e+003  7.9200000e+002
  1.7571000e+003  7.9600000e+002
  1.7578800e+003  7.8000000e+002
  1.7586840e+003  8.0400000e+002
  1.7594840e+003  8.0000000e+002
  1.7602640e+003  7.8000000e+002
  1.7610720e+003  8.0800000e+002
  1.7618640e+003  7.9200000e+002
  1.7626640e+003  8.0000000e+002
  1.7634560e+003  7.9200000e+002
  1.7642640e+003  8.0800000e+002
  1.7650520e+003  7.8800000e+002
  1.7658520e+003  8.0000000e+002
  1.7666480e+003  7.9600000e+002
  1.7674480e+003  8.0000000e+002
  1.7682360e+003  7.8800000e+002
  1.7690360e+003  8.0000000e+002
  1.7698320e+003  7.9600000e+002
  1.7706320e+003  8.0000000e+002
  1.7714200e+003  7.8800000e+002
  1.7722280e+003  8.0800000e+002
  1.7729960e+003  7.6800000e+002
  1.7738040e+003  8.0800000e+002
  1.7746120e+003  8.0800000e+002
  1.7754000e+003  7.8800000e+002
  1.7762000e+003  8.0000000e+002
  1.7770080e+003  8.0800000e+002
  1.7778040e+003  7.9600000e+002
  1.7785840e+003  7.8000000e+002
  1.7793960e+003  8.1200000e+002
  1.7801920e+003  7.9600000e+002
  1.7809800e+003  7.8800000e+002
  1.7817920e+003  8.1200000e+002
  1.7823760e+003  5.8400000e+002
  1.7833840e+003  1.0080000e+003
  1.7841640e+003  7.8000000e+002
  1.7849840e+003  8.2000000e+002
  1.7857720e+003  7.8800000e+002
  1.7865800e+003  8.0800000e+002
  1.7873800e+003  8.0000000e+002
  1.7881800e+003  8.0000000e+002
  1.7889720e+003  7.9200000e+002
  1.7897560e+003  7.8400000e+002
  1.7905640e+003  8.0800000e+002
  1.7913520e+003  7.8800000e+002
  1.7921520e+003  8.0000000e+002
  1.7929480e+003  7.9600000e+002
  1.7937480e+003  8.0000000e+002
  1.7945320e+003  7.8400000e+002
  1.7953120e+003  7.8000000e+002
  1.7961080e+003  7.9600000e+002
  1.7968960e+003  7.8800000e+002
  1.7976960e+003  8.0000000e+002
  1.7983640e+003  6.6800000e+002
  1.7992800e+003  9.1600000e+002
