  1.8320000e+000  6.3600000e+002
  2.6160000e+000  7.8400000e+002
  3.4080000e+000  7.9200000e+002
  4.0120000e+000  6.0400000e+002
  4.7120000e+000  7.0000000e+002
  5.6520000e+000  9.4000000e+002
  6.4480000e+000  7.9600000e+002
  7.3160000e+000  8.6800000e+002
  8.3840000e+000  1.0680000e+003
  9.1160000e+000  7.3200000e+002
  9.6760000e+000  5.6000000e+002
  1.0460000e+001  7.8400000e+002
  1.1464000e+001  1.0040000e+003
  1.2436000e+001  9.7200000e+002
  1.3116000e+001  6.8000000e+002
  1.3852000e+001  7.3600000e+002
  1.5092000e+001  1.2400000e+003
  1.6016000e+001  9.2400000e+002
  1.6988000e+001  9.7200000e+002
  1.7604000e+001  6.1600000e+002
  1.8144000e+001  5.4000000e+002
  1.8888000e+001  7.4400000e+002
  1.9824000e+001  9.3600000e+002
  2.0768000e+001  9.4400000e+002
  2.1632000e+001  8.6400000e+002
  2.2492000e+001  8.6000000e+002
  2.3440000e+001  9.4800000e+002
  2.4040000e+001  6.0000000e+002
  2.4716000e+001  6.7600000e+002
  2.5796000e+001  1.0800000e+003
  2.6604000e+001  8.0800000e+002
  2.7456000e+001  8.5200000e+002
  2.8032000e+001  5.7600000e+002
  2.9036000e+001  1.0040000e+003
  3.0084000e+001  1.0480000e+003
  3.0660000e+001  5.7600000e+002
  3.1472000e+001  8.1200000e+002
  3.1936000e+001  4.6400000e+002
  3.2780000e+001  8.4400000e+002
  3.3420000e+001  6.4000000e+002
  3.4812000e+001  1.3920000e+003
  3.5568000e+001  7.5600000e+002
  3.6348000e+001  7.8000000e+002
  3.7444000e+001  1.0960000e+003
  3.7996000e+001  5.5200000e+002
  3.8672000e+001  6.7600000e+002
  3.9300000e+001  6.2800000e+002
  4.0268000e+001  9.6800000e+002
  4.1292000e+001  1.0240000e+003
  4.2076000e+001  7.8400000e+002
  4.2848000e+001  7.7200000e+002
  4.3692000e+001  8.4400000e+002
  4.4272000e+001  5.8000000e+002
  4.5112000e+001  8.4000000e+002
  4.6044000e+001  9.3200000e+002
  4.6928000e+001  8.8400000e+002
  4.7588000e+001  6.6000000e+002
  4.8452000e+001  8.6400000e+002
  4.9368000e+001  9.1600000e+002
  5.0208000e+001  8.4000000e+002
  5.0852000e+001  6.4400000e+002
  5.1692000e+001  8.4000000e+002
  5.2672000e+001  9.8000000e+002
  5.3380000e+001  7.0800000e+002
  5.4012000e+001  6.3200000e+002
  5.5096000e+001  1.0840000e+003
  5.5592000e+001  4.9600000e+002
  5.6288000e+001  6.9600000e+002
  5.7240000e+001  9.5200000e+002
  5.8120000e+001  8.8000000e+002
  5.9080000e+001  9.6000000e+002
  6.0352000e+001  1.2720000e+003
  6.1388000e+001  1.0360000e+003
  6.2056000e+001  6.6800000e+002
  6.3152000e+001  1.0960000e+003
  6.4104000e+001  9.5200000e+002
  6.5016000e+001  9.1200000e+002
  6.5924000e+001  9.0800000e+002
  6.6488000e+001  5.6400000e+002
  6.7296000e+001  8.0800000e+002
  6.7768000e+001  4.7200000e+002
  6.8876000e+001  1.1080000e+003
  6.9468000e+001  5.9200000e+002
  7.0184000e+001  7.1600000e+002
  7.0796000e+001  6.1200000e+002
  7.1356000e+001  5.6000000e+002
  7.2024000e+001  6.6800000e+002
  7.2984000e+001  9.6000000e+002
  7.3648000e+001  6.6400000e+002
  7.4520000e+001  8.7200000e+002
  7.5628000e+001  1.1080000e+003
  7.6280000e+001  6.5200000e+002
  7.7224000e+001  9.4400000e+002
  7.8044000e+001  8.2000000e+002
  7.9092000e+001  1.0480000e+003
  7.9756000e+001  6.6400000e+002
  8.0956000e+001  1.2000000e+003
  8.1736000e+001  7.8000000e+002
  8.2672000e+001  9.3600000e+002
  8.3604000e+001  9.3200000e+002
  8.4384000e+001  7.8000000e+002
  8.5140000e+001  7.5600000e+002
  8.5796000e+001  6.5600000e+002
  8.6364000e+001  5.6800000e+002
  8.7128000e+001  7.6400000e+002
  8.8204000e+001  1.0760000e+003
  8.9024000e+001  8.2000000e+002
  8.9972000e+001  9.4800000e+002
  9.0880000e+001  9.0800000e+002
  9.1644000e+001  7.6400000e+002
  9.2316000e+001  6.7200000e+002
  9.3044000e+001  7.2800000e+002
  9.3764000e+001  7.2000000e+002
  9.4444000e+001  6.8000000e+002
  9.5012000e+001  5.6800000e+002
  9.5572000e+001  5.6000000e+002
  9.6416000e+001  8.4400000e+002
  9.7184000e+001  7.6800000e+002
  9.8112000e+001  9.2800000e+002
  9.8924000e+001  8.1200000e+002
  9.9492000e+001  5.6800000e+002
  1.0053200e+002  1.0400000e+003
  1.0145200e+002  9.2000000e+002
  1.0224400e+002  7.9200000e+002
  1.0283600e+002  5.9200000e+002
  1.0402400e+002  1.1880000e+003
  1.0501600e+002  9.9200000e+002
  1.0600400e+002  9.8800000e+002
  1.0702400e+002  1.0200000e+003
  1.0787600e+002  8.5200000e+002
  1.0850400e+002  6.2800000e+002
  1.0903200e+002  5.2800000e+002
  1.0982400e+002  7.9200000e+002
  1.1067200e+002  8.4800000e+002
  1.1112400e+002  4.5200000e+002
  1.1225600e+002  1.1320000e+003
  1.1306000e+002  8.0400000e+002
  1.1358800e+002  5.2800000e+002
  1.1446400e+002  8.7600000e+002
  1.1501600e+002  5.5200000e+002
  1.1592400e+002  9.0800000e+002
  1.1676000e+002  8.3600000e+002
  1.1769600e+002  9.3600000e+002
  1.1837600e+002  6.8000000e+002
  1.1933200e+002  9.5600000e+002
  1.2015200e+002  8.2000000e+002
  1.2126800e+002  1.1160000e+003
  1.2183200e+002  5.6400000e+002
  1.2238400e+002  5.5200000e+002
  1.2299200e+002  6.0800000e+002
  1.2349600e+002  5.0400000e+002
  1.2420800e+002  7.1200000e+002
  1.2508000e+002  8.7200000e+002
  1.2567200e+002  5.9200000e+002
  1.2620800e+002  5.3600000e+002
  1.2710000e+002  8.9200000e+002
  1.2802800e+002  9.2800000e+002
  1.2869200e+002  6.6400000e+002
  1.2965200e+002  9.6000000e+002
  1.3039200e+002  7.4000000e+002
  1.3154000e+002  1.1480000e+003
  1.3236800e+002  8.2800000e+002
  1.3332000e+002  9.5200000e+002
  1.3402800e+002  7.0800000e+002
  1.3510000e+002  1.0720000e+003
  1.3574000e+002  6.4000000e+002
  1.3644000e+002  7.0000000e+002
  1.3742800e+002  9.8800000e+002
  1.3814000e+002  7.1200000e+002
  1.3878000e+002  6.4000000e+002
  1.3949600e+002  7.1600000e+002
  1.4069600e+002  1.2000000e+003
  1.4156400e+002  8.6800000e+002
  1.4264800e+002  1.0840000e+003
  1.4346000e+002  8.1200000e+002
  1.4446000e+002  1.0000000e+003
  1.4518400e+002  7.2400000e+002
  1.4606800e+002  8.8400000e+002
  1.4694000e+002  8.7200000e+002
  1.4758800e+002  6.4800000e+002
  1.4865600e+002  1.0680000e+003
  1.4983600e+002  1.1800000e+003
  1.5079200e+002  9.5600000e+002
  1.5144400e+002  6.5200000e+002
  1.5240400e+002  9.6000000e+002
  1.5320000e+002  7.9600000e+002
  1.5380000e+002  6.0000000e+002
  1.5493600e+002  1.1360000e+003
  1.5561600e+002  6.8000000e+002
  1.5655600e+002  9.4000000e+002
  1.5736800e+002  8.1200000e+002
  1.5782400e+002  4.5600000e+002
  1.5873600e+002  9.1200000e+002
  1.5946000e+002  7.2400000e+002
  1.6032400e+002  8.6400000e+002
  1.6079200e+002  4.6800000e+002
  1.6154000e+002  7.4800000e+002
  1.6232000e+002  7.8000000e+002
  1.6309600e+002  7.7600000e+002
  1.6389600e+002  8.0000000e+002
  1.6456800e+002  6.7200000e+002
  1.6538400e+002  8.1600000e+002
  1.6613600e+002  7.5200000e+002
  1.6704400e+002  9.0800000e+002
  1.6794000e+002  8.9600000e+002
  1.6885600e+002  9.1600000e+002
  1.6952000e+002  6.6400000e+002
  1.7057200e+002  1.0520000e+003
  1.7135600e+002  7.8400000e+002
  1.7196800e+002  6.1200000e+002
  1.7261200e+002  6.4400000e+002
  1.7344400e+002  8.3200000e+002
  1.7413600e+002  6.9200000e+002
  1.7474800e+002  6.1200000e+002
  1.7557600e+002  8.2800000e+002
  1.7635600e+002  7.8000000e+002
  1.7707200e+002  7.1600000e+002
  1.7778800e+002  7.1600000e+002
  1.7843600e+002  6.4800000e+002
  1.7938800e+002  9.5200000e+002
  1.8026000e+002  8.7200000e+002
  1.8070800e+002  4.4800000e+002
  1.8166400e+002  9.5600000e+002
  1.8239200e+002  7.2800000e+002
  1.8288000e+002  4.8800000e+002
  1.8402400e+002  1.1440000e+003
  1.8505200e+002  1.0280000e+003
  1.8576800e+002  7.1600000e+002
  1.8653200e+002  7.6400000e+002
  1.8707600e+002  5.4400000e+002
  1.8807200e+002  9.9600000e+002
  1.8890400e+002  8.3200000e+002
  1.8990800e+002  1.0040000e+003
  1.9086800e+002  9.6000000e+002
  1.9174000e+002  8.7200000e+002
  1.9255600e+002  8.1600000e+002
  1.9346800e+002  9.1200000e+002
  1.9400400e+002  5.3600000e+002
  1.9492000e+002  9.1600000e+002
  1.9577200e+002  8.5200000e+002
  1.9646000e+002  6.8800000e+002
  1.9738000e+002  9.2000000e+002
  1.9826000e+002  8.8000000e+002
  1.9930800e+002  1.0480000e+003
  2.0020000e+002  8.9200000e+002
  2.0114800e+002  9.4800000e+002
  2.0173200e+002  5.8400000e+002
  2.0228400e+002  5.5200000e+002
  2.0316800e+002  8.8400000e+002
  2.0417600e+002  1.0080000e+003
  2.0514800e+002  9.7200000e+002
  2.0590400e+002  7.5600000e+002
  2.0688800e+002  9.8400000e+002
  2.0788400e+002  9.9600000e+002
  2.0888400e+002  1.0000000e+003
  2.0980000e+002  9.1600000e+002
  2.1036800e+002  5.6800000e+002
  2.1128400e+002  9.1600000e+002
  2.1222400e+002  9.4000000e+002
  2.1291200e+002  6.8800000e+002
  2.1345600e+002  5.4400000e+002
  2.1410400e+002  6.4800000e+002
  2.1515200e+002  1.0480000e+003
  2.1606800e+002  9.1600000e+002
  2.1696000e+002  8.9200000e+002
  2.1766800e+002  7.0800000e+002
  2.1866000e+002  9.9200000e+002
  2.1944800e+002  7.8800000e+002
  2.2040800e+002  9.6000000e+002
  2.2128800e+002  8.8000000e+002
  2.2226000e+002  9.7200000e+002
  2.2308800e+002  8.2800000e+002
  2.2404000e+002  9.5200000e+002
  2.2460400e+002  5.6400000e+002
  2.2556800e+002  9.6400000e+002
  2.2636000e+002  7.9200000e+002
  2.2701600e+002  6.5600000e+002
  2.2783200e+002  8.1600000e+002
  2.2845600e+002  6.2400000e+002
  2.2932800e+002  8.7200000e+002
  2.3022000e+002  8.9200000e+002
  2.3107600e+002  8.5600000e+002
  2.3168400e+002  6.0800000e+002
  2.3238800e+002  7.0400000e+002
  2.3335600e+002  9.6800000e+002
  2.3399600e+002  6.4000000e+002
  2.3457600e+002  5.8000000e+002
  2.3548400e+002  9.0800000e+002
  2.3628400e+002  8.0000000e+002
  2.3711200e+002  8.2800000e+002
  2.3769600e+002  5.8400000e+002
  2.3823600e+002  5.4000000e+002
  2.3896800e+002  7.3200000e+002
  2.3985200e+002  8.8400000e+002
  2.4077600e+002  9.2400000e+002
  2.4174000e+002  9.6400000e+002
  2.4242800e+002  6.8800000e+002
  2.4347600e+002  1.0480000e+003
  2.4418400e+002  7.0800000e+002
  2.4521200e+002  1.0280000e+003
  2.4603200e+002  8.2000000e+002
  2.4672800e+002  6.9600000e+002
  2.4778000e+002  1.0520000e+003
  2.4854000e+002  7.6000000e+002
  2.4915600e+002  6.1600000e+002
  2.5012000e+002  9.6400000e+002
  2.5077200e+002  6.5200000e+002
  2.5169200e+002  9.2000000e+002
  2.5303200e+002  1.3400000e+003
  2.5400800e+002  9.7600000e+002
  2.5506000e+002  1.0520000e+003
  2.5569200e+002  6.3200000e+002
  2.5670400e+002  1.0120000e+003
  2.5778000e+002  1.0760000e+003
  2.5863200e+002  8.5200000e+002
  2.5965200e+002  1.0200000e+003
  2.6038000e+002  7.2800000e+002
  2.6112800e+002  7.4800000e+002
  2.6179200e+002  6.6400000e+002
  2.6264800e+002  8.5600000e+002
  2.6350400e+002  8.5600000e+002
  2.6438400e+002  8.8000000e+002
  2.6530400e+002  9.2000000e+002
  2.6607600e+002  7.7200000e+002
  2.6686400e+002  7.8800000e+002
  2.6742800e+002  5.6400000e+002
  2.6825600e+002  8.2800000e+002
  2.6932800e+002  1.0720000e+003
  2.6992400e+002  5.9600000e+002
  2.7102000e+002  1.0960000e+003
  2.7182000e+002  8.0000000e+002
  2.7243200e+002  6.1200000e+002
  2.7300400e+002  5.7200000e+002
  2.7404400e+002  1.0400000e+003
  2.7464000e+002  5.9600000e+002
  2.7521600e+002  5.7600000e+002
  2.7586800e+002  6.5200000e+002
  2.7658400e+002  7.1600000e+002
  2.7718800e+002  6.0400000e+002
  2.7832800e+002  1.1400000e+003
  2.7908400e+002  7.5600000e+002
  2.7996000e+002  8.7600000e+002
  2.8114400e+002  1.1840000e+003
  2.8184000e+002  6.9600000e+002
  2.8252000e+002  6.8000000e+002
  2.8326400e+002  7.4400000e+002
  2.8396400e+002  7.0000000e+002
  2.8495600e+002  9.9200000e+002
  2.8580000e+002  8.4400000e+002
  2.8626800e+002  4.6800000e+002
  2.8726400e+002  9.9600000e+002
  2.8818000e+002  9.1600000e+002
  2.8924400e+002  1.0640000e+003
  2.8974800e+002  5.0400000e+002
  2.9081600e+002  1.0680000e+003
  2.9175600e+002  9.4000000e+002
  2.9232400e+002  5.6800000e+002
  2.9288000e+002  5.5600000e+002
  2.9351200e+002  6.3200000e+002
  2.9429200e+002  7.8000000e+002
  2.9538000e+002  1.0880000e+003
  2.9588800e+002  5.0800000e+002
  2.9690000e+002  1.0120000e+003
  2.9774800e+002  8.4800000e+002
  2.9833200e+002  5.8400000e+002
  2.9886400e+002  5.3200000e+002
  2.9948000e+002  6.1600000e+002
  3.0068000e+002  1.2000000e+003
  3.0165600e+002  9.7600000e+002
  3.0253200e+002  8.7600000e+002
  3.0308400e+002  5.5200000e+002
  3.0372400e+002  6.4000000e+002
  3.0424000e+002  5.1600000e+002
  3.0521600e+002  9.7600000e+002
  3.0605600e+002  8.4000000e+002
  3.0662000e+002  5.6400000e+002
  3.0716000e+002  5.4000000e+002
  3.0811600e+002  9.5600000e+002
  3.0892800e+002  8.1200000e+002
  3.0956800e+002  6.4000000e+002
  3.1006400e+002  4.9600000e+002
  3.1118000e+002  1.1160000e+003
  3.1182000e+002  6.4000000e+002
  3.1242000e+002  6.0000000e+002
  3.1303600e+002  6.1600000e+002
  3.1406000e+002  1.0240000e+003
  3.1496000e+002  9.0000000e+002
  3.1568000e+002  7.2000000e+002
  3.1631200e+002  6.3200000e+002
  3.1697200e+002  6.6000000e+002
  3.1779200e+002  8.2000000e+002
  3.1838000e+002  5.8800000e+002
  3.1908800e+002  7.0800000e+002
  3.1974000e+002  6.5200000e+002
  3.2098800e+002  1.2480000e+003
  3.2196000e+002  9.7200000e+002
  3.2275600e+002  7.9600000e+002
  3.2344000e+002  6.8400000e+002
  3.2413600e+002  6.9600000e+002
  3.2491200e+002  7.7600000e+002
  3.2592400e+002  1.0120000e+003
  3.2673200e+002  8.0800000e+002
  3.2757600e+002  8.4400000e+002
  3.2839600e+002  8.2000000e+002
  3.2911200e+002  7.1600000e+002
  3.2980400e+002  6.9200000e+002
  3.3036400e+002  5.6000000e+002
  3.3118800e+002  8.2400000e+002
  3.3195600e+002  7.6800000e+002
  3.3253600e+002  5.8000000e+002
  3.3389600e+002  1.3600000e+003
  3.3475600e+002  8.6000000e+002
  3.3534400e+002  5.8800000e+002
  3.3594800e+002  6.0400000e+002
  3.3648000e+002  5.3200000e+002
  3.3728000e+002  8.0000000e+002
  3.3814400e+002  8.6400000e+002
  3.3871600e+002  5.7200000e+002
  3.3972000e+002  1.0040000e+003
  3.4050800e+002  7.8800000e+002
  3.4149600e+002  9.8800000e+002
  3.4197200e+002  4.7600000e+002
  3.4294400e+002  9.7200000e+002
  3.4380800e+002  8.6400000e+002
  3.4434800e+002  5.4000000e+002
  3.4525200e+002  9.0400000e+002
  3.4588000e+002  6.2800000e+002
  3.4683200e+002  9.5200000e+002
  3.4770000e+002  8.6800000e+002
  3.4860000e+002  9.0000000e+002
  3.4916000e+002  5.6000000e+002
  3.5006400e+002  9.0400000e+002
  3.5053600e+002  4.7200000e+002
  3.5137600e+002  8.4000000e+002
  3.5195600e+002  5.8000000e+002
  3.5289600e+002  9.4000000e+002
  3.5367600e+002  7.8000000e+002
  3.5440000e+002  7.2400000e+002
  3.5529600e+002  8.9600000e+002
  3.5599200e+002  6.9600000e+002
  3.5683600e+002  8.4400000e+002
  3.5784400e+002  1.0080000e+003
  3.5864400e+002  8.0000000e+002
  3.5920400e+002  5.6000000e+002
  3.6009200e+002  8.8800000e+002
  3.6054000e+002  4.4800000e+002
  3.6117200e+002  6.3200000e+002
  3.6186400e+002  6.9200000e+002
  3.6265600e+002  7.9200000e+002
  3.6336000e+002  7.0400000e+002
  3.6429600e+002  9.3600000e+002
  3.6515600e+002  8.6000000e+002
  3.6573600e+002  5.8000000e+002
  3.6663600e+002  9.0000000e+002
  3.6723600e+002  6.0000000e+002
  3.6809200e+002  8.5600000e+002
  3.6893600e+002  8.4400000e+002
  3.6970000e+002  7.6400000e+002
  3.7048400e+002  7.8400000e+002
  3.7149600e+002  1.0120000e+003
  3.7212400e+002  6.2800000e+002
  3.7265600e+002  5.3200000e+002
  3.7385600e+002  1.2000000e+003
  3.7449600e+002  6.4000000e+002
  3.7528000e+002  7.8400000e+002
  3.7623600e+002  9.5600000e+002
  3.7709600e+002  8.6000000e+002
  3.7803600e+002  9.4000000e+002
  3.7896800e+002  9.3200000e+002
  3.7975600e+002  7.8800000e+002
  3.8066800e+002  9.1200000e+002
  3.8138000e+002  7.1200000e+002
  3.8194800e+002  5.6800000e+002
  3.8266000e+002  7.1200000e+002
  3.8356400e+002  9.0400000e+002
  3.8410400e+002  5.4000000e+002
  3.8506400e+002  9.6000000e+002
  3.8595200e+002  8.8800000e+002
  3.8655600e+002  6.0400000e+002
  3.8704400e+002  4.8800000e+002
  3.8737200e+002  3.2800000e+002
  3.8833600e+002  9.6400000e+002
  3.8912400e+002  7.8800000e+002
  3.8974400e+002  6.2000000e+002
  3.9105600e+002  1.3120000e+003
  3.9173600e+002  6.8000000e+002
  3.9267600e+002  9.4000000e+002
  3.9342800e+002  7.5200000e+002
  3.9399600e+002  5.6800000e+002
  3.9477200e+002  7.7600000e+002
  3.9574800e+002  9.7600000e+002
  3.9661600e+002  8.6800000e+002
  3.9740800e+002  7.9200000e+002
  3.9792400e+002  5.1600000e+002
  3.9890400e+002  9.8000000e+002
  3.9960000e+002  6.9600000e+002
  4.0032000e+002  7.2000000e+002
  4.0102800e+002  7.0800000e+002
  4.0195600e+002  9.2800000e+002
  4.0285600e+002  9.0000000e+002
  4.0352000e+002  6.6400000e+002
  4.0406400e+002  5.4400000e+002
  4.0494000e+002  8.7600000e+002
  4.0563200e+002  6.9200000e+002
  4.0618800e+002  5.5600000e+002
  4.0662400e+002  4.3600000e+002
  4.0729600e+002  6.7200000e+002
  4.0789600e+002  6.0000000e+002
  4.0846400e+002  5.6800000e+002
  4.0928800e+002  8.2400000e+002
  4.0970800e+002  4.2000000e+002
  4.1026800e+002  5.6000000e+002
  4.1108800e+002  8.2000000e+002
  4.1184800e+002  7.6000000e+002
  4.1243200e+002  5.8400000e+002
  4.1325200e+002  8.2000000e+002
  4.1399200e+002  7.4000000e+002
  4.1467200e+002  6.8000000e+002
  4.1578400e+002  1.1120000e+003
  4.1636000e+002  5.7600000e+002
  4.1721200e+002  8.5200000e+002
  4.1801200e+002  8.0000000e+002
  4.1859600e+002  5.8400000e+002
  4.1953600e+002  9.4000000e+002
  4.2041200e+002  8.7600000e+002
  4.2114000e+002  7.2800000e+002
  4.2206000e+002  9.2000000e+002
  4.2267600e+002  6.1600000e+002
  4.2313200e+002  4.5600000e+002
  4.2399200e+002  8.6000000e+002
  4.2456000e+002  5.6800000e+002
  4.2529200e+002  7.3200000e+002
  4.2616400e+002  8.7200000e+002
  4.2724400e+002  1.0800000e+003
  4.2804000e+002  7.9600000e+002
  4.2856400e+002  5.2400000e+002
  4.2898000e+002  4.1600000e+002
  4.2943200e+002  4.5200000e+002
  4.3064400e+002  1.2120000e+003
  4.3147600e+002  8.3200000e+002
  4.3222800e+002  7.5200000e+002
  4.3325600e+002  1.0280000e+003
  4.3394000e+002  6.8400000e+002
  4.3486000e+002  9.2000000e+002
  4.3580000e+002  9.4000000e+002
  4.3647600e+002  6.7600000e+002
  4.3740800e+002  9.3200000e+002
  4.3826800e+002  8.6000000e+002
  4.3890000e+002  6.3200000e+002
  4.3948400e+002  5.8400000e+002
  4.4020000e+002  7.1600000e+002
  4.4088000e+002  6.8000000e+002
  4.4174800e+002  8.6800000e+002
  4.4256400e+002  8.1600000e+002
  4.4315600e+002  5.9200000e+002
  4.4388000e+002  7.2400000e+002
  4.4486000e+002  9.8000000e+002
  4.4569200e+002  8.3200000e+002
  4.4625200e+002  5.6000000e+002
  4.4685600e+002  6.0400000e+002
  4.4739200e+002  5.3600000e+002
  4.4845600e+002  1.0640000e+003
  4.4913600e+002  6.8000000e+002
  4.5026800e+002  1.1320000e+003
  4.5091600e+002  6.4800000e+002
  4.5217600e+002  1.2600000e+003
  4.5309600e+002  9.2000000e+002
  4.5403200e+002  9.3600000e+002
  4.5473600e+002  7.0400000e+002
  4.5572800e+002  9.9200000e+002
  4.5649600e+002  7.6800000e+002
  4.5717200e+002  6.7600000e+002
  4.5811200e+002  9.4000000e+002
  4.5872000e+002  6.0800000e+002
  4.5939600e+002  6.7600000e+002
  4.5987200e+002  4.7600000e+002
  4.6067200e+002  8.0000000e+002
  4.6147600e+002  8.0400000e+002
  4.6240800e+002  9.3200000e+002
  4.6300000e+002  5.9200000e+002
  4.6354400e+002  5.4400000e+002
  4.6412000e+002  5.7600000e+002
  4.6480800e+002  6.8800000e+002
  4.6574800e+002  9.4000000e+002
  4.6644400e+002  6.9600000e+002
  4.6687600e+002  4.3200000e+002
  4.6746000e+002  5.8400000e+002
  4.6803600e+002  5.7600000e+002
  4.6870000e+002  6.6400000e+002
  4.6963600e+002  9.3600000e+002
  4.7088000e+002  1.2440000e+003
  4.7150000e+002  6.2000000e+002
  4.7235600e+002  8.5600000e+002
  4.7310000e+002  7.4400000e+002
  4.7381200e+002  7.1200000e+002
  4.7472000e+002  9.0800000e+002
  4.7549200e+002  7.7200000e+002
  4.7607200e+002  5.8000000e+002
  4.7652800e+002  4.5600000e+002
  4.7768800e+002  1.1600000e+003
  4.7841600e+002  7.2800000e+002
  4.7902800e+002  6.1200000e+002
  4.7985600e+002  8.2800000e+002
  4.8059600e+002  7.4000000e+002
  4.8124000e+002  6.4400000e+002
  4.8214000e+002  9.0000000e+002
  4.8266400e+002  5.2400000e+002
  4.8358800e+002  9.2400000e+002
  4.8430000e+002  7.1200000e+002
  4.8509600e+002  7.9600000e+002
  4.8580800e+002  7.1200000e+002
  4.8663600e+002  8.2800000e+002
  4.8769600e+002  1.0600000e+003
  4.8845200e+002  7.5600000e+002
  4.8961200e+002  1.1600000e+003
  4.9044000e+002  8.2800000e+002
  4.9131200e+002  8.7200000e+002
  4.9176000e+002  4.4800000e+002
  4.9229600e+002  5.3600000e+002
  4.9327200e+002  9.7600000e+002
  4.9402400e+002  7.5200000e+002
  4.9488400e+002  8.6000000e+002
  4.9568000e+002  7.9600000e+002
  4.9639600e+002  7.1600000e+002
  4.9720400e+002  8.0800000e+002
  4.9794800e+002  7.4400000e+002
  4.9878000e+002  8.3200000e+002
  4.9943600e+002  6.5600000e+002
  5.0051200e+002  1.0760000e+003
  5.0152400e+002  1.0120000e+003
  5.0202400e+002  5.0000000e+002
  5.0292400e+002  9.0000000e+002
  5.0390800e+002  9.8400000e+002
  5.0506400e+002  1.1560000e+003
  5.0577200e+002  7.0800000e+002
  5.0659200e+002  8.2000000e+002
  5.0721200e+002  6.2000000e+002
  5.0784400e+002  6.3200000e+002
  5.0848400e+002  6.4000000e+002
  5.0948400e+002  1.0000000e+003
  5.1028800e+002  8.0400000e+002
  5.1099200e+002  7.0400000e+002
  5.1188800e+002  8.9600000e+002
  5.1286800e+002  9.8000000e+002
  5.1348800e+002  6.2000000e+002
  5.1399600e+002  5.0800000e+002
  5.1485200e+002  8.5600000e+002
  5.1578000e+002  9.2800000e+002
  5.1641200e+002  6.3200000e+002
  5.1720800e+002  7.9600000e+002
  5.1792000e+002  7.1200000e+002
  5.1864000e+002  7.2000000e+002
  5.1942800e+002  7.8800000e+002
  5.2004800e+002  6.2000000e+002
  5.2090800e+002  8.6000000e+002
  5.2141200e+002  5.0400000e+002
  5.2202400e+002  6.1200000e+002
  5.2253600e+002  5.1200000e+002
  5.2320800e+002  6.7200000e+002
  5.2422800e+002  1.0200000e+003
  5.2505600e+002  8.2800000e+002
  5.2572000e+002  6.6400000e+002
  5.2658800e+002  8.6800000e+002
  5.2707600e+002  4.8800000e+002
  5.2798400e+002  9.0800000e+002
  5.2858400e+002  6.0000000e+002
  5.2951600e+002  9.3200000e+002
  5.3032000e+002  8.0400000e+002
  5.3098000e+002  6.6000000e+002
  5.3190000e+002  9.2000000e+002
  5.3265200e+002  7.5200000e+002
  5.3344000e+002  7.8800000e+002
  5.3396000e+002  5.2000000e+002
  5.3494400e+002  9.8400000e+002
  5.3574400e+002  8.0000000e+002
  5.3649600e+002  7.5200000e+002
  5.3730400e+002  8.0800000e+002
  5.3778000e+002  4.7600000e+002
  5.3824800e+002  4.6800000e+002
  5.3892800e+002  6.8000000e+002
  5.4001200e+002  1.0840000e+003
  5.4066000e+002  6.4800000e+002
  5.4156000e+002  9.0000000e+002
  5.4251200e+002  9.5200000e+002
  5.4308000e+002  5.6800000e+002
  5.4430000e+002  1.2200000e+003
  5.4525200e+002  9.5200000e+002
  5.4588400e+002  6.3200000e+002
  5.4642000e+002  5.3600000e+002
  5.4716800e+002  7.4800000e+002
  5.4770400e+002  5.3600000e+002
  5.4815200e+002  4.4800000e+002
  5.4882800e+002  6.7600000e+002
  5.4980800e+002  9.8000000e+002
  5.5066800e+002  8.6000000e+002
  5.5137600e+002  7.0800000e+002
  5.5233600e+002  9.6000000e+002
  5.5318400e+002  8.4800000e+002
  5.5424800e+002  1.0640000e+003
  5.5499600e+002  7.4800000e+002
  5.5560000e+002  6.0400000e+002
  5.5637600e+002  7.7600000e+002
  5.5703200e+002  6.5600000e+002
  5.5798400e+002  9.5200000e+002
  5.5885600e+002  8.7200000e+002
  5.5967600e+002  8.2000000e+002
  5.6028800e+002  6.1200000e+002
  5.6125200e+002  9.6400000e+002
  5.6229200e+002  1.0400000e+003
  5.6317600e+002  8.8400000e+002
  5.6404400e+002  8.6800000e+002
  5.6507600e+002  1.0320000e+003
  5.6598800e+002  9.1200000e+002
  5.6676000e+002  7.7200000e+002
  5.6748400e+002  7.2400000e+002
  5.6845600e+002  9.7200000e+002
  5.6918000e+002  7.2400000e+002
  5.6979600e+002  6.1600000e+002
  5.7053200e+002  7.3600000e+002
  5.7127600e+002  7.4400000e+002
  5.7192800e+002  6.5200000e+002
  5.7276800e+002  8.4000000e+002
  5.7368400e+002  9.1600000e+002
  5.7466000e+002  9.7600000e+002
  5.7532800e+002  6.6800000e+002
  5.7600800e+002  6.8000000e+002
  5.7673200e+002  7.2400000e+002
  5.7736800e+002  6.3600000e+002
  5.7832800e+002  9.6000000e+002
  5.7884800e+002  5.2000000e+002
  5.7994000e+002  1.0920000e+003
  5.8054400e+002  6.0400000e+002
  5.8168000e+002  1.1360000e+003
  5.8227200e+002  5.9200000e+002
  5.8318800e+002  9.1600000e+002
  5.8398000e+002  7.9200000e+002
  5.8484400e+002  8.6400000e+002
  5.8577200e+002  9.2800000e+002
  5.8658000e+002  8.0800000e+002
  5.8753600e+002  9.5600000e+002
  5.8828000e+002  7.4400000e+002
  5.8894000e+002  6.6000000e+002
  5.8979200e+002  8.5200000e+002
  5.9073200e+002  9.4000000e+002
  5.9158000e+002  8.4800000e+002
  5.9242800e+002  8.4800000e+002
  5.9312000e+002  6.9200000e+002
  5.9369200e+002  5.7200000e+002
  5.9444000e+002  7.4800000e+002
  5.9499600e+002  5.5600000e+002
  5.9553200e+002  5.3600000e+002
  5.9648000e+002  9.4800000e+002
  5.9734800e+002  8.6800000e+002
  5.9814000e+002  7.9200000e+002
  5.9890000e+002  7.6000000e+002
  5.9947600e+002  5.7600000e+002
  6.0030800e+002  8.3200000e+002
  6.0131600e+002  1.0080000e+003
  6.0221200e+002  8.9600000e+002
  6.0281600e+002  6.0400000e+002
  6.0349200e+002  6.7600000e+002
  6.0421600e+002  7.2400000e+002
  6.0496400e+002  7.4800000e+002
  6.0590800e+002  9.4400000e+002
  6.0675200e+002  8.4400000e+002
  6.0748000e+002  7.2800000e+002
  6.0814000e+002  6.6000000e+002
  6.0873200e+002  5.9200000e+002
  6.0934800e+002  6.1600000e+002
  6.1028400e+002  9.3600000e+002
  6.1107200e+002  7.8800000e+002
  6.1177200e+002  7.0000000e+002
  6.1255200e+002  7.8000000e+002
  6.1328800e+002  7.3600000e+002
  6.1386000e+002  5.7200000e+002
  6.1452000e+002  6.6000000e+002
  6.1538800e+002  8.6800000e+002
  6.1620800e+002  8.2000000e+002
  6.1694800e+002  7.4000000e+002
  6.1770800e+002  7.6000000e+002
  6.1855600e+002  8.4800000e+002
  6.1927600e+002  7.2000000e+002
  6.2002000e+002  7.4400000e+002
  6.2044000e+002  4.2000000e+002
  6.2122800e+002  7.8800000e+002
  6.2186400e+002  6.3600000e+002
  6.2300400e+002  1.1400000e+003
  6.2398000e+002  9.7600000e+002
  6.2499600e+002  1.0160000e+003
  6.2596400e+002  9.6800000e+002
  6.2674800e+002  7.8400000e+002
  6.2731200e+002  5.6400000e+002
  6.2800400e+002  6.9200000e+002
  6.2888000e+002  8.7600000e+002
  6.2982800e+002  9.4800000e+002
  6.3081600e+002  9.8800000e+002
  6.3160400e+002  7.8800000e+002
  6.3216800e+002  5.6400000e+002
  6.3298000e+002  8.1200000e+002
  6.3404800e+002  1.0680000e+003
  6.3475600e+002  7.0800000e+002
  6.3560400e+002  8.4800000e+002
  6.3652400e+002  9.2000000e+002
  6.3773600e+002  1.2120000e+003
  6.3836000e+002  6.2400000e+002
  6.3883600e+002  4.7600000e+002
  6.3951600e+002  6.8000000e+002
  6.4003600e+002  5.2000000e+002
  6.4118800e+002  1.1520000e+003
  6.4205600e+002  8.6800000e+002
  6.4293200e+002  8.7600000e+002
  6.4364800e+002  7.1600000e+002
  6.4429600e+002  6.4800000e+002
  6.4516800e+002  8.7200000e+002
  6.4618000e+002  1.0120000e+003
  6.4715600e+002  9.7600000e+002
  6.4786000e+002  7.0400000e+002
  6.4870000e+002  8.4000000e+002
  6.4960000e+002  9.0000000e+002
  6.5038000e+002  7.8000000e+002
  6.5095600e+002  5.7600000e+002
  6.5184400e+002  8.8800000e+002
  6.5234000e+002  4.9600000e+002
  6.5356000e+002  1.2200000e+003
  6.5468800e+002  1.1280000e+003
  6.5545200e+002  7.6400000e+002
  6.5639600e+002  9.4400000e+002
  6.5696000e+002  5.6400000e+002
  6.5780800e+002  8.4800000e+002
  6.5843200e+002  6.2400000e+002
  6.5897600e+002  5.4400000e+002
  6.5980800e+002  8.3200000e+002
  6.6072800e+002  9.2000000e+002
  6.6154800e+002  8.2000000e+002
  6.6217600e+002  6.2800000e+002
  6.6274800e+002  5.7200000e+002
  6.6357200e+002  8.2400000e+002
  6.6427600e+002  7.0400000e+002
  6.6543200e+002  1.1560000e+003
  6.6606400e+002  6.3200000e+002
  6.6679600e+002  7.3200000e+002
  6.6750800e+002  7.1200000e+002
  6.6852400e+002  1.0160000e+003
  6.6934800e+002  8.2400000e+002
  6.6998400e+002  6.3600000e+002
  6.7096800e+002  9.8400000e+002
  6.7158800e+002  6.2000000e+002
  6.7261200e+002  1.0240000e+003
  6.7358400e+002  9.7200000e+002
  6.7439200e+002  8.0800000e+002
  6.7536800e+002  9.7600000e+002
  6.7621600e+002  8.4800000e+002
  6.7674000e+002  5.2400000e+002
  6.7750400e+002  7.6400000e+002
  6.7819200e+002  6.8800000e+002
  6.7914400e+002  9.5200000e+002
  6.8004000e+002  8.9600000e+002
  6.8090400e+002  8.6400000e+002
  6.8168000e+002  7.7600000e+002
  6.8248000e+002  8.0000000e+002
  6.8318400e+002  7.0400000e+002
  6.8389200e+002  7.0800000e+002
  6.8458400e+002  6.9200000e+002
  6.8541200e+002  8.2800000e+002
  6.8588800e+002  4.7600000e+002
  6.8672000e+002  8.3200000e+002
  6.8737200e+002  6.5200000e+002
  6.8821600e+002  8.4400000e+002
  6.8940000e+002  1.1840000e+003
  6.9009200e+002  6.9200000e+002
  6.9095600e+002  8.6400000e+002
  6.9171600e+002  7.6000000e+002
  6.9274000e+002  1.0240000e+003
  6.9359600e+002  8.5600000e+002
  6.9435200e+002  7.5600000e+002
  6.9495200e+002  6.0000000e+002
  6.9552000e+002  5.6800000e+002
  6.9651200e+002  9.9200000e+002
  6.9729200e+002  7.8000000e+002
  6.9787600e+002  5.8400000e+002
  6.9898800e+002  1.1120000e+003
  6.9955200e+002  5.6400000e+002
  7.0006800e+002  5.1600000e+002
  7.0050400e+002  4.3600000e+002
  7.0142400e+002  9.2000000e+002
  7.0204400e+002  6.2000000e+002
  7.0257600e+002  5.3200000e+002
  7.0340400e+002  8.2800000e+002
  7.0407200e+002  6.6800000e+002
  7.0463600e+002  5.6400000e+002
  7.0507200e+002  4.3600000e+002
  7.0584800e+002  7.7600000e+002
  7.0680800e+002  9.6000000e+002
  7.0760400e+002  7.9600000e+002
  7.0836000e+002  7.5600000e+002
  7.0885200e+002  4.9200000e+002
  7.0966000e+002  8.0800000e+002
  7.1030000e+002  6.4000000e+002
  7.1118400e+002  8.8400000e+002
  7.1194400e+002  7.6000000e+002
  7.1253600e+002  5.9200000e+002
  7.1318400e+002  6.4800000e+002
  7.1402400e+002  8.4000000e+002
  7.1451200e+002  4.8800000e+002
  7.1552000e+002  1.0080000e+003
  7.1621200e+002  6.9200000e+002
  7.1690000e+002  6.8800000e+002
  7.1777600e+002  8.7600000e+002
  7.1864400e+002  8.6800000e+002
  7.1923200e+002  5.8800000e+002
  7.2028000e+002  1.0480000e+003
  7.2086000e+002  5.8000000e+002
  7.2174000e+002  8.8000000e+002
  7.2259200e+002  8.5200000e+002
  7.2353600e+002  9.4400000e+002
  7.2413200e+002  5.9600000e+002
  7.2495600e+002  8.2400000e+002
  7.2554800e+002  5.9200000e+002
  7.2634800e+002  8.0000000e+002
  7.2688400e+002  5.3600000e+002
  7.2760000e+002  7.1600000e+002
  7.2877200e+002  1.1720000e+003
  7.2968000e+002  9.0800000e+002
  7.3048000e+002  8.0000000e+002
  7.3118400e+002  7.0400000e+002
  7.3190800e+002  7.2400000e+002
  7.3255200e+002  6.4400000e+002
  7.3341200e+002  8.6000000e+002
  7.3410800e+002  6.9600000e+002
  7.3476800e+002  6.6000000e+002
  7.3544000e+002  6.7200000e+002
  7.3604800e+002  6.0800000e+002
  7.3690800e+002  8.6000000e+002
  7.3760000e+002  6.9200000e+002
  7.3829600e+002  6.9600000e+002
  7.3903600e+002  7.4000000e+002
  7.3970000e+002  6.6400000e+002
  7.4026400e+002  5.6400000e+002
  7.4120400e+002  9.4000000e+002
  7.4215200e+002  9.4800000e+002
  7.4295200e+002  8.0000000e+002
  7.4361200e+002  6.6000000e+002
  7.4422400e+002  6.1200000e+002
  7.4527200e+002  1.0480000e+003
  7.4600000e+002  7.2800000e+002
  7.4652800e+002  5.2800000e+002
  7.4722000e+002  6.9200000e+002
  7.4773200e+002  5.1200000e+002
  7.4838000e+002  6.4800000e+002
  7.4928000e+002  9.0000000e+002
  7.5009600e+002  8.1600000e+002
  7.5056800e+002  4.7200000e+002
  7.5155600e+002  9.8800000e+002
  7.5218000e+002  6.2400000e+002
  7.5280000e+002  6.2000000e+002
  7.5340000e+002  6.0000000e+002
  7.5422000e+002  8.2000000e+002
  7.5474400e+002  5.2400000e+002
  7.5558800e+002  8.4400000e+002
  7.5656000e+002  9.7200000e+002
  7.5751600e+002  9.5600000e+002
  7.5828800e+002  7.7200000e+002
  7.5886400e+002  5.7600000e+002
  7.5933200e+002  4.6800000e+002
  7.6015600e+002  8.2400000e+002
  7.6097200e+002  8.1600000e+002
  7.6163600e+002  6.6400000e+002
  7.6213600e+002  5.0000000e+002
  7.6288400e+002  7.4800000e+002
  7.6356000e+002  6.7600000e+002
  7.6410800e+002  5.4800000e+002
  7.6493200e+002  8.2400000e+002
  7.6568800e+002  7.5600000e+002
  7.6628400e+002  5.9600000e+002
  7.6684400e+002  5.6000000e+002
  7.6743200e+002  5.8800000e+002
  7.6856400e+002  1.1320000e+003
  7.6944800e+002  8.8400000e+002
  7.7002000e+002  5.7200000e+002
  7.7104800e+002  1.0280000e+003
  7.7174400e+002  6.9600000e+002
  7.7241200e+002  6.6800000e+002
  7.7334000e+002  9.2800000e+002
  7.7408800e+002  7.4800000e+002
  7.7494400e+002  8.5600000e+002
  7.7608400e+002  1.1400000e+003
  7.7682000e+002  7.3600000e+002
  7.7743600e+002  6.1600000e+002
  7.7814400e+002  7.0800000e+002
  7.7916400e+002  1.0200000e+003
  7.7978000e+002  6.1600000e+002
  7.8030000e+002  5.2000000e+002
  7.8107200e+002  7.7200000e+002
  7.8198000e+002  9.0800000e+002
  7.8265200e+002  6.7200000e+002
  7.8381200e+002  1.1600000e+003
  7.8452800e+002  7.1600000e+002
  7.8533600e+002  8.0800000e+002
  7.8592000e+002  5.8400000e+002
  7.8660400e+002  6.8400000e+002
  7.8743600e+002  8.3200000e+002
  7.8809200e+002  6.5600000e+002
  7.8926800e+002  1.1760000e+003
  7.9009600e+002  8.2800000e+002
  7.9123200e+002  1.1360000e+003
  7.9230800e+002  1.0760000e+003
  7.9305600e+002  7.4800000e+002
  7.9372000e+002  6.6400000e+002
  7.9449200e+002  7.7200000e+002
  7.9536800e+002  8.7600000e+002
  7.9626400e+002  8.9600000e+002
  7.9686800e+002  6.0400000e+002
  7.9805200e+002  1.1840000e+003
  7.9895600e+002  9.0400000e+002
  7.9986400e+002  9.0800000e+002
  8.0037200e+002  5.0800000e+002
  8.0148400e+002  1.1120000e+003
  8.0210800e+002  6.2400000e+002
  8.0293200e+002  8.2400000e+002
  8.0374000e+002  8.0800000e+002
  8.0453600e+002  7.9600000e+002
  8.0547200e+002  9.3600000e+002
  8.0601600e+002  5.4400000e+002
  8.0687600e+002  8.6000000e+002
  8.0744800e+002  5.7200000e+002
  8.0804800e+002  6.0000000e+002
  8.0931600e+002  1.2680000e+003
  8.1031600e+002  1.0000000e+003
  8.1119200e+002  8.7600000e+002
  8.1223600e+002  1.0440000e+003
  8.1313200e+002  8.9600000e+002
  8.1377200e+002  6.4000000e+002
  8.1473200e+002  9.6000000e+002
  8.1552400e+002  7.9200000e+002
  8.1600000e+002  4.7600000e+002
  8.1655200e+002  5.5200000e+002
  8.1737200e+002  8.2000000e+002
  8.1814800e+002  7.7600000e+002
  8.1880000e+002  6.5200000e+002
  8.2002800e+002  1.2280000e+003
  8.2065200e+002  6.2400000e+002
  8.2138800e+002  7.3600000e+002
  8.2198800e+002  6.0000000e+002
  8.2268800e+002  7.0000000e+002
  8.2354400e+002  8.5600000e+002
  8.2410800e+002  5.6400000e+002
  8.2521600e+002  1.1080000e+003
  8.2637600e+002  1.1600000e+003
  8.2700400e+002  6.2800000e+002
  8.2776800e+002  7.6400000e+002
  8.2872400e+002  9.5600000e+002
  8.2960800e+002  8.8400000e+002
  8.3020000e+002  5.9200000e+002
  8.3105600e+002  8.5600000e+002
  8.3196000e+002  9.0400000e+002
  8.3250400e+002  5.4400000e+002
  8.3346800e+002  9.6400000e+002
  8.3410000e+002  6.3200000e+002
  8.3461200e+002  5.1200000e+002
  8.3539600e+002  7.8400000e+002
  8.3619600e+002  8.0000000e+002
  8.3694800e+002  7.5200000e+002
  8.3772000e+002  7.7200000e+002
  8.3845600e+002  7.3600000e+002
  8.3927600e+002  8.2000000e+002
  8.4008400e+002  8.0800000e+002
  8.4081200e+002  7.2800000e+002
  8.4138400e+002  5.7200000e+002
  8.4232400e+002  9.4000000e+002
  8.4326000e+002  9.3600000e+002
  8.4376000e+002  5.0000000e+002
  8.4480800e+002  1.0480000e+003
  8.4542400e+002  6.1600000e+002
  8.4600800e+002  5.8400000e+002
  8.4688400e+002  8.7600000e+002
  8.4790000e+002  1.0160000e+003
  8.4881200e+002  9.1200000e+002
  8.4942400e+002  6.1200000e+002
  8.4998000e+002  5.5600000e+002
  8.5096800e+002  9.8800000e+002
  8.5150800e+002  5.4000000e+002
  8.5260400e+002  1.0960000e+003
  8.5368800e+002  1.0840000e+003
  8.5441200e+002  7.2400000e+002
  8.5507200e+002  6.6000000e+002
  8.5566800e+002  5.9600000e+002
  8.5638000e+002  7.1200000e+002
  8.5716400e+002  7.8400000e+002
  8.5785200e+002  6.8800000e+002
  8.5854400e+002  6.9200000e+002
  8.5938800e+002  8.4400000e+002
  8.6044800e+002  1.0600000e+003
  8.6130400e+002  8.5600000e+002
  8.6221600e+002  9.1200000e+002
  8.6284000e+002  6.2400000e+002
  8.6330400e+002  4.6400000e+002
  8.6425600e+002  9.5200000e+002
  8.6520800e+002  9.5200000e+002
  8.6613600e+002  9.2800000e+002
  8.6664000e+002  5.0400000e+002
  8.6766400e+002  1.0240000e+003
  8.6865200e+002  9.8800000e+002
  8.6929200e+002  6.4000000e+002
  8.6974800e+002  4.5600000e+002
  8.7079200e+002  1.0440000e+003
  8.7174800e+002  9.5600000e+002
  8.7251200e+002  7.6400000e+002
  8.7345600e+002  9.4400000e+002
  8.7426000e+002  8.0400000e+002
  8.7525600e+002  9.9600000e+002
  8.7602800e+002  7.7200000e+002
  8.7668800e+002  6.6000000e+002
  8.7746000e+002  7.7200000e+002
  8.7816800e+002  7.0800000e+002
  8.7899200e+002  8.2400000e+002
  8.7984000e+002  8.4800000e+002
  8.8028800e+002  4.4800000e+002
  8.8135200e+002  1.0640000e+003
  8.8223600e+002  8.8400000e+002
  8.8307600e+002  8.4000000e+002
  8.8397200e+002  8.9600000e+002
  8.8487600e+002  9.0400000e+002
  8.8545600e+002  5.8000000e+002
  8.8620800e+002  7.5200000e+002
  8.8696000e+002  7.5200000e+002
  8.8777200e+002  8.1200000e+002
  8.8839600e+002  6.2400000e+002
  8.8904000e+002  6.4400000e+002
  8.8969600e+002  6.5600000e+002
  8.9100000e+002  1.3040000e+003
  8.9192800e+002  9.2800000e+002
  8.9251200e+002  5.8400000e+002
  8.9346400e+002  9.5200000e+002
  8.9420000e+002  7.3600000e+002
  8.9526400e+002  1.0640000e+003
  8.9597200e+002  7.0800000e+002
  8.9690800e+002  9.3600000e+002
  8.9762800e+002  7.2000000e+002
  8.9836400e+002  7.3600000e+002
  8.9933600e+002  9.7200000e+002
  9.0021200e+002  8.7600000e+002
  9.0111600e+002  9.0400000e+002
  9.0187600e+002  7.6000000e+002
  9.0268800e+002  8.1200000e+002
  9.0338000e+002  6.9200000e+002
  9.0418800e+002  8.0800000e+002
  9.0496000e+002  7.7200000e+002
  9.0603200e+002  1.0720000e+003
  9.0684400e+002  8.1200000e+002
  9.0764400e+002  8.0000000e+002
  9.0858400e+002  9.4000000e+002
  9.0950000e+002  9.1600000e+002
  9.1027200e+002  7.7200000e+002
  9.1091200e+002  6.4000000e+002
  9.1205600e+002  1.1440000e+003
  9.1310400e+002  1.0480000e+003
  9.1386800e+002  7.6400000e+002
  9.1442400e+002  5.5600000e+002
  9.1516800e+002  7.4400000e+002
  9.1589200e+002  7.2400000e+002
  9.1650400e+002  6.1200000e+002
  9.1752400e+002  1.0200000e+003
  9.1840400e+002  8.8000000e+002
  9.1909600e+002  6.9200000e+002
  9.1984800e+002  7.5200000e+002
  9.2085600e+002  1.0080000e+003
  9.2190400e+002  1.0480000e+003
  9.2260800e+002  7.0400000e+002
  9.2345200e+002  8.4400000e+002
  9.2430800e+002  8.5600000e+002
  9.2480800e+002  5.0000000e+002
  9.2579600e+002  9.8800000e+002
  9.2659200e+002  7.9600000e+002
  9.2737600e+002  7.8400000e+002
  9.2809200e+002  7.1600000e+002
  9.2870400e+002  6.1200000e+002
  9.2976400e+002  1.0600000e+003
  9.3062800e+002  8.6400000e+002
  9.3124400e+002  6.1600000e+002
  9.3177600e+002  5.3200000e+002
  9.3248400e+002  7.0800000e+002
  9.3304400e+002  5.6000000e+002
  9.3388800e+002  8.4400000e+002
  9.3448400e+002  5.9600000e+002
  9.3550800e+002  1.0240000e+003
  9.3640400e+002  8.9600000e+002
  9.3697600e+002  5.7200000e+002
  9.3760400e+002  6.2800000e+002
  9.3837600e+002  7.7200000e+002
  9.3913200e+002  7.5600000e+002
  9.3984400e+002  7.1200000e+002
  9.4046400e+002  6.2000000e+002
  9.4126400e+002  8.0000000e+002
  9.4201600e+002  7.5200000e+002
  9.4310800e+002  1.0920000e+003
  9.4400400e+002  8.9600000e+002
  9.4478400e+002  7.8000000e+002
  9.4538800e+002  6.0400000e+002
  9.4614400e+002  7.5600000e+002
  9.4717600e+002  1.0320000e+003
  9.4777600e+002  6.0000000e+002
  9.4844400e+002  6.6800000e+002
  9.4928400e+002  8.4000000e+002
  9.5032400e+002  1.0400000e+003
  9.5110400e+002  7.8000000e+002
  9.5214800e+002  1.0440000e+003
  9.5293600e+002  7.8800000e+002
  9.5364000e+002  7.0400000e+002
  9.5469200e+002  1.0520000e+003
  9.5529600e+002  6.0400000e+002
  9.5629600e+002  1.0000000e+003
  9.5705600e+002  7.6000000e+002
  9.5771600e+002  6.6000000e+002
  9.5828400e+002  5.6800000e+002
  9.5888800e+002  6.0400000e+002
  9.5965600e+002  7.6800000e+002
  9.6061600e+002  9.6000000e+002
  9.6123200e+002  6.1600000e+002
  9.6178000e+002  5.4800000e+002
  9.6262800e+002  8.4800000e+002
  9.6366800e+002  1.0400000e+003
  9.6450000e+002  8.3200000e+002
  9.6534000e+002  8.4000000e+002
  9.6638000e+002  1.0400000e+003
  9.6711200e+002  7.3200000e+002
  9.6784400e+002  7.3200000e+002
  9.6841600e+002  5.7200000e+002
  9.6942000e+002  1.0040000e+003
  9.7006400e+002  6.4400000e+002
  9.7090400e+002  8.4000000e+002
  9.7172800e+002  8.2400000e+002
  9.7245600e+002  7.2800000e+002
  9.7329600e+002  8.4000000e+002
  9.7397200e+002  6.7600000e+002
  9.7470400e+002  7.3200000e+002
  9.7565200e+002  9.4800000e+002
  9.7620800e+002  5.5600000e+002
  9.7704800e+002  8.4000000e+002
  9.7768000e+002  6.3200000e+002
  9.7826800e+002  5.8800000e+002
  9.7932400e+002  1.0560000e+003
  9.8005600e+002  7.3200000e+002
  9.8067200e+002  6.1600000e+002
  9.8128400e+002  6.1200000e+002
  9.8178000e+002  4.9600000e+002
  9.8248800e+002  7.0800000e+002
  9.8333200e+002  8.4400000e+002
  9.8390800e+002  5.7600000e+002
  9.8446000e+002  5.5200000e+002
  9.8542400e+002  9.6400000e+002
  9.8628400e+002  8.6000000e+002
  9.8724000e+002  9.5600000e+002
  9.8782800e+002  5.8800000e+002
  9.8846400e+002  6.3600000e+002
  9.8970800e+002  1.2440000e+003
  9.9034400e+002  6.3600000e+002
  9.9116800e+002  8.2400000e+002
  9.9198000e+002  8.1200000e+002
  9.9248000e+002  5.0000000e+002
  9.9306000e+002  5.8000000e+002
  9.9430800e+002  1.2480000e+003
  9.9512400e+002  8.1600000e+002
  9.9605200e+002  9.2800000e+002
  9.9703600e+002  9.8400000e+002
  9.9806800e+002  1.0320000e+003
  9.9889600e+002  8.2800000e+002
  9.9949600e+002  6.0000000e+002
  1.0003080e+003  8.1200000e+002
  1.0014840e+003  1.1760000e+003
  1.0023560e+003  8.7200000e+002
  1.0029400e+003  5.8400000e+002
  1.0035680e+003  6.2800000e+002
  1.0047040e+003  1.1360000e+003
  1.0053960e+003  6.9200000e+002
  1.0063280e+003  9.3200000e+002
  1.0070800e+003  7.5200000e+002
  1.0075960e+003  5.1600000e+002
  1.0085080e+003  9.1200000e+002
  1.0091240e+003  6.1600000e+002
  1.0100120e+003  8.8800000e+002
  1.0107520e+003  7.4000000e+002
  1.0115240e+003  7.7200000e+002
  1.0121200e+003  5.9600000e+002
  1.0130240e+003  9.0400000e+002
  1.0138120e+003  7.8800000e+002
  1.0148320e+003  1.0200000e+003
  1.0156120e+003  7.8000000e+002
  1.0161680e+003  5.5600000e+002
  1.0167880e+003  6.2000000e+002
  1.0175920e+003  8.0400000e+002
  1.0184600e+003  8.6800000e+002
  1.0194560e+003  9.9600000e+002
  1.0200640e+003  6.0800000e+002
  1.0207320e+003  6.6800000e+002
  1.0217840e+003  1.0520000e+003
  1.0226920e+003  9.0800000e+002
  1.0234880e+003  7.9600000e+002
  1.0241320e+003  6.4400000e+002
  1.0246600e+003  5.2800000e+002
  1.0254240e+003  7.6400000e+002
  1.0261320e+003  7.0800000e+002
  1.0273280e+003  1.1960000e+003
  1.0280120e+003  6.8400000e+002
  1.0287880e+003  7.7600000e+002
  1.0295880e+003  8.0000000e+002
  1.0302360e+003  6.4800000e+002
  1.0311240e+003  8.8800000e+002
  1.0317200e+003  5.9600000e+002
  1.0327480e+003  1.0280000e+003
  1.0336320e+003  8.8400000e+002
  1.0342840e+003  6.5200000e+002
  1.0351840e+003  9.0000000e+002
  1.0359520e+003  7.6800000e+002
  1.0369760e+003  1.0240000e+003
  1.0374840e+003  5.0800000e+002
  1.0385320e+003  1.0480000e+003
  1.0391160e+003  5.8400000e+002
  1.0398720e+003  7.5600000e+002
  1.0406440e+003  7.7200000e+002
  1.0417720e+003  1.1280000e+003
  1.0427680e+003  9.9600000e+002
  1.0435200e+003  7.5200000e+002
  1.0443360e+003  8.1600000e+002
  1.0454160e+003  1.0800000e+003
  1.0463040e+003  8.8800000e+002
  1.0471160e+003  8.1200000e+002
  1.0476840e+003  5.6800000e+002
  1.0486440e+003  9.6000000e+002
  1.0492520e+003  6.0800000e+002
  1.0499440e+003  6.9200000e+002
  1.0506520e+003  7.0800000e+002
  1.0514200e+003  7.6800000e+002
  1.0520160e+003  5.9600000e+002
  1.0525680e+003  5.5200000e+002
  1.0533160e+003  7.4800000e+002
  1.0541960e+003  8.8000000e+002
  1.0550480e+003  8.5200000e+002
  1.0556240e+003  5.7600000e+002
  1.0564960e+003  8.7200000e+002
  1.0573040e+003  8.0800000e+002
  1.0578560e+003  5.5200000e+002
  1.0586840e+003  8.2800000e+002
  1.0592960e+003  6.1200000e+002
  1.0601920e+003  8.9600000e+002
  1.0611120e+003  9.2000000e+002
  1.0619360e+003  8.2400000e+002
  1.0627320e+003  7.9600000e+002
  1.0632240e+003  4.9200000e+002
  1.0640360e+003  8.1200000e+002
  1.0647840e+003  7.4800000e+002
  1.0655400e+003  7.5600000e+002
  1.0661400e+003  6.0000000e+002
  1.0670720e+003  9.3200000e+002
  1.0678840e+003  8.1200000e+002
  1.0686880e+003  8.0400000e+002
  1.0693880e+003  7.0000000e+002
  1.0700240e+003  6.3600000e+002
  1.0709440e+003  9.2000000e+002
  1.0716960e+003  7.5200000e+002
  1.0723080e+003  6.1200000e+002
  1.0730040e+003  6.9600000e+002
  1.0735800e+003  5.7600000e+002
  1.0741160e+003  5.3600000e+002
  1.0748360e+003  7.2000000e+002
  1.0757200e+003  8.8400000e+002
  1.0766400e+003  9.2000000e+002
  1.0775200e+003  8.8000000e+002
  1.0781480e+003  6.2800000e+002
  1.0788520e+003  7.0400000e+002
  1.0795600e+003  7.0800000e+002
  1.0807360e+003  1.1760000e+003
  1.0817160e+003  9.8000000e+002
  1.0826400e+003  9.2400000e+002
  1.0832280e+003  5.8800000e+002
  1.0839880e+003  7.6000000e+002
  1.0846960e+003  7.0800000e+002
  1.0854800e+003  7.8400000e+002
  1.0864240e+003  9.4400000e+002
  1.0874480e+003  1.0240000e+003
  1.0882640e+003  8.1600000e+002
  1.0890480e+003  7.8400000e+002
  1.0897600e+003  7.1200000e+002
  1.0903160e+003  5.5600000e+002
  1.0909440e+003  6.2800000e+002
  1.0916880e+003  7.4400000e+002
  1.0926760e+003  9.8800000e+002
  1.0935920e+003  9.1600000e+002
  1.0944320e+003  8.4000000e+002
  1.0952800e+003  8.4800000e+002
  1.0958640e+003  5.8400000e+002
  1.0963920e+003  5.2800000e+002
  1.0971880e+003  7.9600000e+002
  1.0982120e+003  1.0240000e+003
  1.0991160e+003  9.0400000e+002
  1.0997240e+003  6.0800000e+002
  1.1002800e+003  5.5600000e+002
  1.1009320e+003  6.5200000e+002
  1.1017240e+003  7.9200000e+002
  1.1028960e+003  1.1720000e+003
  1.1033960e+003  5.0000000e+002
  1.1043200e+003  9.2400000e+002
  1.1053000e+003  9.8000000e+002
  1.1061440e+003  8.4400000e+002
  1.1069440e+003  8.0000000e+002
  1.1075200e+003  5.7600000e+002
  1.1083040e+003  7.8400000e+002
  1.1092920e+003  9.8800000e+002
  1.1100600e+003  7.6800000e+002
  1.1106640e+003  6.0400000e+002
  1.1111800e+003  5.1600000e+002
  1.1117920e+003  6.1200000e+002
  1.1126640e+003  8.7200000e+002
  1.1135760e+003  9.1200000e+002
  1.1143920e+003  8.1600000e+002
  1.1149120e+003  5.2000000e+002
  1.1154400e+003  5.2800000e+002
  1.1161240e+003  6.8400000e+002
  1.1169800e+003  8.5600000e+002
  1.1178840e+003  9.0400000e+002
  1.1186920e+003  8.0800000e+002
  1.1193080e+003  6.1600000e+002
  1.1200040e+003  6.9600000e+002
  1.1209000e+003  8.9600000e+002
  1.1215440e+003  6.4400000e+002
  1.1220440e+003  5.0000000e+002
  1.1227640e+003  7.2000000e+002
  1.1235320e+003  7.6800000e+002
  1.1243240e+003  7.9200000e+002
  1.1249600e+003  6.3600000e+002
  1.1259280e+003  9.6800000e+002
  1.1266880e+003  7.6000000e+002
  1.1274040e+003  7.1600000e+002
  1.1282240e+003  8.2000000e+002
  1.1290320e+003  8.0800000e+002
  1.1296560e+003  6.2400000e+002
  1.1305760e+003  9.2000000e+002
  1.1313440e+003  7.6800000e+002
  1.1321440e+003  8.0000000e+002
  1.1334040e+003  1.2600000e+003
  1.1341240e+003  7.2000000e+002
  1.1347440e+003  6.2000000e+002
  1.1355440e+003  8.0000000e+002
  1.1361000e+003  5.5600000e+002
  1.1366600e+003  5.6000000e+002
  1.1375640e+003  9.0400000e+002
  1.1382560e+003  6.9200000e+002
  1.1389640e+003  7.0800000e+002
  1.1395920e+003  6.2800000e+002
  1.1401360e+003  5.4400000e+002
  1.1407440e+003  6.0800000e+002
  1.1415840e+003  8.4000000e+002
  1.1423520e+003  7.6800000e+002
  1.1431360e+003  7.8400000e+002
  1.1439960e+003  8.6000000e+002
  1.1445120e+003  5.1600000e+002
  1.1455080e+003  9.9600000e+002
  1.1464880e+003  9.8000000e+002
  1.1470880e+003  6.0000000e+002
  1.1481080e+003  1.0200000e+003
  1.1491360e+003  1.0280000e+003
  1.1500480e+003  9.1200000e+002
  1.1508280e+003  7.8000000e+002
  1.1518040e+003  9.7600000e+002
  1.1525880e+003  7.8400000e+002
  1.1535680e+003  9.8000000e+002
  1.1544440e+003  8.7600000e+002
  1.1552040e+003  7.6000000e+002
  1.1560280e+003  8.2400000e+002
  1.1567760e+003  7.4800000e+002
  1.1574680e+003  6.9200000e+002
  1.1581120e+003  6.4400000e+002
  1.1589080e+003  7.9600000e+002
  1.1597000e+003  7.9200000e+002
  1.1602920e+003  5.9200000e+002
  1.1608680e+003  5.7600000e+002
  1.1617160e+003  8.4800000e+002
  1.1626680e+003  9.5200000e+002
  1.1635280e+003  8.6000000e+002
  1.1641680e+003  6.4000000e+002
  1.1648920e+003  7.2400000e+002
  1.1654720e+003  5.8000000e+002
  1.1663320e+003  8.6000000e+002
  1.1670280e+003  6.9600000e+002
  1.1678480e+003  8.2000000e+002
  1.1684480e+003  6.0000000e+002
  1.1693240e+003  8.7600000e+002
  1.1700760e+003  7.5200000e+002
  1.1708880e+003  8.1200000e+002
  1.1717480e+003  8.6000000e+002
  1.1727400e+003  9.9200000e+002
  1.1734880e+003  7.4800000e+002
  1.1744480e+003  9.6000000e+002
  1.1751400e+003  6.9200000e+002
  1.1760840e+003  9.4400000e+002
  1.1770480e+003  9.6400000e+002
  1.1775440e+003  4.9600000e+002
  1.1784680e+003  9.2400000e+002
  1.1790120e+003  5.4400000e+002
  1.1797480e+003  7.3600000e+002
  1.1804040e+003  6.5600000e+002
  1.1813080e+003  9.0400000e+002
  1.1818640e+003  5.5600000e+002
  1.1823840e+003  5.2000000e+002
  1.1833880e+003  1.0040000e+003
  1.1843680e+003  9.8000000e+002
  1.1850840e+003  7.1600000e+002
  1.1857520e+003  6.6800000e+002
  1.1864920e+003  7.4000000e+002
  1.1873280e+003  8.3600000e+002
  1.1878880e+003  5.6000000e+002
  1.1886000e+003  7.1200000e+002
  1.1892880e+003  6.8800000e+002
  1.1899680e+003  6.8000000e+002
  1.1906560e+003  6.8800000e+002
  1.1913720e+003  7.1600000e+002
  1.1920240e+003  6.5200000e+002
  1.1927160e+003  6.9200000e+002
  1.1933800e+003  6.6400000e+002
  1.1943120e+003  9.3200000e+002
  1.1952040e+003  8.9200000e+002
  1.1961680e+003  9.6400000e+002
  1.1966960e+003  5.2800000e+002
  1.1978120e+003  1.1160000e+003
  1.1983920e+003  5.8000000e+002
  1.1992600e+003  8.6800000e+002
  1.2001080e+003  8.4800000e+002
  1.2007080e+003  6.0000000e+002
  1.2014920e+003  7.8400000e+002
  1.2023000e+003  8.0800000e+002
  1.2028760e+003  5.7600000e+002
  1.2033840e+003  5.0800000e+002
  1.2046520e+003  1.2680000e+003
  1.2055080e+003  8.5600000e+002
  1.2059760e+003  4.6800000e+002
  1.2071360e+003  1.1600000e+003
  1.2081360e+003  1.0000000e+003
  1.2091520e+003  1.0160000e+003
  1.2098520e+003  7.0000000e+002
  1.2106680e+003  8.1600000e+002
  1.2115520e+003  8.8400000e+002
  1.2124800e+003  9.2800000e+002
  1.2132680e+003  7.8800000e+002
  1.2141200e+003  8.5200000e+002
  1.2149520e+003  8.3200000e+002
  1.2155040e+003  5.5200000e+002
  1.2168600e+003  1.3560000e+003
  1.2177880e+003  9.2800000e+002
  1.2186680e+003  8.8000000e+002
  1.2191640e+003  4.9600000e+002
  1.2202120e+003  1.0480000e+003
  1.2208920e+003  6.8000000e+002
  1.2219320e+003  1.0400000e+003
  1.2225640e+003  6.3200000e+002
  1.2232800e+003  7.1600000e+002
  1.2243640e+003  1.0840000e+003
  1.2248440e+003  4.8000000e+002
  1.2256800e+003  8.3600000e+002
  1.2262600e+003  5.8000000e+002
  1.2270600e+003  8.0000000e+002
  1.2275160e+003  4.5600000e+002
  1.2286080e+003  1.0920000e+003
  1.2294160e+003  8.0800000e+002
  1.2299160e+003  5.0000000e+002
  1.2307600e+003  8.4400000e+002
  1.2315280e+003  7.6800000e+002
  1.2325680e+003  1.0400000e+003
  1.2330480e+003  4.8000000e+002
  1.2341480e+003  1.1000000e+003
  1.2349640e+003  8.1600000e+002
  1.2359640e+003  1.0000000e+003
  1.2368520e+003  8.8800000e+002
  1.2375040e+003  6.5200000e+002
  1.2386080e+003  1.1040000e+003
  1.2395880e+003  9.8000000e+002
  1.2403400e+003  7.5200000e+002
  1.2411880e+003  8.4800000e+002
  1.2419600e+003  7.7200000e+002
  1.2429880e+003  1.0280000e+003
  1.2437480e+003  7.6000000e+002
  1.2444520e+003  7.0400000e+002
  1.2453280e+003  8.7600000e+002
  1.2460280e+003  7.0000000e+002
  1.2466200e+003  5.9200000e+002
  1.2472800e+003  6.6000000e+002
  1.2480640e+003  7.8400000e+002
  1.2490080e+003  9.4400000e+002
  1.2497640e+003  7.5600000e+002
  1.2505880e+003  8.2400000e+002
  1.2514080e+003  8.2000000e+002
  1.2522880e+003  8.8000000e+002
  1.2530280e+003  7.4000000e+002
  1.2537520e+003  7.2400000e+002
  1.2547760e+003  1.0240000e+003
  1.2552800e+003  5.0400000e+002
  1.2561800e+003  9.0000000e+002
  1.2569240e+003  7.4400000e+002
  1.2580800e+003  1.1560000e+003
  1.2588040e+003  7.2400000e+002
  1.2596640e+003  8.6000000e+002
  1.2603160e+003  6.5200000e+002
  1.2609560e+003  6.4000000e+002
  1.2615640e+003  6.0800000e+002
  1.2624480e+003  8.8400000e+002
  1.2630320e+003  5.8400000e+002
  1.2638960e+003  8.6400000e+002
  1.2646080e+003  7.1200000e+002
  1.2657440e+003  1.1360000e+003
  1.2665400e+003  7.9600000e+002
  1.2676240e+003  1.0840000e+003
  1.2685160e+003  8.9200000e+002
  1.2693520e+003  8.3600000e+002
  1.2703920e+003  1.0400000e+003
  1.2710120e+003  6.2000000e+002
  1.2720320e+003  1.0200000e+003
  1.2728880e+003  8.5600000e+002
  1.2738560e+003  9.6800000e+002
  1.2744400e+003  5.8400000e+002
  1.2754120e+003  9.7200000e+002
  1.2763880e+003  9.7600000e+002
  1.2771080e+003  7.2000000e+002
  1.2778920e+003  7.8400000e+002
  1.2783840e+003  4.9200000e+002
  1.2793040e+003  9.2000000e+002
  1.2799360e+003  6.3200000e+002
  1.2809880e+003  1.0520000e+003
  1.2818640e+003  8.7600000e+002
  1.2825400e+003  6.7600000e+002
  1.2830040e+003  4.6400000e+002
  1.2833960e+003  3.9200000e+002
  1.2841760e+003  7.8000000e+002
  1.2850880e+003  9.1200000e+002
  1.2859920e+003  9.0400000e+002
  1.2869200e+003  9.2800000e+002
  1.2876920e+003  7.7200000e+002
  1.2883080e+003  6.1600000e+002
  1.2889040e+003  5.9600000e+002
  1.2896040e+003  7.0000000e+002
  1.2905800e+003  9.7600000e+002
  1.2915080e+003  9.2800000e+002
  1.2924160e+003  9.0800000e+002
  1.2929920e+003  5.7600000e+002
  1.2935480e+003  5.5600000e+002
  1.2945200e+003  9.7200000e+002
  1.2951800e+003  6.6000000e+002
  1.2957800e+003  6.0000000e+002
  1.2968000e+003  1.0200000e+003
  1.2976360e+003  8.3600000e+002
  1.2984280e+003  7.9200000e+002
  1.2993040e+003  8.7600000e+002
  1.2998640e+003  5.6000000e+002
  1.3006160e+003  7.5200000e+002
  1.3012240e+003  6.0800000e+002
  1.3020640e+003  8.4000000e+002
  1.3028520e+003  7.8800000e+002
  1.3037520e+003  9.0000000e+002
  1.3046400e+003  8.8800000e+002
  1.3052320e+003  5.9200000e+002
  1.3057680e+003  5.3600000e+002
  1.3063040e+003  5.3600000e+002
  1.3069200e+003  6.1600000e+002
  1.3073400e+003  4.2000000e+002
  1.3078000e+003  4.6000000e+002
  1.3086120e+003  8.1200000e+002
  1.3096040e+003  9.9200000e+002
  1.3104040e+003  8.0000000e+002
  1.3110920e+003  6.8800000e+002
  1.3120880e+003  9.9600000e+002
  1.3126800e+003  5.9200000e+002
  1.3132440e+003  5.6400000e+002
  1.3140240e+003  7.8000000e+002
  1.3146840e+003  6.6000000e+002
  1.3155600e+003  8.7600000e+002
  1.3163640e+003  8.0400000e+002
  1.3170240e+003  6.6000000e+002
  1.3176040e+003  5.8000000e+002
  1.3184040e+003  8.0000000e+002
  1.3192880e+003  8.8400000e+002
  1.3199840e+003  6.9600000e+002
  1.3208840e+003  9.0000000e+002
  1.3215880e+003  7.0400000e+002
  1.3225440e+003  9.5600000e+002
  1.3235360e+003  9.9200000e+002
  1.3243280e+003  7.9200000e+002
  1.3255680e+003  1.2400000e+003
  1.3265120e+003  9.4400000e+002
  1.3271240e+003  6.1200000e+002
  1.3276800e+003  5.5600000e+002
  1.3284440e+003  7.6400000e+002
  1.3292000e+003  7.5600000e+002
  1.3301880e+003  9.8800000e+002
  1.3310000e+003  8.1200000e+002
  1.3318480e+003  8.4800000e+002
  1.3327560e+003  9.0800000e+002
  1.3336240e+003  8.6800000e+002
  1.3342480e+003  6.2400000e+002
  1.3354040e+003  1.1560000e+003
  1.3363800e+003  9.7600000e+002
  1.3369560e+003  5.7600000e+002
  1.3375400e+003  5.8400000e+002
  1.3381680e+003  6.2800000e+002
  1.3388680e+003  7.0000000e+002
  1.3397520e+003  8.8400000e+002
  1.3408520e+003  1.1000000e+003
  1.3415800e+003  7.2800000e+002
  1.3427000e+003  1.1200000e+003
  1.3435200e+003  8.2000000e+002
  1.3442160e+003  6.9600000e+002
  1.3447800e+003  5.6400000e+002
  1.3454760e+003  6.9600000e+002
  1.3461320e+003  6.5600000e+002
  1.3466760e+003  5.4400000e+002
  1.3477200e+003  1.0440000e+003
  1.3485360e+003  8.1600000e+002
  1.3493040e+003  7.6800000e+002
  1.3498840e+003  5.8000000e+002
  1.3506800e+003  7.9600000e+002
  1.3515440e+003  8.6400000e+002
  1.3525240e+003  9.8000000e+002
  1.3532320e+003  7.0800000e+002
  1.3542480e+003  1.0160000e+003
  1.3549440e+003  6.9600000e+002
  1.3555200e+003  5.7600000e+002
  1.3564120e+003  8.9200000e+002
  1.3572200e+003  8.0800000e+002
  1.3579000e+003  6.8000000e+002
  1.3585080e+003  6.0800000e+002
  1.3594600e+003  9.5200000e+002
  1.3601960e+003  7.3600000e+002
  1.3608800e+003  6.8400000e+002
  1.3615000e+003  6.2000000e+002
  1.3625080e+003  1.0080000e+003
  1.3632800e+003  7.7200000e+002
  1.3639800e+003  7.0000000e+002
  1.3645960e+003  6.1600000e+002
  1.3653320e+003  7.3600000e+002
  1.3660080e+003  6.7600000e+002
  1.3667960e+003  7.8800000e+002
  1.3674840e+003  6.8800000e+002
  1.3682400e+003  7.5600000e+002
  1.3690000e+003  7.6000000e+002
  1.3697560e+003  7.5600000e+002
  1.3709840e+003  1.2280000e+003
  1.3716240e+003  6.4000000e+002
  1.3726960e+003  1.0720000e+003
  1.3735240e+003  8.2800000e+002
  1.3742520e+003  7.2800000e+002
  1.3748880e+003  6.3600000e+002
  1.3761760e+003  1.2880000e+003
  1.3770720e+003  8.9600000e+002
  1.3778840e+003  8.1200000e+002
  1.3788360e+003  9.5200000e+002
  1.3796280e+003  7.9200000e+002
  1.3805600e+003  9.3200000e+002
  1.3812360e+003  6.7600000e+002
  1.3821640e+003  9.2800000e+002
  1.3827800e+003  6.1600000e+002
  1.3834720e+003  6.9200000e+002
  1.3844560e+003  9.8400000e+002
  1.3851640e+003  7.0800000e+002
  1.3859040e+003  7.4000000e+002
  1.3869560e+003  1.0520000e+003
  1.3875720e+003  6.1600000e+002
  1.3883320e+003  7.6000000e+002
  1.3892280e+003  8.9600000e+002
  1.3897000e+003  4.7200000e+002
  1.3906880e+003  9.8800000e+002
  1.3913840e+003  6.9600000e+002
  1.3920880e+003  7.0400000e+002
  1.3929920e+003  9.0400000e+002
  1.3936320e+003  6.4000000e+002
  1.3946080e+003  9.7600000e+002
  1.3955040e+003  8.9600000e+002
  1.3963960e+003  8.9200000e+002
  1.3971640e+003  7.6800000e+002
  1.3978520e+003  6.8800000e+002
  1.3986160e+003  7.6400000e+002
  1.3996040e+003  9.8800000e+002
  1.4003840e+003  7.8000000e+002
  1.4010880e+003  7.0400000e+002
  1.4019280e+003  8.4000000e+002
  1.4025360e+003  6.0800000e+002
  1.4033000e+003  7.6400000e+002
  1.4037600e+003  4.6000000e+002
  1.4046600e+003  9.0000000e+002
  1.4053880e+003  7.2800000e+002
  1.4060200e+003  6.3200000e+002
  1.4068200e+003  8.0000000e+002
  1.4077480e+003  9.2800000e+002
  1.4082120e+003  4.6400000e+002
  1.4092200e+003  1.0080000e+003
  1.4099440e+003  7.2400000e+002
  1.4109800e+003  1.0360000e+003
  1.4116440e+003  6.6400000e+002
  1.4123000e+003  6.5600000e+002
  1.4128800e+003  5.8000000e+002
  1.4136760e+003  7.9600000e+002
  1.4144680e+003  7.9200000e+002
  1.4154400e+003  9.7200000e+002
  1.4161000e+003  6.6000000e+002
  1.4166080e+003  5.0800000e+002
  1.4174280e+003  8.2000000e+002
  1.4183240e+003  8.9600000e+002
  1.4193400e+003  1.0160000e+003
  1.4201840e+003  8.4400000e+002
  1.4207560e+003  5.7200000e+002
  1.4215320e+003  7.7600000e+002
  1.4224920e+003  9.6000000e+002
  1.4234880e+003  9.9600000e+002
  1.4242080e+003  7.2000000e+002
  1.4248160e+003  6.0800000e+002
  1.4253120e+003  4.9600000e+002
  1.4261440e+003  8.3200000e+002
  1.4269960e+003  8.5200000e+002
  1.4278360e+003  8.4000000e+002
  1.4285920e+003  7.5600000e+002
  1.4291000e+003  5.0800000e+002
  1.4302560e+003  1.1560000e+003
  1.4309240e+003  6.6800000e+002
  1.4317240e+003  8.0000000e+002
  1.4324400e+003  7.1600000e+002
  1.4331720e+003  7.3200000e+002
  1.4343400e+003  1.1680000e+003
  1.4351560e+003  8.1600000e+002
  1.4364440e+003  1.2880000e+003
  1.4370560e+003  6.1200000e+002
  1.4376200e+003  5.6400000e+002
  1.4383280e+003  7.0800000e+002
  1.4392960e+003  9.6800000e+002
  1.4401280e+003  8.3200000e+002
  1.4407920e+003  6.6400000e+002
  1.4417920e+003  1.0000000e+003
  1.4427080e+003  9.1600000e+002
  1.4435880e+003  8.8000000e+002
  1.4441560e+003  5.6800000e+002
  1.4447080e+003  5.5200000e+002
  1.4454560e+003  7.4800000e+002
  1.4462400e+003  7.8400000e+002
  1.4472440e+003  1.0040000e+003
  1.4478840e+003  6.4000000e+002
  1.4487120e+003  8.2800000e+002
  1.4492000e+003  4.8800000e+002
  1.4502640e+003  1.0640000e+003
  1.4511360e+003  8.7200000e+002
  1.4517040e+003  5.6800000e+002
  1.4526240e+003  9.2000000e+002
  1.4534600e+003  8.3600000e+002
  1.4539880e+003  5.2800000e+002
  1.4549360e+003  9.4800000e+002
  1.4554880e+003  5.5200000e+002
  1.4566160e+003  1.1280000e+003
  1.4572600e+003  6.4400000e+002
  1.4581200e+003  8.6000000e+002
  1.4586400e+003  5.2000000e+002
  1.4596680e+003  1.0280000e+003
  1.4606200e+003  9.5200000e+002
  1.4611960e+003  5.7600000e+002
  1.4620760e+003  8.8000000e+002
  1.4628360e+003  7.6000000e+002
  1.4635080e+003  6.7200000e+002
  1.4643400e+003  8.3200000e+002
  1.4650960e+003  7.5600000e+002
  1.4660320e+003  9.3600000e+002
  1.4668120e+003  7.8000000e+002
  1.4677560e+003  9.4400000e+002
  1.4686120e+003  8.5600000e+002
  1.4695360e+003  9.2400000e+002
  1.4702760e+003  7.4000000e+002
  1.4709920e+003  7.1600000e+002
  1.4714680e+003  4.7600000e+002
  1.4719640e+003  4.9600000e+002
  1.4729400e+003  9.7600000e+002
  1.4738320e+003  8.9200000e+002
  1.4745240e+003  6.9200000e+002
  1.4750560e+003  5.3200000e+002
  1.4762520e+003  1.1960000e+003
  1.4772600e+003  1.0080000e+003
  1.4781920e+003  9.3200000e+002
  1.4791400e+003  9.4800000e+002
  1.4801280e+003  9.8800000e+002
  1.4808400e+003  7.1200000e+002
  1.4814080e+003  5.6800000e+002
  1.4820480e+003  6.4000000e+002
  1.4828320e+003  7.8400000e+002
  1.4836080e+003  7.7600000e+002
  1.4843400e+003  7.3200000e+002
  1.4854040e+003  1.0640000e+003
  1.4860280e+003  6.2400000e+002
  1.4868880e+003  8.6000000e+002
  1.4876640e+003  7.7600000e+002
  1.4884640e+003  8.0000000e+002
  1.4893080e+003  8.4400000e+002
  1.4899800e+003  6.7200000e+002
  1.4907880e+003  8.0800000e+002
  1.4916640e+003  8.7600000e+002
  1.4924720e+003  8.0800000e+002
  1.4931520e+003  6.8000000e+002
  1.4942640e+003  1.1120000e+003
  1.4951280e+003  8.6400000e+002
  1.4961400e+003  1.0120000e+003
  1.4972120e+003  1.0720000e+003
  1.4979960e+003  7.8400000e+002
  1.4989680e+003  9.7200000e+002
  1.4998760e+003  9.0800000e+002
  1.5010280e+003  1.1520000e+003
  1.5019960e+003  9.6800000e+002
  1.5029480e+003  9.5200000e+002
  1.5036640e+003  7.1600000e+002
  1.5044200e+003  7.5600000e+002
  1.5048920e+003  4.7200000e+002
  1.5057920e+003  9.0000000e+002
  1.5067160e+003  9.2400000e+002
  1.5074760e+003  7.6000000e+002
  1.5086280e+003  1.1520000e+003
  1.5094680e+003  8.4000000e+002
  1.5103920e+003  9.2400000e+002
  1.5110400e+003  6.4800000e+002
  1.5116160e+003  5.7600000e+002
  1.5125720e+003  9.5600000e+002
  1.5130360e+003  4.6400000e+002
  1.5136120e+003  5.7600000e+002
  1.5143320e+003  7.2000000e+002
  1.5153080e+003  9.7600000e+002
  1.5161200e+003  8.1200000e+002
  1.5167280e+003  6.0800000e+002
  1.5176720e+003  9.4400000e+002
  1.5184680e+003  7.9600000e+002
  1.5190960e+003  6.2800000e+002
  1.5199320e+003  8.3600000e+002
  1.5204920e+003  5.6000000e+002
  1.5209360e+003  4.4400000e+002
  1.5216120e+003  6.7600000e+002
  1.5226480e+003  1.0360000e+003
  1.5232600e+003  6.1200000e+002
  1.5238040e+003  5.4400000e+002
  1.5243640e+003  5.6000000e+002
  1.5249480e+003  5.8400000e+002
  1.5256880e+003  7.4000000e+002
  1.5264800e+003  7.9200000e+002
  1.5273760e+003  8.9600000e+002
  1.5278440e+003  4.6800000e+002
  1.5288160e+003  9.7200000e+002
  1.5296200e+003  8.0400000e+002
  1.5305560e+003  9.3600000e+002
  1.5312640e+003  7.0800000e+002
  1.5322880e+003  1.0240000e+003
  1.5331680e+003  8.8000000e+002
  1.5337480e+003  5.8000000e+002
  1.5343160e+003  5.6800000e+002
  1.5348440e+003  5.2800000e+002
  1.5356440e+003  8.0000000e+002
  1.5365240e+003  8.8000000e+002
  1.5371800e+003  6.5600000e+002
  1.5376640e+003  4.8400000e+002
  1.5383880e+003  7.2400000e+002
  1.5393240e+003  9.3600000e+002
  1.5402680e+003  9.4400000e+002
  1.5411200e+003  8.5200000e+002
  1.5417480e+003  6.2800000e+002
  1.5424480e+003  7.0000000e+002
  1.5431640e+003  7.1600000e+002
  1.5439800e+003  8.1600000e+002
  1.5448520e+003  8.7200000e+002
  1.5456400e+003  7.8800000e+002
  1.5465800e+003  9.4000000e+002
  1.5474000e+003  8.2000000e+002
  1.5483360e+003  9.3600000e+002
  1.5489600e+003  6.2400000e+002
  1.5495080e+003  5.4800000e+002
  1.5500800e+003  5.7200000e+002
  1.5508600e+003  7.8000000e+002
  1.5514400e+003  5.8000000e+002
  1.5520120e+003  5.7200000e+002
  1.5528440e+003  8.3200000e+002
  1.5534760e+003  6.3200000e+002
  1.5542360e+003  7.6000000e+002
  1.5548800e+003  6.4400000e+002
  1.5558680e+003  9.8800000e+002
  1.5566120e+003  7.4400000e+002
  1.5573760e+003  7.6400000e+002
  1.5581000e+003  7.2400000e+002
  1.5590560e+003  9.5600000e+002
  1.5597560e+003  7.0000000e+002
  1.5604480e+003  6.9200000e+002
  1.5611920e+003  7.4400000e+002
  1.5619960e+003  8.0400000e+002
  1.5630160e+003  1.0200000e+003
  1.5637600e+003  7.4400000e+002
  1.5645520e+003  7.9200000e+002
  1.5652280e+003  6.7600000e+002
  1.5657920e+003  5.6400000e+002
  1.5665800e+003  7.8800000e+002
  1.5673120e+003  7.3200000e+002
  1.5681160e+003  8.0400000e+002
  1.5690000e+003  8.8400000e+002
  1.5697600e+003  7.6000000e+002
  1.5704360e+003  6.7600000e+002
  1.5711880e+003  7.5200000e+002
  1.5720320e+003  8.4400000e+002
  1.5728080e+003  7.7600000e+002
  1.5736200e+003  8.1200000e+002
  1.5743480e+003  7.2800000e+002
  1.5750520e+003  7.0400000e+002
  1.5759240e+003  8.7200000e+002
  1.5767680e+003  8.4400000e+002
  1.5774040e+003  6.3600000e+002
  1.5780680e+003  6.6400000e+002
  1.5786160e+003  5.4800000e+002
  1.5793600e+003  7.4400000e+002
  1.5801040e+003  7.4400000e+002
  1.5810240e+003  9.2000000e+002
  1.5819600e+003  9.3600000e+002
  1.5827760e+003  8.1600000e+002
  1.5835400e+003  7.6400000e+002
  1.5841760e+003  6.3600000e+002
  1.5852640e+003  1.0880000e+003
  1.5859920e+003  7.2800000e+002
  1.5869120e+003  9.2000000e+002
  1.5878240e+003  9.1200000e+002
  1.5883520e+003  5.2800000e+002
  1.5889200e+003  5.6800000e+002
  1.5896640e+003  7.4400000e+002
  1.5906040e+003  9.4000000e+002
  1.5911200e+003  5.1600000e+002
  1.5919520e+003  8.3200000e+002
  1.5929400e+003  9.8800000e+002
  1.5937840e+003  8.4400000e+002
  1.5943800e+003  5.9600000e+002
  1.5949800e+003  6.0000000e+002
  1.5959280e+003  9.4800000e+002
  1.5965200e+003  5.9200000e+002
  1.5974440e+003  9.2400000e+002
  1.5983160e+003  8.7200000e+002
  1.5992200e+003  9.0400000e+002
  1.6001840e+003  9.6400000e+002
  1.6010160e+003  8.3200000e+002
  1.6018680e+003  8.5200000e+002
  1.6027280e+003  8.6000000e+002
  1.6034520e+003  7.2400000e+002
  1.6041840e+003  7.3200000e+002
  1.6047440e+003  5.6000000e+002
  1.6053040e+003  5.6000000e+002
  1.6060640e+003  7.6000000e+002
  1.6069040e+003  8.4000000e+002
  1.6078720e+003  9.6800000e+002
  1.6086240e+003  7.5200000e+002
  1.6093920e+003  7.6800000e+002
  1.6099560e+003  5.6400000e+002
  1.6106080e+003  6.5200000e+002
  1.6115720e+003  9.6400000e+002
  1.6124720e+003  9.0000000e+002
  1.6133320e+003  8.6000000e+002
  1.6140840e+003  7.5200000e+002
  1.6148480e+003  7.6400000e+002
  1.6155920e+003  7.4400000e+002
  1.6162800e+003  6.8800000e+002
  1.6170600e+003  7.8000000e+002
  1.6176240e+003  5.6400000e+002
  1.6185480e+003  9.2400000e+002
  1.6193680e+003  8.2000000e+002
  1.6199880e+003  6.2000000e+002
  1.6207920e+003  8.0400000e+002
  1.6213560e+003  5.6400000e+002
  1.6218480e+003  4.9200000e+002
  1.6225080e+003  6.6000000e+002
  1.6232800e+003  7.7200000e+002
  1.6236520e+003  3.7200000e+002
  1.6240880e+003  4.3600000e+002
  1.6249080e+003  8.2000000e+002
  1.6258880e+003  9.8000000e+002
  1.6267080e+003  8.2000000e+002
  1.6277280e+003  1.0200000e+003
  1.6286440e+003  9.1600000e+002
  1.6294640e+003  8.2000000e+002
  1.6304480e+003  9.8400000e+002
  1.6310960e+003  6.4800000e+002
  1.6318960e+003  8.0000000e+002
  1.6325880e+003  6.9200000e+002
  1.6332640e+003  6.7600000e+002
  1.6338520e+003  5.8800000e+002
  1.6344440e+003  5.9200000e+002
  1.6350920e+003  6.4800000e+002
  1.6358840e+003  7.9200000e+002
  1.6366760e+003  7.9200000e+002
  1.6372280e+003  5.5200000e+002
  1.6381160e+003  8.8800000e+002
  1.6387600e+003  6.4400000e+002
  1.6392640e+003  5.0400000e+002
  1.6400000e+003  7.3600000e+002
  1.6408880e+003  8.8800000e+002
  1.6415600e+003  6.7200000e+002
  1.6423560e+003  7.9600000e+002
  1.6432320e+003  8.7600000e+002
  1.6439840e+003  7.5200000e+002
  1.6445400e+003  5.5600000e+002
  1.6453600e+003  8.2000000e+002
  1.6462800e+003  9.2000000e+002
  1.6468720e+003  5.9200000e+002
  1.6475000e+003  6.2800000e+002
  1.6482160e+003  7.1600000e+002
  1.6491080e+003  8.9200000e+002
  1.6500840e+003  9.7600000e+002
  1.6510680e+003  9.8400000e+002
  1.6517520e+003  6.8400000e+002
  1.6528360e+003  1.0840000e+003
  1.6538280e+003  9.9200000e+002
  1.6546400e+003  8.1200000e+002
  1.6554800e+003  8.4000000e+002
  1.6559480e+003  4.6800000e+002
  1.6568840e+003  9.3600000e+002
  1.6573280e+003  4.4400000e+002
  1.6578960e+003  5.6800000e+002
  1.6585240e+003  6.2800000e+002
  1.6590960e+003  5.7200000e+002
  1.6595920e+003  4.9600000e+002
  1.6601120e+003  5.2000000e+002
  1.6607160e+003  6.0400000e+002
  1.6619600e+003  1.2440000e+003
  1.6622800e+003  3.2000000e+002
  1.6628920e+003  6.1200000e+002
  1.6637000e+003  8.0800000e+002
  1.6645720e+003  8.7200000e+002
  1.6651520e+003  5.8000000e+002
  1.6661240e+003  9.7200000e+002
  1.6671800e+003  1.0560000e+003
  1.6681320e+003  9.5200000e+002
  1.6690640e+003  9.3200000e+002
  1.6696120e+003  5.4800000e+002
  1.6702120e+003  6.0000000e+002
  1.6709960e+003  7.8400000e+002
  1.6717920e+003  7.9600000e+002
  1.6723720e+003  5.8000000e+002
  1.6728440e+003  4.7200000e+002
  1.6737840e+003  9.4000000e+002
  1.6745840e+003  8.0000000e+002
  1.6753720e+003  7.8800000e+002
  1.6763680e+003  9.9600000e+002
  1.6770320e+003  6.6400000e+002
  1.6779400e+003  9.0800000e+002
  1.6787600e+003  8.2000000e+002
  1.6796080e+003  8.4800000e+002
  1.6801680e+003  5.6000000e+002
  1.6811080e+003  9.4000000e+002
  1.6815800e+003  4.7200000e+002
  1.6821480e+003  5.6800000e+002
  1.6828520e+003  7.0400000e+002
  1.6835480e+003  6.9600000e+002
  1.6842040e+003  6.5600000e+002
  1.6846280e+003  4.2400000e+002
  1.6854880e+003  8.6000000e+002
  1.6863200e+003  8.3200000e+002
  1.6871080e+003  7.8800000e+002
  1.6880560e+003  9.4800000e+002
  1.6888640e+003  8.0800000e+002
  1.6894280e+003  5.6400000e+002
  1.6903000e+003  8.7200000e+002
  1.6912360e+003  9.3600000e+002
  1.6921480e+003  9.1200000e+002
  1.6930200e+003  8.7200000e+002
  1.6935800e+003  5.6000000e+002
  1.6946280e+003  1.0480000e+003
  1.6953880e+003  7.6000000e+002
  1.6960920e+003  7.0400000e+002
  1.6969040e+003  8.1200000e+002
  1.6976800e+003  7.7600000e+002
  1.6982440e+003  5.6400000e+002
  1.6987360e+003  4.9200000e+002
  1.6994880e+003  7.5200000e+002
  1.7000640e+003  5.7600000e+002
  1.7005840e+003  5.2000000e+002
  1.7013040e+003  7.2000000e+002
  1.7020520e+003  7.4800000e+002
  1.7027840e+003  7.3200000e+002
  1.7034640e+003  6.8000000e+002
  1.7041640e+003  7.0000000e+002
  1.7047440e+003  5.8000000e+002
  1.7052000e+003  4.5600000e+002
  1.7059800e+003  7.8000000e+002
  1.7069640e+003  9.8400000e+002
  1.7075800e+003  6.1600000e+002
  1.7081200e+003  5.4000000e+002
  1.7086080e+003  4.8800000e+002
  1.7096720e+003  1.0640000e+003
  1.7105560e+003  8.8400000e+002
  1.7112840e+003  7.2800000e+002
  1.7122640e+003  9.8000000e+002
  1.7129640e+003  7.0000000e+002
  1.7136200e+003  6.5600000e+002
  1.7141880e+003  5.6800000e+002
  1.7146720e+003  4.8400000e+002
  1.7152200e+003  5.4800000e+002
  1.7162840e+003  1.0640000e+003
  1.7170000e+003  7.1600000e+002
  1.7175120e+003  5.1200000e+002
  1.7183640e+003  8.5200000e+002
  1.7190600e+003  6.9600000e+002
  1.7199320e+003  8.7200000e+002
  1.7206760e+003  7.4400000e+002
  1.7212080e+003  5.3200000e+002
  1.7217920e+003  5.8400000e+002
  1.7222480e+003  4.5600000e+002
  1.7227000e+003  4.5200000e+002
  1.7233320e+003  6.3200000e+002
  1.7238200e+003  4.8800000e+002
  1.7245440e+003  7.2400000e+002
  1.7252520e+003  7.0800000e+002
  1.7258040e+003  5.5200000e+002
  1.7263320e+003  5.2800000e+002
  1.7271160e+003  7.8400000e+002
  1.7279320e+003  8.1600000e+002
  1.7285800e+003  6.4800000e+002
  1.7292040e+003  6.2400000e+002
  1.7297520e+003  5.4800000e+002
  1.7301960e+003  4.4400000e+002
  1.7308360e+003  6.4000000e+002
  1.7315120e+003  6.7600000e+002
  1.7320680e+003  5.5600000e+002
  1.7331240e+003  1.0560000e+003
  1.7339560e+003  8.3200000e+002
  1.7348200e+003  8.6400000e+002
  1.7355920e+003  7.7200000e+002
  1.7361200e+003  5.2800000e+002
  1.7370840e+003  9.6400000e+002
  1.7378000e+003  7.1600000e+002
  1.7389000e+003  1.1000000e+003
  1.7395000e+003  6.0000000e+002
  1.7400240e+003  5.2400000e+002
  1.7406800e+003  6.5600000e+002
  1.7412680e+003  5.8800000e+002
  1.7417040e+003  4.3600000e+002
  1.7423280e+003  6.2400000e+002
  1.7428880e+003  5.6000000e+002
  1.7439000e+003  1.0120000e+003
  1.7446800e+003  7.8000000e+002
  1.7455120e+003  8.3200000e+002
  1.7460920e+003  5.8000000e+002
  1.7466400e+003  5.4800000e+002
  1.7471800e+003  5.4000000e+002
  1.7477000e+003  5.2000000e+002
  1.7484000e+003  7.0000000e+002
  1.7494400e+003  1.0400000e+003
  1.7502880e+003  8.4800000e+002
  1.7508600e+003  5.7200000e+002
  1.7516960e+003  8.3600000e+002
  1.7525120e+003  8.1600000e+002
  1.7533920e+003  8.8000000e+002
  1.7540880e+003  6.9600000e+002
  1.7549760e+003  8.8800000e+002
  1.7555800e+003  6.0400000e+002
  1.7564760e+003  8.9600000e+002
  1.7572800e+003  8.0400000e+002
  1.7578520e+003  5.7200000e+002
  1.7583520e+003  5.0000000e+002
  1.7591440e+003  7.9200000e+002
  1.7596880e+003  5.4400000e+002
  1.7602240e+003  5.3600000e+002
  1.7606840e+003  4.6000000e+002
  1.7615920e+003  9.0800000e+002
  1.7624200e+003  8.2800000e+002
  1.7633840e+003  9.6400000e+002
  1.7641920e+003  8.0800000e+002
  1.7650120e+003  8.2000000e+002
  1.7655840e+003  5.7200000e+002
  1.7662200e+003  6.3600000e+002
  1.7671760e+003  9.5600000e+002
  1.7678520e+003  6.7600000e+002
  1.7686920e+003  8.4000000e+002
  1.7694840e+003  7.9200000e+002
  1.7702120e+003  7.2800000e+002
  1.7709240e+003  7.1200000e+002
  1.7718800e+003  9.5600000e+002
  1.7724960e+003  6.1600000e+002
  1.7731040e+003  6.0800000e+002
  1.7738720e+003  7.6800000e+002
  1.7747200e+003  8.4800000e+002
  1.7753760e+003  6.5600000e+002
  1.7765360e+003  1.1600000e+003
  1.7770960e+003  5.6000000e+002
  1.7777880e+003  6.9200000e+002
  1.7785160e+003  7.2800000e+002
  1.7794920e+003  9.7600000e+002
  1.7801200e+003  6.2800000e+002
  1.7808640e+003  7.4400000e+002
  1.7817200e+003  8.5600000e+002
  1.7824120e+003  6.9200000e+002
  1.7829440e+003  5.3200000e+002
  1.7837240e+003  7.8000000e+002
  1.7842960e+003  5.7200000e+002
  1.7850640e+003  7.6800000e+002
  1.7856360e+003  5.7200000e+002
  1.7864240e+003  7.8800000e+002
  1.7871040e+003  6.8000000e+002
  1.7882680e+003  1.1640000e+003
  1.7889960e+003  7.2800000e+002
  1.7898240e+003  8.2800000e+002
  1.7904160e+003  5.9200000e+002
  1.7911920e+003  7.7600000e+002
  1.7917960e+003  6.0400000e+002
  1.7924040e+003  6.0800000e+002
  1.7931840e+003  7.8000000e+002
  1.7936160e+003  4.3200000e+002
  1.7946760e+003  1.0600000e+003
  1.7956080e+003  9.3200000e+002
  1.7961760e+003  5.6800000e+002
  1.7968040e+003  6.2800000e+002
  1.7972960e+003  4.9200000e+002
  1.7978400e+003  5.4400000e+002
  1.7985560e+003  7.1600000e+002
  1.7992160e+003  6.6000000e+002
