  1.0960000e+000  7.7600000e+002
  1.9200000e+000  8.2400000e+002
  2.7600000e+000  8.4000000e+002
  3.5800000e+000  8.2000000e+002
  4.5000000e+000  9.2000000e+002
  5.4160000e+000  9.1600000e+002
  6.1800000e+000  7.6400000e+002
  7.1600000e+000  9.8000000e+002
  7.7000000e+000  5.4000000e+002
  8.5000000e+000  8.0000000e+002
  9.2600000e+000  7.6000000e+002
  9.9400000e+000  6.8000000e+002
  1.0784000e+001  8.4400000e+002
  1.1520000e+001  7.3600000e+002
  1.2280000e+001  7.6000000e+002
  1.3060000e+001  7.8000000e+002
  1.3700000e+001  6.4000000e+002
  1.4480000e+001  7.8000000e+002
  1.5240000e+001  7.6000000e+002
  1.6100000e+001  8.6000000e+002
  1.6780000e+001  6.8000000e+002
  1.7600000e+001  8.2000000e+002
  1.8364000e+001  7.6400000e+002
  1.9000000e+001  6.3600000e+002
  1.9824000e+001  8.2400000e+002
  2.0720000e+001  8.9600000e+002
  2.1420000e+001  7.0000000e+002
  2.2100000e+001  6.8000000e+002
  2.3180000e+001  1.0800000e+003
  2.3900000e+001  7.2000000e+002
  2.5060000e+001  1.1600000e+003
  2.5580000e+001  5.2000000e+002
  2.6104000e+001  5.2400000e+002
  2.6860000e+001  7.5600000e+002
  2.7624000e+001  7.6400000e+002
  2.8420000e+001  7.9600000e+002
  2.9000000e+001  5.8000000e+002
  2.9820000e+001  8.2000000e+002
  3.0704000e+001  8.8400000e+002
  3.1500000e+001  7.9600000e+002
  3.2160000e+001  6.6000000e+002
  3.2800000e+001  6.4000000e+002
  3.3584000e+001  7.8400000e+002
  3.4184000e+001  6.0000000e+002
  3.5004000e+001  8.2000000e+002
  3.5824000e+001  8.2000000e+002
  3.6644000e+001  8.2000000e+002
  3.7184000e+001  5.4000000e+002
  3.7904000e+001  7.2000000e+002
  3.8784000e+001  8.8000000e+002
  3.9568000e+001  7.8400000e+002
  4.0104000e+001  5.3600000e+002
  4.0624000e+001  5.2000000e+002
  4.1264000e+001  6.4000000e+002
  4.1844000e+001  5.8000000e+002
  4.2364000e+001  5.2000000e+002
  4.3184000e+001  8.2000000e+002
  4.3944000e+001  7.6000000e+002
  4.4704000e+001  7.6000000e+002
  4.5404000e+001  7.0000000e+002
  4.5692000e+001  2.8800000e+002
  4.6204000e+001  5.1200000e+002
  4.7064000e+001  8.6000000e+002
  4.7824000e+001  7.6000000e+002
  4.8504000e+001  6.8000000e+002
  4.9364000e+001  8.6000000e+002
  4.9964000e+001  6.0000000e+002
  5.0584000e+001  6.2000000e+002
  5.1284000e+001  7.0000000e+002
  5.1984000e+001  7.0000000e+002
  5.2744000e+001  7.6000000e+002
  5.3504000e+001  7.6000000e+002
  5.4364000e+001  8.6000000e+002
  5.5228000e+001  8.6400000e+002
  5.6088000e+001  8.6000000e+002
  5.6844000e+001  7.5600000e+002
  5.7648000e+001  8.0400000e+002
  5.8148000e+001  5.0000000e+002
  5.8824000e+001  6.7600000e+002
  5.9588000e+001  7.6400000e+002
  6.0484000e+001  8.9600000e+002
  6.1284000e+001  8.0000000e+002
  6.2404000e+001  1.1200000e+003
  6.3184000e+001  7.8000000e+002
  6.4124000e+001  9.4000000e+002
  6.4924000e+001  8.0000000e+002
  6.5584000e+001  6.6000000e+002
  6.6604000e+001  1.0200000e+003
  6.7444000e+001  8.4000000e+002
  6.8204000e+001  7.6000000e+002
  6.8904000e+001  7.0000000e+002
  6.9628000e+001  7.2400000e+002
  7.0244000e+001  6.1600000e+002
  7.1004000e+001  7.6000000e+002
  7.1848000e+001  8.4400000e+002
  7.2604000e+001  7.5600000e+002
  7.3748000e+001  1.1440000e+003
  7.4468000e+001  7.2000000e+002
  7.5264000e+001  7.9600000e+002
  7.6104000e+001  8.4000000e+002
  7.6808000e+001  7.0400000e+002
  7.7688000e+001  8.8000000e+002
  7.8168000e+001  4.8000000e+002
  7.8948000e+001  7.8000000e+002
  7.9508000e+001  5.6000000e+002
  8.0228000e+001  7.2000000e+002
  8.1108000e+001  8.8000000e+002
  8.2004000e+001  8.9600000e+002
  8.2844000e+001  8.4000000e+002
  8.3604000e+001  7.6000000e+002
  8.4228000e+001  6.2400000e+002
  8.4848000e+001  6.2000000e+002
  8.5508000e+001  6.6000000e+002
  8.6284000e+001  7.7600000e+002
  8.7084000e+001  8.0000000e+002
  8.7864000e+001  7.8000000e+002
  8.8404000e+001  5.4000000e+002
  8.9048000e+001  6.4400000e+002
  8.9624000e+001  5.7600000e+002
  9.0488000e+001  8.6400000e+002
  9.1224000e+001  7.3600000e+002
  9.1924000e+001  7.0000000e+002
  9.2484000e+001  5.6000000e+002
  9.3348000e+001  8.6400000e+002
  9.4484000e+001  1.1360000e+003
  9.5348000e+001  8.6400000e+002
  9.6148000e+001  8.0000000e+002
  9.6944000e+001  7.9600000e+002
  9.7728000e+001  7.8400000e+002
  9.8568000e+001  8.4000000e+002
  9.9448000e+001  8.8000000e+002
  1.0022400e+002  7.7600000e+002
  1.0088400e+002  6.6000000e+002
  1.0174400e+002  8.6000000e+002
  1.0266400e+002  9.2000000e+002
  1.0354400e+002  8.8000000e+002
  1.0446400e+002  9.2000000e+002
  1.0536400e+002  9.0000000e+002
  1.0590800e+002  5.4400000e+002
  1.0656400e+002  6.5600000e+002
  1.0732400e+002  7.6000000e+002
  1.0806400e+002  7.4000000e+002
  1.0886400e+002  8.0000000e+002
  1.0956400e+002  7.0000000e+002
  1.1022800e+002  6.6400000e+002
  1.1098400e+002  7.5600000e+002
  1.1176800e+002  7.8400000e+002
  1.1258400e+002  8.1600000e+002
  1.1342400e+002  8.4000000e+002
  1.1414400e+002  7.2000000e+002
  1.1486400e+002  7.2000000e+002
  1.1568400e+002  8.2000000e+002
  1.1646400e+002  7.8000000e+002
  1.1714400e+002  6.8000000e+002
  1.1788400e+002  7.4000000e+002
  1.1876400e+002  8.8000000e+002
  1.1954400e+002  7.8000000e+002
  1.2042400e+002  8.8000000e+002
  1.2118400e+002  7.6000000e+002
  1.2192800e+002  7.4400000e+002
  1.2246400e+002  5.3600000e+002
  1.2310400e+002  6.4000000e+002
  1.2386400e+002  7.6000000e+002
  1.2488400e+002  1.0200000e+003
  1.2576400e+002  8.8000000e+002
  1.2670400e+002  9.4000000e+002
  1.2750400e+002  8.0000000e+002
  1.2832400e+002  8.2000000e+002
  1.2910400e+002  7.8000000e+002
  1.2994400e+002  8.4000000e+002
  1.3050400e+002  5.6000000e+002
  1.3116400e+002  6.6000000e+002
  1.3204400e+002  8.8000000e+002
  1.3282400e+002  7.8000000e+002
  1.3334800e+002  5.2400000e+002
  1.3406800e+002  7.2000000e+002
  1.3474800e+002  6.8000000e+002
  1.3528400e+002  5.3600000e+002
  1.3592800e+002  6.4400000e+002
  1.3666800e+002  7.4000000e+002
  1.3734400e+002  6.7600000e+002
  1.3792800e+002  5.8400000e+002
  1.3872800e+002  8.0000000e+002
  1.3946800e+002  7.4000000e+002
  1.4028800e+002  8.2000000e+002
  1.4084800e+002  5.6000000e+002
  1.4154800e+002  7.0000000e+002
  1.4210800e+002  5.6000000e+002
  1.4296800e+002  8.6000000e+002
  1.4360800e+002  6.4000000e+002
  1.4430800e+002  7.0000000e+002
  1.4514800e+002  8.4000000e+002
  1.4592400e+002  7.7600000e+002
  1.4674800e+002  8.2400000e+002
  1.4744800e+002  7.0000000e+002
  1.4814800e+002  7.0000000e+002
  1.4874800e+002  6.0000000e+002
  1.4952800e+002  7.8000000e+002
  1.5030800e+002  7.8000000e+002
  1.5100800e+002  7.0000000e+002
  1.5182800e+002  8.2000000e+002
  1.5262800e+002  8.0000000e+002
  1.5335200e+002  7.2400000e+002
  1.5389200e+002  5.4000000e+002
  1.5461200e+002  7.2000000e+002
  1.5540800e+002  7.9600000e+002
  1.5623200e+002  8.2400000e+002
  1.5691200e+002  6.8000000e+002
  1.5767200e+002  7.6000000e+002
  1.5843200e+002  7.6000000e+002
  1.5925200e+002  8.2000000e+002
  1.5993200e+002  6.8000000e+002
  1.6075200e+002  8.2000000e+002
  1.6159200e+002  8.4000000e+002
  1.6237200e+002  7.8000000e+002
  1.6309200e+002  7.2000000e+002
  1.6367200e+002  5.8000000e+002
  1.6460800e+002  9.3600000e+002
  1.6590800e+002  1.3000000e+003
  1.6657200e+002  6.6400000e+002
  1.6708800e+002  5.1600000e+002
  1.6796800e+002  8.8000000e+002
  1.6873200e+002  7.6400000e+002
  1.6927200e+002  5.4000000e+002
  1.7000800e+002  7.3600000e+002
  1.7055200e+002  5.4400000e+002
  1.7129200e+002  7.4000000e+002
  1.7190800e+002  6.1600000e+002
  1.7249200e+002  5.8400000e+002
  1.7319200e+002  7.0000000e+002
  1.7405200e+002  8.6000000e+002
  1.7465200e+002  6.0000000e+002
  1.7539200e+002  7.4000000e+002
  1.7623200e+002  8.4000000e+002
  1.7697200e+002  7.4000000e+002
  1.7751200e+002  5.4000000e+002
  1.7815200e+002  6.4000000e+002
  1.7893200e+002  7.8000000e+002
  1.7971200e+002  7.8000000e+002
  1.8035200e+002  6.4000000e+002
  1.8089200e+002  5.4000000e+002
  1.8166800e+002  7.7600000e+002
  1.8243200e+002  7.6400000e+002
  1.8333200e+002  9.0000000e+002
  1.8403200e+002  7.0000000e+002
  1.8485200e+002  8.2000000e+002
  1.8570800e+002  8.5600000e+002
  1.8650800e+002  8.0000000e+002
  1.8707200e+002  5.6400000e+002
  1.8782800e+002  7.5600000e+002
  1.8868800e+002  8.6000000e+002
  1.8951200e+002  8.2400000e+002
  1.9033200e+002  8.2000000e+002
  1.9113200e+002  8.0000000e+002
  1.9191200e+002  7.8000000e+002
  1.9255200e+002  6.4000000e+002
  1.9315200e+002  6.0000000e+002
  1.9415200e+002  1.0000000e+003
  1.9477200e+002  6.2000000e+002
  1.9549200e+002  7.2000000e+002
  1.9631200e+002  8.2000000e+002
  1.9707200e+002  7.6000000e+002
  1.9783200e+002  7.6000000e+002
  1.9837200e+002  5.4000000e+002
  1.9917200e+002  8.0000000e+002
  1.9997200e+002  8.0000000e+002
  2.0103200e+002  1.0600000e+003
  2.0179200e+002  7.6000000e+002
  2.0243200e+002  6.4000000e+002
  2.0323200e+002  8.0000000e+002
  2.0381200e+002  5.8000000e+002
  2.0461200e+002  8.0000000e+002
  2.0523200e+002  6.2000000e+002
  2.0577600e+002  5.4400000e+002
  2.0647600e+002  7.0000000e+002
  2.0699600e+002  5.2000000e+002
  2.0773200e+002  7.3600000e+002
  2.0849200e+002  7.6000000e+002
  2.0937600e+002  8.8400000e+002
  2.1009600e+002  7.2000000e+002
  2.1093200e+002  8.3600000e+002
  2.1161200e+002  6.8000000e+002
  2.1239600e+002  7.8400000e+002
  2.1375600e+002  1.3600000e+003
  2.1433600e+002  5.8000000e+002
  2.1517600e+002  8.4000000e+002
  2.1595600e+002  7.8000000e+002
  2.1683600e+002  8.8000000e+002
  2.1765600e+002  8.2000000e+002
  2.1833600e+002  6.8000000e+002
  2.1941600e+002  1.0800000e+003
  2.2011600e+002  7.0000000e+002
  2.2083600e+002  7.2000000e+002
  2.2155600e+002  7.2000000e+002
  2.2235200e+002  7.9600000e+002
  2.2289200e+002  5.4000000e+002
  2.2371200e+002  8.2000000e+002
  2.2471600e+002  1.0040000e+003
  2.2549200e+002  7.7600000e+002
  2.2625200e+002  7.6000000e+002
  2.2675200e+002  5.0000000e+002
  2.2753600e+002  7.8400000e+002
  2.2837200e+002  8.3600000e+002
  2.2891200e+002  5.4000000e+002
  2.2955600e+002  6.4400000e+002
  2.3027600e+002  7.2000000e+002
  2.3103600e+002  7.6000000e+002
  2.3175200e+002  7.1600000e+002
  2.3231200e+002  5.6000000e+002
  2.3297200e+002  6.6000000e+002
  2.3391600e+002  9.4400000e+002
  2.3471600e+002  8.0000000e+002
  2.3559600e+002  8.8000000e+002
  2.3631200e+002  7.1600000e+002
  2.3697600e+002  6.6400000e+002
  2.3777600e+002  8.0000000e+002
  2.3863600e+002  8.6000000e+002
  2.3945600e+002  8.2000000e+002
  2.4025600e+002  8.0000000e+002
  2.4081600e+002  5.6000000e+002
  2.4141600e+002  6.0000000e+002
  2.4211200e+002  6.9600000e+002
  2.4263200e+002  5.2000000e+002
  2.4337200e+002  7.4000000e+002
  2.4409200e+002  7.2000000e+002
  2.4481200e+002  7.2000000e+002
  2.4557200e+002  7.6000000e+002
  2.4611600e+002  5.4400000e+002
  2.4673600e+002  6.2000000e+002
  2.4747600e+002  7.4000000e+002
  2.4829200e+002  8.1600000e+002
  2.4899600e+002  7.0400000e+002
  2.4957600e+002  5.8000000e+002
  2.5047200e+002  8.9600000e+002
  2.5115600e+002  6.8400000e+002
  2.5179600e+002  6.4000000e+002
  2.5239200e+002  5.9600000e+002
  2.5311200e+002  7.2000000e+002
  2.5389600e+002  7.8400000e+002
  2.5477600e+002  8.8000000e+002
  2.5541600e+002  6.4000000e+002
  2.5603600e+002  6.2000000e+002
  2.5657600e+002  5.4000000e+002
  2.5727600e+002  7.0000000e+002
  2.5807600e+002  8.0000000e+002
  2.5879600e+002  7.2000000e+002
  2.5971600e+002  9.2000000e+002
  2.6048000e+002  7.6000000e+002
  2.6127600e+002  7.9600000e+002
  2.6184000e+002  5.6400000e+002
  2.6256000e+002  7.2000000e+002
  2.6318000e+002  6.2000000e+002
  2.6394000e+002  7.6000000e+002
  2.6475600e+002  8.1600000e+002
  2.6554000e+002  7.8400000e+002
  2.6634000e+002  8.0000000e+002
  2.6720000e+002  8.6000000e+002
  2.6796000e+002  7.6000000e+002
  2.6876000e+002  8.0000000e+002
  2.6934000e+002  5.8000000e+002
  2.7010000e+002  7.6000000e+002
  2.7080000e+002  7.0000000e+002
  2.7142000e+002  6.2000000e+002
  2.7214000e+002  7.2000000e+002
  2.7276000e+002  6.2000000e+002
  2.7330000e+002  5.4000000e+002
  2.7414000e+002  8.4000000e+002
  2.7468000e+002  5.4000000e+002
  2.7540400e+002  7.2400000e+002
  2.7636400e+002  9.6000000e+002
  2.7706400e+002  7.0000000e+002
  2.7782400e+002  7.6000000e+002
  2.7864400e+002  8.2000000e+002
  2.7942400e+002  7.8000000e+002
  2.8020400e+002  7.8000000e+002
  2.8076000e+002  5.5600000e+002
  2.8154000e+002  7.8000000e+002
  2.8242400e+002  8.8400000e+002
  2.8298400e+002  5.6000000e+002
  2.8366400e+002  6.8000000e+002
  2.8424400e+002  5.8000000e+002
  2.8502000e+002  7.7600000e+002
  2.8578000e+002  7.6000000e+002
  2.8634400e+002  5.6400000e+002
  2.8708400e+002  7.4000000e+002
  2.8774400e+002  6.6000000e+002
  2.8856400e+002  8.2000000e+002
  2.8944400e+002  8.8000000e+002
  2.9028400e+002  8.4000000e+002
  2.9108400e+002  8.0000000e+002
  2.9182400e+002  7.4000000e+002
  2.9240400e+002  5.8000000e+002
  2.9320400e+002  8.0000000e+002
  2.9374400e+002  5.4000000e+002
  2.9452400e+002  7.8000000e+002
  2.9530800e+002  7.8400000e+002
  2.9620400e+002  8.9600000e+002
  2.9674800e+002  5.4400000e+002
  2.9742400e+002  6.7600000e+002
  2.9800800e+002  5.8400000e+002
  2.9872800e+002  7.2000000e+002
  2.9938800e+002  6.6000000e+002
  3.0026800e+002  8.8000000e+002
  3.0110400e+002  8.3600000e+002
  3.0194400e+002  8.4000000e+002
  3.0278800e+002  8.4400000e+002
  3.0356800e+002  7.8000000e+002
  3.0416400e+002  5.9600000e+002
  3.0494800e+002  7.8400000e+002
  3.0566400e+002  7.1600000e+002
  3.0638800e+002  7.2400000e+002
  3.0704800e+002  6.6000000e+002
  3.0780800e+002  7.6000000e+002
  3.0878800e+002  9.8000000e+002
  3.0944800e+002  6.6000000e+002
  3.1026800e+002  8.2000000e+002
  3.1098800e+002  7.2000000e+002
  3.1182800e+002  8.4000000e+002
  3.1250800e+002  6.8000000e+002
  3.1328800e+002  7.8000000e+002
  3.1406800e+002  7.8000000e+002
  3.1482800e+002  7.6000000e+002
  3.1562800e+002  8.0000000e+002
  3.1644800e+002  8.2000000e+002
  3.1725200e+002  8.0400000e+002
  3.1805200e+002  8.0000000e+002
  3.1886800e+002  8.1600000e+002
  3.1964800e+002  7.8000000e+002
  3.2043200e+002  7.8400000e+002
  3.2114800e+002  7.1600000e+002
  3.2180800e+002  6.6000000e+002
  3.2262800e+002  8.2000000e+002
  3.2342800e+002  8.0000000e+002
  3.2424800e+002  8.2000000e+002
  3.2502800e+002  7.8000000e+002
  3.2556800e+002  5.4000000e+002
  3.2640800e+002  8.4000000e+002
  3.2725200e+002  8.4400000e+002
  3.2805200e+002  8.0000000e+002
  3.2857200e+002  5.2000000e+002
  3.2933200e+002  7.6000000e+002
  3.3013200e+002  8.0000000e+002
  3.3142800e+002  1.2960000e+003
  3.3225200e+002  8.2400000e+002
  3.3303200e+002  7.8000000e+002
  3.3359200e+002  5.6000000e+002
  3.3439200e+002  8.0000000e+002
  3.3511200e+002  7.2000000e+002
  3.3563200e+002  5.2000000e+002
  3.3647200e+002  8.4000000e+002
  3.3735200e+002  8.8000000e+002
  3.3793600e+002  5.8400000e+002
  3.3863200e+002  6.9600000e+002
  3.3945200e+002  8.2000000e+002
  3.4025200e+002  8.0000000e+002
  3.4111200e+002  8.6000000e+002
  3.4169200e+002  5.8000000e+002
  3.4237200e+002  6.8000000e+002
  3.4315200e+002  7.8000000e+002
  3.4401200e+002  8.6000000e+002
  3.4479200e+002  7.8000000e+002
  3.4537200e+002  5.8000000e+002
  3.4617200e+002  8.0000000e+002
  3.4697200e+002  8.0000000e+002
  3.4783200e+002  8.6000000e+002
  3.4845600e+002  6.2400000e+002
  3.4909200e+002  6.3600000e+002
  3.4985200e+002  7.6000000e+002
  3.5059600e+002  7.4400000e+002
  3.5139600e+002  8.0000000e+002
  3.5223600e+002  8.4000000e+002
  3.5301600e+002  7.8000000e+002
  3.5371600e+002  7.0000000e+002
  3.5449200e+002  7.7600000e+002
  3.5501600e+002  5.2400000e+002
  3.5583600e+002  8.2000000e+002
  3.5657600e+002  7.4000000e+002
  3.5711600e+002  5.4000000e+002
  3.5768000e+002  5.6400000e+002
  3.5840000e+002  7.2000000e+002
  3.5903600e+002  6.3600000e+002
  3.5993600e+002  9.0000000e+002
  3.6050000e+002  5.6400000e+002
  3.6107600e+002  5.7600000e+002
  3.6177600e+002  7.0000000e+002
  3.6237600e+002  6.0000000e+002
  3.6323600e+002  8.6000000e+002
  3.6381600e+002  5.8000000e+002
  3.6503600e+002  1.2200000e+003
  3.6569600e+002  6.6000000e+002
  3.6651600e+002  8.2000000e+002
  3.6731600e+002  8.0000000e+002
  3.6801600e+002  7.0000000e+002
  3.6886000e+002  8.4400000e+002
  3.6950000e+002  6.4000000e+002
  3.7028000e+002  7.8000000e+002
  3.7109600e+002  8.1600000e+002
  3.7166000e+002  5.6400000e+002
  3.7234000e+002  6.8000000e+002
  3.7302000e+002  6.8000000e+002
  3.7380000e+002  7.8000000e+002
  3.7460000e+002  8.0000000e+002
  3.7556000e+002  9.6000000e+002
  3.7648000e+002  9.2000000e+002
  3.7724000e+002  7.6000000e+002
  3.7808000e+002  8.4000000e+002
  3.7860400e+002  5.2400000e+002
  3.7932400e+002  7.2000000e+002
  3.7992400e+002  6.0000000e+002
  3.8056400e+002  6.4000000e+002
  3.8142000e+002  8.5600000e+002
  3.8218400e+002  7.6400000e+002
  3.8290000e+002  7.1600000e+002
  3.8362400e+002  7.2400000e+002
  3.8420400e+002  5.8000000e+002
  3.8494400e+002  7.4000000e+002
  3.8568400e+002  7.4000000e+002
  3.8650400e+002  8.2000000e+002
  3.8724000e+002  7.3600000e+002
  3.8780400e+002  5.6400000e+002
  3.8858400e+002  7.8000000e+002
  3.8944400e+002  8.6000000e+002
  3.9024400e+002  8.0000000e+002
  3.9110400e+002  8.6000000e+002
  3.9176800e+002  6.6400000e+002
  3.9248400e+002  7.1600000e+002
  3.9308800e+002  6.0400000e+002
  3.9378400e+002  6.9600000e+002
  3.9458800e+002  8.0400000e+002
  3.9522800e+002  6.4000000e+002
  3.9598800e+002  7.6000000e+002
  3.9649200e+002  5.0400000e+002
  3.9717200e+002  6.8000000e+002
  3.9771200e+002  5.4000000e+002
  3.9838800e+002  6.7600000e+002
  3.9925200e+002  8.6400000e+002
  3.9979200e+002  5.4000000e+002
  4.0055200e+002  7.6000000e+002
  4.0130800e+002  7.5600000e+002
  4.0202800e+002  7.2000000e+002
  4.0256800e+002  5.4000000e+002
  4.0339200e+002  8.2400000e+002
  4.0392800e+002  5.3600000e+002
  4.0468800e+002  7.6000000e+002
  4.0547200e+002  7.8400000e+002
  4.0637200e+002  9.0000000e+002
  4.0729200e+002  9.2000000e+002
  4.0805200e+002  7.6000000e+002
  4.0889200e+002  8.4000000e+002
  4.0947200e+002  5.8000000e+002
  4.1019200e+002  7.2000000e+002
  4.1099200e+002  8.0000000e+002
  4.1155200e+002  5.6000000e+002
  4.1217200e+002  6.2000000e+002
  4.1273600e+002  5.6400000e+002
  4.1367200e+002  9.3600000e+002
  4.1425200e+002  5.8000000e+002
  4.1487600e+002  6.2400000e+002
  4.1555200e+002  6.7600000e+002
  4.1613600e+002  5.8400000e+002
  4.1683600e+002  7.0000000e+002
  4.1767600e+002  8.4000000e+002
  4.1847600e+002  8.0000000e+002
  4.1933600e+002  8.6000000e+002
  4.2029600e+002  9.6000000e+002
  4.2099600e+002  7.0000000e+002
  4.2173600e+002  7.4000000e+002
  4.2247200e+002  7.3600000e+002
  4.2323200e+002  7.6000000e+002
  4.2423600e+002  1.0040000e+003
  4.2479200e+002  5.5600000e+002
  4.2549200e+002  7.0000000e+002
  4.2625600e+002  7.6400000e+002
  4.2705600e+002  8.0000000e+002
  4.2785600e+002  8.0000000e+002
  4.2861600e+002  7.6000000e+002
  4.2929600e+002  6.8000000e+002
  4.3001600e+002  7.2000000e+002
  4.3075600e+002  7.4000000e+002
  4.3155600e+002  8.0000000e+002
  4.3242000e+002  8.6400000e+002
  4.3335600e+002  9.3600000e+002
  4.3388000e+002  5.2400000e+002
  4.3482000e+002  9.4000000e+002
  4.3534000e+002  5.2000000e+002
  4.3606000e+002  7.2000000e+002
  4.3660000e+002  5.4000000e+002
  4.3736000e+002  7.6000000e+002
  4.3802000e+002  6.6000000e+002
  4.3862000e+002  6.0000000e+002
  4.3920400e+002  5.8400000e+002
  4.3998400e+002  7.8000000e+002
  4.4062400e+002  6.4000000e+002
  4.4126400e+002  6.4000000e+002
  4.4216000e+002  8.9600000e+002
  4.4286000e+002  7.0000000e+002
  4.4364000e+002  7.8000000e+002
  4.4470000e+002  1.0600000e+003
  4.4552000e+002  8.2000000e+002
  4.4624000e+002  7.2000000e+002
  4.4708400e+002  8.4400000e+002
  4.4796400e+002  8.8000000e+002
  4.4856400e+002  6.0000000e+002
  4.4916400e+002  6.0000000e+002
  4.5000400e+002  8.4000000e+002
  4.5084400e+002  8.4000000e+002
  4.5154400e+002  7.0000000e+002
  4.5232400e+002  7.8000000e+002
  4.5310400e+002  7.8000000e+002
  4.5392400e+002  8.2000000e+002
  4.5474400e+002  8.2000000e+002
  4.5530400e+002  5.6000000e+002
  4.5596400e+002  6.6000000e+002
  4.5714400e+002  1.1800000e+003
  4.5806400e+002  9.2000000e+002
  4.5868400e+002  6.2000000e+002
  4.5920800e+002  5.2400000e+002
  4.5992400e+002  7.1600000e+002
  4.6070400e+002  7.8000000e+002
  4.6158400e+002  8.8000000e+002
  4.6234400e+002  7.6000000e+002
  4.6300400e+002  6.6000000e+002
  4.6378000e+002  7.7600000e+002
  4.6462400e+002  8.4400000e+002
  4.6538400e+002  7.6000000e+002
  4.6600400e+002  6.2000000e+002
  4.6666400e+002  6.6000000e+002
  4.6738800e+002  7.2400000e+002
  4.6824400e+002  8.5600000e+002
  4.6924800e+002  1.0040000e+003
  4.6996800e+002  7.2000000e+002
  4.7084800e+002  8.8000000e+002
  4.7176800e+002  9.2000000e+002
  4.7256800e+002  8.0000000e+002
  4.7366800e+002  1.1000000e+003
  4.7452800e+002  8.6000000e+002
  4.7524800e+002  7.2000000e+002
  4.7602800e+002  7.8000000e+002
  4.7677200e+002  7.4400000e+002
  4.7738800e+002  6.1600000e+002
  4.7793200e+002  5.4400000e+002
  4.7872800e+002  7.9600000e+002
  4.7953200e+002  8.0400000e+002
  4.8037200e+002  8.4000000e+002
  4.8103200e+002  6.6000000e+002
  4.8180800e+002  7.7600000e+002
  4.8253200e+002  7.2400000e+002
  4.8306800e+002  5.3600000e+002
  4.8378800e+002  7.2000000e+002
  4.8448800e+002  7.0000000e+002
  4.8525200e+002  7.6400000e+002
  4.8603200e+002  7.8000000e+002
  4.8683200e+002  8.0000000e+002
  4.8756800e+002  7.3600000e+002
  4.8815200e+002  5.8400000e+002
  4.8901200e+002  8.6000000e+002
  4.8987200e+002  8.6000000e+002
  4.9065200e+002  7.8000000e+002
  4.9135600e+002  7.0400000e+002
  4.9211200e+002  7.5600000e+002
  4.9293600e+002  8.2400000e+002
  4.9357600e+002  6.4000000e+002
  4.9445200e+002  8.7600000e+002
  4.9501200e+002  5.6000000e+002
  4.9555600e+002  5.4400000e+002
  4.9633600e+002  7.8000000e+002
  4.9709600e+002  7.6000000e+002
  4.9817600e+002  1.0800000e+003
  4.9902000e+002  8.4400000e+002
  4.9958000e+002  5.6000000e+002
  5.0017600e+002  5.9600000e+002
  5.0079600e+002  6.2000000e+002
  5.0145600e+002  6.6000000e+002
  5.0209600e+002  6.4000000e+002
  5.0271600e+002  6.2000000e+002
  5.0345600e+002  7.4000000e+002
  5.0435600e+002  9.0000000e+002
  5.0539600e+002  1.0400000e+003
  5.0610000e+002  7.0400000e+002
  5.0667600e+002  5.7600000e+002
  5.0737600e+002  7.0000000e+002
  5.0813600e+002  7.6000000e+002
  5.0894000e+002  8.0400000e+002
  5.0976000e+002  8.2000000e+002
  5.1060000e+002  8.4000000e+002
  5.1144000e+002  8.4000000e+002
  5.1204000e+002  6.0000000e+002
  5.1280000e+002  7.6000000e+002
  5.1370000e+002  9.0000000e+002
  5.1454000e+002  8.4000000e+002
  5.1540400e+002  8.6400000e+002
  5.1640000e+002  9.9600000e+002
  5.1700400e+002  6.0400000e+002
  5.1794400e+002  9.4000000e+002
  5.1880400e+002  8.6000000e+002
  5.1958400e+002  7.8000000e+002
  5.2018400e+002  6.0000000e+002
  5.2106400e+002  8.8000000e+002
  5.2178000e+002  7.1600000e+002
  5.2244000e+002  6.6000000e+002
  5.2320400e+002  7.6400000e+002
  5.2400000e+002  7.9600000e+002
  5.2478400e+002  7.8400000e+002
  5.2532400e+002  5.4000000e+002
  5.2602400e+002  7.0000000e+002
  5.2694400e+002  9.2000000e+002
  5.2754400e+002  6.0000000e+002
  5.2830400e+002  7.6000000e+002
  5.2912400e+002  8.2000000e+002
  5.2968400e+002  5.6000000e+002
  5.3042400e+002  7.4000000e+002
  5.3118400e+002  7.6000000e+002
  5.3172800e+002  5.4400000e+002
  5.3260400e+002  8.7600000e+002
  5.3318800e+002  5.8400000e+002
  5.3386400e+002  6.7600000e+002
  5.3462800e+002  7.6400000e+002
  5.3538800e+002  7.6000000e+002
  5.3612800e+002  7.4000000e+002
  5.3690400e+002  7.7600000e+002
  5.3750800e+002  6.0400000e+002
  5.3824800e+002  7.4000000e+002
  5.3900800e+002  7.6000000e+002
  5.3978800e+002  7.8000000e+002
  5.4050400e+002  7.1600000e+002
  5.4134800e+002  8.4400000e+002
  5.4218400e+002  8.3600000e+002
  5.4296400e+002  7.8000000e+002
  5.4364400e+002  6.8000000e+002
  5.4432400e+002  6.8000000e+002
  5.4488800e+002  5.6400000e+002
  5.4574800e+002  8.6000000e+002
  5.4658800e+002  8.4000000e+002
  5.4738800e+002  8.0000000e+002
  5.4830800e+002  9.2000000e+002
  5.4906800e+002  7.6000000e+002
  5.4961200e+002  5.4400000e+002
  5.5028800e+002  6.7600000e+002
  5.5102800e+002  7.4000000e+002
  5.5178800e+002  7.6000000e+002
  5.5248800e+002  7.0000000e+002
  5.5317200e+002  6.8400000e+002
  5.5400800e+002  8.3600000e+002
  5.5482800e+002  8.2000000e+002
  5.5564800e+002  8.2000000e+002
  5.5619200e+002  5.4400000e+002
  5.5696800e+002  7.7600000e+002
  5.5773200e+002  7.6400000e+002
  5.5851200e+002  7.8000000e+002
  5.5911200e+002  6.0000000e+002
  5.5987200e+002  7.6000000e+002
  5.6057200e+002  7.0000000e+002
  5.6111200e+002  5.4000000e+002
  5.6181200e+002  7.0000000e+002
  5.6264800e+002  8.3600000e+002
  5.6336800e+002  7.2000000e+002
  5.6416800e+002  8.0000000e+002
  5.6505200e+002  8.8400000e+002
  5.6611200e+002  1.0600000e+003
  5.6697200e+002  8.6000000e+002
  5.6749200e+002  5.2000000e+002
  5.6823200e+002  7.4000000e+002
  5.6893200e+002  7.0000000e+002
  5.6975200e+002  8.2000000e+002
  5.7031200e+002  5.6000000e+002
  5.7109200e+002  7.8000000e+002
  5.7161200e+002  5.2000000e+002
  5.7247200e+002  8.6000000e+002
  5.7299200e+002  5.2000000e+002
  5.7369200e+002  7.0000000e+002
  5.7465200e+002  9.6000000e+002
  5.7539200e+002  7.4000000e+002
  5.7633200e+002  9.4000000e+002
  5.7707200e+002  7.4000000e+002
  5.7785200e+002  7.8000000e+002
  5.7843200e+002  5.8000000e+002
  5.7909200e+002  6.6000000e+002
  5.7969200e+002  6.0000000e+002
  5.8047200e+002  7.8000000e+002
  5.8103200e+002  5.6000000e+002
  5.8183200e+002  8.0000000e+002
  5.8272800e+002  8.9600000e+002
  5.8337200e+002  6.4400000e+002
  5.8403200e+002  6.6000000e+002
  5.8479200e+002  7.6000000e+002
  5.8561200e+002  8.2000000e+002
  5.8631200e+002  7.0000000e+002
  5.8686800e+002  5.5600000e+002
  5.8752800e+002  6.6000000e+002
  5.8837200e+002  8.4400000e+002
  5.8890800e+002  5.3600000e+002
  5.8959200e+002  6.8400000e+002
  5.9029200e+002  7.0000000e+002
  5.9113200e+002  8.4000000e+002
  5.9197200e+002  8.4000000e+002
  5.9289200e+002  9.2000000e+002
  5.9361200e+002  7.2000000e+002
  5.9433200e+002  7.2000000e+002
  5.9495200e+002  6.2000000e+002
  5.9571200e+002  7.6000000e+002
  5.9661200e+002  9.0000000e+002
  5.9721200e+002  6.0000000e+002
  5.9795200e+002  7.4000000e+002
  5.9865200e+002  7.0000000e+002
  5.9929200e+002  6.4000000e+002
  5.9989600e+002  6.0400000e+002
  6.0073200e+002  8.3600000e+002
  6.0147200e+002  7.4000000e+002
  6.0215200e+002  6.8000000e+002
  6.0307200e+002  9.2000000e+002
  6.0387200e+002  8.0000000e+002
  6.0457200e+002  7.0000000e+002
  6.0531200e+002  7.4000000e+002
  6.0601200e+002  7.0000000e+002
  6.0682800e+002  8.1600000e+002
  6.0738800e+002  5.6000000e+002
  6.0795200e+002  5.6400000e+002
  6.0863200e+002  6.8000000e+002
  6.0943200e+002  8.0000000e+002
  6.1021200e+002  7.8000000e+002
  6.1071200e+002  5.0000000e+002
  6.1149200e+002  7.8000000e+002
  6.1235200e+002  8.6000000e+002
  6.1317200e+002  8.2000000e+002
  6.1395200e+002  7.8000000e+002
  6.1457200e+002  6.2000000e+002
  6.1523600e+002  6.6400000e+002
  6.1577200e+002  5.3600000e+002
  6.1657600e+002  8.0400000e+002
  6.1745600e+002  8.8000000e+002
  6.1825600e+002  8.0000000e+002
  6.1903600e+002  7.8000000e+002
  6.1995600e+002  9.2000000e+002
  6.2071600e+002  7.6000000e+002
  6.2145600e+002  7.4000000e+002
  6.2225200e+002  7.9600000e+002
  6.2305200e+002  8.0000000e+002
  6.2365200e+002  6.0000000e+002
  6.2431600e+002  6.6400000e+002
  6.2519600e+002  8.8000000e+002
  6.2639600e+002  1.2000000e+003
  6.2715600e+002  7.6000000e+002
  6.2783600e+002  6.8000000e+002
  6.2843600e+002  6.0000000e+002
  6.2899600e+002  5.6000000e+002
  6.2973600e+002  7.4000000e+002
  6.3051600e+002  7.8000000e+002
  6.3161600e+002  1.1000000e+003
  6.3241600e+002  8.0000000e+002
  6.3313600e+002  7.2000000e+002
  6.3401600e+002  8.8000000e+002
  6.3479600e+002  7.8000000e+002
  6.3561600e+002  8.2000000e+002
  6.3615600e+002  5.4000000e+002
  6.3675600e+002  6.0000000e+002
  6.3734000e+002  5.8400000e+002
  6.3827600e+002  9.3600000e+002
  6.3913600e+002  8.6000000e+002
  6.3995600e+002  8.2000000e+002
  6.4067600e+002  7.2000000e+002
  6.4147600e+002  8.0000000e+002
  6.4231600e+002  8.4000000e+002
  6.4307600e+002  7.6000000e+002
  6.4367200e+002  5.9600000e+002
  6.4425600e+002  5.8400000e+002
  6.4505600e+002  8.0000000e+002
  6.4577200e+002  7.1600000e+002
  6.4649200e+002  7.2000000e+002
  6.4701600e+002  5.2400000e+002
  6.4771600e+002  7.0000000e+002
  6.4847600e+002  7.6000000e+002
  6.4927600e+002  8.0000000e+002
  6.5009600e+002  8.2000000e+002
  6.5089600e+002  8.0000000e+002
  6.5144000e+002  5.4400000e+002
  6.5209600e+002  6.5600000e+002
  6.5287600e+002  7.8000000e+002
  6.5369600e+002  8.2000000e+002
  6.5431600e+002  6.2000000e+002
  6.5517600e+002  8.6000000e+002
  6.5595600e+002  7.8000000e+002
  6.5679600e+002  8.4000000e+002
  6.5759600e+002  8.0000000e+002
  6.5829600e+002  7.0000000e+002
  6.5894000e+002  6.4400000e+002
  6.5971600e+002  7.7600000e+002
  6.6047600e+002  7.6000000e+002
  6.6131600e+002  8.4000000e+002
  6.6209600e+002  7.8000000e+002
  6.6299600e+002  9.0000000e+002
  6.6383600e+002  8.4000000e+002
  6.6437600e+002  5.4000000e+002
  6.6507600e+002  7.0000000e+002
  6.6577600e+002  7.0000000e+002
  6.6661600e+002  8.4000000e+002
  6.6715600e+002  5.4000000e+002
  6.6781600e+002  6.6000000e+002
  6.6843600e+002  6.2000000e+002
  6.6921600e+002  7.8000000e+002
  6.7001600e+002  8.0000000e+002
  6.7056000e+002  5.4400000e+002
  6.7111600e+002  5.5600000e+002
  6.7180000e+002  6.8400000e+002
  6.7253600e+002  7.3600000e+002
  6.7332000e+002  7.8400000e+002
  6.7411600e+002  7.9600000e+002
  6.7491600e+002  8.0000000e+002
  6.7559600e+002  6.8000000e+002
  6.7639600e+002  8.0000000e+002
  6.7749600e+002  1.1000000e+003
  6.7801600e+002  5.2000000e+002
  6.7873600e+002  7.2000000e+002
  6.7957600e+002  8.4000000e+002
  6.8034000e+002  7.6400000e+002
  6.8088000e+002  5.4000000e+002
  6.8157600e+002  6.9600000e+002
  6.8233600e+002  7.6000000e+002
  6.8311600e+002  7.8000000e+002
  6.8389600e+002  7.8000000e+002
  6.8443600e+002  5.4000000e+002
  6.8523600e+002  8.0000000e+002
  6.8605600e+002  8.2000000e+002
  6.8661600e+002  5.6000000e+002
  6.8725600e+002  6.4000000e+002
  6.8803600e+002  7.8000000e+002
  6.8859200e+002  5.5600000e+002
  6.8923600e+002  6.4400000e+002
  6.9001600e+002  7.8000000e+002
  6.9085600e+002  8.4000000e+002
  6.9153600e+002  6.8000000e+002
  6.9225600e+002  7.2000000e+002
  6.9289600e+002  6.4000000e+002
  6.9385600e+002  9.6000000e+002
  6.9459600e+002  7.4000000e+002
  6.9533600e+002  7.4000000e+002
  6.9629600e+002  9.6000000e+002
  6.9715600e+002  8.6000000e+002
  6.9795600e+002  8.0000000e+002
  6.9861600e+002  6.6000000e+002
  6.9939600e+002  7.8000000e+002
  7.0025600e+002  8.6000000e+002
  7.0113200e+002  8.7600000e+002
  7.0189200e+002  7.6000000e+002
  7.0273200e+002  8.4000000e+002
  7.0353200e+002  8.0000000e+002
  7.0444800e+002  9.1600000e+002
  7.0525200e+002  8.0400000e+002
  7.0615200e+002  9.0000000e+002
  7.0689200e+002  7.4000000e+002
  7.0747200e+002  5.8000000e+002
  7.0811200e+002  6.4000000e+002
  7.0861200e+002  5.0000000e+002
  7.0920800e+002  5.9600000e+002
  7.0996800e+002  7.6000000e+002
  7.1073200e+002  7.6400000e+002
  7.1159200e+002  8.6000000e+002
  7.1219200e+002  6.0000000e+002
  7.1304800e+002  8.5600000e+002
  7.1381200e+002  7.6400000e+002
  7.1456800e+002  7.5600000e+002
  7.1550800e+002  9.4000000e+002
  7.1646800e+002  9.6000000e+002
  7.1714800e+002  6.8000000e+002
  7.1796800e+002  8.2000000e+002
  7.1871200e+002  7.4400000e+002
  7.1938400e+002  6.7200000e+002
  7.2018800e+002  8.0400000e+002
  7.2072400e+002  5.3600000e+002
  7.2126400e+002  5.4000000e+002
  7.2198400e+002  7.2000000e+002
  7.2270400e+002  7.2000000e+002
  7.2352400e+002  8.2000000e+002
  7.2408400e+002  5.6000000e+002
  7.2480400e+002  7.2000000e+002
  7.2554400e+002  7.4000000e+002
  7.2642400e+002  8.8000000e+002
  7.2710400e+002  6.8000000e+002
  7.2790400e+002  8.0000000e+002
  7.2874400e+002  8.4000000e+002
  7.2940400e+002  6.6000000e+002
  7.2994400e+002  5.4000000e+002
  7.3078400e+002  8.4000000e+002
  7.3156000e+002  7.7600000e+002
  7.3250400e+002  9.4400000e+002
  7.3330400e+002  8.0000000e+002
  7.3386400e+002  5.6000000e+002
  7.3464400e+002  7.8000000e+002
  7.3538400e+002  7.4000000e+002
  7.3610000e+002  7.1600000e+002
  7.3694000e+002  8.4000000e+002
  7.3754400e+002  6.0400000e+002
  7.3820400e+002  6.6000000e+002
  7.3904000e+002  8.3600000e+002
  7.3974400e+002  7.0400000e+002
  7.4040000e+002  6.5600000e+002
  7.4108400e+002  6.8400000e+002
  7.4192000e+002  8.3600000e+002
  7.4267600e+002  7.5600000e+002
  7.4359600e+002  9.2000000e+002
  7.4421600e+002  6.2000000e+002
  7.4477600e+002  5.6000000e+002
  7.4529600e+002  5.2000000e+002
  7.4611600e+002  8.2000000e+002
  7.4665600e+002  5.4000000e+002
  7.4731600e+002  6.6000000e+002
  7.4807600e+002  7.6000000e+002
  7.4865600e+002  5.8000000e+002
  7.4927600e+002  6.2000000e+002
  7.4985600e+002  5.8000000e+002
  7.5065600e+002  8.0000000e+002
  7.5159200e+002  9.3600000e+002
  7.5255600e+002  9.6400000e+002
  7.5341600e+002  8.6000000e+002
  7.5423600e+002  8.2000000e+002
  7.5481600e+002  5.8000000e+002
  7.5551600e+002  7.0000000e+002
  7.5607200e+002  5.5600000e+002
  7.5675600e+002  6.8400000e+002
  7.5755200e+002  7.9600000e+002
  7.5825600e+002  7.0400000e+002
  7.5885200e+002  5.9600000e+002
  7.5961200e+002  7.6000000e+002
  7.6049200e+002  8.8000000e+002
  7.6115200e+002  6.6000000e+002
  7.6171200e+002  5.6000000e+002
  7.6241200e+002  7.0000000e+002
  7.6318800e+002  7.7600000e+002
  7.6398800e+002  8.0000000e+002
  7.6479200e+002  8.0400000e+002
  7.6548800e+002  6.9600000e+002
  7.6618800e+002  7.0000000e+002
  7.6692800e+002  7.4000000e+002
  7.6770800e+002  7.8000000e+002
  7.6837200e+002  6.6400000e+002
  7.6912800e+002  7.5600000e+002
  7.6994800e+002  8.2000000e+002
  7.7072800e+002  7.8000000e+002
  7.7156800e+002  8.4000000e+002
  7.7236800e+002  8.0000000e+002
  7.7302800e+002  6.6000000e+002
  7.7360800e+002  5.8000000e+002
  7.7436800e+002  7.6000000e+002
  7.7526800e+002  9.0000000e+002
  7.7610800e+002  8.4000000e+002
  7.7665200e+002  5.4400000e+002
  7.7734800e+002  6.9600000e+002
  7.7806800e+002  7.2000000e+002
  7.7886800e+002  8.0000000e+002
  7.7964800e+002  7.8000000e+002
  7.8018800e+002  5.4000000e+002
  7.8094400e+002  7.5600000e+002
  7.8174400e+002  4.6800000e+002
  7.8236400e+002  6.2000000e+002
  7.8304400e+002  6.8000000e+002
  7.8380400e+002  7.6000000e+002
  7.8466400e+002  8.6000000e+002
  7.8542400e+002  7.6000000e+002
  7.8616800e+002  7.4400000e+002
  7.8696400e+002  7.9600000e+002
  7.8770400e+002  7.4000000e+002
  7.8852400e+002  8.2000000e+002
  7.8934400e+002  8.2000000e+002
  7.9002400e+002  6.8000000e+002
  7.9072400e+002  7.0000000e+002
  7.9144000e+002  7.1600000e+002
  7.9220400e+002  7.6400000e+002
  7.9294400e+002  7.4000000e+002
  7.9358400e+002  6.4000000e+002
  7.9426000e+002  6.7600000e+002
  7.9498400e+002  7.2400000e+002
  7.9578000e+002  7.9600000e+002
  7.9644400e+002  6.6400000e+002
  7.9732000e+002  8.7600000e+002
  7.9824000e+002  9.2000000e+002
  7.9894000e+002  7.0000000e+002
  7.9950000e+002  5.6000000e+002
  8.0024000e+002  7.4000000e+002
  8.0103600e+002  7.9600000e+002
  8.0183600e+002  8.0000000e+002
  8.0259600e+002  7.6000000e+002
  8.0327600e+002  6.8000000e+002
  8.0399600e+002  7.2000000e+002
  8.0473600e+002  7.4000000e+002
  8.0547600e+002  7.4000000e+002
  8.0621600e+002  7.4000000e+002
  8.0693600e+002  7.2000000e+002
  8.0801600e+002  1.0800000e+003
  8.0873200e+002  7.1600000e+002
  8.0929600e+002  5.6400000e+002
  8.0995600e+002  6.6000000e+002
  8.1075600e+002  8.0000000e+002
  8.1147600e+002  7.2000000e+002
  8.1243600e+002  9.6000000e+002
  8.1333200e+002  8.9600000e+002
  8.1395600e+002  6.2400000e+002
  8.1453200e+002  5.7600000e+002
  8.1565200e+002  1.1200000e+003
  8.1643200e+002  7.8000000e+002
  8.1715200e+002  7.2000000e+002
  8.1779200e+002  6.4000000e+002
  8.1859200e+002  8.0000000e+002
  8.1939200e+002  8.0000000e+002
  8.2020800e+002  8.1600000e+002
  8.2111200e+002  9.0400000e+002
  8.2160800e+002  4.9600000e+002
  8.2227200e+002  6.6400000e+002
  8.2299200e+002  7.2000000e+002
  8.2376800e+002  7.7600000e+002
  8.2454800e+002  7.8000000e+002
  8.2539200e+002  8.4400000e+002
  8.2604800e+002  6.5600000e+002
  8.2680800e+002  7.6000000e+002
  8.2748800e+002  6.8000000e+002
  8.2814800e+002  6.6000000e+002
  8.2906800e+002  9.2000000e+002
  8.2986800e+002  8.0000000e+002
  8.3068800e+002  8.2000000e+002
  8.3124800e+002  5.6000000e+002
  8.3178800e+002  5.4000000e+002
  8.3264800e+002  8.6000000e+002
  8.3346800e+002  8.2000000e+002
  8.3426800e+002  8.0000000e+002
  8.3480800e+002  5.4000000e+002
  8.3552400e+002  7.1600000e+002
  8.3628800e+002  7.6400000e+002
  8.3708800e+002  8.0000000e+002
  8.3764400e+002  5.5600000e+002
  8.3848400e+002  8.4000000e+002
  8.3928400e+002  8.0000000e+002
  8.4004400e+002  7.6000000e+002
  8.4084000e+002  7.9600000e+002
  8.4198000e+002  1.1400000e+003
  8.4282000e+002  8.4000000e+002
  8.4342400e+002  6.0400000e+002
  8.4436000e+002  9.3600000e+002
  8.4514000e+002  7.8000000e+002
  8.4588000e+002  7.4000000e+002
  8.4668000e+002  8.0000000e+002
  8.4720400e+002  5.2400000e+002
  8.4804000e+002  8.3600000e+002
  8.4888000e+002  8.4000000e+002
  8.4956000e+002  6.8000000e+002
  8.5006000e+002  5.0000000e+002
  8.5056000e+002  5.0000000e+002
  8.5128000e+002  7.2000000e+002
  8.5206000e+002  7.8000000e+002
  8.5266000e+002  6.0000000e+002
  8.5316000e+002  5.0000000e+002
  8.5384000e+002  6.8000000e+002
  8.5452000e+002  6.8000000e+002
  8.5502000e+002  5.0000000e+002
  8.5570000e+002  6.8000000e+002
  8.5668000e+002  9.8000000e+002
  8.5731600e+002  6.3600000e+002
  8.5802000e+002  7.0400000e+002
  8.5876000e+002  7.4000000e+002
  8.5955600e+002  7.9600000e+002
  8.6032000e+002  7.6400000e+002
  8.6117600e+002  8.5600000e+002
  8.6169600e+002  5.2000000e+002
  8.6245600e+002  7.6000000e+002
  8.6305600e+002  6.0000000e+002
  8.6369600e+002  6.4000000e+002
  8.6461600e+002  9.2000000e+002
  8.6535600e+002  7.4000000e+002
  8.6599600e+002  6.4000000e+002
  8.6681200e+002  8.1600000e+002
  8.6739200e+002  5.8000000e+002
  8.6815200e+002  7.6000000e+002
  8.6867600e+002  5.2400000e+002
  8.6943600e+002  7.6000000e+002
  8.7023600e+002  8.0000000e+002
  8.7075200e+002  5.1600000e+002
  8.7127600e+002  5.2400000e+002
  8.7205600e+002  7.8000000e+002
  8.7283200e+002  7.7600000e+002
  8.7367600e+002  8.4400000e+002
  8.7431600e+002  6.4000000e+002
  8.7491200e+002  5.9600000e+002
  8.7565600e+002  7.4400000e+002
  8.7639200e+002  7.3600000e+002
  8.7721200e+002  8.2000000e+002
  8.7807200e+002  8.6000000e+002
  8.7893200e+002  8.6000000e+002
  8.7945200e+002  5.2000000e+002
  8.7997200e+002  5.2000000e+002
  8.8073200e+002  7.6000000e+002
  8.8137200e+002  6.4000000e+002
  8.8195200e+002  5.8000000e+002
  8.8253200e+002  5.8000000e+002
  8.8305200e+002  5.2000000e+002
  8.8380800e+002  7.5600000e+002
  8.8449200e+002  6.8400000e+002
  8.8529200e+002  8.0000000e+002
  8.8621200e+002  9.2000000e+002
  8.8689200e+002  6.8000000e+002
  8.8743200e+002  5.4000000e+002
  8.8825200e+002  8.2000000e+002
  8.8909200e+002  8.4000000e+002
  8.8989200e+002  8.0000000e+002
  8.9043200e+002  5.4000000e+002
  8.9115200e+002  7.2000000e+002
  8.9204800e+002  8.9600000e+002
  8.9251200e+002  4.6400000e+002
  8.9319200e+002  6.8000000e+002
  8.9401200e+002  8.2000000e+002
  8.9452800e+002  5.1600000e+002
  8.9507200e+002  5.4400000e+002
  8.9581200e+002  7.4000000e+002
  8.9635200e+002  5.4000000e+002
  8.9721200e+002  8.6000000e+002
  8.9775200e+002  5.4000000e+002
  8.9843200e+002  6.8000000e+002
  8.9921200e+002  7.8000000e+002
  8.9995200e+002  7.4000000e+002
  9.0062800e+002  6.7600000e+002
  9.0111200e+002  4.8400000e+002
  9.0183200e+002  7.2000000e+002
  9.0250800e+002  6.7600000e+002
  9.0327200e+002  7.6400000e+002
  9.0378800e+002  5.1600000e+002
  9.0454800e+002  7.6000000e+002
  9.0552800e+002  9.8000000e+002
  9.0606800e+002  5.4000000e+002
  9.0692800e+002  8.6000000e+002
  9.0784800e+002  9.2000000e+002
  9.0844800e+002  6.0000000e+002
  9.0928800e+002  8.4000000e+002
  9.1001200e+002  7.2400000e+002
  9.1071200e+002  7.0000000e+002
  9.1145200e+002  7.4000000e+002
  9.1261200e+002  1.1600000e+003
  9.1355200e+002  9.4000000e+002
  9.1433200e+002  7.8000000e+002
  9.1508800e+002  7.5600000e+002
  9.1569200e+002  6.0400000e+002
  9.1644800e+002  7.5600000e+002
  9.1737200e+002  9.2400000e+002
  9.1807200e+002  7.0000000e+002
  9.1883200e+002  7.6000000e+002
  9.1983200e+002  1.0000000e+003
  9.2064800e+002  8.1600000e+002
  9.2150800e+002  8.6000000e+002
  9.2201200e+002  5.0400000e+002
  9.2252800e+002  5.1600000e+002
  9.2357200e+002  1.0440000e+003
  9.2407200e+002  5.0000000e+002
  9.2462800e+002  5.5600000e+002
  9.2521200e+002  5.8400000e+002
  9.2582800e+002  6.1600000e+002
  9.2633200e+002  5.0400000e+002
  9.2713200e+002  8.0000000e+002
  9.2794800e+002  8.1600000e+002
  9.2847200e+002  5.2400000e+002
  9.2906800e+002  5.9600000e+002
  9.2979200e+002  7.2400000e+002
  9.3031200e+002  5.2000000e+002
  9.3111200e+002  8.0000000e+002
  9.3185200e+002  7.4000000e+002
  9.3257200e+002  7.2000000e+002
  9.3329200e+002  7.2000000e+002
  9.3401200e+002  7.2000000e+002
  9.3477200e+002  7.6000000e+002
  9.3551200e+002  7.4000000e+002
  9.3627200e+002  7.6000000e+002
  9.3713200e+002  8.6000000e+002
  9.3793200e+002  8.0000000e+002
  9.3895200e+002  1.0200000e+003
  9.3957200e+002  6.2000000e+002
  9.4029200e+002  7.2000000e+002
  9.4080800e+002  5.1600000e+002
  9.4163200e+002  8.2400000e+002
  9.4243200e+002  8.0000000e+002
  9.4325200e+002  8.2000000e+002
  9.4401200e+002  7.6000000e+002
  9.4485200e+002  8.4000000e+002
  9.4541200e+002  5.6000000e+002
  9.4591200e+002  5.0000000e+002
  9.4673200e+002  8.2000000e+002
  9.4727200e+002  5.4000000e+002
  9.4805200e+002  7.8000000e+002
  9.4855200e+002  5.0000000e+002
  9.4921200e+002  6.6000000e+002
  9.4983200e+002  6.2000000e+002
  9.5069600e+002  8.6400000e+002
  9.5151200e+002  8.1600000e+002
  9.5223200e+002  7.2000000e+002
  9.5279600e+002  5.6400000e+002
  9.5359600e+002  8.0000000e+002
  9.5495200e+002  1.3560000e+003
  9.5547600e+002  5.2400000e+002
  9.5629200e+002  8.1600000e+002
  9.5709600e+002  8.0400000e+002
  9.5759600e+002  5.0000000e+002
  9.5817200e+002  5.7600000e+002
  9.5875600e+002  5.8400000e+002
  9.5961600e+002  8.6000000e+002
  9.6031600e+002  7.0000000e+002
  9.6111200e+002  7.9600000e+002
  9.6183200e+002  7.2000000e+002
  9.6239600e+002  5.6400000e+002
  9.6321600e+002  8.2000000e+002
  9.6401200e+002  7.9600000e+002
  9.6461600e+002  6.0400000e+002
  9.6535600e+002  7.4000000e+002
  9.6617600e+002  8.2000000e+002
  9.6667600e+002  5.0000000e+002
  9.6739600e+002  7.2000000e+002
  9.6795600e+002  5.6000000e+002
  9.6869600e+002  7.4000000e+002
  9.6923600e+002  5.4000000e+002
  9.6987600e+002  6.4000000e+002
  9.7055600e+002  6.8000000e+002
  9.7109600e+002  5.4000000e+002
  9.7177600e+002  6.8000000e+002
  9.7232000e+002  5.4400000e+002
  9.7311600e+002  7.9600000e+002
  9.7379600e+002  6.8000000e+002
  9.7459600e+002  8.0000000e+002
  9.7532000e+002  7.2400000e+002
  9.7612000e+002  8.0000000e+002
  9.7690000e+002  7.8000000e+002
  9.7767600e+002  7.7600000e+002
  9.7818000e+002  5.0400000e+002
  9.7896000e+002  7.8000000e+002
  9.7972000e+002  7.6000000e+002
  9.8026000e+002  5.4000000e+002
  9.8112000e+002  8.6000000e+002
  9.8203600e+002  9.1600000e+002
  9.8256000e+002  5.2400000e+002
  9.8328000e+002  7.2000000e+002
  9.8382000e+002  5.4000000e+002
  9.8462000e+002  8.0000000e+002
  9.8548000e+002  8.6000000e+002
  9.8626000e+002  7.8000000e+002
  9.8704000e+002  7.8000000e+002
  9.8760000e+002  5.6000000e+002
  9.8842000e+002  8.2000000e+002
  9.8896400e+002  5.4400000e+002
  9.8980000e+002  8.3600000e+002
  9.9046000e+002  6.6000000e+002
  9.9120000e+002  7.4000000e+002
  9.9172000e+002  5.2000000e+002
  9.9256400e+002  8.4400000e+002
  9.9336400e+002  8.0000000e+002
  9.9420400e+002  8.4000000e+002
  9.9476400e+002  5.6000000e+002
  9.9544400e+002  6.8000000e+002
  9.9614400e+002  7.0000000e+002
  9.9692400e+002  7.8000000e+002
  9.9752400e+002  6.0000000e+002
  9.9818400e+002  6.6000000e+002
  9.9872400e+002  5.4000000e+002
  9.9944400e+002  7.2000000e+002
  1.0002240e+003  7.8000000e+002
  1.0008440e+003  6.2000000e+002
  1.0016040e+003  7.6000000e+002
  1.0023840e+003  7.8000000e+002
  1.0031040e+003  7.2000000e+002
  1.0039240e+003  8.2000000e+002
  1.0045640e+003  6.4000000e+002
  1.0054240e+003  8.6000000e+002
  1.0062280e+003  8.0400000e+002
  1.0070280e+003  8.0000000e+002
  1.0078080e+003  7.8000000e+002
  1.0086680e+003  8.6000000e+002
  1.0095480e+003  8.8000000e+002
  1.0103880e+003  8.4000000e+002
  1.0111480e+003  7.6000000e+002
  1.0118880e+003  7.4000000e+002
  1.0125080e+003  6.2000000e+002
  1.0129880e+003  4.8000000e+002
  1.0136720e+003  6.8400000e+002
  1.0144920e+003  8.2000000e+002
  1.0150280e+003  5.3600000e+002
  1.0158320e+003  8.0400000e+002
  1.0166120e+003  7.8000000e+002
  1.0171720e+003  5.6000000e+002
  1.0179720e+003  8.0000000e+002
  1.0187320e+003  7.6000000e+002
  1.0192920e+003  5.6000000e+002
  1.0199920e+003  7.0000000e+002
  1.0206720e+003  6.8000000e+002
  1.0211520e+003  4.8000000e+002
  1.0219520e+003  8.0000000e+002
  1.0227120e+003  7.6000000e+002
  1.0235320e+003  8.2000000e+002
  1.0243320e+003  8.0000000e+002
  1.0251160e+003  7.8400000e+002
  1.0257320e+003  6.1600000e+002
  1.0264560e+003  7.2400000e+002
  1.0272360e+003  7.8000000e+002
  1.0280560e+003  8.2000000e+002
  1.0290760e+003  1.0200000e+003
  1.0297760e+003  7.0000000e+002
  1.0303160e+003  5.4000000e+002
  1.0310600e+003  7.4400000e+002
  1.0319360e+003  8.7600000e+002
  1.0327760e+003  8.4000000e+002
  1.0335200e+003  7.4400000e+002
  1.0342200e+003  7.0000000e+002
  1.0350200e+003  8.0000000e+002
  1.0357400e+003  7.2000000e+002
  1.0362800e+003  5.4000000e+002
  1.0370200e+003  7.4000000e+002
  1.0378800e+003  8.6000000e+002
  1.0385840e+003  7.0400000e+002
  1.0392240e+003  6.4000000e+002
  1.0400640e+003  8.4000000e+002
  1.0410200e+003  9.5600000e+002
  1.0417600e+003  7.4000000e+002
  1.0424800e+003  7.2000000e+002
  1.0433640e+003  8.8400000e+002
  1.0442040e+003  8.4000000e+002
  1.0449440e+003  7.4000000e+002
  1.0457640e+003  8.2000000e+002
  1.0465840e+003  8.2000000e+002
  1.0473440e+003  7.6000000e+002
  1.0480440e+003  7.0000000e+002
  1.0492440e+003  1.2000000e+003
  1.0499040e+003  6.6000000e+002
  1.0508080e+003  9.0400000e+002
  1.0516080e+003  8.0000000e+002
  1.0522280e+003  6.2000000e+002
  1.0527280e+003  5.0000000e+002
  1.0533280e+003  6.0000000e+002
  1.0539480e+003  6.2000000e+002
  1.0546680e+003  7.2000000e+002
  1.0555480e+003  8.8000000e+002
  1.0563480e+003  8.0000000e+002
  1.0571080e+003  7.6000000e+002
  1.0578520e+003  7.4400000e+002
  1.0584320e+003  5.8000000e+002
  1.0591120e+003  6.8000000e+002
  1.0597200e+003  6.0800000e+002
  1.0602120e+003  4.9200000e+002
  1.0610720e+003  8.6000000e+002
  1.0618920e+003  8.2000000e+002
  1.0624520e+003  5.6000000e+002
  1.0631720e+003  7.2000000e+002
  1.0639720e+003  8.0000000e+002
  1.0646520e+003  6.8000000e+002
  1.0653920e+003  7.4000000e+002
  1.0661920e+003  8.0000000e+002
  1.0669520e+003  7.6000000e+002
  1.0677920e+003  8.4000000e+002
  1.0682760e+003  4.8400000e+002
  1.0690160e+003  7.4000000e+002
  1.0697560e+003  7.4000000e+002
  1.0706760e+003  9.2000000e+002
  1.0715160e+003  8.4000000e+002
  1.0723160e+003  8.0000000e+002
  1.0729960e+003  6.8000000e+002
  1.0738000e+003  8.0400000e+002
  1.0743600e+003  5.6000000e+002
  1.0750400e+003  6.8000000e+002
  1.0758200e+003  7.8000000e+002
  1.0765000e+003  6.8000000e+002
  1.0771600e+003  6.6000000e+002
  1.0778600e+003  7.0000000e+002
  1.0785800e+003  7.2000000e+002
  1.0793800e+003  8.0000000e+002
  1.0800800e+003  7.0000000e+002
  1.0808400e+003  7.6000000e+002
  1.0816200e+003  7.8000000e+002
  1.0822600e+003  6.4000000e+002
  1.0828240e+003  5.6400000e+002
  1.0835840e+003  7.6000000e+002
  1.0841240e+003  5.4000000e+002
  1.0847400e+003  6.1600000e+002
  1.0855240e+003  7.8400000e+002
  1.0862840e+003  7.6000000e+002
  1.0870840e+003  8.0000000e+002
  1.0877480e+003  6.6400000e+002
  1.0883040e+003  5.5600000e+002
  1.0890240e+003  7.2000000e+002
  1.0897840e+003  7.6000000e+002
  1.0905880e+003  8.0400000e+002
  1.0912080e+003  6.2000000e+002
  1.0918680e+003  6.6000000e+002
  1.0925880e+003  7.2000000e+002
  1.0934880e+003  9.0000000e+002
  1.0943720e+003  8.8400000e+002
  1.0951720e+003  8.0000000e+002
  1.0958320e+003  6.6000000e+002
  1.0966720e+003  8.4000000e+002
  1.0974320e+003  7.6000000e+002
  1.0983480e+003  9.1600000e+002
  1.0988920e+003  5.4400000e+002
  1.0996320e+003  7.4000000e+002
  1.1003120e+003  6.8000000e+002
  1.1011720e+003  8.6000000e+002
  1.1020120e+003  8.4000000e+002
  1.1028360e+003  8.2400000e+002
  1.1036920e+003  8.5600000e+002
  1.1046360e+003  9.4400000e+002
  1.1052520e+003  6.1600000e+002
  1.1059520e+003  7.0000000e+002
  1.1065920e+003  6.4000000e+002
  1.1072560e+003  6.6400000e+002
  1.1079960e+003  7.4000000e+002
  1.1086360e+003  6.4000000e+002
  1.1094160e+003  7.8000000e+002
  1.1101560e+003  7.4000000e+002
  1.1110600e+003  9.0400000e+002
  1.1116000e+003  5.4000000e+002
  1.1123360e+003  7.3600000e+002
  1.1130600e+003  7.2400000e+002
  1.1136200e+003  5.6000000e+002
  1.1144800e+003  8.6000000e+002
  1.1150800e+003  6.0000000e+002
  1.1160200e+003  9.4000000e+002
  1.1168400e+003  8.2000000e+002
  1.1176600e+003  8.2000000e+002
  1.1185040e+003  8.4400000e+002
  1.1192040e+003  7.0000000e+002
  1.1198040e+003  6.0000000e+002
  1.1206200e+003  8.1600000e+002
  1.1214200e+003  8.0000000e+002
  1.1219600e+003  5.4000000e+002
  1.1225400e+003  5.8000000e+002
  1.1233200e+003  7.8000000e+002
  1.1241440e+003  8.2400000e+002
  1.1249240e+003  7.8000000e+002
  1.1256440e+003  7.2000000e+002
  1.1263640e+003  7.2000000e+002
  1.1269680e+003  6.0400000e+002
  1.1275840e+003  6.1600000e+002
  1.1282040e+003  6.2000000e+002
  1.1289640e+003  7.6000000e+002
  1.1297080e+003  7.4400000e+002
  1.1305680e+003  8.6000000e+002
  1.1311280e+003  5.6000000e+002
  1.1318080e+003  6.8000000e+002
  1.1327280e+003  9.2000000e+002
  1.1334680e+003  7.4000000e+002
  1.1340280e+003  5.6000000e+002
  1.1347720e+003  7.4400000e+002
  1.1354720e+003  7.0000000e+002
  1.1362120e+003  7.4000000e+002
  1.1369720e+003  7.6000000e+002
  1.1376520e+003  6.8000000e+002
  1.1382960e+003  6.4400000e+002
  1.1389120e+003  6.1600000e+002
  1.1396120e+003  7.0000000e+002
  1.1403760e+003  7.6400000e+002
  1.1410560e+003  6.8000000e+002
  1.1418720e+003  8.1600000e+002
  1.1427320e+003  8.6000000e+002
  1.1435120e+003  7.8000000e+002
  1.1442560e+003  7.4400000e+002
  1.1450360e+003  7.8000000e+002
  1.1459160e+003  8.8000000e+002
  1.1466560e+003  7.4000000e+002
  1.1475400e+003  8.8400000e+002
  1.1482360e+003  6.9600000e+002
  1.1490560e+003  8.2000000e+002
  1.1502000e+003  1.1440000e+003
  1.1508000e+003  6.0000000e+002
  1.1515000e+003  7.0000000e+002
  1.1522600e+003  7.6000000e+002
  1.1530840e+003  8.2400000e+002
  1.1539200e+003  8.3600000e+002
  1.1548840e+003  9.6400000e+002
  1.1556400e+003  7.5600000e+002
  1.1564840e+003  8.4400000e+002
  1.1572440e+003  7.6000000e+002
  1.1578680e+003  6.2400000e+002
  1.1583880e+003  5.2000000e+002
  1.1591480e+003  7.6000000e+002
  1.1599280e+003  7.8000000e+002
  1.1607880e+003  8.6000000e+002
  1.1616240e+003  8.3600000e+002
  1.1623640e+003  7.4000000e+002
  1.1633680e+003  1.0040000e+003
  1.1639480e+003  5.8000000e+002
  1.1646680e+003  7.2000000e+002
  1.1655480e+003  8.8000000e+002
  1.1660880e+003  5.4000000e+002
  1.1667680e+003  6.8000000e+002
  1.1673080e+003  5.4000000e+002
  1.1679120e+003  6.0400000e+002
  1.1685520e+003  6.4000000e+002
  1.1691120e+003  5.6000000e+002
  1.1698720e+003  7.6000000e+002
  1.1706720e+003  8.0000000e+002
  1.1713120e+003  6.4000000e+002
  1.1721160e+003  8.0400000e+002
  1.1729520e+003  8.3600000e+002
  1.1735560e+003  6.0400000e+002
  1.1742760e+003  7.2000000e+002
  1.1750360e+003  7.6000000e+002
  1.1758160e+003  7.8000000e+002
  1.1766360e+003  8.2000000e+002
  1.1774760e+003  8.4000000e+002
  1.1782760e+003  8.0000000e+002
  1.1788600e+003  5.8400000e+002
  1.1795760e+003  7.1600000e+002
  1.1803600e+003  7.8400000e+002
  1.1811400e+003  7.8000000e+002
  1.1819600e+003  8.2000000e+002
  1.1831560e+003  1.1960000e+003
  1.1837400e+003  5.8400000e+002
  1.1844200e+003  6.8000000e+002
  1.1854000e+003  9.8000000e+002
  1.1859240e+003  5.2400000e+002
  1.1866200e+003  6.9600000e+002
  1.1874240e+003  8.0400000e+002
  1.1882240e+003  8.0000000e+002
  1.1890640e+003  8.4000000e+002
  1.1898240e+003  7.6000000e+002
  1.1905840e+003  7.6000000e+002
  1.1911440e+003  5.6000000e+002
  1.1919040e+003  7.6000000e+002
  1.1926680e+003  7.6400000e+002
  1.1935280e+003  8.6000000e+002
  1.1942680e+003  7.4000000e+002
  1.1948280e+003  5.6000000e+002
  1.1954680e+003  6.4000000e+002
  1.1962480e+003  7.8000000e+002
  1.1970920e+003  8.4400000e+002
  1.1978280e+003  7.3600000e+002
  1.1986480e+003  8.2000000e+002
  1.1992680e+003  6.2000000e+002
  1.1999320e+003  6.6400000e+002
  1.2006680e+003  7.3600000e+002
  1.2014680e+003  8.0000000e+002
  1.2022720e+003  8.0400000e+002
  1.2029920e+003  7.2000000e+002
  1.2038120e+003  8.2000000e+002
  1.2046320e+003  8.2000000e+002
  1.2054520e+003  8.2000000e+002
  1.2062320e+003  7.8000000e+002
  1.2070520e+003  8.2000000e+002
  1.2077720e+003  7.2000000e+002
  1.2085720e+003  8.0000000e+002
  1.2092560e+003  6.8400000e+002
  1.2106760e+003  1.4200000e+003
  1.2116160e+003  9.4000000e+002
  1.2121960e+003  5.8000000e+002
  1.2130160e+003  8.2000000e+002
  1.2138000e+003  7.8400000e+002
  1.2145360e+003  7.3600000e+002
  1.2156600e+003  1.1240000e+003
  1.2164200e+003  7.6000000e+002
  1.2169600e+003  5.4000000e+002
  1.2175000e+003  5.4000000e+002
  1.2181800e+003  6.8000000e+002
  1.2190000e+003  8.2000000e+002
  1.2199000e+003  9.0000000e+002
  1.2204600e+003  5.6000000e+002
  1.2212600e+003  8.0000000e+002
  1.2217800e+003  5.2000000e+002
  1.2225000e+003  7.2000000e+002
  1.2232800e+003  7.8000000e+002
  1.2242200e+003  9.4000000e+002
  1.2249600e+003  7.4000000e+002
  1.2255200e+003  5.6000000e+002
  1.2261800e+003  6.6000000e+002
  1.2268440e+003  6.6400000e+002
  1.2276440e+003  8.0000000e+002
  1.2284440e+003  8.0000000e+002
  1.2289640e+003  5.2000000e+002
  1.2296240e+003  6.6000000e+002
  1.2303440e+003  7.2000000e+002
  1.2311440e+003  8.0000000e+002
  1.2319480e+003  8.0400000e+002
  1.2325880e+003  6.4000000e+002
  1.2335080e+003  9.2000000e+002
  1.2343480e+003  8.4000000e+002
  1.2351360e+003  7.8800000e+002
  1.2356280e+003  4.9200000e+002
  1.2362880e+003  6.6000000e+002
  1.2369680e+003  6.8000000e+002
  1.2376680e+003  7.0000000e+002
  1.2385120e+003  8.4400000e+002
  1.2393120e+003  8.0000000e+002
  1.2400280e+003  7.1600000e+002
  1.2407720e+003  7.4400000e+002
  1.2416880e+003  9.1600000e+002
  1.2425080e+003  8.2000000e+002
  1.2432120e+003  7.0400000e+002
  1.2439480e+003  7.3600000e+002
  1.2446520e+003  7.0400000e+002
  1.2453120e+003  6.6000000e+002
  1.2460520e+003  7.4000000e+002
  1.2468320e+003  7.8000000e+002
  1.2474520e+003  6.2000000e+002
  1.2481720e+003  7.2000000e+002
  1.2487160e+003  5.4400000e+002
  1.2493920e+003  6.7600000e+002
  1.2500920e+003  7.0000000e+002
  1.2508160e+003  7.2400000e+002
  1.2513920e+003  5.7600000e+002
  1.2522760e+003  8.8400000e+002
  1.2530520e+003  7.7600000e+002
  1.2538360e+003  7.8400000e+002
  1.2545960e+003  7.6000000e+002
  1.2554560e+003  8.6000000e+002
  1.2562160e+003  7.6000000e+002
  1.2571760e+003  9.6000000e+002
  1.2577360e+003  5.6000000e+002
  1.2583960e+003  6.6000000e+002
  1.2592160e+003  8.2000000e+002
  1.2599960e+003  7.8000000e+002
  1.2608760e+003  8.8000000e+002
  1.2617160e+003  8.4000000e+002
  1.2622360e+003  5.2000000e+002
  1.2629960e+003  7.6000000e+002
  1.2638760e+003  8.8000000e+002
  1.2644600e+003  5.8400000e+002
  1.2651200e+003  6.6000000e+002
  1.2658760e+003  7.5600000e+002
  1.2666400e+003  7.6400000e+002
  1.2674760e+003  8.3600000e+002
  1.2682800e+003  8.0400000e+002
  1.2690000e+003  7.2000000e+002
  1.2698200e+003  8.2000000e+002
  1.2706200e+003  8.0000000e+002
  1.2712600e+003  6.4000000e+002
  1.2721200e+003  8.6000000e+002
  1.2728800e+003  7.6000000e+002
  1.2737400e+003  8.6000000e+002
  1.2744200e+003  6.8000000e+002
  1.2752640e+003  8.4400000e+002
  1.2758840e+003  6.2000000e+002
  1.2766640e+003  7.8000000e+002
  1.2775440e+003  8.8000000e+002
  1.2780880e+003  5.4400000e+002
  1.2789840e+003  8.9600000e+002
  1.2798040e+003  8.2000000e+002
  1.2809440e+003  1.1400000e+003
  1.2818440e+003  9.0000000e+002
  1.2825240e+003  6.8000000e+002
  1.2833640e+003  8.4000000e+002
  1.2840840e+003  7.2000000e+002
  1.2845840e+003  5.0000000e+002
  1.2851240e+003  5.4000000e+002
  1.2858880e+003  7.6400000e+002
  1.2867480e+003  8.6000000e+002
  1.2873080e+003  5.6000000e+002
  1.2879040e+003  5.9600000e+002
  1.2886040e+003  7.0000000e+002
  1.2892480e+003  6.4400000e+002
  1.2899880e+003  7.4000000e+002
  1.2907280e+003  7.4000000e+002
  1.2915680e+003  8.4000000e+002
  1.2921080e+003  5.4000000e+002
  1.2928080e+003  7.0000000e+002
  1.2934720e+003  6.6400000e+002
  1.2941080e+003  6.3600000e+002
  1.2947920e+003  6.8400000e+002
  1.2954920e+003  7.0000000e+002
  1.2962120e+003  7.2000000e+002
  1.2968320e+003  6.2000000e+002
  1.2976720e+003  8.4000000e+002
  1.2981920e+003  5.2000000e+002
  1.2990320e+003  8.4000000e+002
  1.2996520e+003  6.2000000e+002
  1.3004920e+003  8.4000000e+002
  1.3013920e+003  9.0000000e+002
  1.3021120e+003  7.2000000e+002
  1.3028520e+003  7.4000000e+002
  1.3035920e+003  7.4000000e+002
  1.3041720e+003  5.8000000e+002
  1.3048120e+003  6.4000000e+002
  1.3055520e+003  7.4000000e+002
  1.3063120e+003  7.6000000e+002
  1.3069960e+003  6.8400000e+002
  1.3075920e+003  5.9600000e+002
  1.3081960e+003  6.0400000e+002
  1.3088160e+003  6.2000000e+002
  1.3096520e+003  8.3600000e+002
  1.3104960e+003  8.4400000e+002
  1.3112360e+003  7.4000000e+002
  1.3118760e+003  6.4000000e+002
  1.3126560e+003  7.8000000e+002
  1.3133560e+003  7.0000000e+002
  1.3141360e+003  7.8000000e+002
  1.3149560e+003  8.2000000e+002
  1.3156600e+003  7.0400000e+002
  1.3161800e+003  5.2000000e+002
  1.3169400e+003  7.6000000e+002
  1.3177160e+003  7.7600000e+002
  1.3183400e+003  6.2400000e+002
  1.3190800e+003  7.4000000e+002
  1.3199000e+003  8.2000000e+002
  1.3206000e+003  7.0000000e+002
  1.3213360e+003  7.3600000e+002
  1.3221960e+003  8.6000000e+002
  1.3229800e+003  7.8400000e+002
  1.3238200e+003  8.4000000e+002
  1.3245800e+003  7.6000000e+002
  1.3255000e+003  9.2000000e+002
  1.3261000e+003  6.0000000e+002
  1.3268000e+003  7.0000000e+002
  1.3276000e+003  8.0000000e+002
  1.3284040e+003  8.0400000e+002
  1.3291440e+003  7.4000000e+002
  1.3298640e+003  7.2000000e+002
  1.3304240e+003  5.6000000e+002
  1.3311640e+003  7.4000000e+002
  1.3317640e+003  6.0000000e+002
  1.3325040e+003  7.4000000e+002
  1.3332640e+003  7.6000000e+002
  1.3339240e+003  6.6000000e+002
  1.3347480e+003  8.2400000e+002
  1.3355840e+003  8.3600000e+002
  1.3364080e+003  8.2400000e+002
  1.3369680e+003  5.6000000e+002
  1.3377680e+003  8.0000000e+002
  1.3385680e+003  8.0000000e+002
  1.3393880e+003  8.2000000e+002
  1.3402080e+003  8.2000000e+002
  1.3408280e+003  6.2000000e+002
  1.3415880e+003  7.6000000e+002
  1.3423080e+003  7.2000000e+002
  1.3431880e+003  8.8000000e+002
  1.3439520e+003  7.6400000e+002
  1.3447680e+003  8.1600000e+002
  1.3456120e+003  8.4400000e+002
  1.3464720e+003  8.6000000e+002
  1.3472520e+003  7.8000000e+002
  1.3480520e+003  8.0000000e+002
  1.3488960e+003  8.4400000e+002
  1.3497320e+003  8.3600000e+002
  1.3504920e+003  7.6000000e+002
  1.3513560e+003  8.6400000e+002
  1.3519360e+003  5.8000000e+002
  1.3524760e+003  5.4000000e+002
  1.3532160e+003  7.4000000e+002
  1.3539960e+003  7.8000000e+002
  1.3545560e+003  5.6000000e+002
  1.3550560e+003  5.0000000e+002
  1.3557600e+003  7.0400000e+002
  1.3563800e+003  6.2000000e+002
  1.3571600e+003  7.8000000e+002
  1.3579600e+003  8.0000000e+002
  1.3587400e+003  7.8000000e+002
  1.3595000e+003  7.6000000e+002
  1.3603600e+003  8.6000000e+002
  1.3611400e+003  7.8000000e+002
  1.3618800e+003  7.4000000e+002
  1.3629000e+003  1.0200000e+003
  1.3635000e+003  6.0000000e+002
  1.3641400e+003  6.4000000e+002
  1.3650000e+003  8.6000000e+002
  1.3657600e+003  7.6000000e+002
  1.3665800e+003  8.2000000e+002
  1.3674000e+003  8.2000000e+002
  1.3679200e+003  5.2000000e+002
  1.3687400e+003  8.2000000e+002
  1.3695240e+003  7.8400000e+002
  1.3701640e+003  6.4000000e+002
  1.3708840e+003  7.2000000e+002
  1.3716840e+003  8.0000000e+002
  1.3727640e+003  1.0800000e+003
  1.3735240e+003  7.6000000e+002
  1.3743240e+003  8.0000000e+002
  1.3751040e+003  7.8000000e+002
  1.3759480e+003  8.4400000e+002
  1.3767040e+003  7.5600000e+002
  1.3771880e+003  4.8400000e+002
  1.3779880e+003  8.0000000e+002
  1.3786080e+003  6.2000000e+002
  1.3791880e+003  5.8000000e+002
  1.3799680e+003  7.8000000e+002
  1.3807480e+003  7.8000000e+002
  1.3814840e+003  7.3600000e+002
  1.3823640e+003  8.8000000e+002
  1.3833280e+003  9.6400000e+002
  1.3840680e+003  7.4000000e+002
  1.3846280e+003  5.6000000e+002
  1.3853480e+003  7.2000000e+002
  1.3859880e+003  6.4000000e+002
  1.3867280e+003  7.4000000e+002
  1.3875720e+003  8.4400000e+002
  1.3882680e+003  6.9600000e+002
  1.3888720e+003  6.0400000e+002
  1.3895680e+003  6.9600000e+002
  1.3904280e+003  8.6000000e+002
  1.3909920e+003  5.6400000e+002
  1.3916520e+003  6.6000000e+002
  1.3925520e+003  9.0000000e+002
  1.3933120e+003  7.6000000e+002
  1.3938320e+003  5.2000000e+002
  1.3945520e+003  7.2000000e+002
  1.3953720e+003  8.2000000e+002
  1.3961720e+003  8.0000000e+002
  1.3968720e+003  7.0000000e+002
  1.3978120e+003  9.4000000e+002
  1.3984760e+003  6.6400000e+002
  1.3991960e+003  7.2000000e+002
  1.3997760e+003  5.8000000e+002
  1.4003760e+003  6.0000000e+002
  1.4009040e+003  5.2800000e+002
  1.4017360e+003  8.3200000e+002
  1.4025720e+003  8.3600000e+002
  1.4033360e+003  7.6400000e+002
  1.4041320e+003  7.9600000e+002
  1.4048560e+003  7.2400000e+002
  1.4057960e+003  9.4000000e+002
  1.4063960e+003  6.0000000e+002
  1.4069560e+003  5.6000000e+002
  1.4076560e+003  7.0000000e+002
  1.4083560e+003  7.0000000e+002
  1.4089000e+003  5.4400000e+002
  1.4096400e+003  7.4000000e+002
  1.4104000e+003  7.6000000e+002
  1.4109600e+003  5.6000000e+002
  1.4117200e+003  7.6000000e+002
  1.4124200e+003  7.0000000e+002
  1.4131000e+003  6.8000000e+002
  1.4137800e+003  6.8000000e+002
  1.4144400e+003  6.6000000e+002
  1.4151800e+003  7.4000000e+002
  1.4159000e+003  7.2000000e+002
  1.4168000e+003  9.0000000e+002
  1.4175040e+003  7.0400000e+002
  1.4182440e+003  7.4000000e+002
  1.4190240e+003  7.8000000e+002
  1.4198240e+003  8.0000000e+002
  1.4206040e+003  7.8000000e+002
  1.4216040e+003  1.0000000e+003
  1.4224240e+003  8.2000000e+002
  1.4232240e+003  8.0000000e+002
  1.4240440e+003  8.2000000e+002
  1.4248640e+003  8.2000000e+002
  1.4256640e+003  8.0000000e+002
  1.4265440e+003  8.8000000e+002
  1.4273440e+003  8.0000000e+002
  1.4281280e+003  7.8400000e+002
  1.4289280e+003  8.0000000e+002
  1.4298080e+003  8.8000000e+002
  1.4305080e+003  7.0000000e+002
  1.4313080e+003  8.0000000e+002
  1.4320280e+003  7.2000000e+002
  1.4327320e+003  7.0400000e+002
  1.4334280e+003  6.9600000e+002
  1.4342720e+003  8.4400000e+002
  1.4351520e+003  8.8000000e+002
  1.4359520e+003  8.0000000e+002
  1.4367520e+003  8.0000000e+002
  1.4374760e+003  7.2400000e+002
  1.4384160e+003  9.4000000e+002
  1.4391720e+003  7.5600000e+002
  1.4397960e+003  6.2400000e+002
  1.4405120e+003  7.1600000e+002
  1.4412160e+003  7.0400000e+002
  1.4417960e+003  5.8000000e+002
  1.4424760e+003  6.8000000e+002
  1.4430760e+003  6.0000000e+002
  1.4437760e+003  7.0000000e+002
  1.4445360e+003  7.6000000e+002
  1.4452760e+003  7.4000000e+002
  1.4459960e+003  7.2000000e+002
  1.4467000e+003  7.0400000e+002
  1.4474600e+003  7.6000000e+002
  1.4482360e+003  7.7600000e+002
  1.4491000e+003  8.6400000e+002
  1.4499200e+003  8.2000000e+002
  1.4506840e+003  7.6400000e+002
  1.4514800e+003  7.9600000e+002
  1.4522400e+003  7.6000000e+002
  1.4529840e+003  7.4400000e+002
  1.4538240e+003  8.4000000e+002
  1.4547440e+003  9.2000000e+002
  1.4553240e+003  5.8000000e+002
  1.4562840e+003  9.6000000e+002
  1.4569880e+003  7.0400000e+002
  1.4578440e+003  8.5600000e+002
  1.4584880e+003  6.4400000e+002
  1.4592280e+003  7.4000000e+002
  1.4599680e+003  7.4000000e+002
  1.4606080e+003  6.4000000e+002
  1.4613880e+003  7.8000000e+002
  1.4622680e+003  8.8000000e+002
  1.4631480e+003  8.8000000e+002
  1.4638280e+003  6.8000000e+002
  1.4645880e+003  7.6000000e+002
  1.4654720e+003  8.8400000e+002
  1.4660880e+003  6.1600000e+002
  1.4669120e+003  8.2400000e+002
  1.4676920e+003  7.8000000e+002
  1.4684320e+003  7.4000000e+002
  1.4690960e+003  6.6400000e+002
  1.4698560e+003  7.6000000e+002
  1.4704760e+003  6.2000000e+002
  1.4712160e+003  7.4000000e+002
  1.4719960e+003  7.8000000e+002
  1.4726760e+003  6.8000000e+002
  1.4735160e+003  8.4000000e+002
  1.4742160e+003  7.0000000e+002
  1.4751160e+003  9.0000000e+002
  1.4758760e+003  7.6000000e+002
  1.4765800e+003  7.0400000e+002
  1.4775160e+003  9.3600000e+002
  1.4784600e+003  9.4400000e+002
  1.4790800e+003  6.2000000e+002
  1.4798800e+003  8.0000000e+002
  1.4806800e+003  8.0000000e+002
  1.4812200e+003  5.4000000e+002
  1.4818800e+003  6.6000000e+002
  1.4826400e+003  7.6000000e+002
  1.4832400e+003  6.0000000e+002
  1.4838040e+003  5.6400000e+002
  1.4845440e+003  7.4000000e+002
  1.4852840e+003  7.4000000e+002
  1.4858240e+003  5.4000000e+002
  1.4863840e+003  5.6000000e+002
  1.4872040e+003  8.2000000e+002
  1.4878040e+003  6.0000000e+002
  1.4885440e+003  7.4000000e+002
  1.4893440e+003  8.0000000e+002
  1.4901880e+003  8.4400000e+002
  1.4909880e+003  8.0000000e+002
  1.4918280e+003  8.4000000e+002
  1.4926280e+003  8.0000000e+002
  1.4933280e+003  7.0000000e+002
  1.4942280e+003  9.0000000e+002
  1.4947480e+003  5.2000000e+002
  1.4954480e+003  7.0000000e+002
  1.4960120e+003  5.6400000e+002
  1.4967720e+003  7.6000000e+002
  1.4974720e+003  7.0000000e+002
  1.4982920e+003  8.2000000e+002
  1.4990920e+003  8.0000000e+002
  1.4999520e+003  8.6000000e+002
  1.5007120e+003  7.6000000e+002
  1.5013120e+003  6.0000000e+002
  1.5018520e+003  5.4000000e+002
  1.5025520e+003  7.0000000e+002
  1.5031120e+003  5.6000000e+002
  1.5039520e+003  8.4000000e+002
  1.5046320e+003  6.8000000e+002
  1.5055560e+003  9.2400000e+002
  1.5063960e+003  8.4000000e+002
  1.5072160e+003  8.2000000e+002
  1.5079560e+003  7.4000000e+002
  1.5086760e+003  7.2000000e+002
  1.5094800e+003  8.0400000e+002
  1.5103160e+003  8.3600000e+002
  1.5110800e+003  7.6400000e+002
  1.5119600e+003  8.8000000e+002
  1.5127200e+003  7.6000000e+002
  1.5134800e+003  7.6000000e+002
  1.5142600e+003  7.8000000e+002
  1.5151400e+003  8.8000000e+002
  1.5159200e+003  7.8000000e+002
  1.5167840e+003  8.6400000e+002
  1.5176240e+003  8.4000000e+002
  1.5183840e+003  7.6000000e+002
  1.5189640e+003  5.8000000e+002
  1.5198240e+003  8.6000000e+002
  1.5206240e+003  8.0000000e+002
  1.5210800e+003  4.5600000e+002
  1.5218040e+003  7.2400000e+002
  1.5225640e+003  7.6000000e+002
  1.5233240e+003  7.6000000e+002
  1.5240040e+003  6.8000000e+002
  1.5246240e+003  6.2000000e+002
  1.5253040e+003  6.8000000e+002
  1.5261040e+003  8.0000000e+002
  1.5269680e+003  8.6400000e+002
  1.5277640e+003  7.9600000e+002
  1.5284080e+003  6.4400000e+002
  1.5291480e+003  7.4000000e+002
  1.5300080e+003  8.6000000e+002
  1.5307080e+003  7.0000000e+002
  1.5315280e+003  8.2000000e+002
  1.5323120e+003  7.8400000e+002
  1.5330920e+003  7.8000000e+002
  1.5339320e+003  8.4000000e+002
  1.5347080e+003  7.7600000e+002
  1.5355520e+003  8.4400000e+002
  1.5362920e+003  7.4000000e+002
  1.5370920e+003  8.0000000e+002
  1.5377920e+003  7.0000000e+002
  1.5384760e+003  6.8400000e+002
  1.5392760e+003  8.0000000e+002
  1.5400960e+003  8.2000000e+002
  1.5409120e+003  8.1600000e+002
  1.5415560e+003  6.4400000e+002
  1.5423120e+003  7.5600000e+002
  1.5431360e+003  8.2400000e+002
  1.5439560e+003  8.2000000e+002
  1.5445560e+003  6.0000000e+002
  1.5452960e+003  7.4000000e+002
  1.5460560e+003  7.6000000e+002
  1.5467560e+003  7.0000000e+002
  1.5472960e+003  5.4000000e+002
  1.5484600e+003  1.1640000e+003
  1.5492800e+003  8.2000000e+002
  1.5500400e+003  7.6000000e+002
  1.5508400e+003  8.0000000e+002
  1.5513440e+003  5.0400000e+002
  1.5519600e+003  6.1600000e+002
  1.5524840e+003  5.2400000e+002
  1.5531600e+003  6.7600000e+002
  1.5539800e+003  8.2000000e+002
  1.5546600e+003  6.8000000e+002
  1.5552440e+003  5.8400000e+002
  1.5560240e+003  7.8000000e+002
  1.5567040e+003  6.8000000e+002
  1.5572240e+003  5.2000000e+002
  1.5580240e+003  8.0000000e+002
  1.5587880e+003  7.6400000e+002
  1.5595480e+003  7.6000000e+002
  1.5602480e+003  7.0000000e+002
  1.5609480e+003  7.0000000e+002
  1.5615640e+003  6.1600000e+002
  1.5623480e+003  7.8400000e+002
  1.5632040e+003  8.5600000e+002
  1.5637880e+003  5.8400000e+002
  1.5645280e+003  7.4000000e+002
  1.5652480e+003  7.2000000e+002
  1.5661880e+003  9.4000000e+002
  1.5669320e+003  7.4400000e+002
  1.5674680e+003  5.3600000e+002
  1.5681320e+003  6.6400000e+002
  1.5691120e+003  9.8000000e+002
  1.5699320e+003  8.2000000e+002
  1.5707320e+003  8.0000000e+002
  1.5716320e+003  9.0000000e+002
  1.5723720e+003  7.4000000e+002
  1.5730920e+003  7.2000000e+002
  1.5736160e+003  5.2400000e+002
  1.5743320e+003  7.1600000e+002
  1.5749760e+003  6.4400000e+002
  1.5757960e+003  8.2000000e+002
  1.5766760e+003  8.8000000e+002
  1.5775560e+003  8.8000000e+002
  1.5781160e+003  5.6000000e+002
  1.5788560e+003  7.4000000e+002
  1.5796960e+003  8.4000000e+002
  1.5801960e+003  5.0000000e+002
  1.5811360e+003  9.4000000e+002
  1.5822960e+003  1.1600000e+003
  1.5830960e+003  8.0000000e+002
  1.5837360e+003  6.4000000e+002
  1.5843400e+003  6.0400000e+002
  1.5850960e+003  7.5600000e+002
  1.5856600e+003  5.6400000e+002
  1.5863760e+003  7.1600000e+002
  1.5871600e+003  7.8400000e+002
  1.5879800e+003  8.2000000e+002
  1.5888000e+003  8.2000000e+002
  1.5896000e+003  8.0000000e+002
  1.5901400e+003  5.4000000e+002
  1.5906800e+003  5.4000000e+002
  1.5920200e+003  1.3400000e+003
  1.5925640e+003  5.4400000e+002
  1.5932240e+003  6.6000000e+002
  1.5939440e+003  7.2000000e+002
  1.5946240e+003  6.8000000e+002
  1.5951440e+003  5.2000000e+002
  1.5959040e+003  7.6000000e+002
  1.5967440e+003  8.4000000e+002
  1.5975240e+003  7.8000000e+002
  1.5983040e+003  7.8000000e+002
  1.5990640e+003  7.6000000e+002
  1.5998480e+003  7.8400000e+002
  1.6005280e+003  6.8000000e+002
  1.6012240e+003  6.9600000e+002
  1.6018080e+003  5.8400000e+002
  1.6025680e+003  7.6000000e+002
  1.6033440e+003  7.7600000e+002
  1.6038880e+003  5.4400000e+002
  1.6043840e+003  4.9600000e+002
  1.6051480e+003  7.6400000e+002
  1.6059680e+003  8.2000000e+002
  1.6067480e+003  7.8000000e+002
  1.6075480e+003  8.0000000e+002
  1.6083680e+003  8.2000000e+002
  1.6090680e+003  7.0000000e+002
  1.6099280e+003  8.6000000e+002
  1.6107920e+003  8.6400000e+002
  1.6113480e+003  5.5600000e+002
  1.6120480e+003  7.0000000e+002
  1.6128280e+003  7.8000000e+002
  1.6136480e+003  8.2000000e+002
  1.6144920e+003  8.4400000e+002
  1.6152720e+003  7.8000000e+002
  1.6160720e+003  8.0000000e+002
  1.6168320e+003  7.6000000e+002
  1.6175320e+003  7.0000000e+002
  1.6180520e+003  5.2000000e+002
  1.6188720e+003  8.2000000e+002
  1.6196720e+003  8.0000000e+002
  1.6204520e+003  7.8000000e+002
  1.6212720e+003  8.2000000e+002
  1.6220720e+003  8.0000000e+002
  1.6228520e+003  7.8000000e+002
  1.6234320e+003  5.8000000e+002
  1.6241720e+003  7.4000000e+002
  1.6247120e+003  5.4000000e+002
  1.6254560e+003  7.4400000e+002
  1.6262760e+003  8.2000000e+002
  1.6270560e+003  7.8000000e+002
  1.6277720e+003  7.1600000e+002
  1.6285560e+003  7.8400000e+002
  1.6294160e+003  8.6000000e+002
  1.6302360e+003  8.2000000e+002
  1.6310160e+003  7.8000000e+002
  1.6316960e+003  6.8000000e+002
  1.6322360e+003  5.4000000e+002
  1.6329800e+003  7.4400000e+002
  1.6338400e+003  8.6000000e+002
  1.6346200e+003  7.8000000e+002
  1.6352200e+003  6.0000000e+002
  1.6358400e+003  6.2000000e+002
  1.6364000e+003  5.6000000e+002
  1.6370400e+003  6.4000000e+002
  1.6375640e+003  5.2400000e+002
  1.6383240e+003  7.6000000e+002
  1.6390240e+003  7.0000000e+002
  1.6396040e+003  5.8000000e+002
  1.6403440e+003  7.4000000e+002
  1.6411840e+003  8.4000000e+002
  1.6418440e+003  6.6000000e+002
  1.6425440e+003  7.0000000e+002
  1.6433040e+003  7.6000000e+002
  1.6440480e+003  7.4400000e+002
  1.6447440e+003  6.9600000e+002
  1.6461880e+003  1.4440000e+003
  1.6470680e+003  8.8000000e+002
  1.6478080e+003  7.4000000e+002
  1.6485280e+003  7.2000000e+002
  1.6492480e+003  7.2000000e+002
  1.6502720e+003  1.0240000e+003
  1.6508120e+003  5.4000000e+002
  1.6516120e+003  8.0000000e+002
  1.6524920e+003  8.8000000e+002
  1.6530320e+003  5.4000000e+002
  1.6538120e+003  7.8000000e+002
  1.6545520e+003  7.4000000e+002
  1.6553520e+003  8.0000000e+002
  1.6559120e+003  5.6000000e+002
  1.6566160e+003  7.0400000e+002
  1.6573160e+003  7.0000000e+002
  1.6580760e+003  7.6000000e+002
  1.6588560e+003  7.8000000e+002
  1.6596560e+003  8.0000000e+002
  1.6603760e+003  7.2000000e+002
  1.6610960e+003  7.2000000e+002
  1.6619160e+003  8.2000000e+002
  1.6627560e+003  8.4000000e+002
  1.6635160e+003  7.6000000e+002
  1.6643160e+003  8.0000000e+002
  1.6650600e+003  7.4400000e+002
  1.6656560e+003  5.9600000e+002
  1.6664200e+003  7.6400000e+002
  1.6671200e+003  7.0000000e+002
  1.6681600e+003  1.0400000e+003
  1.6689000e+003  7.4000000e+002
  1.6697000e+003  8.0000000e+002
  1.6702400e+003  5.4000000e+002
  1.6710400e+003  8.0000000e+002
  1.6718240e+003  7.8400000e+002
  1.6725800e+003  7.5600000e+002
  1.6733440e+003  7.6400000e+002
  1.6739240e+003  5.8000000e+002
  1.6746240e+003  7.0000000e+002
  1.6754640e+003  8.4000000e+002
  1.6761480e+003  6.8400000e+002
  1.6769640e+003  8.1600000e+002
  1.6775440e+003  5.8000000e+002
  1.6782880e+003  7.4400000e+002
  1.6790480e+003  7.6000000e+002
  1.6798080e+003  7.6000000e+002
  1.6803680e+003  5.6000000e+002
  1.6810040e+003  6.3600000e+002
  1.6818680e+003  8.6400000e+002
  1.6824480e+003  5.8000000e+002
  1.6830480e+003  6.0000000e+002
  1.6835880e+003  5.4000000e+002
  1.6844280e+003  8.4000000e+002
  1.6852280e+003  8.0000000e+002
  1.6860680e+003  8.4000000e+002
  1.6868720e+003  8.0400000e+002
  1.6874280e+003  5.5600000e+002
  1.6881480e+003  7.2000000e+002
  1.6889320e+003  7.8400000e+002
  1.6896920e+003  7.6000000e+002
  1.6905120e+003  8.2000000e+002
  1.6910920e+003  5.8000000e+002
  1.6919720e+003  8.8000000e+002
  1.6925520e+003  5.8000000e+002
  1.6932560e+003  7.0400000e+002
  1.6939720e+003  7.1600000e+002
  1.6947960e+003  8.2400000e+002
  1.6956160e+003  8.2000000e+002
  1.6963560e+003  7.4000000e+002
  1.6976160e+003  1.2600000e+003
  1.6983760e+003  7.6000000e+002
  1.6993360e+003  9.6000000e+002
  1.6998960e+003  5.6000000e+002
  1.7005200e+003  6.2400000e+002
  1.7010800e+003  5.6000000e+002
  1.7020160e+003  9.3600000e+002
  1.7026400e+003  6.2400000e+002
  1.7032000e+003  5.6000000e+002
  1.7038200e+003  6.2000000e+002
  1.7046600e+003  8.4000000e+002
  1.7054960e+003  8.3600000e+002
  1.7065800e+003  1.0840000e+003
  1.7075000e+003  9.2000000e+002
  1.7084000e+003  9.0000000e+002
  1.7092240e+003  8.2400000e+002
  1.7097840e+003  5.6000000e+002
  1.7105400e+003  7.5600000e+002
  1.7113040e+003  7.6400000e+002
  1.7121240e+003  8.2000000e+002
  1.7127640e+003  6.4000000e+002
  1.7135240e+003  7.6000000e+002
  1.7142840e+003  7.6000000e+002
  1.7151840e+003  9.0000000e+002
  1.7160240e+003  8.4000000e+002
  1.7168640e+003  8.4000000e+002
  1.7176480e+003  7.8400000e+002
  1.7184880e+003  8.4000000e+002
  1.7192480e+003  7.6000000e+002
  1.7200680e+003  8.2000000e+002
  1.7208680e+003  8.0000000e+002
  1.7217040e+003  8.3600000e+002
  1.7224280e+003  7.2400000e+002
  1.7230480e+003  6.2000000e+002
  1.7237280e+003  6.8000000e+002
  1.7245480e+003  8.2000000e+002
  1.7253520e+003  8.0400000e+002
  1.7260720e+003  7.2000000e+002
  1.7268080e+003  7.3600000e+002
  1.7275320e+003  7.2400000e+002
  1.7280320e+003  5.0000000e+002
  1.7287720e+003  7.4000000e+002
  1.7295520e+003  7.8000000e+002
  1.7301720e+003  6.2000000e+002
  1.7309720e+003  8.0000000e+002
  1.7317520e+003  7.8000000e+002
  1.7322760e+003  5.2400000e+002
  1.7330520e+003  7.7600000e+002
  1.7337120e+003  6.6000000e+002
  1.7345120e+003  8.0000000e+002
  1.7351360e+003  6.2400000e+002
  1.7357560e+003  6.2000000e+002
  1.7366960e+003  9.4000000e+002
  1.7377360e+003  1.0400000e+003
  1.7386360e+003  9.0000000e+002
  1.7392160e+003  5.8000000e+002
  1.7398960e+003  6.8000000e+002
  1.7406760e+003  7.8000000e+002
  1.7414160e+003  7.4000000e+002
  1.7422560e+003  8.4000000e+002
  1.7427760e+003  5.2000000e+002
  1.7434760e+003  7.0000000e+002
  1.7441760e+003  7.0000000e+002
  1.7449160e+003  7.4000000e+002
  1.7456160e+003  7.0000000e+002
  1.7462360e+003  6.2000000e+002
  1.7468200e+003  5.8400000e+002
  1.7475800e+003  7.6000000e+002
  1.7483400e+003  7.6000000e+002
  1.7491800e+003  8.4000000e+002
  1.7497400e+003  5.6000000e+002
  1.7504600e+003  7.2000000e+002
  1.7512840e+003  8.2400000e+002
  1.7519640e+003  6.8000000e+002
  1.7527440e+003  7.8000000e+002
  1.7535240e+003  7.8000000e+002
  1.7541240e+003  6.0000000e+002
  1.7548840e+003  7.6000000e+002
  1.7557040e+003  8.2000000e+002
  1.7564880e+003  7.8400000e+002
  1.7573280e+003  8.4000000e+002
  1.7580440e+003  7.1600000e+002
  1.7588080e+003  7.6400000e+002
  1.7595480e+003  7.4000000e+002
  1.7603080e+003  7.6000000e+002
  1.7611680e+003  8.6000000e+002
  1.7619480e+003  7.8000000e+002
  1.7626880e+003  7.4000000e+002
  1.7634880e+003  8.0000000e+002
  1.7641080e+003  6.2000000e+002
  1.7649080e+003  8.0000000e+002
  1.7658120e+003  9.0400000e+002
  1.7666720e+003  8.6000000e+002
  1.7674320e+003  7.6000000e+002
  1.7682360e+003  8.0400000e+002
  1.7689520e+003  7.1600000e+002
  1.7696520e+003  7.0000000e+002
  1.7704360e+003  7.8400000e+002
  1.7711760e+003  7.4000000e+002
  1.7719960e+003  8.2000000e+002
  1.7728160e+003  8.2000000e+002
  1.7737160e+003  9.0000000e+002
  1.7745560e+003  8.4000000e+002
  1.7752560e+003  7.0000000e+002
  1.7758000e+003  5.4400000e+002
  1.7767560e+003  9.5600000e+002
  1.7776200e+003  8.6400000e+002
  1.7782440e+003  6.2400000e+002
  1.7789800e+003  7.3600000e+002
  1.7795600e+003  5.8000000e+002
  1.7801800e+003  6.2000000e+002
  1.7809200e+003  7.4000000e+002
  1.7820400e+003  1.1200000e+003
  1.7828400e+003  8.0000000e+002
  1.7833840e+003  5.4400000e+002
  1.7841440e+003  7.6000000e+002
  1.7846840e+003  5.4000000e+002
  1.7852440e+003  5.6000000e+002
  1.7859640e+003  7.2000000e+002
  1.7866080e+003  6.4400000e+002
  1.7871840e+003  5.7600000e+002
  1.7879640e+003  7.8000000e+002
  1.7886880e+003  7.2400000e+002
  1.7892480e+003  5.6000000e+002
  1.7900080e+003  7.6000000e+002
  1.7907880e+003  7.8000000e+002
  1.7913080e+003  5.2000000e+002
  1.7920080e+003  7.0000000e+002
  1.7928320e+003  8.2400000e+002
  1.7935520e+003  7.2000000e+002
  1.7943520e+003  8.0000000e+002
  1.7951320e+003  7.8000000e+002
  1.7957320e+003  6.0000000e+002
  1.7962760e+003  5.4400000e+002
  1.7971160e+003  8.4000000e+002
  1.7979960e+003  8.8000000e+002
