  1.1280000e+000  5.8000000e+002
  1.8760000e+000  7.4800000e+002
  3.0120000e+000  1.1360000e+003
  3.8520000e+000  8.4000000e+002
  4.6480000e+000  7.9600000e+002
  5.4880000e+000  8.4000000e+002
  6.2960000e+000  8.0800000e+002
  7.1080000e+000  8.1200000e+002
  7.8880000e+000  7.8000000e+002
  8.6680000e+000  7.8000000e+002
  9.5120000e+000  8.4400000e+002
  1.0328000e+001  8.1600000e+002
  1.1132000e+001  8.0400000e+002
  1.1932000e+001  8.0000000e+002
  1.2748000e+001  8.1600000e+002
  1.3552000e+001  8.0400000e+002
  1.4380000e+001  8.2800000e+002
  1.5164000e+001  7.8400000e+002
  1.5720000e+001  5.5600000e+002
  1.6732000e+001  1.0120000e+003
  1.7568000e+001  8.3600000e+002
  1.8420000e+001  8.5200000e+002
  1.9200000e+001  7.8000000e+002
  2.0028000e+001  8.2800000e+002
  2.0800000e+001  7.7200000e+002
  2.1520000e+001  7.2000000e+002
  2.2444000e+001  9.2400000e+002
  2.3232000e+001  7.8800000e+002
  2.4036000e+001  8.0400000e+002
  2.4852000e+001  8.1600000e+002
  2.5640000e+001  7.8800000e+002
  2.6456000e+001  8.1600000e+002
  2.7232000e+001  7.7600000e+002
  2.8088000e+001  8.5600000e+002
  2.8676000e+001  5.8800000e+002
  2.9576000e+001  9.0000000e+002
  3.0476000e+001  9.0000000e+002
  3.1332000e+001  8.5600000e+002
  3.2152000e+001  8.2000000e+002
  3.2936000e+001  7.8400000e+002
  3.3732000e+001  7.9600000e+002
  3.4556000e+001  8.2400000e+002
  3.5392000e+001  8.3600000e+002
  3.6076000e+001  6.8400000e+002
  3.6984000e+001  9.0800000e+002
  3.7796000e+001  8.1200000e+002
  3.8620000e+001  8.2400000e+002
  3.9404000e+001  7.8400000e+002
  4.0276000e+001  8.7200000e+002
  4.0940000e+001  6.6400000e+002
  4.1864000e+001  9.2400000e+002
  4.2700000e+001  8.3600000e+002
  4.3496000e+001  7.9600000e+002
  4.4320000e+001  8.2400000e+002
  4.5160000e+001  8.4000000e+002
  4.5856000e+001  6.9600000e+002
  4.6760000e+001  9.0400000e+002
  4.7392000e+001  6.3200000e+002
  4.8404000e+001  1.0120000e+003
  4.9288000e+001  8.8400000e+002
  5.0052000e+001  7.6400000e+002
  5.0920000e+001  8.6800000e+002
  5.1744000e+001  8.2400000e+002
  5.2560000e+001  8.1600000e+002
  5.3392000e+001  8.3200000e+002
  5.4240000e+001  8.4800000e+002
  5.4936000e+001  6.9600000e+002
  5.5836000e+001  9.0000000e+002
  5.6436000e+001  6.0000000e+002
  5.7456000e+001  1.0200000e+003
  5.8332000e+001  8.7600000e+002
  5.9148000e+001  8.1600000e+002
  5.9936000e+001  7.8800000e+002
  6.0760000e+001  8.2400000e+002
  6.1580000e+001  8.2000000e+002
  6.2400000e+001  8.2000000e+002
  6.3216000e+001  8.1600000e+002
  6.4024000e+001  8.0800000e+002
  6.4776000e+001  7.5200000e+002
  6.5652000e+001  8.7600000e+002
  6.6468000e+001  8.1600000e+002
  6.7132000e+001  6.6400000e+002
  6.7548000e+001  4.1600000e+002
  6.8548000e+001  1.0000000e+003
  6.9400000e+001  8.5200000e+002
  7.0244000e+001  8.4400000e+002
  7.1104000e+001  8.6000000e+002
  7.1884000e+001  7.8000000e+002
  7.2708000e+001  8.2400000e+002
  7.3516000e+001  8.0800000e+002
  7.4284000e+001  7.6800000e+002
  7.5120000e+001  8.3600000e+002
  7.5948000e+001  8.2800000e+002
  7.6760000e+001  8.1200000e+002
  7.7560000e+001  8.0000000e+002
  7.8300000e+001  7.4000000e+002
  7.9160000e+001  8.6000000e+002
  7.9984000e+001  8.2400000e+002
  8.0764000e+001  7.8000000e+002
  8.1584000e+001  8.2000000e+002
  8.2428000e+001  8.4400000e+002
  8.3012000e+001  5.8400000e+002
  8.4004000e+001  9.9200000e+002
  8.4832000e+001  8.2800000e+002
  8.5664000e+001  8.3200000e+002
  8.6504000e+001  8.4000000e+002
  8.7284000e+001  7.8000000e+002
  8.8044000e+001  7.6000000e+002
  8.8884000e+001  8.4000000e+002
  8.9716000e+001  8.3200000e+002
  9.0564000e+001  8.4800000e+002
  9.1368000e+001  8.0400000e+002
  9.2148000e+001  7.8000000e+002
  9.2980000e+001  8.3200000e+002
  9.3732000e+001  7.5200000e+002
  9.4572000e+001  8.4000000e+002
  9.5368000e+001  7.9600000e+002
  9.6184000e+001  8.1600000e+002
  9.6964000e+001  7.8000000e+002
  9.7556000e+001  5.9200000e+002
  9.8548000e+001  9.9200000e+002
  9.9352000e+001  8.0400000e+002
  1.0014800e+002  7.9600000e+002
  1.0089600e+002  7.4800000e+002
  1.0171200e+002  8.1600000e+002
  1.0248800e+002  7.7600000e+002
  1.0329200e+002  8.0400000e+002
  1.0407200e+002  7.8000000e+002
  1.0473600e+002  6.6400000e+002
  1.0563600e+002  9.0000000e+002
  1.0644400e+002  8.0800000e+002
  1.0722000e+002  7.7600000e+002
  1.0798400e+002  7.6400000e+002
  1.0878400e+002  8.0000000e+002
  1.0951600e+002  7.3200000e+002
  1.1031200e+002  7.9600000e+002
  1.1116800e+002  8.5600000e+002
  1.1194800e+002  7.8000000e+002
  1.1272800e+002  7.8000000e+002
  1.1357200e+002  8.4400000e+002
  1.1428800e+002  7.1600000e+002
  1.1514400e+002  8.5600000e+002
  1.1592800e+002  7.8400000e+002
  1.1650800e+002  5.8000000e+002
  1.1719200e+002  6.8400000e+002
  1.1775600e+002  5.6400000e+002
  1.1872800e+002  9.7200000e+002
  1.1960800e+002  8.8000000e+002
  1.2048000e+002  8.7200000e+002
  1.2127200e+002  7.9200000e+002
  1.2207200e+002  8.0000000e+002
  1.2289600e+002  8.2400000e+002
  1.2374000e+002  8.4400000e+002
  1.2441600e+002  6.7600000e+002
  1.2532800e+002  9.1200000e+002
  1.2615200e+002  8.2400000e+002
  1.2694000e+002  7.8800000e+002
  1.2775200e+002  8.1200000e+002
  1.2855200e+002  8.0000000e+002
  1.2939600e+002  8.4400000e+002
  1.3020800e+002  8.1200000e+002
  1.3103200e+002  8.2400000e+002
  1.3181200e+002  7.8000000e+002
  1.3249600e+002  6.8400000e+002
  1.3343200e+002  9.3600000e+002
  1.3427600e+002  8.4400000e+002
  1.3513200e+002  8.5600000e+002
  1.3591200e+002  7.8000000e+002
  1.3656000e+002  6.4800000e+002
  1.3700000e+002  4.4000000e+002
  1.3801200e+002  1.0120000e+003
  1.3885600e+002  8.4400000e+002
  1.3931200e+002  4.5600000e+002
  1.4048000e+002  1.1680000e+003
  1.4137600e+002  8.9600000e+002
  1.4212800e+002  7.5200000e+002
  1.4303600e+002  9.0800000e+002
  1.4383600e+002  8.0000000e+002
  1.4460000e+002  7.6400000e+002
  1.4546400e+002  8.6400000e+002
  1.4606400e+002  6.0000000e+002
  1.4709200e+002  1.0280000e+003
  1.4770800e+002  6.1600000e+002
  1.4831600e+002  6.0800000e+002
  1.4940400e+002  1.0880000e+003
  1.5025600e+002  8.5200000e+002
  1.5114800e+002  8.9200000e+002
  1.5196400e+002  8.1600000e+002
  1.5270000e+002  7.3600000e+002
  1.5365600e+002  9.5600000e+002
  1.5446400e+002  8.0800000e+002
  1.5528400e+002  8.2000000e+002
  1.5610000e+002  8.1600000e+002
  1.5694000e+002  8.4000000e+002
  1.5762000e+002  6.8000000e+002
  1.5811600e+002  4.9600000e+002
  1.5910000e+002  9.8400000e+002
  1.5997200e+002  8.7200000e+002
  1.6084400e+002  8.7200000e+002
  1.6145600e+002  6.1200000e+002
  1.6249600e+002  1.0400000e+003
  1.6330800e+002  8.1200000e+002
  1.6414000e+002  8.3200000e+002
  1.6499200e+002  8.5200000e+002
  1.6580000e+002  8.0800000e+002
  1.6648400e+002  6.8400000e+002
  1.6744000e+002  9.5600000e+002
  1.6801200e+002  5.7200000e+002
  1.6904000e+002  1.0280000e+003
  1.6990000e+002  8.6000000e+002
  1.7074400e+002  8.4400000e+002
  1.7158000e+002  8.3600000e+002
  1.7240400e+002  8.2400000e+002
  1.7310000e+002  6.9600000e+002
  1.7404400e+002  9.4400000e+002
  1.7462000e+002  5.7600000e+002
  1.7562800e+002  1.0080000e+003
  1.7646000e+002  8.3200000e+002
  1.7724400e+002  7.8400000e+002
  1.7815600e+002  9.1200000e+002
  1.7872800e+002  5.7200000e+002
  1.7918000e+002  4.5200000e+002
  1.8018400e+002  1.0040000e+003
  1.8080800e+002  6.2400000e+002
  1.8130800e+002  5.0000000e+002
  1.8183600e+002  5.2800000e+002
  1.8247200e+002  6.3600000e+002
  1.8302400e+002  5.5200000e+002
  1.8404400e+002  1.0200000e+003
  1.8472000e+002  6.7600000e+002
  1.8578000e+002  1.0600000e+003
  1.8662400e+002  8.4400000e+002
  1.8720000e+002  5.7600000e+002
  1.8820400e+002  1.0040000e+003
  1.8881200e+002  6.0800000e+002
  1.8984000e+002  1.0280000e+003
  1.9066400e+002  8.2400000e+002
  1.9152000e+002  8.5600000e+002
  1.9234800e+002  8.2800000e+002
  1.9318000e+002  8.3200000e+002
  1.9399600e+002  8.1600000e+002
  1.9482000e+002  8.2400000e+002
  1.9562000e+002  8.0000000e+002
  1.9646400e+002  8.4400000e+002
  1.9710400e+002  6.4000000e+002
  1.9808400e+002  9.8000000e+002
  1.9866400e+002  5.8000000e+002
  1.9966800e+002  1.0040000e+003
  2.0056400e+002  8.9600000e+002
  2.0142400e+002  8.6000000e+002
  2.0223200e+002  8.0800000e+002
  2.0305200e+002  8.2000000e+002
  2.0388400e+002  8.3200000e+002
  2.0470800e+002  8.2400000e+002
  2.0550400e+002  7.9600000e+002
  2.0629600e+002  7.9200000e+002
  2.0716800e+002  8.7200000e+002
  2.0800400e+002  8.3600000e+002
  2.0883200e+002  8.2800000e+002
  2.0960800e+002  7.7600000e+002
  2.1044400e+002  8.3600000e+002
  2.1124000e+002  7.9600000e+002
  2.1210400e+002  8.6400000e+002
  2.1290000e+002  7.9600000e+002
  2.1347200e+002  5.7200000e+002
  2.1447600e+002  1.0040000e+003
  2.1534800e+002  8.7200000e+002
  2.1611600e+002  7.6800000e+002
  2.1694800e+002  8.3200000e+002
  2.1754800e+002  6.0000000e+002
  2.1855200e+002  1.0040000e+003
  2.1939600e+002  8.4400000e+002
  2.2014800e+002  7.5200000e+002
  2.2104800e+002  9.0000000e+002
  2.2161600e+002  5.6800000e+002
  2.2260800e+002  9.9200000e+002
  2.2350800e+002  9.0000000e+002
  2.2425600e+002  7.4800000e+002
  2.2512800e+002  8.7200000e+002
  2.2597200e+002  8.4400000e+002
  2.2680800e+002  8.3600000e+002
  2.2761200e+002  8.0400000e+002
  2.2839200e+002  7.8000000e+002
  2.2925200e+002  8.6000000e+002
  2.2987200e+002  6.2000000e+002
  2.3089600e+002  1.0240000e+003
  2.3176400e+002  8.6800000e+002
  2.3259200e+002  8.2800000e+002
  2.3344800e+002  8.5600000e+002
  2.3426000e+002  8.1200000e+002
  2.3495600e+002  6.9600000e+002
  2.3593200e+002  9.7600000e+002
  2.3676000e+002  8.2800000e+002
  2.3758400e+002  8.2400000e+002
  2.3803200e+002  4.4800000e+002
  2.3902800e+002  9.9600000e+002
  2.3991200e+002  8.8400000e+002
  2.4069600e+002  7.8400000e+002
  2.4161600e+002  9.2000000e+002
  2.4244000e+002  8.2400000e+002
  2.4329200e+002  8.5200000e+002
  2.4386800e+002  5.7600000e+002
  2.4489200e+002  1.0240000e+003
  2.4578000e+002  8.8800000e+002
  2.4629200e+002  5.1200000e+002
  2.4729200e+002  1.0000000e+003
  2.4818000e+002  8.8800000e+002
  2.4898400e+002  8.0400000e+002
  2.4989600e+002  9.1200000e+002
  2.5072000e+002  8.2400000e+002
  2.5156000e+002  8.4000000e+002
  2.5240000e+002  8.4000000e+002
  2.5320400e+002  8.0400000e+002
  2.5392400e+002  7.2000000e+002
  2.5484400e+002  9.2000000e+002
  2.5541600e+002  5.7200000e+002
  2.5645200e+002  1.0360000e+003
  2.5733200e+002  8.8000000e+002
  2.5816400e+002  8.3200000e+002
  2.5898000e+002  8.1600000e+002
  2.5962000e+002  6.4000000e+002
  2.6008800e+002  4.6400000e+002
  2.6109600e+002  1.0080000e+003
  2.6171600e+002  6.2000000e+002
  2.6274000e+002  1.0240000e+003
  2.6322400e+002  4.8400000e+002
  2.6424400e+002  1.0200000e+003
  2.6514800e+002  9.0400000e+002
  2.6604000e+002  8.9200000e+002
  2.6688000e+002  8.4000000e+002
  2.6770400e+002  8.2400000e+002
  2.6855200e+002  8.4800000e+002
  2.6938800e+002  8.3600000e+002
  2.7022800e+002  8.4000000e+002
  2.7091200e+002  6.8400000e+002
  2.7186400e+002  9.5200000e+002
  2.7271200e+002  8.4800000e+002
  2.7336000e+002  6.4800000e+002
  2.7438400e+002  1.0240000e+003
  2.7494000e+002  5.5600000e+002
  2.7595200e+002  1.0120000e+003
  2.7682400e+002  8.7200000e+002
  2.7760800e+002  7.8400000e+002
  2.7853200e+002  9.2400000e+002
  2.7897200e+002  4.4000000e+002
  2.8011600e+002  1.1440000e+003
  2.8101200e+002  8.9600000e+002
  2.8187600e+002  8.6400000e+002
  2.8270800e+002  8.3200000e+002
  2.8356800e+002  8.6000000e+002
  2.8413200e+002  5.6400000e+002
  2.8513200e+002  1.0000000e+003
  2.8601200e+002  8.8000000e+002
  2.8683600e+002  8.2400000e+002
  2.8767200e+002  8.3600000e+002
  2.8853200e+002  8.6000000e+002
  2.8918800e+002  6.5600000e+002
  2.9014800e+002  9.6000000e+002
  2.9097200e+002  8.2400000e+002
  2.9176800e+002  7.9600000e+002
  2.9224800e+002  4.8000000e+002
  2.9323200e+002  9.8400000e+002
  2.9412800e+002  8.9600000e+002
  2.9498800e+002  8.6000000e+002
  2.9581600e+002  8.2800000e+002
  2.9663600e+002  8.2000000e+002
  2.9743200e+002  7.9600000e+002
  2.9826400e+002  8.3200000e+002
  2.9911200e+002  8.4800000e+002
  2.9991200e+002  8.0000000e+002
  3.0049600e+002  5.8400000e+002
  3.0151600e+002  1.0200000e+003
  3.0236400e+002  8.4800000e+002
  3.0321200e+002  8.4800000e+002
  3.0382000e+002  6.0800000e+002
  3.0486800e+002  1.0480000e+003
  3.0571600e+002  8.4800000e+002
  3.0658000e+002  8.6400000e+002
  3.0741200e+002  8.3200000e+002
  3.0822400e+002  8.1200000e+002
  3.0905200e+002  8.2800000e+002
  3.0987600e+002  8.2400000e+002
  3.1071600e+002  8.4000000e+002
  3.1157600e+002  8.6000000e+002
  3.1233200e+002  7.5600000e+002
  3.1321200e+002  8.8000000e+002
  3.1384000e+002  6.2800000e+002
  3.1487600e+002  1.0360000e+003
  3.1575600e+002  8.8000000e+002
  3.1660000e+002  8.4400000e+002
  3.1727200e+002  6.7200000e+002
  3.1829600e+002  1.0240000e+003
  3.1888800e+002  5.9200000e+002
  3.1991600e+002  1.0280000e+003
  3.2084400e+002  9.2800000e+002
  3.2171200e+002  8.6800000e+002
  3.2235600e+002  6.4400000e+002
  3.2338400e+002  1.0280000e+003
  3.2396800e+002  5.8400000e+002
  3.2499200e+002  1.0240000e+003
  3.2592000e+002  9.2800000e+002
  3.2676000e+002  8.4000000e+002
  3.2739600e+002  6.3600000e+002
  3.2842000e+002  1.0240000e+003
  3.2900800e+002  5.8800000e+002
  3.3002800e+002  1.0200000e+003
  3.3095600e+002  9.2800000e+002
  3.3180400e+002  8.4800000e+002
  3.3244400e+002  6.4000000e+002
  3.3348000e+002  1.0360000e+003
  3.3405200e+002  5.7200000e+002
  3.3588400e+002  1.8320000e+003
  3.3682400e+002  9.4000000e+002
  3.3767200e+002  8.4800000e+002
  3.3851600e+002  8.4400000e+002
  3.3934000e+002  8.2400000e+002
  3.3990400e+002  5.6400000e+002
  3.4093200e+002  1.0280000e+003
  3.4178000e+002  8.4800000e+002
  3.4243600e+002  6.5600000e+002
  3.4344800e+002  1.0120000e+003
  3.4430400e+002  8.5600000e+002
  3.4513600e+002  8.3200000e+002
  3.4593600e+002  8.0000000e+002
  3.4651600e+002  5.8000000e+002
  3.4756000e+002  1.0440000e+003
  3.4844400e+002  8.8400000e+002
  3.4931600e+002  8.7200000e+002
  3.4985200e+002  5.3600000e+002
  3.5085600e+002  1.0040000e+003
  3.5173600e+002  8.8000000e+002
  3.5258400e+002  8.4800000e+002
  3.5315600e+002  5.7200000e+002
  3.5417600e+002  1.0200000e+003
  3.5505600e+002  8.8000000e+002
  3.5588000e+002  8.2400000e+002
  3.5674000e+002  8.6000000e+002
  3.5736000e+002  6.2000000e+002
  3.5836000e+002  1.0000000e+003
  3.5919600e+002  8.3600000e+002
  3.5984400e+002  6.4800000e+002
  3.6082000e+002  9.7600000e+002
  3.6168000e+002  8.6000000e+002
  3.6246400e+002  7.8400000e+002
  3.6329600e+002  8.3200000e+002
  3.6394000e+002  6.4400000e+002
  3.6494400e+002  1.0040000e+003
  3.6550000e+002  5.5600000e+002
  3.6650000e+002  1.0000000e+003
  3.6737600e+002  8.7600000e+002
  3.6822000e+002  8.4400000e+002
  3.6907600e+002  8.5600000e+002
  3.6990800e+002  8.3200000e+002
  3.7064000e+002  7.3200000e+002
  3.7154800e+002  9.0800000e+002
  3.7240000e+002  8.5200000e+002
  3.7322000e+002  8.2000000e+002
  3.7408400e+002  8.6400000e+002
  3.7465600e+002  5.7200000e+002
  3.7558000e+002  9.2400000e+002
  3.7607600e+002  4.9600000e+002
  3.7706000e+002  9.8400000e+002
  3.7768800e+002  6.2800000e+002
  3.7813200e+002  4.4400000e+002
  3.7852800e+002  3.9600000e+002
  3.7952800e+002  1.0000000e+003
  3.8037200e+002  8.4400000e+002
  3.8116400e+002  7.9200000e+002
  3.8213200e+002  9.6800000e+002
  3.8290800e+002  7.7600000e+002
  3.8378400e+002  8.7600000e+002
  3.8464800e+002  8.6400000e+002
  3.8522000e+002  5.7200000e+002
  3.8616800e+002  9.4800000e+002
  3.8712400e+002  9.5600000e+002
  3.8768400e+002  5.6000000e+002
  3.8863600e+002  9.5200000e+002
  3.8960400e+002  9.6800000e+002
  3.9016400e+002  5.6000000e+002
  3.9117600e+002  1.0120000e+003
  3.9208400e+002  9.0800000e+002
  3.9292400e+002  8.4000000e+002
  3.9356800e+002  6.4400000e+002
  3.9452800e+002  9.6000000e+002
  3.9542800e+002  9.0000000e+002
  3.9626800e+002  8.4000000e+002
  3.9685200e+002  5.8400000e+002
  3.9787200e+002  1.0200000e+003
  3.9873600e+002  8.6400000e+002
  3.9960000e+002  8.6400000e+002
  4.0020800e+002  6.0800000e+002
  4.0122400e+002  1.0160000e+003
  4.0184800e+002  6.2400000e+002
  4.0284800e+002  1.0000000e+003
  4.0372400e+002  8.7600000e+002
  4.0424800e+002  5.2400000e+002
  4.0526800e+002  1.0200000e+003
  4.0596000e+002  6.9200000e+002
  4.0694000e+002  9.8000000e+002
  4.0751200e+002  5.7200000e+002
  4.0850800e+002  9.9600000e+002
  4.0938000e+002  8.7200000e+002
  4.1018000e+002  8.0000000e+002
  4.1064800e+002  4.6800000e+002
  4.1162800e+002  9.8000000e+002
  4.1244400e+002  8.1600000e+002
  4.1327600e+002  8.3200000e+002
  4.1406000e+002  7.8400000e+002
  4.1481600e+002  7.5600000e+002
  4.1561600e+002  8.0000000e+002
  4.1640400e+002  7.8800000e+002
  4.1717600e+002  7.7200000e+002
  4.1797600e+002  8.0000000e+002
  4.1874800e+002  7.7200000e+002
  4.1954000e+002  7.9200000e+002
  4.2033200e+002  7.9200000e+002
  4.2097200e+002  6.4000000e+002
  4.2190800e+002  9.3600000e+002
  4.2272000e+002  8.1200000e+002
  4.2334000e+002  6.2000000e+002
  4.2428800e+002  9.4800000e+002
  4.2510000e+002  8.1200000e+002
  4.2590800e+002  8.0800000e+002
  4.2672000e+002  8.1200000e+002
  4.2753600e+002  8.1600000e+002
  4.2836000e+002  8.2400000e+002
  4.2921200e+002  8.5200000e+002
  4.2998800e+002  7.7600000e+002
  4.3064000e+002  6.5200000e+002
  4.3162400e+002  9.8400000e+002
  4.3248400e+002  8.6000000e+002
  4.3326400e+002  7.8000000e+002
  4.3408800e+002  8.2400000e+002
  4.3472400e+002  6.3600000e+002
  4.3545200e+002  7.2800000e+002
  4.3649200e+002  1.0400000e+003
  4.3738000e+002  8.8800000e+002
  4.3823600e+002  8.5600000e+002
  4.3912400e+002  8.8800000e+002
  4.4000400e+002  8.8000000e+002
  4.4085200e+002  8.4800000e+002
  4.4167200e+002  8.2000000e+002
  4.4222000e+002  5.4800000e+002
  4.4326800e+002  1.0480000e+003
  4.4417200e+002  9.0400000e+002
  4.4481600e+002  6.4400000e+002
  4.4588800e+002  1.0720000e+003
  4.4657200e+002  6.8400000e+002
  4.4760800e+002  1.0360000e+003
  4.4822000e+002  6.1200000e+002
  4.4926000e+002  1.0400000e+003
  4.5008000e+002  8.2000000e+002
  4.5094400e+002  8.6400000e+002
  4.5175200e+002  8.0800000e+002
  4.5234400e+002  5.9200000e+002
  4.5336800e+002  1.0240000e+003
  4.5427600e+002  9.0800000e+002
  4.5509600e+002  8.2000000e+002
  4.5593600e+002  8.4000000e+002
  4.5675600e+002  8.2000000e+002
  4.5758400e+002  8.2800000e+002
  4.5843600e+002  8.5200000e+002
  4.5925600e+002  8.2000000e+002
  4.5986000e+002  6.0400000e+002
  4.6088000e+002  1.0200000e+003
  4.6179600e+002  9.1600000e+002
  4.6260400e+002  8.0800000e+002
  4.6346000e+002  8.5600000e+002
  4.6428000e+002  8.2000000e+002
  4.6498000e+002  7.0000000e+002
  4.6596400e+002  9.8400000e+002
  4.6654000e+002  5.7600000e+002
  4.6756000e+002  1.0200000e+003
  4.6843200e+002  8.7200000e+002
  4.6898000e+002  5.4800000e+002
  4.7000400e+002  1.0240000e+003
  4.7091200e+002  9.0800000e+002
  4.7176400e+002  8.5200000e+002
  4.7239600e+002  6.3200000e+002
  4.7298400e+002  5.8800000e+002
  4.7389600e+002  9.1200000e+002
  4.7472800e+002  8.3200000e+002
  4.7577200e+002  1.0440000e+003
  4.7658000e+002  8.0800000e+002
  4.7743600e+002  8.5600000e+002
  4.7802800e+002  5.9200000e+002
  4.7888800e+002  8.6000000e+002
  4.7974800e+002  8.6000000e+002
  4.8061600e+002  8.6800000e+002
  4.8141200e+002  7.9600000e+002
  4.8218800e+002  7.7600000e+002
  4.8299200e+002  8.0400000e+002
  4.8360400e+002  6.1200000e+002
  4.8455600e+002  9.5200000e+002
  4.8533200e+002  7.7600000e+002
  4.8588000e+002  5.4800000e+002
  4.8688000e+002  1.0000000e+003
  4.8767200e+002  7.9200000e+002
  4.8845200e+002  7.8000000e+002
  4.8923600e+002  7.8400000e+002
  4.9005600e+002  8.2000000e+002
  4.9077600e+002  7.2000000e+002
  4.9160000e+002  8.2400000e+002
  4.9237600e+002  7.7600000e+002
  4.9298400e+002  6.0800000e+002
  4.9392800e+002  9.4400000e+002
  4.9476400e+002  8.3600000e+002
  4.9556800e+002  8.0400000e+002
  4.9638400e+002  8.1600000e+002
  4.9716000e+002  7.7600000e+002
  4.9788000e+002  7.2000000e+002
  4.9874800e+002  8.6800000e+002
  4.9954000e+002  7.9200000e+002
  5.0012000e+002  5.8000000e+002
  5.0108400e+002  9.6400000e+002
  5.0191200e+002  8.2800000e+002
  5.0270400e+002  7.9200000e+002
  5.0350400e+002  8.0000000e+002
  5.0430800e+002  8.0400000e+002
  5.0500400e+002  6.9600000e+002
  5.0586400e+002  8.6000000e+002
  5.0666800e+002  8.0400000e+002
  5.0726000e+002  5.9200000e+002
  5.0822800e+002  9.6800000e+002
  5.0900800e+002  7.8000000e+002
  5.0983600e+002  8.2800000e+002
  5.1041600e+002  5.8000000e+002
  5.1141200e+002  9.9600000e+002
  5.1223600e+002  8.2400000e+002
  5.1304800e+002  8.1200000e+002
  5.1390400e+002  8.5600000e+002
  5.1472400e+002  8.2000000e+002
  5.1542000e+002  6.9600000e+002
  5.1633200e+002  9.1200000e+002
  5.1715200e+002  8.2000000e+002
  5.1771200e+002  5.6000000e+002
  5.1872000e+002  1.0080000e+003
  5.1955200e+002  8.3200000e+002
  5.2041600e+002  8.6400000e+002
  5.2126400e+002  8.4800000e+002
  5.2178400e+002  5.2000000e+002
  5.2280800e+002  1.0240000e+003
  5.2336400e+002  5.5600000e+002
  5.2438000e+002  1.0160000e+003
  5.2528400e+002  9.0400000e+002
  5.2610400e+002  8.2000000e+002
  5.2695600e+002  8.5200000e+002
  5.2776000e+002  8.0400000e+002
  5.2859600e+002  8.3600000e+002
  5.2944400e+002  8.4800000e+002
  5.3025600e+002  8.1200000e+002
  5.3094800e+002  6.9200000e+002
  5.3187600e+002  9.2800000e+002
  5.3271200e+002  8.3600000e+002
  5.3355200e+002  8.4000000e+002
  5.3436400e+002  8.1200000e+002
  5.3518000e+002  8.1600000e+002
  5.3587600e+002  6.9600000e+002
  5.3681600e+002  9.4000000e+002
  5.3740400e+002  5.8800000e+002
  5.3844400e+002  1.0400000e+003
  5.3930000e+002  8.5600000e+002
  5.3995200e+002  6.5200000e+002
  5.4094400e+002  9.9200000e+002
  5.4176800e+002  8.2400000e+002
  5.4240800e+002  6.4000000e+002
  5.4342400e+002  1.0160000e+003
  5.4397600e+002  5.5200000e+002
  5.4497200e+002  9.9600000e+002
  5.4586400e+002  8.9200000e+002
  5.4671200e+002  8.4800000e+002
  5.4754800e+002  8.3600000e+002
  5.4811200e+002  5.6400000e+002
  5.4913200e+002  1.0200000e+003
  5.4996800e+002  8.3600000e+002
  5.5086000e+002  8.9200000e+002
  5.5147600e+002  6.1600000e+002
  5.5247200e+002  9.9600000e+002
  5.5328800e+002  8.1600000e+002
  5.5392800e+002  6.4000000e+002
  5.5489200e+002  9.6400000e+002
  5.5548400e+002  5.9200000e+002
  5.5649200e+002  1.0080000e+003
  5.5729600e+002  8.0400000e+002
  5.5817600e+002  8.8000000e+002
  5.5872800e+002  5.5200000e+002
  5.5959600e+002  8.6800000e+002
  5.6057200e+002  9.7600000e+002
  5.6133200e+002  7.6000000e+002
  5.6224000e+002  9.0800000e+002
  5.6282000e+002  5.8000000e+002
  5.6381600e+002  9.9600000e+002
  5.6466000e+002  8.4400000e+002
  5.6516400e+002  5.0400000e+002
  5.6616400e+002  1.0000000e+003
  5.6707200e+002  9.0800000e+002
  5.6790400e+002  8.3200000e+002
  5.6852400e+002  6.2000000e+002
  5.6950000e+002  9.7600000e+002
  5.7015600e+002  6.5600000e+002
  5.7113200e+002  9.7600000e+002
  5.7173200e+002  6.0000000e+002
  5.7274800e+002  1.0160000e+003
  5.7358400e+002  8.3600000e+002
  5.7438000e+002  7.9600000e+002
  5.7519600e+002  8.1600000e+002
  5.7600000e+002  8.0400000e+002
  5.7658000e+002  5.8000000e+002
  5.7758000e+002  1.0000000e+003
  5.7846400e+002  8.8400000e+002
  5.7924000e+002  7.7600000e+002
  5.8012000e+002  8.8000000e+002
  5.8074000e+002  6.2000000e+002
  5.8176800e+002  1.0280000e+003
  5.8264000e+002  8.7200000e+002
  5.8340000e+002  7.6000000e+002
  5.8430400e+002  9.0400000e+002
  5.8486800e+002  5.6400000e+002
  5.8577200e+002  9.0400000e+002
  5.8676400e+002  9.9200000e+002
  5.8764000e+002  8.7600000e+002
  5.8848000e+002  8.4000000e+002
  5.8932400e+002  8.4400000e+002
  5.9016400e+002  8.4000000e+002
  5.9102000e+002  8.5600000e+002
  5.9182800e+002  8.0800000e+002
  5.9265200e+002  8.2400000e+002
  5.9344800e+002  7.9600000e+002
  5.9427200e+002  8.2400000e+002
  5.9503200e+002  7.6000000e+002
  5.9594800e+002  9.1600000e+002
  5.9676400e+002  8.1600000e+002
  5.9732400e+002  5.6000000e+002
  5.9834400e+002  1.0200000e+003
  5.9924400e+002  9.0000000e+002
  6.0010800e+002  8.6400000e+002
  6.0092800e+002  8.2000000e+002
  6.0176800e+002  8.4000000e+002
  6.0258800e+002  8.2000000e+002
  6.0342800e+002  8.4000000e+002
  6.0413600e+002  7.0800000e+002
  6.0509200e+002  9.5600000e+002
  6.0589200e+002  8.0000000e+002
  6.0647600e+002  5.8400000e+002
  6.0749600e+002  1.0200000e+003
  6.0838400e+002  8.8800000e+002
  6.0918000e+002  7.9600000e+002
  6.1007600e+002  8.9600000e+002
  6.1090000e+002  8.2400000e+002
  6.1175600e+002  8.5600000e+002
  6.1255200e+002  7.9600000e+002
  6.1338400e+002  8.3200000e+002
  6.1394400e+002  5.6000000e+002
  6.1499200e+002  1.0480000e+003
  6.1583600e+002  8.4400000e+002
  6.1667600e+002  8.4000000e+002
  6.1750000e+002  8.2400000e+002
  6.1809200e+002  5.9200000e+002
  6.1910400e+002  1.0120000e+003
  6.1995600e+002  8.5200000e+002
  6.2079600e+002  8.4000000e+002
  6.2146000e+002  6.6400000e+002
  6.2244000e+002  9.8000000e+002
  6.2305600e+002  6.1600000e+002
  6.2408400e+002  1.0280000e+003
  6.2492400e+002  8.4000000e+002
  6.2574400e+002  8.2000000e+002
  6.2654800e+002  8.0400000e+002
  6.2738800e+002  8.4000000e+002
  6.2820800e+002  8.2000000e+002
  6.2894000e+002  7.3200000e+002
  6.2982400e+002  8.8400000e+002
  6.3040800e+002  5.8400000e+002
  6.3136400e+002  9.5600000e+002
  6.3230400e+002  9.4000000e+002
  6.3307200e+002  7.6800000e+002
  6.3398000e+002  9.0800000e+002
  6.3454000e+002  5.6000000e+002
  6.3556400e+002  1.0240000e+003
  6.3605600e+002  4.9200000e+002
  6.3702000e+002  9.6400000e+002
  6.3786400e+002  8.4400000e+002
  6.3870400e+002  8.4000000e+002
  6.3938000e+002  6.7600000e+002
  6.3998000e+002  6.0000000e+002
  6.4101200e+002  1.0320000e+003
  6.4190800e+002  8.9600000e+002
  6.4278400e+002  8.7600000e+002
  6.4334400e+002  5.6000000e+002
  6.4436000e+002  1.0160000e+003
  6.4524800e+002  8.8800000e+002
  6.4610400e+002  8.5600000e+002
  6.4694800e+002  8.4400000e+002
  6.4776800e+002  8.2000000e+002
  6.4852400e+002  7.5600000e+002
  6.4942800e+002  9.0400000e+002
  6.5002800e+002  6.0000000e+002
  6.5102800e+002  1.0000000e+003
  6.5186400e+002  8.3600000e+002
  6.5242800e+002  5.6400000e+002
  6.5344800e+002  1.0200000e+003
  6.5416800e+002  7.2000000e+002
  6.5514800e+002  9.8000000e+002
  6.5572800e+002  5.8000000e+002
  6.5674800e+002  1.0200000e+003
  6.5761200e+002  8.6400000e+002
  6.5847200e+002  8.6000000e+002
  6.5927600e+002  8.0400000e+002
  6.6012400e+002  8.4800000e+002
  6.6061200e+002  4.8800000e+002
  6.6160400e+002  9.9200000e+002
  6.6251200e+002  9.0800000e+002
  6.6339200e+002  8.8000000e+002
  6.6403600e+002  6.4400000e+002
  6.6504000e+002  1.0040000e+003
  6.6568800e+002  6.4800000e+002
  6.6670800e+002  1.0200000e+003
  6.6752400e+002  8.1600000e+002
  6.6834800e+002  8.2400000e+002
  6.6917600e+002  8.2800000e+002
  6.6973200e+002  5.5600000e+002
  6.7075200e+002  1.0200000e+003
  6.7162000e+002  8.6800000e+002
  6.7247600e+002  8.5600000e+002
  6.7332800e+002  8.5200000e+002
  6.7415200e+002  8.2400000e+002
  6.7486400e+002  7.1200000e+002
  6.7580800e+002  9.4400000e+002
  6.7663600e+002  8.2800000e+002
  6.7729600e+002  6.6000000e+002
  6.7829600e+002  1.0000000e+003
  6.7888800e+002  5.9200000e+002
  6.7991200e+002  1.0240000e+003
  6.8075600e+002  8.4400000e+002
  6.8162000e+002  8.6400000e+002
  6.8244000e+002  8.2000000e+002
  6.8327600e+002  8.3600000e+002
  6.8399600e+002  7.2000000e+002
  6.8494000e+002  9.4400000e+002
  6.8575600e+002  8.1600000e+002
  6.8632800e+002  5.7200000e+002
  6.8735200e+002  1.0240000e+003
  6.8824800e+002  8.9600000e+002
  6.8907600e+002  8.2800000e+002
  6.8974000e+002  6.6400000e+002
  6.9074800e+002  1.0080000e+003
  6.9134800e+002  6.0000000e+002
  6.9238000e+002  1.0320000e+003
  6.9325200e+002  8.7200000e+002
  6.9399600e+002  7.4400000e+002
  6.9489600e+002  9.0000000e+002
  6.9544400e+002  5.4800000e+002
  6.9650000e+002  1.0560000e+003
  6.9735600e+002  8.5600000e+002
  6.9823200e+002  8.7600000e+002
  6.9884000e+002  6.0800000e+002
  6.9987600e+002  1.0360000e+003
  7.0078400e+002  9.0800000e+002
  7.0164400e+002  8.6000000e+002
  7.0246400e+002  8.2000000e+002
  7.0332800e+002  8.6400000e+002
  7.0414800e+002  8.2000000e+002
  7.0498000e+002  8.3200000e+002
  7.0568800e+002  7.0800000e+002
  7.0652000e+002  8.3200000e+002
  7.0734000e+002  8.2000000e+002
  7.0788000e+002  5.4000000e+002
  7.0890000e+002  1.0200000e+003
  7.0976800e+002  8.6800000e+002
  7.1064400e+002  8.7600000e+002
  7.1124000e+002  5.9600000e+002
  7.1221200e+002  9.7200000e+002
  7.1314000e+002  9.2800000e+002
  7.1396800e+002  8.2800000e+002
  7.1460400e+002  6.3600000e+002
  7.1560400e+002  1.0000000e+003
  7.1624000e+002  6.3600000e+002
  7.1726000e+002  1.0200000e+003
  7.1810000e+002  8.4000000e+002
  7.1890800e+002  8.0800000e+002
  7.1956400e+002  6.5600000e+002
  7.2058000e+002  1.0160000e+003
  7.2116400e+002  5.8400000e+002
  7.2219200e+002  1.0280000e+003
  7.2302400e+002  8.3200000e+002
  7.2386400e+002  8.4000000e+002
  7.2470000e+002  8.3600000e+002
  7.2550800e+002  8.0800000e+002
  7.2619600e+002  6.8800000e+002
  7.2712400e+002  9.2800000e+002
  7.2773200e+002  6.0800000e+002
  7.2872800e+002  9.9600000e+002
  7.2956800e+002  8.4000000e+002
  7.3035200e+002  7.8400000e+002
  7.3118400e+002  8.3200000e+002
  7.3199200e+002  8.0800000e+002
  7.3270400e+002  7.1200000e+002
  7.3358400e+002  8.8000000e+002
  7.3438400e+002  8.0000000e+002
  7.3494800e+002  5.6400000e+002
  7.3595600e+002  1.0080000e+003
  7.3674800e+002  7.9200000e+002
  7.3753600e+002  7.8800000e+002
  7.3835200e+002  8.1600000e+002
  7.3914400e+002  7.9200000e+002
  7.3982400e+002  6.8000000e+002
  7.4074400e+002  9.2000000e+002
  7.4155200e+002  8.0800000e+002
  7.4232400e+002  7.7200000e+002
  7.4312400e+002  8.0000000e+002
  7.4392800e+002  8.0400000e+002
  7.4476800e+002  8.4000000e+002
  7.4560400e+002  8.3600000e+002
  7.4640000e+002  7.9600000e+002
  7.4705200e+002  6.5200000e+002
  7.4798400e+002  9.3200000e+002
  7.4884400e+002  8.6000000e+002
  7.4964400e+002  8.0000000e+002
  7.5042800e+002  7.8400000e+002
  7.5112800e+002  7.0000000e+002
  7.5177200e+002  6.4400000e+002
  7.5282400e+002  1.0520000e+003
  7.5350400e+002  6.8000000e+002
  7.5448400e+002  9.8000000e+002
  7.5506800e+002  5.8400000e+002
  7.5608800e+002  1.0200000e+003
  7.5696400e+002  8.7600000e+002
  7.5780400e+002  8.4000000e+002
  7.5860800e+002  8.0400000e+002
  7.5945600e+002  8.4800000e+002
  7.6030000e+002  8.4400000e+002
  7.6111600e+002  8.1600000e+002
  7.6170000e+002  5.8400000e+002
  7.6270800e+002  1.0080000e+003
  7.6355600e+002  8.4800000e+002
  7.6418800e+002  6.3200000e+002
  7.6520000e+002  1.0120000e+003
  7.6598400e+002  7.8400000e+002
  7.6662800e+002  6.4400000e+002
  7.6760800e+002  9.8000000e+002
  7.6819200e+002  5.8400000e+002
  7.6919200e+002  1.0000000e+003
  7.7003200e+002  8.4000000e+002
  7.7085200e+002  8.2000000e+002
  7.7170000e+002  8.4800000e+002
  7.7251200e+002  8.1200000e+002
  7.7320000e+002  6.8800000e+002
  7.7411600e+002  9.1600000e+002
  7.7492400e+002  8.0800000e+002
  7.7548000e+002  5.5600000e+002
  7.7648800e+002  1.0080000e+003
  7.7733600e+002  8.4800000e+002
  7.7813200e+002  7.9600000e+002
  7.7897600e+002  8.4400000e+002
  7.7971600e+002  7.4000000e+002
  7.8044400e+002  7.2800000e+002
  7.8137600e+002  9.3200000e+002
  7.8214000e+002  7.6400000e+002
  7.8292800e+002  7.8800000e+002
  7.8372400e+002  7.9600000e+002
  7.8453600e+002  8.1200000e+002
  7.8533600e+002  8.0000000e+002
  7.8611200e+002  7.7600000e+002
  7.8691200e+002  8.0000000e+002
  7.8757200e+002  6.6000000e+002
  7.8849600e+002  9.2400000e+002
  7.8927200e+002  7.7600000e+002
  7.9006400e+002  7.9200000e+002
  7.9081600e+002  7.5200000e+002
  7.9163600e+002  8.2000000e+002
  7.9231600e+002  6.8000000e+002
  7.9324000e+002  9.2400000e+002
  7.9386400e+002  6.2400000e+002
  7.9474000e+002  8.7600000e+002
  7.9566400e+002  9.2400000e+002
  7.9618800e+002  5.2400000e+002
  7.9721600e+002  1.0280000e+003
  7.9790400e+002  6.8800000e+002
  7.9886400e+002  9.6000000e+002
  7.9935600e+002  4.9200000e+002
  8.0046000e+002  1.1040000e+003
  8.0127200e+002  8.1200000e+002
  8.0212400e+002  8.5200000e+002
  8.0290800e+002  7.8400000e+002
  8.0370800e+002  8.0000000e+002
  8.0449200e+002  7.8400000e+002
  8.0529200e+002  8.0000000e+002
  8.0611600e+002  8.2400000e+002
  8.0668400e+002  5.6800000e+002
  8.0763200e+002  9.4800000e+002
  8.0848800e+002  8.5600000e+002
  8.0928800e+002  8.0000000e+002
  8.1012800e+002  8.4000000e+002
  8.1097600e+002  8.4800000e+002
  8.1166800e+002  6.9200000e+002
  8.1260000e+002  9.3200000e+002
  8.1322400e+002  6.2400000e+002
  8.1424800e+002  1.0240000e+003
  8.1511200e+002  8.6400000e+002
  8.1596800e+002  8.5600000e+002
  8.1676800e+002  8.0000000e+002
  8.1762000e+002  8.5200000e+002
  8.1827200e+002  6.5200000e+002
  8.1871200e+002  4.4000000e+002
  8.1984000e+002  1.1280000e+003
  8.2043200e+002  5.9200000e+002
  8.2139600e+002  9.6400000e+002
  8.2227200e+002  8.7600000e+002
  8.2312000e+002  8.4800000e+002
  8.2391600e+002  7.9600000e+002
  8.2479600e+002  8.8000000e+002
  8.2559200e+002  7.9600000e+002
  8.2644000e+002  8.4800000e+002
  8.2723600e+002  7.9600000e+002
  8.2796800e+002  7.3200000e+002
  8.2891200e+002  9.4400000e+002
  8.2949600e+002  5.8400000e+002
  8.3053200e+002  1.0360000e+003
  8.3140000e+002  8.6800000e+002
  8.3220400e+002  8.0400000e+002
  8.3306400e+002  8.6000000e+002
  8.3390400e+002  8.4000000e+002
  8.3455600e+002  6.5200000e+002
  8.3558400e+002  1.0280000e+003
  8.3631600e+002  7.3200000e+002
  8.3719600e+002  8.8000000e+002
  8.3804000e+002  8.4400000e+002
  8.3887600e+002  8.3600000e+002
  8.3970000e+002  8.2400000e+002
  8.4048000e+002  7.8000000e+002
  8.4131600e+002  8.3600000e+002
  8.4213600e+002  8.2000000e+002
  8.4296400e+002  8.2800000e+002
  8.4378400e+002  8.2000000e+002
  8.4460000e+002  8.1600000e+002
  8.4541200e+002  8.1200000e+002
  8.4623600e+002  8.2400000e+002
  8.4702400e+002  7.8800000e+002
  8.4788400e+002  8.6000000e+002
  8.4870000e+002  8.1600000e+002
  8.4934400e+002  6.4400000e+002
  8.5030400e+002  9.6000000e+002
  8.5112000e+002  8.1600000e+002
  8.5195200e+002  8.3200000e+002
  8.5272400e+002  7.7200000e+002
  8.5354400e+002  8.2000000e+002
  8.5410400e+002  5.6000000e+002
  8.5514800e+002  1.0440000e+003
  8.5600400e+002  8.5600000e+002
  8.5684400e+002  8.4000000e+002
  8.5764400e+002  8.0000000e+002
  8.5847200e+002  8.2800000e+002
  8.5901200e+002  5.4000000e+002
  8.6005600e+002  1.0440000e+003
  8.6075600e+002  7.0000000e+002
  8.6172400e+002  9.6800000e+002
  8.6229600e+002  5.7200000e+002
  8.6318400e+002  8.8800000e+002
  8.6410800e+002  9.2400000e+002
  8.6498400e+002  8.7600000e+002
  8.6576800e+002  7.8400000e+002
  8.6657200e+002  8.0400000e+002
  8.6736800e+002  7.9600000e+002
  8.6818800e+002  8.2000000e+002
  8.6901200e+002  8.2400000e+002
  8.6974000e+002  7.2800000e+002
  8.7063600e+002  8.9600000e+002
  8.7144800e+002  8.1200000e+002
  8.7201600e+002  5.6800000e+002
  8.7302800e+002  1.0120000e+003
  8.7390400e+002  8.7600000e+002
  8.7472400e+002  8.2000000e+002
  8.7552800e+002  8.0400000e+002
  8.7635200e+002  8.2400000e+002
  8.7711600e+002  7.6400000e+002
  8.7800000e+002  8.8400000e+002
  8.7850800e+002  5.0800000e+002
  8.7952400e+002  1.0160000e+003
  8.8010800e+002  5.8400000e+002
  8.8113200e+002  1.0240000e+003
  8.8199600e+002  8.6400000e+002
  8.8284000e+002  8.4400000e+002
  8.8365200e+002  8.1200000e+002
  8.8445200e+002  8.0000000e+002
  8.8527200e+002  8.2000000e+002
  8.8611200e+002  8.4000000e+002
  8.8673200e+002  6.2000000e+002
  8.8771600e+002  9.8400000e+002
  8.8836400e+002  6.4800000e+002
  8.8933200e+002  9.6800000e+002
  8.8992000e+002  5.8800000e+002
  8.9091200e+002  9.9200000e+002
  8.9172000e+002  8.0800000e+002
  8.9239200e+002  6.7200000e+002
  8.9335200e+002  9.6000000e+002
  8.9393200e+002  5.8000000e+002
  8.9491600e+002  9.8400000e+002
  8.9579200e+002  8.7600000e+002
  8.9659600e+002  8.0400000e+002
  8.9736400e+002  7.6800000e+002
  8.9827200e+002  9.0800000e+002
  8.9884400e+002  5.7200000e+002
  8.9983600e+002  9.9200000e+002
  9.0069200e+002  8.5600000e+002
  9.0151200e+002  8.2000000e+002
  9.0233200e+002  8.2000000e+002
  9.0313200e+002  8.0000000e+002
  9.0385600e+002  7.2400000e+002
  9.0470800e+002  8.5200000e+002
  9.0552800e+002  8.2000000e+002
  9.0618400e+002  6.5600000e+002
  9.0709600e+002  9.1200000e+002
  9.0788800e+002  7.9200000e+002
  9.0847600e+002  5.8800000e+002
  9.0932800e+002  8.5200000e+002
  9.1030000e+002  9.7200000e+002
  9.1113200e+002  8.3200000e+002
  9.1193600e+002  8.0400000e+002
  9.1273600e+002  8.0000000e+002
  9.1358400e+002  8.4800000e+002
  9.1439600e+002  8.1200000e+002
  9.1513200e+002  7.3600000e+002
  9.1600000e+002  8.6800000e+002
  9.1673600e+002  7.3600000e+002
  9.1765600e+002  9.2000000e+002
  9.1847200e+002  8.1600000e+002
  9.1912000e+002  6.4800000e+002
  9.2006800e+002  9.4800000e+002
  9.2089600e+002  8.2800000e+002
  9.2154800e+002  6.5200000e+002
  9.2252000e+002  9.7200000e+002
  9.2334800e+002  8.2800000e+002
  9.2416800e+002  8.2000000e+002
  9.2499600e+002  8.2800000e+002
  9.2582000e+002  8.2400000e+002
  9.2660400e+002  7.8400000e+002
  9.2742400e+002  8.2000000e+002
  9.2808400e+002  6.6000000e+002
  9.2908000e+002  9.9600000e+002
  9.2994400e+002  8.6400000e+002
  9.3078400e+002  8.4000000e+002
  9.3158400e+002  8.0000000e+002
  9.3242800e+002  8.4400000e+002
  9.3325600e+002  8.2800000e+002
  9.3407600e+002  8.2000000e+002
  9.3465200e+002  5.7600000e+002
  9.3570400e+002  1.0520000e+003
  9.3654800e+002  8.4400000e+002
  9.3732800e+002  7.8000000e+002
  9.3823200e+002  9.0400000e+002
  9.3880400e+002  5.7200000e+002
  9.3983200e+002  1.0280000e+003
  9.4072800e+002  8.9600000e+002
  9.4154800e+002  8.2000000e+002
  9.4241600e+002  8.6800000e+002
  9.4322800e+002  8.1200000e+002
  9.4406000e+002  8.3200000e+002
  9.4489200e+002  8.3200000e+002
  9.4571600e+002  8.2400000e+002
  9.4635200e+002  6.3600000e+002
  9.4734800e+002  9.9600000e+002
  9.4816000e+002  8.1200000e+002
  9.4898800e+002  8.2800000e+002
  9.4981600e+002  8.2800000e+002
  9.5064800e+002  8.3200000e+002
  9.5133200e+002  6.8400000e+002
  9.5226800e+002  9.3600000e+002
  9.5282800e+002  5.6000000e+002
  9.5387600e+002  1.0480000e+003
  9.5476000e+002  8.8400000e+002
  9.5563200e+002  8.7200000e+002
  9.5646000e+002  8.2800000e+002
  9.5725600e+002  7.9600000e+002
  9.5793200e+002  6.7600000e+002
  9.5891200e+002  9.8000000e+002
  9.5945200e+002  5.4000000e+002
  9.6050400e+002  1.0520000e+003
  9.6133200e+002  8.2800000e+002
  9.6197200e+002  6.4000000e+002
  9.6297600e+002  1.0040000e+003
  9.6381200e+002  8.3600000e+002
  9.6461200e+002  8.0000000e+002
  9.6540800e+002  7.9600000e+002
  9.6609600e+002  6.8800000e+002
  9.6660800e+002  5.1200000e+002
  9.6762400e+002  1.0160000e+003
  9.6837200e+002  7.4800000e+002
  9.6934800e+002  9.7600000e+002
  9.6992000e+002  5.7200000e+002
  9.7093600e+002  1.0160000e+003
  9.7180800e+002  8.7200000e+002
  9.7253600e+002  7.2800000e+002
  9.7341600e+002  8.8000000e+002
  9.7400000e+002  5.8400000e+002
  9.7502000e+002  1.0200000e+003
  9.7585600e+002  8.3600000e+002
  9.7672000e+002  8.6400000e+002
  9.7736000e+002  6.4000000e+002
  9.7836000e+002  1.0000000e+003
  9.7916000e+002  8.0000000e+002
  9.8001200e+002  8.5200000e+002
  9.8080000e+002  7.8800000e+002
  9.8162800e+002  8.2800000e+002
  9.8245600e+002  8.2800000e+002
  9.8328000e+002  8.2400000e+002
  9.8394000e+002  6.6000000e+002
  9.8494000e+002  1.0000000e+003
  9.8550000e+002  5.6000000e+002
  9.8654000e+002  1.0400000e+003
  9.8738800e+002  8.4800000e+002
  9.8816000e+002  7.7200000e+002
  9.8909200e+002  9.3200000e+002
  9.8967600e+002  5.8400000e+002
  9.9069600e+002  1.0200000e+003
  9.9154400e+002  8.4800000e+002
  9.9234800e+002  8.0400000e+002
  9.9325600e+002  9.0800000e+002
  9.9384400e+002  5.8800000e+002
  9.9484800e+002  1.0040000e+003
  9.9568400e+002  8.3600000e+002
  9.9628800e+002  6.0400000e+002
  9.9731200e+002  1.0240000e+003
  9.9804000e+002  7.2800000e+002
  9.9900400e+002  9.6400000e+002
  9.9959200e+002  5.8800000e+002
  1.0006080e+003  1.0160000e+003
  1.0014640e+003  8.5600000e+002
  1.0022080e+003  7.4400000e+002
  1.0031480e+003  9.4000000e+002
  1.0039880e+003  8.4000000e+002
  1.0047400e+003  7.5200000e+002
  1.0056440e+003  9.0400000e+002
  1.0062400e+003  5.9600000e+002
  1.0072680e+003  1.0280000e+003
  1.0081320e+003  8.6400000e+002
  1.0089280e+003  7.9600000e+002
  1.0098000e+003  8.7200000e+002
  1.0106080e+003  8.0800000e+002
  1.0113640e+003  7.5600000e+002
  1.0122560e+003  8.9200000e+002
  1.0130960e+003  8.4000000e+002
  1.0136720e+003  5.7600000e+002
  1.0146720e+003  1.0000000e+003
  1.0155760e+003  9.0400000e+002
  1.0164120e+003  8.3600000e+002
  1.0172280e+003  8.1600000e+002
  1.0180360e+003  8.0800000e+002
  1.0187880e+003  7.5200000e+002
  1.0196680e+003  8.8000000e+002
  1.0205280e+003  8.6000000e+002
  1.0210720e+003  5.4400000e+002
  1.0220920e+003  1.0200000e+003
  1.0229480e+003  8.5600000e+002
  1.0237800e+003  8.3200000e+002
  1.0246120e+003  8.3200000e+002
  1.0252480e+003  6.3600000e+002
  1.0262200e+003  9.7200000e+002
  1.0270520e+003  8.3200000e+002
  1.0276320e+003  5.8000000e+002
  1.0286520e+003  1.0200000e+003
  1.0294880e+003  8.3600000e+002
  1.0301520e+003  6.6400000e+002
  1.0311600e+003  1.0080000e+003
  1.0317240e+003  5.6400000e+002
  1.0327200e+003  9.9600000e+002
  1.0335560e+003  8.3600000e+002
  1.0344120e+003  8.5600000e+002
  1.0352240e+003  8.1200000e+002
  1.0360520e+003  8.2800000e+002
  1.0368680e+003  8.1600000e+002
  1.0376520e+003  7.8400000e+002
  1.0384960e+003  8.4400000e+002
  1.0391640e+003  6.6800000e+002
  1.0401160e+003  9.5200000e+002
  1.0407200e+003  6.0400000e+002
  1.0416960e+003  9.7600000e+002
  1.0425600e+003  8.6400000e+002
  1.0431960e+003  6.3600000e+002
  1.0441760e+003  9.8000000e+002
  1.0450000e+003  8.2400000e+002
  1.0458160e+003  8.1600000e+002
  1.0465800e+003  7.6400000e+002
  1.0474600e+003  8.8000000e+002
  1.0481160e+003  6.5600000e+002
  1.0491040e+003  9.8800000e+002
  1.0499160e+003  8.1200000e+002
  1.0505760e+003  6.6000000e+002
  1.0515600e+003  9.8400000e+002
  1.0521480e+003  5.8800000e+002
  1.0531760e+003  1.0280000e+003
  1.0537760e+003  6.0000000e+002
  1.0543960e+003  6.2000000e+002
  1.0550680e+003  6.7200000e+002
  1.0561160e+003  1.0480000e+003
  1.0567360e+003  6.2000000e+002
  1.0577640e+003  1.0280000e+003
  1.0586400e+003  8.7600000e+002
  1.0595200e+003  8.8000000e+002
  1.0603680e+003  8.4800000e+002
  1.0612280e+003  8.6000000e+002
  1.0619280e+003  7.0000000e+002
  1.0628680e+003  9.4000000e+002
  1.0634800e+003  6.1200000e+002
  1.0644800e+003  1.0000000e+003
  1.0653440e+003  8.6400000e+002
  1.0660800e+003  7.3600000e+002
  1.0670320e+003  9.5200000e+002
  1.0678240e+003  7.9200000e+002
  1.0684800e+003  6.5600000e+002
  1.0694600e+003  9.8000000e+002
  1.0700040e+003  5.4400000e+002
  1.0710320e+003  1.0280000e+003
  1.0718680e+003  8.3600000e+002
  1.0727080e+003  8.4000000e+002
  1.0735360e+003  8.2800000e+002
  1.0743760e+003  8.4000000e+002
  1.0750680e+003  6.9200000e+002
  1.0759800e+003  9.1200000e+002
  1.0767840e+003  8.0400000e+002
  1.0773760e+003  5.9200000e+002
  1.0784040e+003  1.0280000e+003
  1.0792480e+003  8.4400000e+002
  1.0800600e+003  8.1200000e+002
  1.0808760e+003  8.1600000e+002
  1.0815640e+003  6.8800000e+002
  1.0825040e+003  9.4000000e+002
  1.0831160e+003  6.1200000e+002
  1.0841080e+003  9.9200000e+002
  1.0849120e+003  8.0400000e+002
  1.0855720e+003  6.6000000e+002
  1.0865280e+003  9.5600000e+002
  1.0871280e+003  6.0000000e+002
  1.0881240e+003  9.9600000e+002
  1.0889880e+003  8.6400000e+002
  1.0896320e+003  6.4400000e+002
  1.0906240e+003  9.9200000e+002
  1.0911920e+003  5.6800000e+002
  1.0921960e+003  1.0040000e+003
  1.0930480e+003  8.5200000e+002
  1.0939200e+003  8.7200000e+002
  1.0947440e+003  8.2400000e+002
  1.0955440e+003  8.0000000e+002
  1.0963640e+003  8.2000000e+002
  1.0972000e+003  8.3600000e+002
  1.0980240e+003  8.2400000e+002
  1.0986640e+003  6.4000000e+002
  1.0996280e+003  9.6400000e+002
  1.1004800e+003  8.5200000e+002
  1.1009840e+003  5.0400000e+002
  1.1020240e+003  1.0400000e+003
  1.1026160e+003  5.9200000e+002
  1.1036640e+003  1.0480000e+003
  1.1044960e+003  8.3200000e+002
  1.1053600e+003  8.6400000e+002
  1.1061920e+003  8.3200000e+002
  1.1070080e+003  8.1600000e+002
  1.1077480e+003  7.4000000e+002
  1.1086520e+003  9.0400000e+002
  1.1094920e+003  8.4000000e+002
  1.1100720e+003  5.8000000e+002
  1.1108680e+003  7.9600000e+002
  1.1119080e+003  1.0400000e+003
  1.1128240e+003  9.1600000e+002
  1.1136680e+003  8.4400000e+002
  1.1144880e+003  8.2000000e+002
  1.1153360e+003  8.4800000e+002
  1.1161640e+003  8.2800000e+002
  1.1170200e+003  8.5600000e+002
  1.1177480e+003  7.2800000e+002
  1.1186480e+003  9.0000000e+002
  1.1194880e+003  8.4000000e+002
  1.1200480e+003  5.6000000e+002
  1.1205040e+003  4.5600000e+002
  1.1214480e+003  9.4400000e+002
  1.1224040e+003  9.5600000e+002
  1.1232960e+003  8.9200000e+002
  1.1241600e+003  8.6400000e+002
  1.1247200e+003  5.6000000e+002
  1.1257440e+003  1.0240000e+003
  1.1266480e+003  9.0400000e+002
  1.1275280e+003  8.8000000e+002
  1.1283720e+003  8.4400000e+002
  1.1291800e+003  8.0800000e+002
  1.1300120e+003  8.3200000e+002
  1.1308480e+003  8.3600000e+002
  1.1315920e+003  7.4400000e+002
  1.1320280e+003  4.3600000e+002
  1.1330560e+003  1.0280000e+003
  1.1337520e+003  6.9600000e+002
  1.1348120e+003  1.0600000e+003
  1.1355160e+003  7.0400000e+002
  1.1364880e+003  9.7200000e+002
  1.1370600e+003  5.7200000e+002
  1.1377040e+003  6.4400000e+002
  1.1387560e+003  1.0520000e+003
  1.1396680e+003  9.1200000e+002
  1.1405280e+003  8.6000000e+002
  1.1412720e+003  7.4400000e+002
  1.1422080e+003  9.3600000e+002
  1.1427720e+003  5.6400000e+002
  1.1438000e+003  1.0280000e+003
  1.1446800e+003  8.8000000e+002
  1.1455520e+003  8.7200000e+002
  1.1461680e+003  6.1600000e+002
  1.1466520e+003  4.8400000e+002
  1.1476920e+003  1.0400000e+003
  1.1484120e+003  7.2000000e+002
  1.1494200e+003  1.0080000e+003
  1.1500640e+003  6.4400000e+002
  1.1511000e+003  1.0360000e+003
  1.1517120e+003  6.1200000e+002
  1.1526320e+003  9.2000000e+002
  1.1536240e+003  9.9200000e+002
  1.1541920e+003  5.6800000e+002
  1.1551960e+003  1.0040000e+003
  1.1560800e+003  8.8400000e+002
  1.1569640e+003  8.8400000e+002
  1.1575320e+003  5.6800000e+002
  1.1585600e+003  1.0280000e+003
  1.1594360e+003  8.7600000e+002
  1.1600760e+003  6.4000000e+002
  1.1611000e+003  1.0240000e+003
  1.1616520e+003  5.5200000e+002
  1.1626680e+003  1.0160000e+003
  1.1635280e+003  8.6000000e+002
  1.1641640e+003  6.3600000e+002
  1.1652040e+003  1.0400000e+003
  1.1657560e+003  5.5200000e+002
  1.1667680e+003  1.0120000e+003
  1.1676680e+003  9.0000000e+002
  1.1684960e+003  8.2800000e+002
  1.1693160e+003  8.2000000e+002
  1.1701360e+003  8.2000000e+002
  1.1709600e+003  8.2400000e+002
  1.1715880e+003  6.2800000e+002
  1.1725760e+003  9.8800000e+002
  1.1731320e+003  5.5600000e+002
  1.1741600e+003  1.0280000e+003
  1.1750480e+003  8.8800000e+002
  1.1758680e+003  8.2000000e+002
  1.1767160e+003  8.4800000e+002
  1.1775360e+003  8.2000000e+002
  1.1781040e+003  5.6800000e+002
  1.1791240e+003  1.0200000e+003
  1.1800120e+003  8.8800000e+002
  1.1808240e+003  8.1200000e+002
  1.1816440e+003  8.2000000e+002
  1.1824920e+003  8.4800000e+002
  1.1833080e+003  8.1600000e+002
  1.1841600e+003  8.5200000e+002
  1.1849720e+003  8.1200000e+002
  1.1856360e+003  6.6400000e+002
  1.1866200e+003  9.8400000e+002
  1.1872400e+003  6.2000000e+002
  1.1881440e+003  9.0400000e+002
  1.1887080e+003  5.6400000e+002
  1.1891920e+003  4.8400000e+002
  1.1902240e+003  1.0320000e+003
  1.1908840e+003  6.6000000e+002
  1.1918880e+003  1.0040000e+003
  1.1924960e+003  6.0800000e+002
  1.1935120e+003  1.0160000e+003
  1.1944040e+003  8.9200000e+002
  1.1952640e+003  8.6000000e+002
  1.1961160e+003  8.5200000e+002
  1.1969480e+003  8.3200000e+002
  1.1977880e+003  8.4000000e+002
  1.1986040e+003  8.1600000e+002
  1.1994040e+003  8.0000000e+002
  1.2000760e+003  6.7200000e+002
  1.2010280e+003  9.5200000e+002
  1.2016320e+003  6.0400000e+002
  1.2020880e+003  4.5600000e+002
  1.2030880e+003  1.0000000e+003
  1.2039440e+003  8.5600000e+002
  1.2047880e+003  8.4400000e+002
  1.2056440e+003  8.5600000e+002
  1.2065200e+003  8.7600000e+002
  1.2072480e+003  7.2800000e+002
  1.2081720e+003  9.2400000e+002
  1.2090040e+003  8.3200000e+002
  1.2095720e+003  5.6800000e+002
  1.2105680e+003  9.9600000e+002
  1.2114480e+003  8.8000000e+002
  1.2123200e+003  8.7200000e+002
  1.2131280e+003  8.0800000e+002
  1.2139520e+003  8.2400000e+002
  1.2148000e+003  8.4800000e+002
  1.2155880e+003  7.8800000e+002
  1.2164160e+003  8.2800000e+002
  1.2170800e+003  6.6400000e+002
  1.2180480e+003  9.6800000e+002
  1.2186320e+003  5.8400000e+002
  1.2196520e+003  1.0200000e+003
  1.2204800e+003  8.2800000e+002
  1.2211280e+003  6.4800000e+002
  1.2221120e+003  9.8400000e+002
  1.2226200e+003  5.0800000e+002
  1.2236040e+003  9.8400000e+002
  1.2244320e+003  8.2800000e+002
  1.2250920e+003  6.6000000e+002
  1.2261120e+003  1.0200000e+003
  1.2266880e+003  5.7600000e+002
  1.2276720e+003  9.8400000e+002
  1.2285200e+003  8.4800000e+002
  1.2291720e+003  6.5200000e+002
  1.2301640e+003  9.9200000e+002
  1.2307360e+003  5.7200000e+002
  1.2317440e+003  1.0080000e+003
  1.2325720e+003  8.2800000e+002
  1.2334160e+003  8.4400000e+002
  1.2342160e+003  8.0000000e+002
  1.2350480e+003  8.3200000e+002
  1.2358600e+003  8.1200000e+002
  1.2366760e+003  8.1600000e+002
  1.2374920e+003  8.1600000e+002
  1.2381600e+003  6.6800000e+002
  1.2391600e+003  1.0000000e+003
  1.2397680e+003  6.0800000e+002
  1.2407680e+003  1.0000000e+003
  1.2416200e+003  8.5200000e+002
  1.2422800e+003  6.6000000e+002
  1.2433080e+003  1.0280000e+003
  1.2438640e+003  5.5600000e+002
  1.2448840e+003  1.0200000e+003
  1.2457560e+003  8.7200000e+002
  1.2465960e+003  8.4000000e+002
  1.2471640e+003  5.6800000e+002
  1.2481760e+003  1.0120000e+003
  1.2490680e+003  8.9200000e+002
  1.2497240e+003  6.5600000e+002
  1.2507440e+003  1.0200000e+003
  1.2512840e+003  5.4000000e+002
  1.2523200e+003  1.0360000e+003
  1.2532160e+003  8.9600000e+002
  1.2540640e+003  8.4800000e+002
  1.2548880e+003  8.2400000e+002
  1.2557120e+003  8.2400000e+002
  1.2562800e+003  5.6800000e+002
  1.2573080e+003  1.0280000e+003
  1.2582000e+003  8.9200000e+002
  1.2588360e+003  6.3600000e+002
  1.2598120e+003  9.7600000e+002
  1.2604040e+003  5.9200000e+002
  1.2614040e+003  1.0000000e+003
  1.2622800e+003  8.7600000e+002
  1.2629200e+003  6.4000000e+002
  1.2638840e+003  9.6400000e+002
  1.2644480e+003  5.6400000e+002
  1.2654640e+003  1.0160000e+003
  1.2663360e+003  8.7200000e+002
  1.2669640e+003  6.2800000e+002
  1.2679680e+003  1.0040000e+003
  1.2685320e+003  5.6400000e+002
  1.2695400e+003  1.0080000e+003
  1.2703820e+003  8.4200000e+002
  1.2712240e+003  8.4200000e+002
  1.2720560e+003  8.3200000e+002
  1.2728680e+003  8.1200000e+002
  1.2734360e+003  5.6800000e+002
  1.2743000e+003  8.6400000e+002
  1.2752840e+003  9.8400000e+002
  1.2760920e+003  8.0800000e+002
  1.2769280e+003  8.3600000e+002
  1.2777920e+003  8.6400000e+002
  1.2782960e+003  5.0400000e+002
  1.2787560e+003  4.6000000e+002
  1.2795720e+003  8.1600000e+002
  1.2805360e+003  9.6400000e+002
  1.2812320e+003  6.9600000e+002
  1.2821680e+003  9.3600000e+002
  1.2827680e+003  6.0000000e+002
  1.2838000e+003  1.0320000e+003
  1.2846080e+003  8.0800000e+002
  1.2852560e+003  6.4800000e+002
  1.2863040e+003  1.0480000e+003
  1.2871080e+003  8.0400000e+002
  1.2879880e+003  8.8000000e+002
  1.2887880e+003  8.0000000e+002
  1.2894600e+003  6.7200000e+002
  1.2904160e+003  9.5600000e+002
  1.2910120e+003  5.9600000e+002
  1.2920080e+003  9.9600000e+002
  1.2928920e+003  8.8400000e+002
  1.2935600e+003  6.6800000e+002
  1.2941880e+003  6.2800000e+002
  1.2952360e+003  1.0480000e+003
  1.2958120e+003  5.7600000e+002
  1.2968320e+003  1.0200000e+003
  1.2977360e+003  9.0400000e+002
  1.2983880e+003  6.5200000e+002
  1.2988000e+003  4.1200000e+002
  1.2997840e+003  9.8400000e+002
  1.3006000e+003  8.1600000e+002
  1.3015120e+003  9.1200000e+002
  1.3023760e+003  8.6400000e+002
  1.3032600e+003  8.8400000e+002
  1.3040760e+003  8.1600000e+002
  1.3048960e+003  8.2000000e+002
  1.3057320e+003  8.3600000e+002
  1.3065520e+003  8.2000000e+002
  1.3073800e+003  8.2800000e+002
  1.3082400e+003  8.6000000e+002
  1.3090520e+003  8.1200000e+002
  1.3098520e+003  8.0000000e+002
  1.3106880e+003  8.3600000e+002
  1.3115160e+003  8.2800000e+002
  1.3123360e+003  8.2000000e+002
  1.3131640e+003  8.2800000e+002
  1.3139840e+003  8.2000000e+002
  1.3148040e+003  8.2000000e+002
  1.3156160e+003  8.1200000e+002
  1.3164160e+003  8.0000000e+002
  1.3170560e+003  6.4000000e+002
  1.3180800e+003  1.0240000e+003
  1.3188400e+003  7.6000000e+002
  1.3195640e+003  7.2400000e+002
  1.3204960e+003  9.3200000e+002
  1.3213280e+003  8.3200000e+002
  1.3219760e+003  6.4800000e+002
  1.3228920e+003  9.1600000e+002
  1.3237640e+003  8.7200000e+002
  1.3243160e+003  5.5200000e+002
  1.3253200e+003  1.0040000e+003
  1.3262040e+003  8.8400000e+002
  1.3270520e+003  8.4800000e+002
  1.3278440e+003  7.9200000e+002
  1.3286760e+003  8.3200000e+002
  1.3294800e+003  8.0400000e+002
  1.3303040e+003  8.2400000e+002
  1.3311360e+003  8.3200000e+002
  1.3319200e+003  7.8400000e+002
  1.3327200e+003  8.0000000e+002
  1.3335600e+003  8.4000000e+002
  1.3343720e+003  8.1200000e+002
  1.3351600e+003  7.8800000e+002
  1.3359800e+003  8.2000000e+002
  1.3368040e+003  8.2400000e+002
  1.3375840e+003  7.8000000e+002
  1.3384360e+003  8.5200000e+002
  1.3392400e+003  8.0400000e+002
  1.3400640e+003  8.2400000e+002
  1.3408960e+003  8.3200000e+002
  1.3414840e+003  5.8800000e+002
  1.3425040e+003  1.0200000e+003
  1.3433040e+003  8.0000000e+002
  1.3439640e+003  6.6000000e+002
  1.3450240e+003  1.0600000e+003
  1.3457960e+003  7.7200000e+002
  1.3466800e+003  8.8400000e+002
  1.3475040e+003  8.2400000e+002
  1.3480760e+003  5.7200000e+002
  1.3490880e+003  1.0120000e+003
  1.3499560e+003  8.6800000e+002
  1.3506240e+003  6.6800000e+002
  1.3516440e+003  1.0200000e+003
  1.3521680e+003  5.2400000e+002
  1.3532040e+003  1.0360000e+003
  1.3540600e+003  8.5600000e+002
  1.3549200e+003  8.6000000e+002
  1.3557080e+003  7.8800000e+002
  1.3565240e+003  8.1600000e+002
  1.3573440e+003  8.2000000e+002
  1.3581520e+003  8.0800000e+002
  1.3589880e+003  8.3600000e+002
  1.3597920e+003  8.0400000e+002
  1.3605920e+003  8.0000000e+002
  1.3614280e+003  8.3600000e+002
  1.3622280e+003  8.0000000e+002
  1.3630600e+003  8.3200000e+002
  1.3636320e+003  5.7200000e+002
  1.3646360e+003  1.0040000e+003
  1.3654880e+003  8.5200000e+002
  1.3661360e+003  6.4800000e+002
  1.3671160e+003  9.8000000e+002
  1.3676800e+003  5.6400000e+002
  1.3687040e+003  1.0240000e+003
  1.3695760e+003  8.7200000e+002
  1.3703760e+003  8.0000000e+002
  1.3712000e+003  8.2400000e+002
  1.3720360e+003  8.3600000e+002
  1.3726080e+003  5.7200000e+002
  1.3736480e+003  1.0400000e+003
  1.3745080e+003  8.6000000e+002
  1.3751520e+003  6.4400000e+002
  1.3761280e+003  9.7600000e+002
  1.3767040e+003  5.7600000e+002
  1.3777200e+003  1.0160000e+003
  1.3786000e+003  8.8000000e+002
  1.3794360e+003  8.3600000e+002
  1.3802680e+003  8.3200000e+002
  1.3810960e+003  8.2800000e+002
  1.3818640e+003  7.6800000e+002
  1.3827480e+003  8.8400000e+002
  1.3835640e+003  8.1600000e+002
  1.3841400e+003  5.7600000e+002
  1.3851600e+003  1.0200000e+003
  1.3860040e+003  8.4400000e+002
  1.3866400e+003  6.3600000e+002
  1.3876840e+003  1.0440000e+003
  1.3884760e+003  7.9200000e+002
  1.3892920e+003  8.1600000e+002
  1.3901120e+003  8.2000000e+002
  1.3909000e+003  7.8800000e+002
  1.3917520e+003  8.5200000e+002
  1.3925600e+003  8.0800000e+002
  1.3931440e+003  5.8400000e+002
  1.3941440e+003  1.0000000e+003
  1.3949880e+003  8.4400000e+002
  1.3956480e+003  6.6000000e+002
  1.3966480e+003  1.0000000e+003
  1.3972040e+003  5.5600000e+002
  1.3977080e+003  5.0400000e+002
  1.3982040e+003  4.9600000e+002
  1.3990480e+003  8.4400000e+002
  1.3996880e+003  6.4000000e+002
  1.4007040e+003  1.0160000e+003
  1.4012560e+003  5.5200000e+002
  1.4022480e+003  9.9200000e+002
  1.4030920e+003  8.4400000e+002
  1.4037400e+003  6.4800000e+002
  1.4042480e+003  5.0800000e+002
  1.4052320e+003  9.8400000e+002
  1.4060320e+003  8.0000000e+002
  1.4068920e+003  8.6000000e+002
  1.4074720e+003  5.8000000e+002
  1.4084320e+003  9.6000000e+002
  1.4093120e+003  8.8000000e+002
  1.4101360e+003  8.2400000e+002
  1.4109560e+003  8.2000000e+002
  1.4116040e+003  6.4800000e+002
  1.4125560e+003  9.5200000e+002
  1.4133560e+003  8.0000000e+002
  1.4141760e+003  8.2000000e+002
  1.4149840e+003  8.0800000e+002
  1.4158320e+003  8.4800000e+002
  1.4166120e+003  7.8000000e+002
  1.4174280e+003  8.1600000e+002
  1.4182400e+003  8.1200000e+002
  1.4189000e+003  6.6000000e+002
  1.4199000e+003  1.0000000e+003
  1.4204400e+003  5.4000000e+002
  1.4214800e+003  1.0400000e+003
  1.4223360e+003  8.5600000e+002
  1.4231400e+003  8.0400000e+002
  1.4239840e+003  8.4400000e+002
  1.4248320e+003  8.4800000e+002
  1.4255240e+003  6.9200000e+002
  1.4264440e+003  9.2000000e+002
  1.4272600e+003  8.1600000e+002
  1.4278320e+003  5.7200000e+002
  1.4288720e+003  1.0400000e+003
  1.4297440e+003  8.7200000e+002
  1.4305880e+003  8.4400000e+002
  1.4314600e+003  8.7200000e+002
  1.4322880e+003  8.2800000e+002
  1.4330120e+003  7.2400000e+002
  1.4339080e+003  8.9600000e+002
  1.4347680e+003  8.6000000e+002
  1.4353360e+003  5.6800000e+002
  1.4363360e+003  1.0000000e+003
  1.4372320e+003  8.9600000e+002
  1.4378800e+003  6.4800000e+002
  1.4383680e+003  4.8800000e+002
  1.4394080e+003  1.0400000e+003
  1.4402560e+003  8.4800000e+002
  1.4411000e+003  8.4400000e+002
  1.4416840e+003  5.8400000e+002
  1.4426920e+003  1.0080000e+003
  1.4435920e+003  9.0000000e+002
  1.4444360e+003  8.4400000e+002
  1.4450320e+003  5.9600000e+002
  1.4459680e+003  9.3600000e+002
  1.4468760e+003  9.0800000e+002
  1.4474520e+003  5.7600000e+002
  1.4485000e+003  1.0480000e+003
  1.4494080e+003  9.0800000e+002
  1.4502560e+003  8.4800000e+002
  1.4510760e+003  8.2000000e+002
  1.4516400e+003  5.6400000e+002
  1.4526880e+003  1.0480000e+003
  1.4535600e+003  8.7200000e+002
  1.4543840e+003  8.2400000e+002
  1.4549600e+003  5.7600000e+002
  1.4559800e+003  1.0200000e+003
  1.4568560e+003  8.7600000e+002
  1.4577240e+003  8.6800000e+002
  1.4582800e+003  5.5600000e+002
  1.4592920e+003  1.0120000e+003
  1.4601440e+003  8.5200000e+002
  1.4608040e+003  6.6000000e+002
  1.4617920e+003  9.8800000e+002
  1.4626400e+003  8.4800000e+002
  1.4632800e+003  6.4000000e+002
  1.4642280e+003  9.4800000e+002
  1.4650440e+003  8.1600000e+002
  1.4656880e+003  6.4400000e+002
  1.4666440e+003  9.5600000e+002
  1.4672440e+003  6.0000000e+002
  1.4682680e+003  1.0240000e+003
  1.4691040e+003  8.3600000e+002
  1.4698440e+003  7.4000000e+002
  1.4707440e+003  9.0000000e+002
  1.4715680e+003  8.2400000e+002
  1.4722280e+003  6.6000000e+002
  1.4732080e+003  9.8000000e+002
  1.4740280e+003  8.2000000e+002
  1.4748320e+003  8.0400000e+002
  1.4756680e+003  8.3600000e+002
  1.4764800e+003  8.1200000e+002
  1.4770640e+003  5.8400000e+002
  1.4780720e+003  1.0080000e+003
  1.4789320e+003  8.6000000e+002
  1.4795760e+003  6.4400000e+002
  1.4805520e+003  9.7600000e+002
  1.4811360e+003  5.8400000e+002
  1.4821720e+003  1.0360000e+003
  1.4826960e+003  5.2400000e+002
  1.4836520e+003  9.5600000e+002
  1.4842280e+003  5.7600000e+002
  1.4852320e+003  1.0040000e+003
  1.4861080e+003  8.7600000e+002
  1.4867520e+003  6.4400000e+002
  1.4877160e+003  9.6400000e+002
  1.4883160e+003  6.0000000e+002
  1.4893000e+003  9.8400000e+002
  1.4901320e+003  8.3200000e+002
  1.4907840e+003  6.5200000e+002
  1.4917280e+003  9.4400000e+002
  1.4923680e+003  6.4000000e+002
  1.4933480e+003  9.8000000e+002
  1.4941320e+003  7.8400000e+002
  1.4947600e+003  6.2800000e+002
  1.4956960e+003  9.3600000e+002
  1.4965200e+003  8.2400000e+002
  1.4972840e+003  7.6400000e+002
  1.4981040e+003  8.2000000e+002
  1.4989200e+003  8.1600000e+002
  1.4995320e+003  6.1200000e+002
  1.5005120e+003  9.8000000e+002
  1.5013200e+003  8.0800000e+002
  1.5020760e+003  7.5600000e+002
  1.5029200e+003  8.4400000e+002
  1.5037400e+003  8.2000000e+002
  1.5043160e+003  5.7600000e+002
  1.5053200e+003  1.0040000e+003
  1.5061960e+003  8.7600000e+002
  1.5069960e+003  8.0000000e+002
  1.5076800e+003  6.8400000e+002
  1.5086480e+003  9.6800000e+002
  1.5094360e+003  7.8800000e+002
  1.5102240e+003  7.8800000e+002
  1.5110280e+003  8.0400000e+002
  1.5116880e+003  6.6000000e+002
  1.5126040e+003  9.1600000e+002
  1.5134200e+003  8.1600000e+002
  1.5141760e+003  7.5600000e+002
  1.5149680e+003  7.9200000e+002
  1.5158080e+003  8.4000000e+002
  1.5163800e+003  5.7200000e+002
  1.5173640e+003  9.8400000e+002
  1.5181960e+003  8.3200000e+002
  1.5188680e+003  6.7200000e+002
  1.5198280e+003  9.6000000e+002
  1.5204040e+003  5.7600000e+002
  1.5213840e+003  9.8000000e+002
  1.5222040e+003  8.2000000e+002
  1.5228840e+003  6.8000000e+002
  1.5238800e+003  9.9600000e+002
  1.5244400e+003  5.6000000e+002
  1.5254200e+003  9.8000000e+002
  1.5262760e+003  8.5600000e+002
  1.5269280e+003  6.5200000e+002
  1.5278880e+003  9.6000000e+002
  1.5284640e+003  5.7600000e+002
  1.5294680e+003  1.0040000e+003
  1.5303040e+003  8.3600000e+002
  1.5309440e+003  6.4000000e+002
  1.5319840e+003  1.0400000e+003
  1.5325120e+003  5.2800000e+002
  1.5335680e+003  1.0560000e+003
  1.5344080e+003  8.4000000e+002
  1.5352640e+003  8.5600000e+002
  1.5361080e+003  8.4400000e+002
  1.5367560e+003  6.4800000e+002
  1.5377440e+003  9.8800000e+002
  1.5385680e+003  8.2400000e+002
  1.5391240e+003  5.5600000e+002
  1.5401480e+003  1.0240000e+003
  1.5410240e+003  8.7600000e+002
  1.5416560e+003  6.3200000e+002
  1.5426880e+003  1.0320000e+003
  1.5435320e+003  8.4400000e+002
  1.5443400e+003  8.0800000e+002
  1.5451680e+003  8.2800000e+002
  1.5459160e+003  7.4800000e+002
  1.5463880e+003  4.7200000e+002
  1.5474080e+003  1.0200000e+003
  1.5482280e+003  8.2000000e+002
  1.5491080e+003  8.8000000e+002
  1.5499280e+003  8.2000000e+002
  1.5505120e+003  5.8400000e+002
  1.5515520e+003  1.0400000e+003
  1.5524280e+003  8.7600000e+002
  1.5532320e+003  8.0400000e+002
  1.5540680e+003  8.3600000e+002
  1.5548880e+003  8.2000000e+002
  1.5557200e+003  8.3200000e+002
  1.5565520e+003  8.3200000e+002
  1.5571120e+003  5.6000000e+002
  1.5581320e+003  1.0200000e+003
  1.5589920e+003  8.6000000e+002
  1.5596360e+003  6.4400000e+002
  1.5606000e+003  9.6400000e+002
  1.5611960e+003  5.9600000e+002
  1.5622040e+003  1.0080000e+003
  1.5630600e+003  8.5600000e+002
  1.5637120e+003  6.5200000e+002
  1.5646960e+003  9.8400000e+002
  1.5652600e+003  5.6400000e+002
  1.5662640e+003  1.0040000e+003
  1.5670800e+003  8.1600000e+002
  1.5677400e+003  6.6000000e+002
  1.5686920e+003  9.5200000e+002
  1.5693200e+003  6.2800000e+002
  1.5703040e+003  9.8400000e+002
  1.5711440e+003  8.4000000e+002
  1.5717840e+003  6.4000000e+002
  1.5727240e+003  9.4000000e+002
  1.5735600e+003  8.3600000e+002
  1.5741200e+003  5.6000000e+002
  1.5751400e+003  1.0200000e+003
  1.5759840e+003  8.4400000e+002
  1.5767640e+003  7.8000000e+002
  1.5773600e+003  5.9600000e+002
  1.5783440e+003  9.8400000e+002
  1.5792240e+003  8.8000000e+002
  1.5798840e+003  6.6000000e+002
  1.5808760e+003  9.9200000e+002
  1.5814600e+003  5.8400000e+002
  1.5824480e+003  9.8800000e+002
  1.5833240e+003  8.7600000e+002
  1.5839680e+003  6.4400000e+002
  1.5849680e+003  1.0000000e+003
  1.5855320e+003  5.6400000e+002
  1.5865400e+003  1.0080000e+003
  1.5871800e+003  6.4000000e+002
  1.5877600e+003  5.8000000e+002
  1.5888080e+003  1.0480000e+003
  1.5893560e+003  5.4800000e+002
  1.5898320e+003  4.7600000e+002
  1.5908080e+003  9.7600000e+002
  1.5916520e+003  8.4400000e+002
  1.5922440e+003  5.9200000e+002
  1.5932120e+003  9.6800000e+002
  1.5941080e+003  8.9600000e+002
  1.5949480e+003  8.4000000e+002
  1.5957920e+003  8.4400000e+002
  1.5966240e+003  8.3200000e+002
  1.5974000e+003  7.7600000e+002
  1.5982640e+003  8.6400000e+002
  1.5990800e+003  8.1600000e+002
  1.5996800e+003  6.0000000e+002
  1.6001120e+003  4.3200000e+002
  1.6011320e+003  1.0200000e+003
  1.6018040e+003  6.7200000e+002
  1.6028480e+003  1.0440000e+003
  1.6034280e+003  5.8000000e+002
  1.6044320e+003  1.0040000e+003
  1.6053240e+003  8.9200000e+002
  1.6059520e+003  6.2800000e+002
  1.6070160e+003  1.0640000e+003
  1.6077560e+003  7.4000000e+002
  1.6086960e+003  9.4000000e+002
  1.6095160e+003  8.2000000e+002
  1.6101760e+003  6.6000000e+002
  1.6109560e+003  7.8000000e+002
  1.6120000e+003  1.0440000e+003
  1.6128480e+003  8.4800000e+002
  1.6136800e+003  8.3200000e+002
  1.6142400e+003  5.6000000e+002
  1.6152760e+003  1.0360000e+003
  1.6161560e+003  8.8000000e+002
  1.6170360e+003  8.8000000e+002
  1.6176040e+003  5.6800000e+002
  1.6186080e+003  1.0040000e+003
  1.6194680e+003  8.6000000e+002
  1.6203040e+003  8.3600000e+002
  1.6211760e+003  8.7200000e+002
  1.6220200e+003  8.4400000e+002
  1.6227240e+003  7.0400000e+002
  1.6236600e+003  9.3600000e+002
  1.6244840e+003  8.2400000e+002
  1.6250480e+003  5.6400000e+002
  1.6260720e+003  1.0240000e+003
  1.6269640e+003  8.9200000e+002
  1.6277920e+003  8.2800000e+002
  1.6286040e+003  8.1200000e+002
  1.6291880e+003  5.8400000e+002
  1.6302120e+003  1.0240000e+003
  1.6310600e+003  8.4800000e+002
  1.6318480e+003  7.8800000e+002
  1.6326280e+003  7.8000000e+002
  1.6333960e+003  7.6800000e+002
  1.6342520e+003  8.5600000e+002
  1.6351000e+003  8.4800000e+002
  1.6356520e+003  5.5200000e+002
  1.6366800e+003  1.0280000e+003
  1.6375160e+003  8.3600000e+002
  1.6383320e+003  8.1600000e+002
  1.6391560e+003  8.2400000e+002
  1.6399800e+003  8.2400000e+002
  1.6407680e+003  7.8800000e+002
  1.6415560e+003  7.8800000e+002
  1.6423920e+003  8.3600000e+002
  1.6430520e+003  6.6000000e+002
  1.6440120e+003  9.6000000e+002
  1.6445920e+003  5.8000000e+002
  1.6454240e+003  8.3200000e+002
  1.6460000e+003  5.7600000e+002
  1.6470160e+003  1.0160000e+003
  1.6478560e+003  8.4000000e+002
  1.6487480e+003  8.9200000e+002
  1.6492920e+003  5.4400000e+002
  1.6503000e+003  1.0080000e+003
  1.6511760e+003  8.7600000e+002
  1.6519840e+003  8.0800000e+002
  1.6528280e+003  8.4400000e+002
  1.6536680e+003  8.4000000e+002
  1.6542360e+003  5.6800000e+002
  1.6552240e+003  9.8800000e+002
  1.6560640e+003  8.4000000e+002
  1.6567120e+003  6.4800000e+002
  1.6576880e+003  9.7600000e+002
  1.6582640e+003  5.7600000e+002
  1.6592560e+003  9.9200000e+002
  1.6600680e+003  8.1200000e+002
  1.6607360e+003  6.6800000e+002
  1.6617040e+003  9.6800000e+002
  1.6622880e+003  5.8400000e+002
  1.6632640e+003  9.7600000e+002
  1.6640960e+003  8.3200000e+002
  1.6647320e+003  6.3600000e+002
  1.6657080e+003  9.7600000e+002
  1.6662960e+003  5.8800000e+002
  1.6672920e+003  9.9600000e+002
  1.6681120e+003  8.2000000e+002
  1.6687520e+003  6.4000000e+002
  1.6697240e+003  9.7200000e+002
  1.6703160e+003  5.9200000e+002
  1.6712920e+003  9.7600000e+002
  1.6721480e+003  8.5600000e+002
  1.6727920e+003  6.4400000e+002
  1.6737840e+003  9.9200000e+002
  1.6743560e+003  5.7200000e+002
  1.6753600e+003  1.0040000e+003
  1.6761800e+003  8.2000000e+002
  1.6768560e+003  6.7600000e+002
  1.6778600e+003  1.0040000e+003
  1.6783880e+003  5.2800000e+002
  1.6794520e+003  1.0640000e+003
  1.6803000e+003  8.4800000e+002
  1.6809480e+003  6.4800000e+002
  1.6819600e+003  1.0120000e+003
  1.6825400e+003  5.8000000e+002
  1.6835480e+003  1.0080000e+003
  1.6844320e+003  8.8400000e+002
  1.6852480e+003  8.1600000e+002
  1.6861080e+003  8.6000000e+002
  1.6866920e+003  5.8400000e+002
  1.6876880e+003  9.9600000e+002
  1.6885760e+003  8.8800000e+002
  1.6894320e+003  8.5600000e+002
  1.6902680e+003  8.3600000e+002
  1.6908280e+003  5.6000000e+002
  1.6918640e+003  1.0360000e+003
  1.6927360e+003  8.7200000e+002
  1.6933520e+003  6.1600000e+002
  1.6943920e+003  1.0400000e+003
  1.6949600e+003  5.6800000e+002
  1.6959520e+003  9.9200000e+002
  1.6968160e+003  8.6400000e+002
  1.6974720e+003  6.5600000e+002
  1.6984560e+003  9.8400000e+002
  1.6990920e+003  6.3600000e+002
  1.7000880e+003  9.9600000e+002
  1.7008960e+003  8.0800000e+002
  1.7015360e+003  6.4000000e+002
  1.7025600e+003  1.0240000e+003
  1.7031800e+003  6.2000000e+002
  1.7041600e+003  9.8000000e+002
  1.7049760e+003  8.1600000e+002
  1.7056480e+003  6.7200000e+002
  1.7066080e+003  9.6000000e+002
  1.7074600e+003  8.5200000e+002
  1.7080360e+003  5.7600000e+002
  1.7090400e+003  1.0040000e+003
  1.7098640e+003  8.2400000e+002
  1.7105400e+003  6.7600000e+002
  1.7115440e+003  1.0040000e+003
  1.7121560e+003  6.1200000e+002
  1.7131800e+003  1.0240000e+003
  1.7139240e+003  7.4400000e+002
  1.7145640e+003  6.4000000e+002
  1.7149800e+003  4.1600000e+002
  1.7159200e+003  9.4000000e+002
  1.7168280e+003  9.0800000e+002
  1.7174120e+003  5.8400000e+002
  1.7184040e+003  9.9200000e+002
  1.7192640e+003  8.6000000e+002
  1.7199280e+003  6.6400000e+002
  1.7209680e+003  1.0400000e+003
  1.7215040e+003  5.3600000e+002
  1.7224320e+003  9.2800000e+002
  1.7232800e+003  8.4800000e+002
  1.7239280e+003  6.4800000e+002
  1.7249480e+003  1.0200000e+003
  1.7255320e+003  5.8400000e+002
  1.7265320e+003  1.0000000e+003
  1.7273520e+003  8.2000000e+002
  1.7280240e+003  6.7200000e+002
  1.7289920e+003  9.6800000e+002
  1.7296720e+003  6.8000000e+002
  1.7306320e+003  9.6000000e+002
  1.7314520e+003  8.2000000e+002
  1.7321160e+003  6.6400000e+002
  1.7330760e+003  9.6000000e+002
  1.7339160e+003  8.4000000e+002
  1.7344840e+003  5.6800000e+002
  1.7354800e+003  9.9600000e+002
  1.7361720e+003  6.9200000e+002
  1.7371760e+003  1.0040000e+003
  1.7380240e+003  8.4800000e+002
  1.7388160e+003  7.9200000e+002
  1.7396560e+003  8.4000000e+002
  1.7402000e+003  5.4400000e+002
  1.7411840e+003  9.8400000e+002
  1.7420800e+003  8.9600000e+002
  1.7428960e+003  8.1600000e+002
  1.7437600e+003  8.6400000e+002
  1.7446240e+003  8.6400000e+002
  1.7454320e+003  8.0800000e+002
  1.7462400e+003  8.0800000e+002
  1.7468000e+003  5.6000000e+002
  1.7478400e+003  1.0400000e+003
  1.7487360e+003  8.9600000e+002
  1.7495800e+003  8.4400000e+002
  1.7504080e+003  8.2800000e+002
  1.7512200e+003  8.1200000e+002
  1.7520320e+003  8.1200000e+002
  1.7528720e+003  8.4000000e+002
  1.7536640e+003  7.9200000e+002
  1.7541520e+003  4.8800000e+002
  1.7551440e+003  9.9200000e+002
  1.7559880e+003  8.4400000e+002
  1.7566560e+003  6.6800000e+002
  1.7576960e+003  1.0400000e+003
  1.7582560e+003  5.6000000e+002
  1.7592680e+003  1.0120000e+003
  1.7600920e+003  8.2400000e+002
  1.7607520e+003  6.6000000e+002
  1.7617680e+003  1.0160000e+003
  1.7623160e+003  5.4800000e+002
  1.7633320e+003  1.0160000e+003
  1.7641600e+003  8.2800000e+002
  1.7648080e+003  6.4800000e+002
  1.7657920e+003  9.8400000e+002
  1.7666320e+003  8.4000000e+002
  1.7672600e+003  6.2800000e+002
  1.7682400e+003  9.8000000e+002
  1.7690360e+003  7.9600000e+002
  1.7696840e+003  6.4800000e+002
  1.7706600e+003  9.7600000e+002
  1.7714800e+003  8.2000000e+002
  1.7721360e+003  6.5600000e+002
  1.7730880e+003  9.5200000e+002
  1.7738760e+003  7.8800000e+002
  1.7745360e+003  6.6000000e+002
  1.7755040e+003  9.6800000e+002
  1.7762960e+003  7.9200000e+002
  1.7771280e+003  8.3200000e+002
  1.7779000e+003  7.7200000e+002
  1.7785000e+003  6.0000000e+002
  1.7795040e+003  1.0040000e+003
  1.7803520e+003  8.4800000e+002
  1.7809960e+003  6.4400000e+002
  1.7819400e+003  9.4400000e+002
  1.7827640e+003  8.2400000e+002
  1.7835440e+003  7.8000000e+002
  1.7843800e+003  8.3600000e+002
  1.7852080e+003  8.2800000e+002
  1.7857840e+003  5.7600000e+002
  1.7867960e+003  1.0120000e+003
  1.7876040e+003  8.0800000e+002
  1.7881280e+003  5.2400000e+002
  1.7891520e+003  1.0240000e+003
  1.7900320e+003  8.8000000e+002
  1.7906040e+003  5.7200000e+002
  1.7916040e+003  1.0000000e+003
  1.7924320e+003  8.2800000e+002
  1.7930800e+003  6.4800000e+002
  1.7940840e+003  1.0040000e+003
  1.7946480e+003  5.6400000e+002
  1.7956560e+003  1.0080000e+003
  1.7965120e+003  8.5600000e+002
  1.7973360e+003  8.2400000e+002
  1.7981920e+003  8.5600000e+002
  1.7990120e+003  8.2000000e+002
  1.7997120e+003  7.0000000e+002
