  1.3280000e+000  6.7200000e+002
  2.0040000e+000  6.7600000e+002
  2.6720000e+000  6.6800000e+002
  3.3440000e+000  6.7200000e+002
  4.0200000e+000  6.7600000e+002
  4.6920000e+000  6.7200000e+002
  5.3560000e+000  6.6400000e+002
  6.0160000e+000  6.6000000e+002
  6.6800000e+000  6.6400000e+002
  7.3400000e+000  6.6000000e+002
  8.0040000e+000  6.6400000e+002
  8.6760000e+000  6.7200000e+002
  9.3480000e+000  6.7200000e+002
  1.0028000e+001  6.8000000e+002
  1.0716000e+001  6.8800000e+002
  1.1396000e+001  6.8000000e+002
  1.2088000e+001  6.9200000e+002
  1.2780000e+001  6.9200000e+002
  1.3472000e+001  6.9200000e+002
  1.4168000e+001  6.9600000e+002
  1.4864000e+001  6.9600000e+002
  1.5564000e+001  7.0000000e+002
  1.6260000e+001  6.9600000e+002
  1.6956000e+001  6.9600000e+002
  1.7656000e+001  7.0000000e+002
  1.8348000e+001  6.9200000e+002
  1.9048000e+001  7.0000000e+002
  1.9744000e+001  6.9600000e+002
  2.0436000e+001  6.9200000e+002
  2.1132000e+001  6.9600000e+002
  2.1832000e+001  7.0000000e+002
  2.2532000e+001  7.0000000e+002
  2.3228000e+001  6.9600000e+002
  2.3924000e+001  6.9600000e+002
  2.4620000e+001  6.9600000e+002
  2.5312000e+001  6.9200000e+002
  2.6000000e+001  6.8800000e+002
  2.6692000e+001  6.9200000e+002
  2.7376000e+001  6.8400000e+002
  2.8068000e+001  6.9200000e+002
  2.8752000e+001  6.8400000e+002
  2.9440000e+001  6.8800000e+002
  3.0128000e+001  6.8800000e+002
  3.0820000e+001  6.9200000e+002
  3.1512000e+001  6.9200000e+002
  3.2204000e+001  6.9200000e+002
  3.2896000e+001  6.9200000e+002
  3.3592000e+001  6.9600000e+002
  3.4280000e+001  6.8800000e+002
  3.4972000e+001  6.9200000e+002
  3.5668000e+001  6.9600000e+002
  3.6356000e+001  6.8800000e+002
  3.7052000e+001  6.9600000e+002
  3.7744000e+001  6.9200000e+002
  3.8436000e+001  6.9200000e+002
  3.9128000e+001  6.9200000e+002
  3.9816000e+001  6.8800000e+002
  4.0512000e+001  6.9600000e+002
  4.1204000e+001  6.9200000e+002
  4.1900000e+001  6.9600000e+002
  4.2600000e+001  7.0000000e+002
  4.3300000e+001  7.0000000e+002
  4.4004000e+001  7.0400000e+002
  4.4708000e+001  7.0400000e+002
  4.5404000e+001  6.9600000e+002
  4.6108000e+001  7.0400000e+002
  4.6812000e+001  7.0400000e+002
  4.7512000e+001  7.0000000e+002
  4.8216000e+001  7.0400000e+002
  4.8912000e+001  6.9600000e+002
  4.9612000e+001  7.0000000e+002
  5.0304000e+001  6.9200000e+002
  5.0992000e+001  6.8800000e+002
  5.1676000e+001  6.8400000e+002
  5.2348000e+001  6.7200000e+002
  5.3028000e+001  6.8000000e+002
  5.3704000e+001  6.7600000e+002
  5.4376000e+001  6.7200000e+002
  5.5052000e+001  6.7600000e+002
  5.5728000e+001  6.7600000e+002
  5.6404000e+001  6.7600000e+002
  5.7088000e+001  6.8400000e+002
  5.7768000e+001  6.8000000e+002
  5.8460000e+001  6.9200000e+002
  5.9152000e+001  6.9200000e+002
  5.9844000e+001  6.9200000e+002
  6.0548000e+001  7.0400000e+002
  6.1248000e+001  7.0000000e+002
  6.1948000e+001  7.0000000e+002
  6.2652000e+001  7.0400000e+002
  6.3352000e+001  7.0000000e+002
  6.4052000e+001  7.0000000e+002
  6.4748000e+001  6.9600000e+002
  6.5448000e+001  7.0000000e+002
  6.6148000e+001  7.0000000e+002
  6.6844000e+001  6.9600000e+002
  6.7544000e+001  7.0000000e+002
  6.8244000e+001  7.0000000e+002
  6.8940000e+001  6.9600000e+002
  6.9640000e+001  7.0000000e+002
  7.0336000e+001  6.9600000e+002
  7.1036000e+001  7.0000000e+002
  7.1740000e+001  7.0400000e+002
  7.2436000e+001  6.9600000e+002
  7.3136000e+001  7.0000000e+002
  7.3836000e+001  7.0000000e+002
  7.4532000e+001  6.9600000e+002
  7.5236000e+001  7.0400000e+002
  7.5932000e+001  6.9600000e+002
  7.6628000e+001  6.9600000e+002
  7.7328000e+001  7.0000000e+002
  7.8020000e+001  6.9200000e+002
  7.8720000e+001  7.0000000e+002
  7.9416000e+001  6.9600000e+002
  8.0112000e+001  6.9600000e+002
  8.0812000e+001  7.0000000e+002
  8.1504000e+001  6.9200000e+002
  8.2204000e+001  7.0000000e+002
  8.2904000e+001  7.0000000e+002
  8.3600000e+001  6.9600000e+002
  8.4300000e+001  7.0000000e+002
  8.4996000e+001  6.9600000e+002
  8.5688000e+001  6.9200000e+002
  8.6392000e+001  7.0400000e+002
  8.7088000e+001  6.9600000e+002
  8.7788000e+001  7.0000000e+002
  8.8492000e+001  7.0400000e+002
  8.9188000e+001  6.9600000e+002
  8.9892000e+001  7.0400000e+002
  9.0592000e+001  7.0000000e+002
  9.1288000e+001  6.9600000e+002
  9.1992000e+001  7.0400000e+002
  9.2692000e+001  7.0000000e+002
  9.3396000e+001  7.0400000e+002
  9.4100000e+001  7.0400000e+002
  9.4796000e+001  6.9600000e+002
  9.5496000e+001  7.0000000e+002
  9.6200000e+001  7.0400000e+002
  9.6900000e+001  7.0000000e+002
  9.7608000e+001  7.0800000e+002
  9.8312000e+001  7.0400000e+002
  9.9016000e+001  7.0400000e+002
  9.9724000e+001  7.0800000e+002
  1.0043200e+002  7.0800000e+002
  1.0114000e+002  7.0800000e+002
  1.0184800e+002  7.0800000e+002
  1.0255600e+002  7.0800000e+002
  1.0326400e+002  7.0800000e+002
  1.0396800e+002  7.0400000e+002
  1.0467200e+002  7.0400000e+002
  1.0537600e+002  7.0400000e+002
  1.0607600e+002  7.0000000e+002
  1.0678000e+002  7.0400000e+002
  1.0747600e+002  6.9600000e+002
  1.0817200e+002  6.9600000e+002
  1.0887600e+002  7.0400000e+002
  1.0948000e+002  6.0400000e+002
  1.1025600e+002  7.7600000e+002
  1.1096000e+002  7.0400000e+002
  1.1166000e+002  7.0000000e+002
  1.1236000e+002  7.0000000e+002
  1.1305600e+002  6.9600000e+002
  1.1374800e+002  6.9200000e+002
  1.1444800e+002  7.0000000e+002
  1.1514400e+002  6.9600000e+002
  1.1584000e+002  6.9600000e+002
  1.1654000e+002  7.0000000e+002
  1.1723600e+002  6.9600000e+002
  1.1793600e+002  7.0000000e+002
  1.1863200e+002  6.9600000e+002
  1.1933200e+002  7.0000000e+002
  1.2003600e+002  7.0400000e+002
  1.2072800e+002  6.9200000e+002
  1.2142800e+002  7.0000000e+002
  1.2212400e+002  6.9600000e+002
  1.2282000e+002  6.9600000e+002
  1.2352000e+002  7.0000000e+002
  1.2421200e+002  6.9200000e+002
  1.2491200e+002  7.0000000e+002
  1.2560400e+002  6.9200000e+002
  1.2629600e+002  6.9200000e+002
  1.2699600e+002  7.0000000e+002
  1.2769200e+002  6.9600000e+002
  1.2838400e+002  6.9200000e+002
  1.2908400e+002  7.0000000e+002
  1.2978000e+002  6.9600000e+002
  1.3048000e+002  7.0000000e+002
  1.3117600e+002  6.9600000e+002
  1.3186800e+002  6.9200000e+002
  1.3256800e+002  7.0000000e+002
  1.3326400e+002  6.9600000e+002
  1.3395600e+002  6.9200000e+002
  1.3465600e+002  7.0000000e+002
  1.3535200e+002  6.9600000e+002
  1.3604800e+002  6.9600000e+002
  1.3674000e+002  6.9200000e+002
  1.3743200e+002  6.9200000e+002
  1.3812400e+002  6.9200000e+002
  1.3881600e+002  6.9200000e+002
  1.3950400e+002  6.8800000e+002
  1.4020000e+002  6.9600000e+002
  1.4088800e+002  6.8800000e+002
  1.4158400e+002  6.9600000e+002
  1.4227600e+002  6.9200000e+002
  1.4296800e+002  6.9200000e+002
  1.4366400e+002  6.9600000e+002
  1.4435200e+002  6.8800000e+002
  1.4504800e+002  6.9600000e+002
  1.4574400e+002  6.9600000e+002
  1.4643600e+002  6.9200000e+002
  1.4712800e+002  6.9200000e+002
  1.4782000e+002  6.9200000e+002
  1.4851200e+002  6.9200000e+002
  1.4920400e+002  6.9200000e+002
  1.4989600e+002  6.9200000e+002
  1.5058800e+002  6.9200000e+002
  1.5128400e+002  6.9600000e+002
  1.5197200e+002  6.8800000e+002
  1.5266800e+002  6.9600000e+002
  1.5336400e+002  6.9600000e+002
  1.5406000e+002  6.9600000e+002
  1.5475600e+002  6.9600000e+002
  1.5544800e+002  6.9200000e+002
  1.5614400e+002  6.9600000e+002
  1.5684000e+002  6.9600000e+002
  1.5753600e+002  6.9600000e+002
  1.5823600e+002  7.0000000e+002
  1.5892800e+002  6.9200000e+002
  1.5962400e+002  6.9600000e+002
  1.6032400e+002  7.0000000e+002
  1.6102000e+002  6.9600000e+002
  1.6171600e+002  6.9600000e+002
  1.6241200e+002  6.9600000e+002
  1.6310000e+002  6.8800000e+002
  1.6379600e+002  6.9600000e+002
  1.6448000e+002  6.8400000e+002
  1.6517200e+002  6.9200000e+002
  1.6586400e+002  6.9200000e+002
  1.6655200e+002  6.8800000e+002
  1.6724400e+002  6.9200000e+002
  1.6793200e+002  6.8800000e+002
  1.6861600e+002  6.8400000e+002
  1.6930400e+002  6.8800000e+002
  1.6998800e+002  6.8400000e+002
  1.7066800e+002  6.8000000e+002
  1.7135200e+002  6.8400000e+002
  1.7203200e+002  6.8000000e+002
  1.7271200e+002  6.8000000e+002
  1.7340000e+002  6.8800000e+002
  1.7408000e+002  6.8000000e+002
  1.7477200e+002  6.9200000e+002
  1.7546000e+002  6.8800000e+002
  1.7615200e+002  6.9200000e+002
  1.7684800e+002  6.9600000e+002
  1.7754000e+002  6.9200000e+002
  1.7824000e+002  7.0000000e+002
  1.7894000e+002  7.0000000e+002
  1.7964000e+002  7.0000000e+002
  1.8034000e+002  7.0000000e+002
  1.8104000e+002  7.0000000e+002
  1.8174400e+002  7.0400000e+002
  1.8244800e+002  7.0400000e+002
  1.8315200e+002  7.0400000e+002
  1.8385200e+002  7.0000000e+002
  1.8455200e+002  7.0000000e+002
  1.8525200e+002  7.0000000e+002
  1.8595200e+002  7.0000000e+002
  1.8665200e+002  7.0000000e+002
  1.8734800e+002  6.9600000e+002
  1.8804800e+002  7.0000000e+002
  1.8874400e+002  6.9600000e+002
  1.8944400e+002  7.0000000e+002
  1.9014000e+002  6.9600000e+002
  1.9083600e+002  6.9600000e+002
  1.9154000e+002  7.0400000e+002
  1.9223600e+002  6.9600000e+002
  1.9292800e+002  6.9200000e+002
  1.9362800e+002  7.0000000e+002
  1.9432000e+002  6.9200000e+002
  1.9501600e+002  6.9600000e+002
  1.9571600e+002  7.0000000e+002
  1.9641200e+002  6.9600000e+002
  1.9711200e+002  7.0000000e+002
  1.9781200e+002  7.0000000e+002
  1.9851600e+002  7.0400000e+002
  1.9922000e+002  7.0400000e+002
  1.9992000e+002  7.0000000e+002
  2.0062400e+002  7.0400000e+002
  2.0132800e+002  7.0400000e+002
  2.0202800e+002  7.0000000e+002
  2.0273200e+002  7.0400000e+002
  2.0342800e+002  6.9600000e+002
  2.0412800e+002  7.0000000e+002
  2.0482800e+002  7.0000000e+002
  2.0552800e+002  7.0000000e+002
  2.0623200e+002  7.0400000e+002
  2.0693600e+002  7.0400000e+002
  2.0764000e+002  7.0400000e+002
  2.0834800e+002  7.0800000e+002
  2.0905200e+002  7.0400000e+002
  2.0975200e+002  7.0000000e+002
  2.1046000e+002  7.0800000e+002
  2.1116000e+002  7.0000000e+002
  2.1186400e+002  7.0400000e+002
  2.1257200e+002  7.0800000e+002
  2.1326800e+002  6.9600000e+002
  2.1397600e+002  7.0800000e+002
  2.1467600e+002  7.0000000e+002
  2.1537600e+002  7.0000000e+002
  2.1608400e+002  7.0800000e+002
  2.1678000e+002  6.9600000e+002
  2.1748400e+002  7.0400000e+002
  2.1818400e+002  7.0000000e+002
  2.1888000e+002  6.9600000e+002
  2.1958000e+002  7.0000000e+002
  2.2027600e+002  6.9600000e+002
  2.2097200e+002  6.9600000e+002
  2.2167200e+002  7.0000000e+002
  2.2236000e+002  6.8800000e+002
  2.2305600e+002  6.9600000e+002
  2.2374800e+002  6.9200000e+002
  2.2444000e+002  6.9200000e+002
  2.2514000e+002  7.0000000e+002
  2.2583200e+002  6.9200000e+002
  2.2653200e+002  7.0000000e+002
  2.2723200e+002  7.0000000e+002
  2.2792800e+002  6.9600000e+002
  2.2863200e+002  7.0400000e+002
  2.2932800e+002  6.9600000e+002
  2.3002800e+002  7.0000000e+002
  2.3072800e+002  7.0000000e+002
  2.3142400e+002  6.9600000e+002
  2.3212400e+002  7.0000000e+002
  2.3281600e+002  6.9200000e+002
  2.3350800e+002  6.9200000e+002
  2.3419600e+002  6.8800000e+002
  2.3488000e+002  6.8400000e+002
  2.3556400e+002  6.8400000e+002
  2.3624400e+002  6.8000000e+002
  2.3692000e+002  6.7600000e+002
  2.3760000e+002  6.8000000e+002
  2.3827600e+002  6.7600000e+002
  2.3895200e+002  6.7600000e+002
  2.3963600e+002  6.8400000e+002
  2.4031200e+002  6.7600000e+002
  2.4099200e+002  6.8000000e+002
  2.4167200e+002  6.8000000e+002
  2.4234800e+002  6.7600000e+002
  2.4302800e+002  6.8000000e+002
  2.4371200e+002  6.8400000e+002
  2.4438400e+002  6.7200000e+002
  2.4506800e+002  6.8400000e+002
  2.4574800e+002  6.8000000e+002
  2.4642800e+002  6.8000000e+002
  2.4711200e+002  6.8400000e+002
  2.4778800e+002  6.7600000e+002
  2.4846000e+002  6.7200000e+002
  2.4913200e+002  6.7200000e+002
  2.4979600e+002  6.6400000e+002
  2.5045200e+002  6.5600000e+002
  2.5110800e+002  6.5600000e+002
  2.5176000e+002  6.5200000e+002
  2.5241200e+002  6.5200000e+002
  2.5306000e+002  6.4800000e+002
  2.5369600e+002  6.3600000e+002
  2.5432800e+002  6.3200000e+002
  2.5494800e+002  6.2000000e+002
  2.5556400e+002  6.1600000e+002
  2.5618400e+002  6.2000000e+002
  2.5680000e+002  6.1600000e+002
  2.5740800e+002  6.0800000e+002
  2.5801600e+002  6.0800000e+002
  2.5861600e+002  6.0000000e+002
  2.5921200e+002  5.9600000e+002
  2.5980400e+002  5.9200000e+002
  2.6039600e+002  5.9200000e+002
  2.6098800e+002  5.8800000e+002
  2.6157200e+002  5.8400000e+002
  2.6215600e+002  5.8400000e+002
  2.6273600e+002  5.8000000e+002
  2.6332000e+002  5.8400000e+002
  2.6390000e+002  5.8000000e+002
  2.6448000e+002  5.8000000e+002
  2.6505600e+002  5.7600000e+002
  2.6563600e+002  5.8000000e+002
  2.6621600e+002  5.8000000e+002
  2.6679600e+002  5.8000000e+002
  2.6738000e+002  5.8400000e+002
  2.6796400e+002  5.8400000e+002
  2.6855200e+002  5.8800000e+002
  2.6914000e+002  5.8800000e+002
  2.6973600e+002  5.9600000e+002
  2.7033600e+002  6.0000000e+002
  2.7093600e+002  6.0000000e+002
  2.7154400e+002  6.0800000e+002
  2.7214800e+002  6.0400000e+002
  2.7275600e+002  6.0800000e+002
  2.7336800e+002  6.1200000e+002
  2.7398000e+002  6.1200000e+002
  2.7460000e+002  6.2000000e+002
  2.7521600e+002  6.1600000e+002
  2.7575600e+002  5.4000000e+002
  2.7645200e+002  6.9600000e+002
  2.7708000e+002  6.2800000e+002
  2.7770800e+002  6.2800000e+002
  2.7833600e+002  6.2800000e+002
  2.7896800e+002  6.3200000e+002
  2.7960000e+002  6.3200000e+002
  2.8023600e+002  6.3600000e+002
  2.8086800e+002  6.3200000e+002
  2.8150400e+002  6.3600000e+002
  2.8214000e+002  6.3600000e+002
  2.8278000e+002  6.4000000e+002
  2.8342000e+002  6.4000000e+002
  2.8405600e+002  6.3600000e+002
  2.8470000e+002  6.4400000e+002
  2.8534400e+002  6.4400000e+002
  2.8598400e+002  6.4000000e+002
  2.8662800e+002  6.4400000e+002
  2.8727200e+002  6.4400000e+002
  2.8791600e+002  6.4400000e+002
  2.8855600e+002  6.4000000e+002
  2.8920400e+002  6.4800000e+002
  2.8984800e+002  6.4400000e+002
  2.9049600e+002  6.4800000e+002
  2.9114800e+002  6.5200000e+002
  2.9179600e+002  6.4800000e+002
  2.9244800e+002  6.5200000e+002
  2.9310000e+002  6.5200000e+002
  2.9375600e+002  6.5600000e+002
  2.9441200e+002  6.5600000e+002
  2.9506800e+002  6.5600000e+002
  2.9572400e+002  6.5600000e+002
  2.9638000e+002  6.5600000e+002
  2.9703600e+002  6.5600000e+002
  2.9769600e+002  6.6000000e+002
  2.9835200e+002  6.5600000e+002
  2.9901200e+002  6.6000000e+002
  2.9966800e+002  6.5600000e+002
  3.0032800e+002  6.6000000e+002
  3.0098800e+002  6.6000000e+002
  3.0164800e+002  6.6000000e+002
  3.0230800e+002  6.6000000e+002
  3.0296800e+002  6.6000000e+002
  3.0362800e+002  6.6000000e+002
  3.0428800e+002  6.6000000e+002
  3.0494800e+002  6.6000000e+002
  3.0561600e+002  6.6800000e+002
  3.0628000e+002  6.6400000e+002
  3.0694800e+002  6.6800000e+002
  3.0761200e+002  6.6400000e+002
  3.0828400e+002  6.7200000e+002
  3.0895600e+002  6.7200000e+002
  3.0962800e+002  6.7200000e+002
  3.1030000e+002  6.7200000e+002
  3.1096800e+002  6.6800000e+002
  3.1163600e+002  6.6800000e+002
  3.1230800e+002  6.7200000e+002
  3.1297600e+002  6.6800000e+002
  3.1364800e+002  6.7200000e+002
  3.1431600e+002  6.6800000e+002
  3.1498400e+002  6.6800000e+002
  3.1565600e+002  6.7200000e+002
  3.1632400e+002  6.6800000e+002
  3.1699600e+002  6.7200000e+002
  3.1766400e+002  6.6800000e+002
  3.1833200e+002  6.6800000e+002
  3.1899600e+002  6.6400000e+002
  3.1966400e+002  6.6800000e+002
  3.2033200e+002  6.6800000e+002
  3.2099600e+002  6.6400000e+002
  3.2166400e+002  6.6800000e+002
  3.2233200e+002  6.6800000e+002
  3.2300000e+002  6.6800000e+002
  3.2367200e+002  6.7200000e+002
  3.2434000e+002  6.6800000e+002
  3.2500800e+002  6.6800000e+002
  3.2568400e+002  6.7600000e+002
  3.2635200e+002  6.6800000e+002
  3.2702800e+002  6.7600000e+002
  3.2769600e+002  6.6800000e+002
  3.2836400e+002  6.6800000e+002
  3.2903600e+002  6.7200000e+002
  3.2970400e+002  6.6800000e+002
  3.3037600e+002  6.7200000e+002
  3.3104800e+002  6.7200000e+002
  3.3172000e+002  6.7200000e+002
  3.3239200e+002  6.7200000e+002
  3.3306400e+002  6.7200000e+002
  3.3374000e+002  6.7600000e+002
  3.3441200e+002  6.7200000e+002
  3.3508400e+002  6.7200000e+002
  3.3576000e+002  6.7600000e+002
  3.3642800e+002  6.6800000e+002
  3.3710400e+002  6.7600000e+002
  3.3777200e+002  6.6800000e+002
  3.3844400e+002  6.7200000e+002
  3.3912000e+002  6.7600000e+002
  3.3979200e+002  6.7200000e+002
  3.4046400e+002  6.7200000e+002
  3.4113600e+002  6.7200000e+002
  3.4180800e+002  6.7200000e+002
  3.4248000e+002  6.7200000e+002
  3.4314800e+002  6.6800000e+002
  3.4382400e+002  6.7600000e+002
  3.4449600e+002  6.7200000e+002
  3.4516400e+002  6.6800000e+002
  3.4584000e+002  6.7600000e+002
  3.4650800e+002  6.6800000e+002
  3.4718400e+002  6.7600000e+002
  3.4786000e+002  6.7600000e+002
  3.4853600e+002  6.7600000e+002
  3.4921600e+002  6.8000000e+002
  3.4989200e+002  6.7600000e+002
  3.5056800e+002  6.7600000e+002
  3.5124800e+002  6.8000000e+002
  3.5192800e+002  6.8000000e+002
  3.5261200e+002  6.8400000e+002
  3.5328800e+002  6.7600000e+002
  3.5396800e+002  6.8000000e+002
  3.5465200e+002  6.8400000e+002
  3.5533600e+002  6.8400000e+002
  3.5601600e+002  6.8000000e+002
  3.5670000e+002  6.8400000e+002
  3.5737600e+002  6.7600000e+002
  3.5805600e+002  6.8000000e+002
  3.5873200e+002  6.7600000e+002
  3.5940400e+002  6.7200000e+002
  3.6008400e+002  6.8000000e+002
  3.6075200e+002  6.6800000e+002
  3.6142800e+002  6.7600000e+002
  3.6210000e+002  6.7200000e+002
  3.6277200e+002  6.7200000e+002
  3.6345200e+002  6.8000000e+002
  3.6412400e+002  6.7200000e+002
  3.6480000e+002  6.7600000e+002
  3.6547600e+002  6.7600000e+002
  3.6615200e+002  6.7600000e+002
  3.6682800e+002  6.7600000e+002
  3.6750800e+002  6.8000000e+002
  3.6818800e+002  6.8000000e+002
  3.6886800e+002  6.8000000e+002
  3.6954800e+002  6.8000000e+002
  3.7022800e+002  6.8000000e+002
  3.7090400e+002  6.7600000e+002
  3.7158000e+002  6.7600000e+002
  3.7226400e+002  6.8400000e+002
  3.7294000e+002  6.7600000e+002
  3.7362400e+002  6.8400000e+002
  3.7430400e+002  6.8000000e+002
  3.7498400e+002  6.8000000e+002
  3.7567200e+002  6.8800000e+002
  3.7635200e+002  6.8000000e+002
  3.7703200e+002  6.8000000e+002
  3.7771200e+002  6.8000000e+002
  3.7838800e+002  6.7600000e+002
  3.7906800e+002  6.8000000e+002
  3.7974000e+002  6.7200000e+002
  3.8041600e+002  6.7600000e+002
  3.8109200e+002  6.7600000e+002
  3.8176400e+002  6.7200000e+002
  3.8243600e+002  6.7200000e+002
  3.8310800e+002  6.7200000e+002
  3.8377600e+002  6.6800000e+002
  3.8445200e+002  6.7600000e+002
  3.8512400e+002  6.7200000e+002
  3.8579600e+002  6.7200000e+002
  3.8646800e+002  6.7200000e+002
  3.8713200e+002  6.6400000e+002
  3.8780400e+002  6.7200000e+002
  3.8847600e+002  6.7200000e+002
  3.8914800e+002  6.7200000e+002
  3.8982000e+002  6.7200000e+002
  3.9049600e+002  6.7600000e+002
  3.9117200e+002  6.7600000e+002
  3.9185200e+002  6.8000000e+002
  3.9252800e+002  6.7600000e+002
  3.9320800e+002  6.8000000e+002
  3.9388400e+002  6.7600000e+002
  3.9456400e+002  6.8000000e+002
  3.9524400e+002  6.8000000e+002
  3.9592000e+002  6.7600000e+002
  3.9660000e+002  6.8000000e+002
  3.9728800e+002  6.8800000e+002
  3.9796400e+002  6.7600000e+002
  3.9864800e+002  6.8400000e+002
  3.9933200e+002  6.8400000e+002
  4.0001200e+002  6.8000000e+002
  4.0069600e+002  6.8400000e+002
  4.0137600e+002  6.8000000e+002
  4.0206000e+002  6.8400000e+002
  4.0274400e+002  6.8400000e+002
  4.0342800e+002  6.8400000e+002
  4.0411200e+002  6.8400000e+002
  4.0479600e+002  6.8400000e+002
  4.0547600e+002  6.8000000e+002
  4.0616400e+002  6.8800000e+002
  4.0684400e+002  6.8000000e+002
  4.0752400e+002  6.8000000e+002
  4.0820800e+002  6.8400000e+002
  4.0888800e+002  6.8000000e+002
  4.0957200e+002  6.8400000e+002
  4.1025200e+002  6.8000000e+002
  4.1093200e+002  6.8000000e+002
  4.1161600e+002  6.8400000e+002
  4.1229600e+002  6.8000000e+002
  4.1298000e+002  6.8400000e+002
  4.1366800e+002  6.8800000e+002
  4.1435200e+002  6.8400000e+002
  4.1504000e+002  6.8800000e+002
  4.1572400e+002  6.8400000e+002
  4.1640800e+002  6.8400000e+002
  4.1709600e+002  6.8800000e+002
  4.1777600e+002  6.8000000e+002
  4.1846000e+002  6.8400000e+002
  4.1914000e+002  6.8000000e+002
  4.1982400e+002  6.8400000e+002
  4.2050400e+002  6.8000000e+002
  4.2118400e+002  6.8000000e+002
  4.2186400e+002  6.8000000e+002
  4.2254800e+002  6.8400000e+002
  4.2322400e+002  6.7600000e+002
  4.2390800e+002  6.8400000e+002
  4.2458800e+002  6.8000000e+002
  4.2526800e+002  6.8000000e+002
  4.2595200e+002  6.8400000e+002
  4.2663200e+002  6.8000000e+002
  4.2731200e+002  6.8000000e+002
  4.2799200e+002  6.8000000e+002
  4.2866800e+002  6.7600000e+002
  4.2934800e+002  6.8000000e+002
  4.3002000e+002  6.7200000e+002
  4.3069600e+002  6.7600000e+002
  4.3137600e+002  6.8000000e+002
  4.3204800e+002  6.7200000e+002
  4.3272400e+002  6.7600000e+002
  4.3339600e+002  6.7200000e+002
  4.3406800e+002  6.7200000e+002
  4.3474400e+002  6.7600000e+002
  4.3542400e+002  6.8000000e+002
  4.3610400e+002  6.8000000e+002
  4.3678800e+002  6.8400000e+002
  4.3746800e+002  6.8000000e+002
  4.3815200e+002  6.8400000e+002
  4.3882800e+002  6.7600000e+002
  4.3950800e+002  6.8000000e+002
  4.4018800e+002  6.8000000e+002
  4.4086400e+002  6.7600000e+002
  4.4154400e+002  6.8000000e+002
  4.4222400e+002  6.8000000e+002
  4.4289600e+002  6.7200000e+002
  4.4357600e+002  6.8000000e+002
  4.4425600e+002  6.8000000e+002
  4.4493600e+002  6.8000000e+002
  4.4562000e+002  6.8400000e+002
  4.4630000e+002  6.8000000e+002
  4.4698400e+002  6.8400000e+002
  4.4766400e+002  6.8000000e+002
  4.4834800e+002  6.8400000e+002
  4.4903200e+002  6.8400000e+002
  4.4971600e+002  6.8400000e+002
  4.5040000e+002  6.8400000e+002
  4.5108400e+002  6.8400000e+002
  4.5176400e+002  6.8000000e+002
  4.5245200e+002  6.8800000e+002
  4.5313600e+002  6.8400000e+002
  4.5382000e+002  6.8400000e+002
  4.5450800e+002  6.8800000e+002
  4.5519200e+002  6.8400000e+002
  4.5588400e+002  6.9200000e+002
  4.5657600e+002  6.9200000e+002
  4.5726400e+002  6.8800000e+002
  4.5795600e+002  6.9200000e+002
  4.5864400e+002  6.8800000e+002
  4.5933600e+002  6.9200000e+002
  4.6003200e+002  6.9600000e+002
  4.6072000e+002  6.8800000e+002
  4.6141200e+002  6.9200000e+002
  4.6210000e+002  6.8800000e+002
  4.6278800e+002  6.8800000e+002
  4.6347600e+002  6.8800000e+002
  4.6416400e+002  6.8800000e+002
  4.6485200e+002  6.8800000e+002
  4.6553600e+002  6.8400000e+002
  4.6622000e+002  6.8400000e+002
  4.6690800e+002  6.8800000e+002
  4.6759600e+002  6.8800000e+002
  4.6828000e+002  6.8400000e+002
  4.6897200e+002  6.9200000e+002
  4.6966000e+002  6.8800000e+002
  4.7034800e+002  6.8800000e+002
  4.7103600e+002  6.8800000e+002
  4.7172000e+002  6.8400000e+002
  4.7241200e+002  6.9200000e+002
  4.7309600e+002  6.8400000e+002
  4.7378000e+002  6.8400000e+002
  4.7446400e+002  6.8400000e+002
  4.7514800e+002  6.8400000e+002
  4.7583600e+002  6.8800000e+002
  4.7652000e+002  6.8400000e+002
  4.7720800e+002  6.8800000e+002
  4.7790000e+002  6.9200000e+002
  4.7858000e+002  6.8000000e+002
  4.7926400e+002  6.8400000e+002
  4.7994400e+002  6.8000000e+002
  4.8062800e+002  6.8400000e+002
  4.8130800e+002  6.8000000e+002
  4.8198400e+002  6.7600000e+002
  4.8266000e+002  6.7600000e+002
  4.8333200e+002  6.7200000e+002
  4.8400800e+002  6.7600000e+002
  4.8469200e+002  6.8400000e+002
  4.8536800e+002  6.7600000e+002
  4.8605200e+002  6.8400000e+002
  4.8673200e+002  6.8000000e+002
  4.8741600e+002  6.8400000e+002
  4.8810800e+002  6.9200000e+002
  4.8879200e+002  6.8400000e+002
  4.8948400e+002  6.9200000e+002
  4.9017600e+002  6.9200000e+002
  4.9086000e+002  6.8400000e+002
  4.9154800e+002  6.8800000e+002
  4.9223600e+002  6.8800000e+002
  4.9292000e+002  6.8400000e+002
  4.9360800e+002  6.8800000e+002
  4.9429200e+002  6.8400000e+002
  4.9497600e+002  6.8400000e+002
  4.9565600e+002  6.8000000e+002
  4.9633600e+002  6.8000000e+002
  4.9701600e+002  6.8000000e+002
  4.9769600e+002  6.8000000e+002
  4.9837600e+002  6.8000000e+002
  4.9905600e+002  6.8000000e+002
  4.9973600e+002  6.8000000e+002
  5.0042400e+002  6.8800000e+002
  5.0110400e+002  6.8000000e+002
  5.0178800e+002  6.8400000e+002
  5.0247200e+002  6.8400000e+002
  5.0315200e+002  6.8000000e+002
  5.0384000e+002  6.8800000e+002
  5.0451600e+002  6.7600000e+002
  5.0519600e+002  6.8000000e+002
  5.0587200e+002  6.7600000e+002
  5.0654400e+002  6.7200000e+002
  5.0722800e+002  6.8400000e+002
  5.0791200e+002  6.8400000e+002
  5.0859600e+002  6.8400000e+002
  5.0928000e+002  6.8400000e+002
  5.0996400e+002  6.8400000e+002
  5.1065600e+002  6.9200000e+002
  5.1134000e+002  6.8400000e+002
  5.1203200e+002  6.9200000e+002
  5.1272400e+002  6.9200000e+002
  5.1341200e+002  6.8800000e+002
  5.1410800e+002  6.9600000e+002
  5.1479600e+002  6.8800000e+002
  5.1549200e+002  6.9600000e+002
  5.1618800e+002  6.9600000e+002
  5.1688400e+002  6.9600000e+002
  5.1758000e+002  6.9600000e+002
  5.1827200e+002  6.9200000e+002
  5.1896800e+002  6.9600000e+002
  5.1966400e+002  6.9600000e+002
  5.2036000e+002  6.9600000e+002
  5.2105600e+002  6.9600000e+002
  5.2175200e+002  6.9600000e+002
  5.2244800e+002  6.9600000e+002
  5.2314800e+002  7.0000000e+002
  5.2384000e+002  6.9200000e+002
  5.2453600e+002  6.9600000e+002
  5.2523600e+002  7.0000000e+002
  5.2593200e+002  6.9600000e+002
  5.2663200e+002  7.0000000e+002
  5.2732800e+002  6.9600000e+002
  5.2802400e+002  6.9600000e+002
  5.2872400e+002  7.0000000e+002
  5.2942000e+002  6.9600000e+002
  5.3012000e+002  7.0000000e+002
  5.3081200e+002  6.9200000e+002
  5.3150800e+002  6.9600000e+002
  5.3220800e+002  7.0000000e+002
  5.3290000e+002  6.9200000e+002
  5.3359600e+002  6.9600000e+002
  5.3428800e+002  6.9200000e+002
  5.3498000e+002  6.9200000e+002
  5.3566800e+002  6.8800000e+002
  5.3635200e+002  6.8400000e+002
  5.3703600e+002  6.8400000e+002
  5.3772400e+002  6.8800000e+002
  5.3840800e+002  6.8400000e+002
  5.3908800e+002  6.8000000e+002
  5.3976800e+002  6.8000000e+002
  5.4044800e+002  6.8000000e+002
  5.4113200e+002  6.8400000e+002
  5.4181200e+002  6.8000000e+002
  5.4249600e+002  6.8400000e+002
  5.4318000e+002  6.8400000e+002
  5.4386000e+002  6.8000000e+002
  5.4454800e+002  6.8800000e+002
  5.4522800e+002  6.8000000e+002
  5.4591200e+002  6.8400000e+002
  5.4660000e+002  6.8800000e+002
  5.4728800e+002  6.8800000e+002
  5.4797200e+002  6.8400000e+002
  5.4866000e+002  6.8800000e+002
  5.4934800e+002  6.8800000e+002
  5.5004000e+002  6.9200000e+002
  5.5072800e+002  6.8800000e+002
  5.5142000e+002  6.9200000e+002
  5.5210800e+002  6.8800000e+002
  5.5279200e+002  6.8400000e+002
  5.5348400e+002  6.9200000e+002
  5.5417200e+002  6.8800000e+002
  5.5486000e+002  6.8800000e+002
  5.5555200e+002  6.9200000e+002
  5.5624000e+002  6.8800000e+002
  5.5693200e+002  6.9200000e+002
  5.5762000e+002  6.8800000e+002
  5.5831200e+002  6.9200000e+002
  5.5900400e+002  6.9200000e+002
  5.5969600e+002  6.9200000e+002
  5.6038800e+002  6.9200000e+002
  5.6107600e+002  6.8800000e+002
  5.6176800e+002  6.9200000e+002
  5.6246000e+002  6.9200000e+002
  5.6314800e+002  6.8800000e+002
  5.6384000e+002  6.9200000e+002
  5.6453200e+002  6.9200000e+002
  5.6522400e+002  6.9200000e+002
  5.6591600e+002  6.9200000e+002
  5.6660400e+002  6.8800000e+002
  5.6729200e+002  6.8800000e+002
  5.6798400e+002  6.9200000e+002
  5.6867200e+002  6.8800000e+002
  5.6936000e+002  6.8800000e+002
  5.7004400e+002  6.8400000e+002
  5.7073200e+002  6.8800000e+002
  5.7142000e+002  6.8800000e+002
  5.7210400e+002  6.8400000e+002
  5.7279200e+002  6.8800000e+002
  5.7348000e+002  6.8800000e+002
  5.7416800e+002  6.8800000e+002
  5.7486000e+002  6.9200000e+002
  5.7554800e+002  6.8800000e+002
  5.7624000e+002  6.9200000e+002
  5.7693600e+002  6.9600000e+002
  5.7762800e+002  6.9200000e+002
  5.7832400e+002  6.9600000e+002
  5.7901200e+002  6.8800000e+002
  5.7970400e+002  6.9200000e+002
  5.8040400e+002  7.0000000e+002
  5.8109600e+002  6.9200000e+002
  5.8179600e+002  7.0000000e+002
  5.8248800e+002  6.9200000e+002
  5.8318400e+002  6.9600000e+002
  5.8388000e+002  6.9600000e+002
  5.8457600e+002  6.9600000e+002
  5.8526800e+002  6.9200000e+002
  5.8596400e+002  6.9600000e+002
  5.8665200e+002  6.8800000e+002
  5.8734400e+002  6.9200000e+002
  5.8803200e+002  6.8800000e+002
  5.8872000e+002  6.8800000e+002
  5.8941200e+002  6.9200000e+002
  5.9009600e+002  6.8400000e+002
  5.9078400e+002  6.8800000e+002
  5.9146400e+002  6.8000000e+002
  5.9214000e+002  6.7600000e+002
  5.9282400e+002  6.8400000e+002
  5.9349600e+002  6.7200000e+002
  5.9417600e+002  6.8000000e+002
  5.9484800e+002  6.7200000e+002
  5.9552000e+002  6.7200000e+002
  5.9620000e+002  6.8000000e+002
  5.9687600e+002  6.7600000e+002
  5.9755200e+002  6.7600000e+002
  5.9823200e+002  6.8000000e+002
  5.9891600e+002  6.8400000e+002
  5.9960000e+002  6.8400000e+002
  6.0028400e+002  6.8400000e+002
  6.0096800e+002  6.8400000e+002
  6.0165600e+002  6.8800000e+002
  6.0233600e+002  6.8000000e+002
  6.0302400e+002  6.8800000e+002
  6.0370400e+002  6.8000000e+002
  6.0438800e+002  6.8400000e+002
  6.0507200e+002  6.8400000e+002
  6.0575600e+002  6.8400000e+002
  6.0644400e+002  6.8800000e+002
  6.0712800e+002  6.8400000e+002
  6.0781600e+002  6.8800000e+002
  6.0850000e+002  6.8400000e+002
  6.0918400e+002  6.8400000e+002
  6.0987600e+002  6.9200000e+002
  6.1056400e+002  6.8800000e+002
  6.1125600e+002  6.9200000e+002
  6.1195200e+002  6.9600000e+002
  6.1264400e+002  6.9200000e+002
  6.1334000e+002  6.9600000e+002
  6.1403600e+002  6.9600000e+002
  6.1473200e+002  6.9600000e+002
  6.1543200e+002  7.0000000e+002
  6.1612800e+002  6.9600000e+002
  6.1683600e+002  7.0800000e+002
  6.1753600e+002  7.0000000e+002
  6.1823600e+002  7.0000000e+002
  6.1894000e+002  7.0400000e+002
  6.1964000e+002  7.0000000e+002
  6.2034000e+002  7.0000000e+002
  6.2103600e+002  6.9600000e+002
  6.2173600e+002  7.0000000e+002
  6.2244000e+002  7.0400000e+002
  6.2313600e+002  6.9600000e+002
  6.2383200e+002  6.9600000e+002
  6.2452800e+002  6.9600000e+002
  6.2521600e+002  6.8800000e+002
  6.2591600e+002  7.0000000e+002
  6.2660400e+002  6.8800000e+002
  6.2729600e+002  6.9200000e+002
  6.2798400e+002  6.8800000e+002
  6.2867200e+002  6.8800000e+002
  6.2936800e+002  6.9600000e+002
  6.3006000e+002  6.9200000e+002
  6.3075600e+002  6.9600000e+002
  6.3144400e+002  6.8800000e+002
  6.3213600e+002  6.9200000e+002
  6.3283200e+002  6.9600000e+002
  6.3352400e+002  6.9200000e+002
  6.3421600e+002  6.9200000e+002
  6.3490800e+002  6.9200000e+002
  6.3560000e+002  6.9200000e+002
  6.3629200e+002  6.9200000e+002
  6.3698400e+002  6.9200000e+002
  6.3767600e+002  6.9200000e+002
  6.3836800e+002  6.9200000e+002
  6.3905600e+002  6.8800000e+002
  6.3975200e+002  6.9600000e+002
  6.4044400e+002  6.9200000e+002
  6.4113600e+002  6.9200000e+002
  6.4183200e+002  6.9600000e+002
  6.4252400e+002  6.9200000e+002
  6.4321600e+002  6.9200000e+002
  6.4390400e+002  6.8800000e+002
  6.4459200e+002  6.8800000e+002
  6.4528400e+002  6.9200000e+002
  6.4596800e+002  6.8400000e+002
  6.4665600e+002  6.8800000e+002
  6.4734400e+002  6.8800000e+002
  6.4802800e+002  6.8400000e+002
  6.4871600e+002  6.8800000e+002
  6.4939600e+002  6.8000000e+002
  6.5008400e+002  6.8800000e+002
  6.5077200e+002  6.8800000e+002
  6.5145600e+002  6.8400000e+002
  6.5214400e+002  6.8800000e+002
  6.5283200e+002  6.8800000e+002
  6.5352000e+002  6.8800000e+002
  6.5421200e+002  6.9200000e+002
  6.5490000e+002  6.8800000e+002
  6.5559200e+002  6.9200000e+002
  6.5628400e+002  6.9200000e+002
  6.5697600e+002  6.9200000e+002
  6.5767600e+002  7.0000000e+002
  6.5836800e+002  6.9200000e+002
  6.5906800e+002  7.0000000e+002
  6.5976000e+002  6.9200000e+002
  6.6045600e+002  6.9600000e+002
  6.6115200e+002  6.9600000e+002
  6.6184400e+002  6.9200000e+002
  6.6253600e+002  6.9200000e+002
  6.6322800e+002  6.9200000e+002
  6.6392000e+002  6.9200000e+002
  6.6461600e+002  6.9600000e+002
  6.6530800e+002  6.9200000e+002
  6.6600000e+002  6.9200000e+002
  6.6669200e+002  6.9200000e+002
  6.6738400e+002  6.9200000e+002
  6.6808400e+002  7.0000000e+002
  6.6877600e+002  6.9200000e+002
  6.6947200e+002  6.9600000e+002
  6.7017200e+002  7.0000000e+002
  6.7086800e+002  6.9600000e+002
  6.7156400e+002  6.9600000e+002
  6.7226000e+002  6.9600000e+002
  6.7295600e+002  6.9600000e+002
  6.7365600e+002  7.0000000e+002
  6.7434800e+002  6.9200000e+002
  6.7504800e+002  7.0000000e+002
  6.7574400e+002  6.9600000e+002
  6.7643600e+002  6.9200000e+002
  6.7713600e+002  7.0000000e+002
  6.7783200e+002  6.9600000e+002
  6.7852800e+002  6.9600000e+002
  6.7922000e+002  6.9200000e+002
  6.7972400e+002  5.0400000e+002
  6.8061200e+002  8.8800000e+002
  6.8130000e+002  6.8800000e+002
  6.8198000e+002  6.8000000e+002
  6.8265600e+002  6.7600000e+002
  6.8333200e+002  6.7600000e+002
  6.8400800e+002  6.7600000e+002
  6.8468000e+002  6.7200000e+002
  6.8536000e+002  6.8000000e+002
  6.8604400e+002  6.8400000e+002
  6.8672800e+002  6.8400000e+002
  6.8741600e+002  6.8800000e+002
  6.8810800e+002  6.9200000e+002
  6.8879600e+002  6.8800000e+002
  6.8949600e+002  7.0000000e+002
  6.9018400e+002  6.8800000e+002
  6.9088000e+002  6.9600000e+002
  6.9157600e+002  6.9600000e+002
  6.9227200e+002  6.9600000e+002
  6.9296800e+002  6.9600000e+002
  6.9366400e+002  6.9600000e+002
  6.9435600e+002  6.9200000e+002
  6.9505600e+002  7.0000000e+002
  6.9575200e+002  6.9600000e+002
  6.9645200e+002  7.0000000e+002
  6.9714400e+002  6.9200000e+002
  6.9784000e+002  6.9600000e+002
  6.9853600e+002  6.9600000e+002
  6.9922800e+002  6.9200000e+002
  6.9992000e+002  6.9200000e+002
  7.0061200e+002  6.9200000e+002
  7.0130800e+002  6.9600000e+002
  7.0200000e+002  6.9200000e+002
  7.0269200e+002  6.9200000e+002
  7.0338400e+002  6.9200000e+002
  7.0408000e+002  6.9600000e+002
  7.0477600e+002  6.9600000e+002
  7.0547200e+002  6.9600000e+002
  7.0616800e+002  6.9600000e+002
  7.0686400e+002  6.9600000e+002
  7.0756400e+002  7.0000000e+002
  7.0826400e+002  7.0000000e+002
  7.0896400e+002  7.0000000e+002
  7.0966800e+002  7.0400000e+002
  7.1036800e+002  7.0000000e+002
  7.1107600e+002  7.0800000e+002
  7.1177600e+002  7.0000000e+002
  7.1248000e+002  7.0400000e+002
  7.1318400e+002  7.0400000e+002
  7.1388400e+002  7.0000000e+002
  7.1459200e+002  7.0800000e+002
  7.1528800e+002  6.9600000e+002
  7.1598400e+002  6.9600000e+002
  7.1668000e+002  6.9600000e+002
  7.1737200e+002  6.9200000e+002
  7.1806800e+002  6.9600000e+002
  7.1876000e+002  6.9200000e+002
  7.1945600e+002  6.9600000e+002
  7.2015200e+002  6.9600000e+002
  7.2084800e+002  6.9600000e+002
  7.2154400e+002  6.9600000e+002
  7.2224000e+002  6.9600000e+002
  7.2293600e+002  6.9600000e+002
  7.2364000e+002  7.0400000e+002
  7.2433600e+002  6.9600000e+002
  7.2503200e+002  6.9600000e+002
  7.2573200e+002  7.0000000e+002
  7.2642800e+002  6.9600000e+002
  7.2712800e+002  7.0000000e+002
  7.2782800e+002  7.0000000e+002
  7.2852400e+002  6.9600000e+002
  7.2922800e+002  7.0400000e+002
  7.2992400e+002  6.9600000e+002
  7.3062400e+002  7.0000000e+002
  7.3132400e+002  7.0000000e+002
  7.3202000e+002  6.9600000e+002
  7.3272000e+002  7.0000000e+002
  7.3342000e+002  7.0000000e+002
  7.3411600e+002  6.9600000e+002
  7.3481600e+002  7.0000000e+002
  7.3551200e+002  6.9600000e+002
  7.3620800e+002  6.9600000e+002
  7.3690400e+002  6.9600000e+002
  7.3759200e+002  6.8800000e+002
  7.3828800e+002  6.9600000e+002
  7.3898000e+002  6.9200000e+002
  7.3967200e+002  6.9200000e+002
  7.4036400e+002  6.9200000e+002
  7.4105200e+002  6.8800000e+002
  7.4174800e+002  6.9600000e+002
  7.4244000e+002  6.9200000e+002
  7.4313200e+002  6.9200000e+002
  7.4383200e+002  7.0000000e+002
  7.4452400e+002  6.9200000e+002
  7.4522400e+002  7.0000000e+002
  7.4591600e+002  6.9200000e+002
  7.4661200e+002  6.9600000e+002
  7.4730800e+002  6.9600000e+002
  7.4800000e+002  6.9200000e+002
  7.4869600e+002  6.9600000e+002
  7.4938800e+002  6.9200000e+002
  7.5008400e+002  6.9600000e+002
  7.5078000e+002  6.9600000e+002
  7.5147200e+002  6.9200000e+002
  7.5217200e+002  7.0000000e+002
  7.5286400e+002  6.9200000e+002
  7.5356000e+002  6.9600000e+002
  7.5426000e+002  7.0000000e+002
  7.5495600e+002  6.9600000e+002
  7.5565600e+002  7.0000000e+002
  7.5635600e+002  7.0000000e+002
  7.5705200e+002  6.9600000e+002
  7.5775200e+002  7.0000000e+002
  7.5844800e+002  6.9600000e+002
  7.5914400e+002  6.9600000e+002
  7.5984400e+002  7.0000000e+002
  7.6054000e+002  6.9600000e+002
  7.6124000e+002  7.0000000e+002
  7.6194000e+002  7.0000000e+002
  7.6264000e+002  7.0000000e+002
  7.6334400e+002  7.0400000e+002
  7.6403600e+002  6.9200000e+002
  7.6474000e+002  7.0400000e+002
  7.6543600e+002  6.9600000e+002
  7.6613600e+002  7.0000000e+002
  7.6683600e+002  7.0000000e+002
  7.6753200e+002  6.9600000e+002
  7.6823600e+002  7.0400000e+002
  7.6893200e+002  6.9600000e+002
  7.6962800e+002  6.9600000e+002
  7.7032800e+002  7.0000000e+002
  7.7102400e+002  6.9600000e+002
  7.7172400e+002  7.0000000e+002
  7.7242000e+002  6.9600000e+002
  7.7311200e+002  6.9200000e+002
  7.7381200e+002  7.0000000e+002
  7.7451200e+002  7.0000000e+002
  7.7521200e+002  7.0000000e+002
  7.7591600e+002  7.0400000e+002
  7.7661600e+002  7.0000000e+002
  7.7732400e+002  7.0800000e+002
  7.7802000e+002  6.9600000e+002
  7.7872400e+002  7.0400000e+002
  7.7942400e+002  7.0000000e+002
  7.8012400e+002  7.0000000e+002
  7.8082400e+002  7.0000000e+002
  7.8152000e+002  6.9600000e+002
  7.8222000e+002  7.0000000e+002
  7.8292400e+002  7.0400000e+002
  7.8362400e+002  7.0000000e+002
  7.8432800e+002  7.0400000e+002
  7.8502800e+002  7.0000000e+002
  7.8572800e+002  7.0000000e+002
  7.8642800e+002  7.0000000e+002
  7.8712400e+002  6.9600000e+002
  7.8782400e+002  7.0000000e+002
  7.8852800e+002  7.0400000e+002
  7.8922800e+002  7.0000000e+002
  7.8993200e+002  7.0400000e+002
  7.9062800e+002  6.9600000e+002
  7.9133200e+002  7.0400000e+002
  7.9203600e+002  7.0400000e+002
  7.9273600e+002  7.0000000e+002
  7.9344000e+002  7.0400000e+002
  7.9414000e+002  7.0000000e+002
  7.9484400e+002  7.0400000e+002
  7.9554800e+002  7.0400000e+002
  7.9624800e+002  7.0000000e+002
  7.9694800e+002  7.0000000e+002
  7.9765200e+002  7.0400000e+002
  7.9834800e+002  6.9600000e+002
  7.9904800e+002  7.0000000e+002
  7.9974800e+002  7.0000000e+002
  8.0044000e+002  6.9200000e+002
  8.0113600e+002  6.9600000e+002
  8.0182800e+002  6.9200000e+002
  8.0252400e+002  6.9600000e+002
  8.0321600e+002  6.9200000e+002
  8.0390400e+002  6.8800000e+002
  8.0459200e+002  6.8800000e+002
  8.0528000e+002  6.8800000e+002
  8.0596800e+002  6.8800000e+002
  8.0666000e+002  6.9200000e+002
  8.0735200e+002  6.9200000e+002
  8.0804400e+002  6.9200000e+002
  8.0873600e+002  6.9200000e+002
  8.0942800e+002  6.9200000e+002
  8.1012800e+002  7.0000000e+002
  8.1082800e+002  7.0000000e+002
  8.1152800e+002  7.0000000e+002
  8.1222800e+002  7.0000000e+002
  8.1292800e+002  7.0000000e+002
  8.1363200e+002  7.0400000e+002
  8.1433200e+002  7.0000000e+002
  8.1502800e+002  6.9600000e+002
  8.1572800e+002  7.0000000e+002
  8.1642400e+002  6.9600000e+002
  8.1712400e+002  7.0000000e+002
  8.1782400e+002  7.0000000e+002
  8.1851600e+002  6.9200000e+002
  8.1921200e+002  6.9600000e+002
  8.1990400e+002  6.9200000e+002
  8.2060000e+002  6.9600000e+002
  8.2128800e+002  6.8800000e+002
  8.2197600e+002  6.8800000e+002
  8.2267200e+002  6.9600000e+002
  8.2336800e+002  6.9600000e+002
  8.2406400e+002  6.9600000e+002
  8.2476400e+002  7.0000000e+002
  8.2546400e+002  7.0000000e+002
  8.2616000e+002  6.9600000e+002
  8.2686000e+002  7.0000000e+002
  8.2755600e+002  6.9600000e+002
  8.2825200e+002  6.9600000e+002
  8.2894800e+002  6.9600000e+002
  8.2964400e+002  6.9600000e+002
  8.3034000e+002  6.9600000e+002
  8.3103200e+002  6.9200000e+002
  8.3172800e+002  6.9600000e+002
  8.3242000e+002  6.9200000e+002
  8.3311200e+002  6.9200000e+002
  8.3381200e+002  7.0000000e+002
  8.3450400e+002  6.9200000e+002
  8.3520000e+002  6.9600000e+002
  8.3590000e+002  7.0000000e+002
  8.3659600e+002  6.9600000e+002
  8.3730000e+002  7.0400000e+002
  8.3800400e+002  7.0400000e+002
  8.3870800e+002  7.0400000e+002
  8.3941600e+002  7.0800000e+002
  8.4012000e+002  7.0400000e+002
  8.4082400e+002  7.0400000e+002
  8.4152400e+002  7.0000000e+002
  8.4222800e+002  7.0400000e+002
  8.4293600e+002  7.0800000e+002
  8.4364000e+002  7.0400000e+002
  8.4434800e+002  7.0800000e+002
  8.4505200e+002  7.0400000e+002
  8.4575200e+002  7.0000000e+002
  8.4646000e+002  7.0800000e+002
  8.4716000e+002  7.0000000e+002
  8.4786000e+002  7.0000000e+002
  8.4856400e+002  7.0400000e+002
  8.4926400e+002  7.0000000e+002
  8.4996400e+002  7.0000000e+002
  8.5066000e+002  6.9600000e+002
  8.5135600e+002  6.9600000e+002
  8.5205600e+002  7.0000000e+002
  8.5275600e+002  7.0000000e+002
  8.5345600e+002  7.0000000e+002
  8.5415600e+002  7.0000000e+002
  8.5485600e+002  7.0000000e+002
  8.5556000e+002  7.0400000e+002
  8.5626400e+002  7.0400000e+002
  8.5696400e+002  7.0000000e+002
  8.5767200e+002  7.0800000e+002
  8.5837600e+002  7.0400000e+002
  8.5908400e+002  7.0800000e+002
  8.5978800e+002  7.0400000e+002
  8.6049200e+002  7.0400000e+002
  8.6120400e+002  7.1200000e+002
  8.6190800e+002  7.0400000e+002
  8.6261600e+002  7.0800000e+002
  8.6333200e+002  7.1600000e+002
  8.6404000e+002  7.0800000e+002
  8.6475200e+002  7.1200000e+002
  8.6546400e+002  7.1200000e+002
  8.6616800e+002  7.0400000e+002
  8.6687600e+002  7.0800000e+002
  8.6758000e+002  7.0400000e+002
  8.6828800e+002  7.0800000e+002
  8.6899200e+002  7.0400000e+002
  8.6969600e+002  7.0400000e+002
  8.7040000e+002  7.0400000e+002
  8.7110000e+002  7.0000000e+002
  8.7179600e+002  6.9600000e+002
  8.7249600e+002  7.0000000e+002
  8.7318800e+002  6.9200000e+002
  8.7388400e+002  6.9600000e+002
  8.7457600e+002  6.9200000e+002
  8.7526400e+002  6.8800000e+002
  8.7596000e+002  6.9600000e+002
  8.7664800e+002  6.8800000e+002
  8.7734000e+002  6.9200000e+002
  8.7802800e+002  6.8800000e+002
  8.7872400e+002  6.9600000e+002
  8.7942400e+002  7.0000000e+002
  8.8012000e+002  6.9600000e+002
  8.8082000e+002  7.0000000e+002
  8.8151600e+002  6.9600000e+002
  8.8222000e+002  7.0400000e+002
  8.8292400e+002  7.0400000e+002
  8.8362800e+002  7.0400000e+002
  8.8434000e+002  7.1200000e+002
  8.8504400e+002  7.0400000e+002
  8.8575200e+002  7.0800000e+002
  8.8646400e+002  7.1200000e+002
  8.8716800e+002  7.0400000e+002
  8.8788000e+002  7.1200000e+002
  8.8858800e+002  7.0800000e+002
  8.8929600e+002  7.0800000e+002
  8.9000400e+002  7.0800000e+002
  8.9070400e+002  7.0000000e+002
  8.9141200e+002  7.0800000e+002
  8.9211600e+002  7.0400000e+002
  8.9281600e+002  7.0000000e+002
  8.9352000e+002  7.0400000e+002
  8.9422000e+002  7.0000000e+002
  8.9492400e+002  7.0400000e+002
  8.9562800e+002  7.0400000e+002
  8.9632400e+002  6.9600000e+002
  8.9702800e+002  7.0400000e+002
  8.9772800e+002  7.0000000e+002
  8.9842800e+002  7.0000000e+002
  8.9912800e+002  7.0000000e+002
  8.9982000e+002  6.9200000e+002
  9.0051600e+002  6.9600000e+002
  9.0120800e+002  6.9200000e+002
  9.0190000e+002  6.9200000e+002
  9.0259200e+002  6.9200000e+002
  9.0328400e+002  6.9200000e+002
  9.0397600e+002  6.9200000e+002
  9.0466400e+002  6.8800000e+002
  9.0536000e+002  6.9600000e+002
  9.0605600e+002  6.9600000e+002
  9.0675200e+002  6.9600000e+002
  9.0745200e+002  7.0000000e+002
  9.0814800e+002  6.9600000e+002
  9.0884800e+002  7.0000000e+002
  9.0955200e+002  7.0400000e+002
  9.1025200e+002  7.0000000e+002
  9.1095200e+002  7.0000000e+002
  9.1165200e+002  7.0000000e+002
  9.1234800e+002  6.9600000e+002
  9.1304800e+002  7.0000000e+002
  9.1374000e+002  6.9200000e+002
  9.1443600e+002  6.9600000e+002
  9.1513200e+002  6.9600000e+002
  9.1582400e+002  6.9200000e+002
  9.1652000e+002  6.9600000e+002
  9.1721200e+002  6.9200000e+002
  9.1790000e+002  6.8800000e+002
  9.1859200e+002  6.9200000e+002
  9.1927600e+002  6.8400000e+002
  9.1996000e+002  6.8400000e+002
  9.2064800e+002  6.8800000e+002
  9.2132800e+002  6.8000000e+002
  9.2201600e+002  6.8800000e+002
  9.2269600e+002  6.8000000e+002
  9.2337600e+002  6.8000000e+002
  9.2405600e+002  6.8000000e+002
  9.2473600e+002  6.8000000e+002
  9.2541600e+002  6.8000000e+002
  9.2609200e+002  6.7600000e+002
  9.2677200e+002  6.8000000e+002
  9.2745200e+002  6.8000000e+002
  9.2812800e+002  6.7600000e+002
  9.2880400e+002  6.7600000e+002
  9.2948400e+002  6.8000000e+002
  9.3015600e+002  6.7200000e+002
  9.3083200e+002  6.7600000e+002
  9.3150800e+002  6.7600000e+002
  9.3218400e+002  6.7600000e+002
  9.3286400e+002  6.8000000e+002
  9.3353600e+002  6.7200000e+002
  9.3422000e+002  6.8400000e+002
  9.3490400e+002  6.8400000e+002
  9.3558800e+002  6.8400000e+002
  9.3628000e+002  6.9200000e+002
  9.3696400e+002  6.8400000e+002
  9.3765600e+002  6.9200000e+002
  9.3834800e+002  6.9200000e+002
  9.3904000e+002  6.9200000e+002
  9.3973600e+002  6.9600000e+002
  9.4043600e+002  7.0000000e+002
  9.4112800e+002  6.9200000e+002
  9.4182400e+002  6.9600000e+002
  9.4251600e+002  6.9200000e+002
  9.4321200e+002  6.9600000e+002
  9.4391200e+002  7.0000000e+002
  9.4460400e+002  6.9200000e+002
  9.4530000e+002  6.9600000e+002
  9.4599200e+002  6.9200000e+002
  9.4668400e+002  6.9200000e+002
  9.4737600e+002  6.9200000e+002
  9.4806000e+002  6.8400000e+002
  9.4874800e+002  6.8800000e+002
  9.4943600e+002  6.8800000e+002
  9.5011600e+002  6.8000000e+002
  9.5080000e+002  6.8400000e+002
  9.5148000e+002  6.8000000e+002
  9.5216000e+002  6.8000000e+002
  9.5284000e+002  6.8000000e+002
  9.5352000e+002  6.8000000e+002
  9.5420000e+002  6.8000000e+002
  9.5488400e+002  6.8400000e+002
  9.5556800e+002  6.8400000e+002
  9.5624800e+002  6.8000000e+002
  9.5692800e+002  6.8000000e+002
  9.5761200e+002  6.8400000e+002
  9.5829600e+002  6.8400000e+002
  9.5897200e+002  6.7600000e+002
  9.5965200e+002  6.8000000e+002
  9.6032800e+002  6.7600000e+002
  9.6100400e+002  6.7600000e+002
  9.6168400e+002  6.8000000e+002
  9.6235600e+002  6.7200000e+002
  9.6303600e+002  6.8000000e+002
  9.6371600e+002  6.8000000e+002
  9.6439200e+002  6.7600000e+002
  9.6507600e+002  6.8400000e+002
  9.6575600e+002  6.8000000e+002
  9.6644000e+002  6.8400000e+002
  9.6712800e+002  6.8800000e+002
  9.6781200e+002  6.8400000e+002
  9.6849600e+002  6.8400000e+002
  9.6918000e+002  6.8400000e+002
  9.6986400e+002  6.8400000e+002
  9.7055200e+002  6.8800000e+002
  9.7123600e+002  6.8400000e+002
  9.7192400e+002  6.8800000e+002
  9.7261200e+002  6.8800000e+002
  9.7329600e+002  6.8400000e+002
  9.7398400e+002  6.8800000e+002
  9.7467200e+002  6.8800000e+002
  9.7535600e+002  6.8400000e+002
  9.7605200e+002  6.9600000e+002
  9.7674400e+002  6.9200000e+002
  9.7744000e+002  6.9600000e+002
  9.7813600e+002  6.9600000e+002
  9.7882800e+002  6.9200000e+002
  9.7952400e+002  6.9600000e+002
  9.8021600e+002  6.9200000e+002
  9.8090800e+002  6.9200000e+002
  9.8160400e+002  6.9600000e+002
  9.8229200e+002  6.8800000e+002
  9.8298400e+002  6.9200000e+002
  9.8367200e+002  6.8800000e+002
  9.8435600e+002  6.8400000e+002
  9.8504400e+002  6.8800000e+002
  9.8572800e+002  6.8400000e+002
  9.8641200e+002  6.8400000e+002
  9.8709600e+002  6.8400000e+002
  9.8778000e+002  6.8400000e+002
  9.8847200e+002  6.9200000e+002
  9.8915600e+002  6.8400000e+002
  9.8984800e+002  6.9200000e+002
  9.9054000e+002  6.9200000e+002
  9.9122800e+002  6.8800000e+002
  9.9192400e+002  6.9600000e+002
  9.9262000e+002  6.9600000e+002
  9.9331200e+002  6.9200000e+002
  9.9401200e+002  7.0000000e+002
  9.9470000e+002  6.8800000e+002
  9.9540000e+002  7.0000000e+002
  9.9609200e+002  6.9200000e+002
  9.9678400e+002  6.9200000e+002
  9.9748000e+002  6.9600000e+002
  9.9817200e+002  6.9200000e+002
  9.9886400e+002  6.9200000e+002
  9.9956000e+002  6.9600000e+002
  1.0002520e+003  6.9200000e+002
  1.0009440e+003  6.9200000e+002
  1.0016360e+003  6.9200000e+002
  1.0023320e+003  6.9600000e+002
  1.0030280e+003  6.9600000e+002
  1.0037160e+003  6.8800000e+002
  1.0044120e+003  6.9600000e+002
  1.0051000e+003  6.8800000e+002
  1.0057880e+003  6.8800000e+002
  1.0064800e+003  6.9200000e+002
  1.0071640e+003  6.8400000e+002
  1.0078520e+003  6.8800000e+002
  1.0085400e+003  6.8800000e+002
  1.0092240e+003  6.8400000e+002
  1.0099120e+003  6.8800000e+002
  1.0105960e+003  6.8400000e+002
  1.0112840e+003  6.8800000e+002
  1.0119760e+003  6.9200000e+002
  1.0126600e+003  6.8400000e+002
  1.0133520e+003  6.9200000e+002
  1.0140400e+003  6.8800000e+002
  1.0147280e+003  6.8800000e+002
  1.0154240e+003  6.9600000e+002
  1.0161120e+003  6.8800000e+002
  1.0168040e+003  6.9200000e+002
  1.0174960e+003  6.9200000e+002
  1.0181840e+003  6.8800000e+002
  1.0188840e+003  7.0000000e+002
  1.0195760e+003  6.9200000e+002
  1.0202760e+003  7.0000000e+002
  1.0209760e+003  7.0000000e+002
  1.0216720e+003  6.9600000e+002
  1.0223760e+003  7.0400000e+002
  1.0230720e+003  6.9600000e+002
  1.0237680e+003  6.9600000e+002
  1.0244680e+003  7.0000000e+002
  1.0251640e+003  6.9600000e+002
  1.0258640e+003  7.0000000e+002
  1.0265520e+003  6.8800000e+002
  1.0272480e+003  6.9600000e+002
  1.0279440e+003  6.9600000e+002
  1.0286320e+003  6.8800000e+002
  1.0293280e+003  6.9600000e+002
  1.0300200e+003  6.9200000e+002
  1.0307160e+003  6.9600000e+002
  1.0314080e+003  6.9200000e+002
  1.0320960e+003  6.8800000e+002
  1.0327880e+003  6.9200000e+002
  1.0334760e+003  6.8800000e+002
  1.0341680e+003  6.9200000e+002
  1.0348560e+003  6.8800000e+002
  1.0355400e+003  6.8400000e+002
  1.0362320e+003  6.9200000e+002
  1.0369200e+003  6.8800000e+002
  1.0376080e+003  6.8800000e+002
  1.0383000e+003  6.9200000e+002
  1.0389880e+003  6.8800000e+002
  1.0396840e+003  6.9600000e+002
  1.0403720e+003  6.8800000e+002
  1.0410640e+003  6.9200000e+002
  1.0417520e+003  6.8800000e+002
  1.0424360e+003  6.8400000e+002
  1.0431280e+003  6.9200000e+002
  1.0438160e+003  6.8800000e+002
  1.0445080e+003  6.9200000e+002
  1.0451960e+003  6.8800000e+002
  1.0458840e+003  6.8800000e+002
  1.0465760e+003  6.9200000e+002
  1.0472600e+003  6.8400000e+002
  1.0479520e+003  6.9200000e+002
  1.0486400e+003  6.8800000e+002
  1.0493240e+003  6.8400000e+002
  1.0500160e+003  6.9200000e+002
  1.0507000e+003  6.8400000e+002
  1.0513920e+003  6.9200000e+002
  1.0520760e+003  6.8400000e+002
  1.0527640e+003  6.8800000e+002
  1.0534600e+003  6.9600000e+002
  1.0541480e+003  6.8800000e+002
  1.0548400e+003  6.9200000e+002
  1.0555280e+003  6.8800000e+002
  1.0562120e+003  6.8400000e+002
  1.0569000e+003  6.8800000e+002
  1.0575880e+003  6.8800000e+002
  1.0582720e+003  6.8400000e+002
  1.0589600e+003  6.8800000e+002
  1.0596440e+003  6.8400000e+002
  1.0603360e+003  6.9200000e+002
  1.0610200e+003  6.8400000e+002
  1.0617080e+003  6.8800000e+002
  1.0624000e+003  6.9200000e+002
  1.0630880e+003  6.8800000e+002
  1.0637840e+003  6.9600000e+002
  1.0644720e+003  6.8800000e+002
  1.0651640e+003  6.9200000e+002
  1.0658600e+003  6.9600000e+002
  1.0665520e+003  6.9200000e+002
  1.0672480e+003  6.9600000e+002
  1.0679440e+003  6.9600000e+002
  1.0686360e+003  6.9200000e+002
  1.0693360e+003  7.0000000e+002
  1.0700280e+003  6.9200000e+002
  1.0707240e+003  6.9600000e+002
  1.0714200e+003  6.9600000e+002
  1.0721160e+003  6.9600000e+002
  1.0728160e+003  7.0000000e+002
  1.0735080e+003  6.9200000e+002
  1.0742040e+003  6.9600000e+002
  1.0749040e+003  7.0000000e+002
  1.0756000e+003  6.9600000e+002
  1.0763000e+003  7.0000000e+002
  1.0770000e+003  7.0000000e+002
  1.0777000e+003  7.0000000e+002
  1.0784040e+003  7.0400000e+002
  1.0791040e+003  7.0000000e+002
  1.0798080e+003  7.0400000e+002
  1.0805120e+003  7.0400000e+002
  1.0812080e+003  6.9600000e+002
  1.0819080e+003  7.0000000e+002
  1.0826080e+003  7.0000000e+002
  1.0833040e+003  6.9600000e+002
  1.0840000e+003  6.9600000e+002
  1.0846920e+003  6.9200000e+002
  1.0853880e+003  6.9600000e+002
  1.0860800e+003  6.9200000e+002
  1.0867640e+003  6.8400000e+002
  1.0874520e+003  6.8800000e+002
  1.0881360e+003  6.8400000e+002
  1.0888160e+003  6.8000000e+002
  1.0895000e+003  6.8400000e+002
  1.0901800e+003  6.8000000e+002
  1.0908640e+003  6.8400000e+002
  1.0915440e+003  6.8000000e+002
  1.0922200e+003  6.7600000e+002
  1.0929040e+003  6.8400000e+002
  1.0935880e+003  6.8400000e+002
  1.0942720e+003  6.8400000e+002
  1.0949600e+003  6.8800000e+002
  1.0956480e+003  6.8800000e+002
  1.0963400e+003  6.9200000e+002
  1.0970280e+003  6.8800000e+002
  1.0977200e+003  6.9200000e+002
  1.0984120e+003  6.9200000e+002
  1.0991040e+003  6.9200000e+002
  1.0998000e+003  6.9600000e+002
  1.1004960e+003  6.9600000e+002
  1.1011880e+003  6.9200000e+002
  1.1018800e+003  6.9200000e+002
  1.1025760e+003  6.9600000e+002
  1.1032680e+003  6.9200000e+002
  1.1039680e+003  7.0000000e+002
  1.1046600e+003  6.9200000e+002
  1.1053560e+003  6.9600000e+002
  1.1060440e+003  6.8800000e+002
  1.1067320e+003  6.8800000e+002
  1.1074280e+003  6.9600000e+002
  1.1081160e+003  6.8800000e+002
  1.1088080e+003  6.9200000e+002
  1.1095040e+003  6.9600000e+002
  1.1101960e+003  6.9200000e+002
  1.1108880e+003  6.9200000e+002
  1.1115800e+003  6.9200000e+002
  1.1122760e+003  6.9600000e+002
  1.1129720e+003  6.9600000e+002
  1.1136640e+003  6.9200000e+002
  1.1143600e+003  6.9600000e+002
  1.1150480e+003  6.8800000e+002
  1.1157400e+003  6.9200000e+002
  1.1164320e+003  6.9200000e+002
  1.1171200e+003  6.8800000e+002
  1.1178160e+003  6.9600000e+002
  1.1185120e+003  6.9600000e+002
  1.1192040e+003  6.9200000e+002
  1.1199000e+003  6.9600000e+002
  1.1206000e+003  7.0000000e+002
  1.1212960e+003  6.9600000e+002
  1.1220000e+003  7.0400000e+002
  1.1226960e+003  6.9600000e+002
  1.1234000e+003  7.0400000e+002
  1.1240960e+003  6.9600000e+002
  1.1247920e+003  6.9600000e+002
  1.1254920e+003  7.0000000e+002
  1.1261840e+003  6.9200000e+002
  1.1268800e+003  6.9600000e+002
  1.1275800e+003  7.0000000e+002
  1.1282760e+003  6.9600000e+002
  1.1289720e+003  6.9600000e+002
  1.1296640e+003  6.9200000e+002
  1.1303560e+003  6.9200000e+002
  1.1310520e+003  6.9600000e+002
  1.1317440e+003  6.9200000e+002
  1.1324400e+003  6.9600000e+002
  1.1331360e+003  6.9600000e+002
  1.1338280e+003  6.9200000e+002
  1.1345240e+003  6.9600000e+002
  1.1352160e+003  6.9200000e+002
  1.1359080e+003  6.9200000e+002
  1.1366000e+003  6.9200000e+002
  1.1372880e+003  6.8800000e+002
  1.1379800e+003  6.9200000e+002
  1.1386720e+003  6.9200000e+002
  1.1393600e+003  6.8800000e+002
  1.1400520e+003  6.9200000e+002
  1.1407440e+003  6.9200000e+002
  1.1414320e+003  6.8800000e+002
  1.1421240e+003  6.9200000e+002
  1.1428160e+003  6.9200000e+002
  1.1435040e+003  6.8800000e+002
  1.1442000e+003  6.9600000e+002
  1.1448880e+003  6.8800000e+002
  1.1455800e+003  6.9200000e+002
  1.1462760e+003  6.9600000e+002
  1.1469640e+003  6.8800000e+002
  1.1476600e+003  6.9600000e+002
  1.1483520e+003  6.9200000e+002
  1.1490440e+003  6.9200000e+002
  1.1497360e+003  6.9200000e+002
  1.1504240e+003  6.8800000e+002
  1.1511160e+003  6.9200000e+002
  1.1518040e+003  6.8800000e+002
  1.1524920e+003  6.8800000e+002
  1.1531840e+003  6.9200000e+002
  1.1538720e+003  6.8800000e+002
  1.1545640e+003  6.9200000e+002
  1.1552600e+003  6.9600000e+002
  1.1559480e+003  6.8800000e+002
  1.1566400e+003  6.9200000e+002
  1.1573320e+003  6.9200000e+002
  1.1580240e+003  6.9200000e+002
  1.1587160e+003  6.9200000e+002
  1.1594080e+003  6.9200000e+002
  1.1601000e+003  6.9200000e+002
  1.1607960e+003  6.9600000e+002
  1.1614880e+003  6.9200000e+002
  1.1621800e+003  6.9200000e+002
  1.1628720e+003  6.9200000e+002
  1.1635640e+003  6.9200000e+002
  1.1642600e+003  6.9600000e+002
  1.1649520e+003  6.9200000e+002
  1.1656440e+003  6.9200000e+002
  1.1663360e+003  6.9200000e+002
  1.1670240e+003  6.8800000e+002
  1.1677160e+003  6.9200000e+002
  1.1684080e+003  6.9200000e+002
  1.1690960e+003  6.8800000e+002
  1.1697880e+003  6.9200000e+002
  1.1704760e+003  6.8800000e+002
  1.1711680e+003  6.9200000e+002
  1.1718600e+003  6.9200000e+002
  1.1725520e+003  6.9200000e+002
  1.1732480e+003  6.9600000e+002
  1.1739400e+003  6.9200000e+002
  1.1746360e+003  6.9600000e+002
  1.1753320e+003  6.9600000e+002
  1.1760280e+003  6.9600000e+002
  1.1767320e+003  7.0400000e+002
  1.1774280e+003  6.9600000e+002
  1.1781280e+003  7.0000000e+002
  1.1788320e+003  7.0400000e+002
  1.1795320e+003  7.0000000e+002
  1.1802320e+003  7.0000000e+002
  1.1809320e+003  7.0000000e+002
  1.1816360e+003  7.0400000e+002
  1.1823400e+003  7.0400000e+002
  1.1830400e+003  7.0000000e+002
  1.1837400e+003  7.0000000e+002
  1.1844400e+003  7.0000000e+002
  1.1851360e+003  6.9600000e+002
  1.1858360e+003  7.0000000e+002
  1.1865320e+003  6.9600000e+002
  1.1872320e+003  7.0000000e+002
  1.1879280e+003  6.9600000e+002
  1.1886240e+003  6.9600000e+002
  1.1893240e+003  7.0000000e+002
  1.1900200e+003  6.9600000e+002
  1.1907200e+003  7.0000000e+002
  1.1914240e+003  7.0400000e+002
  1.1921240e+003  7.0000000e+002
  1.1928320e+003  7.0800000e+002
  1.1935360e+003  7.0400000e+002
  1.1942360e+003  7.0000000e+002
  1.1949440e+003  7.0800000e+002
  1.1956440e+003  7.0000000e+002
  1.1963480e+003  7.0400000e+002
  1.1970520e+003  7.0400000e+002
  1.1977520e+003  7.0000000e+002
  1.1984520e+003  7.0000000e+002
  1.1991520e+003  7.0000000e+002
  1.1998480e+003  6.9600000e+002
  1.2005520e+003  7.0400000e+002
  1.2012480e+003  6.9600000e+002
  1.2019480e+003  7.0000000e+002
  1.2026520e+003  7.0400000e+002
  1.2033480e+003  6.9600000e+002
  1.2040520e+003  7.0400000e+002
  1.2047480e+003  6.9600000e+002
  1.2054440e+003  6.9600000e+002
  1.2061440e+003  7.0000000e+002
  1.2068400e+003  6.9600000e+002
  1.2075400e+003  7.0000000e+002
  1.2082320e+003  6.9200000e+002
  1.2089200e+003  6.8800000e+002
  1.2096120e+003  6.9200000e+002
  1.2103040e+003  6.9200000e+002
  1.2109920e+003  6.8800000e+002
  1.2116840e+003  6.9200000e+002
  1.2123720e+003  6.8800000e+002
  1.2130640e+003  6.9200000e+002
  1.2137560e+003  6.9200000e+002
  1.2144480e+003  6.9200000e+002
  1.2151440e+003  6.9600000e+002
  1.2158360e+003  6.9200000e+002
  1.2165320e+003  6.9600000e+002
  1.2172240e+003  6.9200000e+002
  1.2179200e+003  6.9600000e+002
  1.2186160e+003  6.9600000e+002
  1.2193080e+003  6.9200000e+002
  1.2200000e+003  6.9200000e+002
  1.2206960e+003  6.9600000e+002
  1.2213840e+003  6.8800000e+002
  1.2220760e+003  6.9200000e+002
  1.2227640e+003  6.8800000e+002
  1.2234560e+003  6.9200000e+002
  1.2241520e+003  6.9600000e+002
  1.2248440e+003  6.9200000e+002
  1.2255400e+003  6.9600000e+002
  1.2262320e+003  6.9200000e+002
  1.2269280e+003  6.9600000e+002
  1.2276240e+003  6.9600000e+002
  1.2283200e+003  6.9600000e+002
  1.2290200e+003  7.0000000e+002
  1.2297160e+003  6.9600000e+002
  1.2304160e+003  7.0000000e+002
  1.2311160e+003  7.0000000e+002
  1.2318120e+003  6.9600000e+002
  1.2325080e+003  6.9600000e+002
  1.2332080e+003  7.0000000e+002
  1.2339040e+003  6.9600000e+002
  1.2346040e+003  7.0000000e+002
  1.2353000e+003  6.9600000e+002
  1.2359920e+003  6.9200000e+002
  1.2366920e+003  7.0000000e+002
  1.2373880e+003  6.9600000e+002
  1.2380840e+003  6.9600000e+002
  1.2387840e+003  7.0000000e+002
  1.2394800e+003  6.9600000e+002
  1.2401800e+003  7.0000000e+002
  1.2408800e+003  7.0000000e+002
  1.2415760e+003  6.9600000e+002
  1.2422800e+003  7.0400000e+002
  1.2429760e+003  6.9600000e+002
  1.2436800e+003  7.0400000e+002
  1.2443880e+003  7.0800000e+002
  1.2450920e+003  7.0400000e+002
  1.2458040e+003  7.1200000e+002
  1.2465080e+003  7.0400000e+002
  1.2472080e+003  7.0000000e+002
  1.2479120e+003  7.0400000e+002
  1.2486120e+003  7.0000000e+002
  1.2493120e+003  7.0000000e+002
  1.2500120e+003  7.0000000e+002
  1.2507080e+003  6.9600000e+002
  1.2514080e+003  7.0000000e+002
  1.2521040e+003  6.9600000e+002
  1.2528000e+003  6.9600000e+002
  1.2535000e+003  7.0000000e+002
  1.2541960e+003  6.9600000e+002
  1.2548960e+003  7.0000000e+002
  1.2555920e+003  6.9600000e+002
  1.2562880e+003  6.9600000e+002
  1.2569920e+003  7.0400000e+002
  1.2576880e+003  6.9600000e+002
  1.2583880e+003  7.0000000e+002
  1.2590880e+003  7.0000000e+002
  1.2597880e+003  7.0000000e+002
  1.2604920e+003  7.0400000e+002
  1.2611880e+003  6.9600000e+002
  1.2618840e+003  6.9600000e+002
  1.2625800e+003  6.9600000e+002
  1.2632720e+003  6.9200000e+002
  1.2639680e+003  6.9600000e+002
  1.2646600e+003  6.9200000e+002
  1.2653520e+003  6.9200000e+002
  1.2660520e+003  7.0000000e+002
  1.2667480e+003  6.9600000e+002
  1.2674480e+003  7.0000000e+002
  1.2681440e+003  6.9600000e+002
  1.2688400e+003  6.9600000e+002
  1.2695400e+003  7.0000000e+002
  1.2702360e+003  6.9600000e+002
  1.2709320e+003  6.9600000e+002
  1.2716320e+003  7.0000000e+002
  1.2723240e+003  6.9200000e+002
  1.2730240e+003  7.0000000e+002
  1.2737200e+003  6.9600000e+002
  1.2744160e+003  6.9600000e+002
  1.2751200e+003  7.0400000e+002
  1.2758160e+003  6.9600000e+002
  1.2765200e+003  7.0400000e+002
  1.2772160e+003  6.9600000e+002
  1.2779080e+003  6.9200000e+002
  1.2786080e+003  7.0000000e+002
  1.2793000e+003  6.9200000e+002
  1.2799960e+003  6.9600000e+002
  1.2806920e+003  6.9600000e+002
  1.2813840e+003  6.9200000e+002
  1.2820800e+003  6.9600000e+002
  1.2827720e+003  6.9200000e+002
  1.2834640e+003  6.9200000e+002
  1.2841640e+003  7.0000000e+002
  1.2848600e+003  6.9600000e+002
  1.2855600e+003  7.0000000e+002
  1.2862560e+003  6.9600000e+002
  1.2869520e+003  6.9600000e+002
  1.2876560e+003  7.0400000e+002
  1.2883520e+003  6.9600000e+002
  1.2890520e+003  7.0000000e+002
  1.2897520e+003  7.0000000e+002
  1.2904440e+003  6.9200000e+002
  1.2911440e+003  7.0000000e+002
  1.2918360e+003  6.9200000e+002
  1.2925360e+003  7.0000000e+002
  1.2932320e+003  6.9600000e+002
  1.2939240e+003  6.9200000e+002
  1.2946240e+003  7.0000000e+002
  1.2953200e+003  6.9600000e+002
  1.2960160e+003  6.9600000e+002
  1.2967160e+003  7.0000000e+002
  1.2974120e+003  6.9600000e+002
  1.2981080e+003  6.9600000e+002
  1.2988040e+003  6.9600000e+002
  1.2995000e+003  6.9600000e+002
  1.3002000e+003  7.0000000e+002
  1.3008920e+003  6.9200000e+002
  1.3015920e+003  7.0000000e+002
  1.3022920e+003  7.0000000e+002
  1.3029840e+003  6.9200000e+002
  1.3036880e+003  7.0400000e+002
  1.3043840e+003  6.9600000e+002
  1.3050840e+003  7.0000000e+002
  1.3057840e+003  7.0000000e+002
  1.3064760e+003  6.9200000e+002
  1.3071720e+003  6.9600000e+002
  1.3078680e+003  6.9600000e+002
  1.3085640e+003  6.9600000e+002
  1.3092640e+003  7.0000000e+002
  1.3099600e+003  6.9600000e+002
  1.3106600e+003  7.0000000e+002
  1.3113600e+003  7.0000000e+002
  1.3120520e+003  6.9200000e+002
  1.3127560e+003  7.0400000e+002
  1.3134480e+003  6.9200000e+002
  1.3141480e+003  7.0000000e+002
  1.3148480e+003  7.0000000e+002
  1.3155440e+003  6.9600000e+002
  1.3162480e+003  7.0400000e+002
  1.3169480e+003  7.0000000e+002
  1.3176480e+003  7.0000000e+002
  1.3183560e+003  7.0800000e+002
  1.3190560e+003  7.0000000e+002
  1.3197600e+003  7.0400000e+002
  1.3204600e+003  7.0000000e+002
  1.3211600e+003  7.0000000e+002
  1.3218640e+003  7.0400000e+002
  1.3225600e+003  6.9600000e+002
  1.3232640e+003  7.0400000e+002
  1.3239680e+003  7.0400000e+002
  1.3246640e+003  6.9600000e+002
  1.3253720e+003  7.0800000e+002
  1.3260680e+003  6.9600000e+002
  1.3267640e+003  6.9600000e+002
  1.3274680e+003  7.0400000e+002
  1.3281640e+003  6.9600000e+002
  1.3288640e+003  7.0000000e+002
  1.3295640e+003  7.0000000e+002
  1.3302600e+003  6.9600000e+002
  1.3309640e+003  7.0400000e+002
  1.3316600e+003  6.9600000e+002
  1.3323600e+003  7.0000000e+002
  1.3330600e+003  7.0000000e+002
  1.3337560e+003  6.9600000e+002
  1.3344560e+003  7.0000000e+002
  1.3351520e+003  6.9600000e+002
  1.3358520e+003  7.0000000e+002
  1.3365520e+003  7.0000000e+002
  1.3372480e+003  6.9600000e+002
  1.3379520e+003  7.0400000e+002
  1.3386480e+003  6.9600000e+002
  1.3393480e+003  7.0000000e+002
  1.3400480e+003  7.0000000e+002
  1.3407480e+003  7.0000000e+002
  1.3414480e+003  7.0000000e+002
  1.3421480e+003  7.0000000e+002
  1.3428520e+003  7.0400000e+002
  1.3435520e+003  7.0000000e+002
  1.3442520e+003  7.0000000e+002
  1.3449560e+003  7.0400000e+002
  1.3456480e+003  6.9200000e+002
  1.3463480e+003  7.0000000e+002
  1.3470480e+003  7.0000000e+002
  1.3477440e+003  6.9600000e+002
  1.3484440e+003  7.0000000e+002
  1.3491400e+003  6.9600000e+002
  1.3498360e+003  6.9600000e+002
  1.3505400e+003  7.0400000e+002
  1.3512400e+003  7.0000000e+002
  1.3519400e+003  7.0000000e+002
  1.3526360e+003  6.9600000e+002
  1.3533360e+003  7.0000000e+002
  1.3540440e+003  7.0800000e+002
  1.3547480e+003  7.0400000e+002
  1.3554560e+003  7.0800000e+002
  1.3561680e+003  7.1200000e+002
  1.3568760e+003  7.0800000e+002
  1.3575880e+003  7.1200000e+002
  1.3583000e+003  7.1200000e+002
  1.3590080e+003  7.0800000e+002
  1.3597200e+003  7.1200000e+002
  1.3604240e+003  7.0400000e+002
  1.3611320e+003  7.0800000e+002
  1.3618320e+003  7.0000000e+002
  1.3625360e+003  7.0400000e+002
  1.3632440e+003  7.0800000e+002
  1.3639440e+003  7.0000000e+002
  1.3646480e+003  7.0400000e+002
  1.3653520e+003  7.0400000e+002
  1.3660560e+003  7.0400000e+002
  1.3667680e+003  7.1200000e+002
  1.3674720e+003  7.0400000e+002
  1.3681800e+003  7.0800000e+002
  1.3688880e+003  7.0800000e+002
  1.3695920e+003  7.0400000e+002
  1.3703000e+003  7.0800000e+002
  1.3710040e+003  7.0400000e+002
  1.3717120e+003  7.0800000e+002
  1.3724200e+003  7.0800000e+002
  1.3731280e+003  7.0800000e+002
  1.3738360e+003  7.0800000e+002
  1.3745360e+003  7.0000000e+002
  1.3752400e+003  7.0400000e+002
  1.3759480e+003  7.0800000e+002
  1.3766480e+003  7.0000000e+002
  1.3773480e+003  7.0000000e+002
  1.3780480e+003  7.0000000e+002
  1.3787440e+003  6.9600000e+002
  1.3794440e+003  7.0000000e+002
  1.3801360e+003  6.9200000e+002
  1.3808320e+003  6.9600000e+002
  1.3815280e+003  6.9600000e+002
  1.3822200e+003  6.9200000e+002
  1.3829200e+003  7.0000000e+002
  1.3836160e+003  6.9600000e+002
  1.3843160e+003  7.0000000e+002
  1.3850160e+003  7.0000000e+002
  1.3857120e+003  6.9600000e+002
  1.3864160e+003  7.0400000e+002
  1.3871120e+003  6.9600000e+002
  1.3878120e+003  7.0000000e+002
  1.3885160e+003  7.0400000e+002
  1.3892120e+003  6.9600000e+002
  1.3899160e+003  7.0400000e+002
  1.3906120e+003  6.9600000e+002
  1.3913080e+003  6.9600000e+002
  1.3920080e+003  7.0000000e+002
  1.3927040e+003  6.9600000e+002
  1.3934040e+003  7.0000000e+002
  1.3941040e+003  7.0000000e+002
  1.3948000e+003  6.9600000e+002
  1.3955080e+003  7.0800000e+002
  1.3962080e+003  7.0000000e+002
  1.3969120e+003  7.0400000e+002
  1.3976200e+003  7.0800000e+002
  1.3983280e+003  7.0800000e+002
  1.3990440e+003  7.1600000e+002
  1.3997480e+003  7.0400000e+002
  1.4004600e+003  7.1200000e+002
  1.4011680e+003  7.0800000e+002
  1.4018720e+003  7.0400000e+002
  1.4025760e+003  7.0400000e+002
  1.4032800e+003  7.0400000e+002
  1.4039840e+003  7.0400000e+002
  1.4046880e+003  7.0400000e+002
  1.4053880e+003  7.0000000e+002
  1.4060960e+003  7.0800000e+002
  1.4067960e+003  7.0000000e+002
  1.4075000e+003  7.0400000e+002
  1.4082080e+003  7.0800000e+002
  1.4089120e+003  7.0400000e+002
  1.4096200e+003  7.0800000e+002
  1.4103280e+003  7.0800000e+002
  1.4110360e+003  7.0800000e+002
  1.4117480e+003  7.1200000e+002
  1.4124560e+003  7.0800000e+002
  1.4131680e+003  7.1200000e+002
  1.4138760e+003  7.0800000e+002
  1.4145840e+003  7.0800000e+002
  1.4152960e+003  7.1200000e+002
  1.4160000e+003  7.0400000e+002
  1.4167120e+003  7.1200000e+002
  1.4174240e+003  7.1200000e+002
  1.4181320e+003  7.0800000e+002
  1.4188480e+003  7.1600000e+002
  1.4195560e+003  7.0800000e+002
  1.4202640e+003  7.0800000e+002
  1.4209800e+003  7.1600000e+002
  1.4216840e+003  7.0400000e+002
  1.4223920e+003  7.0800000e+002
  1.4230960e+003  7.0400000e+002
  1.4238000e+003  7.0400000e+002
  1.4245080e+003  7.0800000e+002
  1.4252120e+003  7.0400000e+002
  1.4259200e+003  7.0800000e+002
  1.4266280e+003  7.0800000e+002
  1.4273360e+003  7.0800000e+002
  1.4280480e+003  7.1200000e+002
  1.4287600e+003  7.1200000e+002
  1.4294720e+003  7.1200000e+002
  1.4301880e+003  7.1600000e+002
  1.4308960e+003  7.0800000e+002
  1.4316120e+003  7.1600000e+002
  1.4323200e+003  7.0800000e+002
  1.4330280e+003  7.0800000e+002
  1.4337400e+003  7.1200000e+002
  1.4344520e+003  7.1200000e+002
  1.4351640e+003  7.1200000e+002
  1.4358840e+003  7.2000000e+002
  1.4365920e+003  7.0800000e+002
  1.4373080e+003  7.1600000e+002
  1.4380160e+003  7.0800000e+002
  1.4387200e+003  7.0400000e+002
  1.4392000e+003  4.8000000e+002
  1.4400040e+003  8.0400000e+002
  1.4407120e+003  7.0800000e+002
  1.4414200e+003  7.0800000e+002
  1.4421160e+003  6.9600000e+002
  1.4428160e+003  7.0000000e+002
  1.4435080e+003  6.9200000e+002
  1.4442000e+003  6.9200000e+002
  1.4449000e+003  7.0000000e+002
  1.4455960e+003  6.9600000e+002
  1.4462920e+003  6.9600000e+002
  1.4469920e+003  7.0000000e+002
  1.4476920e+003  7.0000000e+002
  1.4483920e+003  7.0000000e+002
  1.4490960e+003  7.0400000e+002
  1.4498000e+003  7.0400000e+002
  1.4505000e+003  7.0000000e+002
  1.4512040e+003  7.0400000e+002
  1.4519120e+003  7.0800000e+002
  1.4526160e+003  7.0400000e+002
  1.4533240e+003  7.0800000e+002
  1.4540320e+003  7.0800000e+002
  1.4547360e+003  7.0400000e+002
  1.4554440e+003  7.0800000e+002
  1.4561480e+003  7.0400000e+002
  1.4568560e+003  7.0800000e+002
  1.4575640e+003  7.0800000e+002
  1.4582680e+003  7.0400000e+002
  1.4589760e+003  7.0800000e+002
  1.4596760e+003  7.0000000e+002
  1.4603840e+003  7.0800000e+002
  1.4610920e+003  7.0800000e+002
  1.4617960e+003  7.0400000e+002
  1.4625040e+003  7.0800000e+002
  1.4632040e+003  7.0000000e+002
  1.4639120e+003  7.0800000e+002
  1.4646200e+003  7.0800000e+002
  1.4653240e+003  7.0400000e+002
  1.4660280e+003  7.0400000e+002
  1.4667280e+003  7.0000000e+002
  1.4674320e+003  7.0400000e+002
  1.4681360e+003  7.0400000e+002
  1.4688360e+003  7.0000000e+002
  1.4695440e+003  7.0800000e+002
  1.4702480e+003  7.0400000e+002
  1.4709520e+003  7.0400000e+002
  1.4716640e+003  7.1200000e+002
  1.4723720e+003  7.0800000e+002
  1.4730880e+003  7.1600000e+002
  1.4738000e+003  7.1200000e+002
  1.4745120e+003  7.1200000e+002
  1.4752240e+003  7.1200000e+002
  1.4759360e+003  7.1200000e+002
  1.4766440e+003  7.0800000e+002
  1.4773520e+003  7.0800000e+002
  1.4780560e+003  7.0400000e+002
  1.4787600e+003  7.0400000e+002
  1.4794640e+003  7.0400000e+002
  1.4801680e+003  7.0400000e+002
  1.4808760e+003  7.0800000e+002
  1.4815760e+003  7.0000000e+002
  1.4822800e+003  7.0400000e+002
  1.4829840e+003  7.0400000e+002
  1.4836840e+003  7.0000000e+002
  1.4843920e+003  7.0800000e+002
  1.4850960e+003  7.0400000e+002
  1.4858040e+003  7.0800000e+002
  1.4865120e+003  7.0800000e+002
  1.4872160e+003  7.0400000e+002
  1.4879280e+003  7.1200000e+002
  1.4886360e+003  7.0800000e+002
  1.4893400e+003  7.0400000e+002
  1.4900440e+003  7.0400000e+002
  1.4907520e+003  7.0800000e+002
  1.4914640e+003  7.1200000e+002
  1.4921720e+003  7.0800000e+002
  1.4928840e+003  7.1200000e+002
  1.4936000e+003  7.1600000e+002
  1.4943080e+003  7.0800000e+002
  1.4950200e+003  7.1200000e+002
  1.4957320e+003  7.1200000e+002
  1.4964440e+003  7.1200000e+002
  1.4971520e+003  7.0800000e+002
  1.4978600e+003  7.0800000e+002
  1.4985640e+003  7.0400000e+002
  1.4992680e+003  7.0400000e+002
  1.4999720e+003  7.0400000e+002
  1.5006800e+003  7.0800000e+002
  1.5013800e+003  7.0000000e+002
  1.5020880e+003  7.0800000e+002
  1.5027920e+003  7.0400000e+002
  1.5034960e+003  7.0400000e+002
  1.5042080e+003  7.1200000e+002
  1.5049120e+003  7.0400000e+002
  1.5056240e+003  7.1200000e+002
  1.5063360e+003  7.1200000e+002
  1.5070440e+003  7.0800000e+002
  1.5077560e+003  7.1200000e+002
  1.5084600e+003  7.0400000e+002
  1.5091680e+003  7.0800000e+002
  1.5098760e+003  7.0800000e+002
  1.5105800e+003  7.0400000e+002
  1.5112840e+003  7.0400000e+002
  1.5119880e+003  7.0400000e+002
  1.5126880e+003  7.0000000e+002
  1.5133960e+003  7.0800000e+002
  1.5140920e+003  6.9600000e+002
  1.5147920e+003  7.0000000e+002
  1.5154920e+003  7.0000000e+002
  1.5161880e+003  6.9600000e+002
  1.5168920e+003  7.0400000e+002
  1.5175920e+003  7.0000000e+002
  1.5182960e+003  7.0400000e+002
  1.5189960e+003  7.0000000e+002
  1.5196960e+003  7.0000000e+002
  1.5204000e+003  7.0400000e+002
  1.5211000e+003  7.0000000e+002
  1.5218000e+003  7.0000000e+002
  1.5225000e+003  7.0000000e+002
  1.5231960e+003  6.9600000e+002
  1.5238920e+003  6.9600000e+002
  1.5245840e+003  6.9200000e+002
  1.5252760e+003  6.9200000e+002
  1.5259720e+003  6.9600000e+002
  1.5266640e+003  6.9200000e+002
  1.5273560e+003  6.9200000e+002
  1.5280440e+003  6.8800000e+002
  1.5287280e+003  6.8400000e+002
  1.5294120e+003  6.8400000e+002
  1.5300920e+003  6.8000000e+002
  1.5307720e+003  6.8000000e+002
  1.5314560e+003  6.8400000e+002
  1.5321320e+003  6.7600000e+002
  1.5328160e+003  6.8400000e+002
  1.5334960e+003  6.8000000e+002
  1.5341720e+003  6.7600000e+002
  1.5348560e+003  6.8400000e+002
  1.5355320e+003  6.7600000e+002
  1.5362120e+003  6.8000000e+002
  1.5368920e+003  6.8000000e+002
  1.5375720e+003  6.8000000e+002
  1.5382440e+003  6.7200000e+002
  1.5389080e+003  6.6400000e+002
  1.5395760e+003  6.6800000e+002
  1.5402360e+003  6.6000000e+002
  1.5409000e+003  6.6400000e+002
  1.5415680e+003  6.6800000e+002
  1.5422400e+003  6.7200000e+002
  1.5429200e+003  6.8000000e+002
  1.5435960e+003  6.7600000e+002
  1.5442800e+003  6.8400000e+002
  1.5449680e+003  6.8800000e+002
  1.5456480e+003  6.8000000e+002
  1.5463400e+003  6.9200000e+002
  1.5470280e+003  6.8800000e+002
  1.5477160e+003  6.8800000e+002
  1.5484040e+003  6.8800000e+002
  1.5490880e+003  6.8400000e+002
  1.5497760e+003  6.8800000e+002
  1.5504560e+003  6.8000000e+002
  1.5511440e+003  6.8800000e+002
  1.5518200e+003  6.7600000e+002
  1.5525040e+003  6.8400000e+002
  1.5531880e+003  6.8400000e+002
  1.5538600e+003  6.7200000e+002
  1.5545440e+003  6.8400000e+002
  1.5552120e+003  6.6800000e+002
  1.5558840e+003  6.7200000e+002
  1.5565520e+003  6.6800000e+002
  1.5572160e+003  6.6400000e+002
  1.5578880e+003  6.7200000e+002
  1.5585520e+003  6.6400000e+002
  1.5592240e+003  6.7200000e+002
  1.5598920e+003  6.6800000e+002
  1.5605560e+003  6.6400000e+002
  1.5612280e+003  6.7200000e+002
  1.5618880e+003  6.6000000e+002
  1.5625520e+003  6.6400000e+002
  1.5632200e+003  6.6800000e+002
  1.5638800e+003  6.6000000e+002
  1.5645400e+003  6.6000000e+002
  1.5652080e+003  6.6800000e+002
  1.5658640e+003  6.5600000e+002
  1.5665320e+003  6.6800000e+002
  1.5671920e+003  6.6000000e+002
  1.5678520e+003  6.6000000e+002
  1.5685200e+003  6.6800000e+002
  1.5691840e+003  6.6400000e+002
  1.5698560e+003  6.7200000e+002
  1.5705200e+003  6.6400000e+002
  1.5711920e+003  6.7200000e+002
  1.5718640e+003  6.7200000e+002
  1.5725360e+003  6.7200000e+002
  1.5732160e+003  6.8000000e+002
  1.5738880e+003  6.7200000e+002
  1.5745680e+003  6.8000000e+002
  1.5752480e+003  6.8000000e+002
  1.5759280e+003  6.8000000e+002
  1.5766120e+003  6.8400000e+002
  1.5772960e+003  6.8400000e+002
  1.5779880e+003  6.9200000e+002
  1.5786800e+003  6.9200000e+002
  1.5793720e+003  6.9200000e+002
  1.5800680e+003  6.9600000e+002
  1.5807600e+003  6.9200000e+002
  1.5814560e+003  6.9600000e+002
  1.5821560e+003  7.0000000e+002
  1.5828520e+003  6.9600000e+002
  1.5835520e+003  7.0000000e+002
  1.5842440e+003  6.9200000e+002
  1.5849400e+003  6.9600000e+002
  1.5856280e+003  6.8800000e+002
  1.5863160e+003  6.8800000e+002
  1.5870080e+003  6.9200000e+002
  1.5876920e+003  6.8400000e+002
  1.5883800e+003  6.8800000e+002
  1.5890640e+003  6.8400000e+002
  1.5897480e+003  6.8400000e+002
  1.5904360e+003  6.8800000e+002
  1.5911200e+003  6.8400000e+002
  1.5918080e+003  6.8800000e+002
  1.5924880e+003  6.8000000e+002
  1.5931720e+003  6.8400000e+002
  1.5938600e+003  6.8800000e+002
  1.5945480e+003  6.8800000e+002
  1.5952400e+003  6.9200000e+002
  1.5959240e+003  6.8400000e+002
  1.5966160e+003  6.9200000e+002
  1.5973080e+003  6.9200000e+002
  1.5980000e+003  6.9200000e+002
  1.5986920e+003  6.9200000e+002
  1.5993800e+003  6.8800000e+002
  1.6000760e+003  6.9600000e+002
  1.6007640e+003  6.8800000e+002
  1.6014520e+003  6.8800000e+002
  1.6021480e+003  6.9600000e+002
  1.6028360e+003  6.8800000e+002
  1.6035280e+003  6.9200000e+002
  1.6042160e+003  6.8800000e+002
  1.6049040e+003  6.8800000e+002
  1.6056000e+003  6.9600000e+002
  1.6062840e+003  6.8400000e+002
  1.6069760e+003  6.9200000e+002
  1.6076680e+003  6.9200000e+002
  1.6083560e+003  6.8800000e+002
  1.6090480e+003  6.9200000e+002
  1.6097320e+003  6.8400000e+002
  1.6104200e+003  6.8800000e+002
  1.6111080e+003  6.8800000e+002
  1.6117880e+003  6.8000000e+002
  1.6124800e+003  6.9200000e+002
  1.6131640e+003  6.8400000e+002
  1.6138520e+003  6.8800000e+002
  1.6145400e+003  6.8800000e+002
  1.6152280e+003  6.8800000e+002
  1.6159200e+003  6.9200000e+002
  1.6166080e+003  6.8800000e+002
  1.6172960e+003  6.8800000e+002
  1.6179920e+003  6.9600000e+002
  1.6186800e+003  6.8800000e+002
  1.6193760e+003  6.9600000e+002
  1.6200640e+003  6.8800000e+002
  1.6207520e+003  6.8800000e+002
  1.6214480e+003  6.9600000e+002
  1.6221360e+003  6.8800000e+002
  1.6228280e+003  6.9200000e+002
  1.6235240e+003  6.9600000e+002
  1.6242120e+003  6.8800000e+002
  1.6249120e+003  7.0000000e+002
  1.6256000e+003  6.8800000e+002
  1.6262960e+003  6.9600000e+002
  1.6269920e+003  6.9600000e+002
  1.6276840e+003  6.9200000e+002
  1.6283800e+003  6.9600000e+002
  1.6290760e+003  6.9600000e+002
  1.6297720e+003  6.9600000e+002
  1.6304680e+003  6.9600000e+002
  1.6311600e+003  6.9200000e+002
  1.6318560e+003  6.9600000e+002
  1.6325400e+003  6.8400000e+002
  1.6332320e+003  6.9200000e+002
  1.6339160e+003  6.8400000e+002
  1.6345960e+003  6.8000000e+002
  1.6352840e+003  6.8800000e+002
  1.6359640e+003  6.8000000e+002
  1.6366480e+003  6.8400000e+002
  1.6373360e+003  6.8800000e+002
  1.6380200e+003  6.8400000e+002
  1.6387120e+003  6.9200000e+002
  1.6394040e+003  6.9200000e+002
  1.6401000e+003  6.9600000e+002
  1.6408000e+003  7.0000000e+002
  1.6414960e+003  6.9600000e+002
  1.6422000e+003  7.0400000e+002
  1.6428960e+003  6.9600000e+002
  1.6436000e+003  7.0400000e+002
  1.6443040e+003  7.0400000e+002
  1.6450040e+003  7.0000000e+002
  1.6457080e+003  7.0400000e+002
  1.6464080e+003  7.0000000e+002
  1.6471080e+003  7.0000000e+002
  1.6478080e+003  7.0000000e+002
  1.6485040e+003  6.9600000e+002
  1.6492080e+003  7.0400000e+002
  1.6499040e+003  6.9600000e+002
  1.6506040e+003  7.0000000e+002
  1.6513040e+003  7.0000000e+002
  1.6520000e+003  6.9600000e+002
  1.6527040e+003  7.0400000e+002
  1.6534040e+003  7.0000000e+002
  1.6541080e+003  7.0400000e+002
  1.6548120e+003  7.0400000e+002
  1.6555120e+003  7.0000000e+002
  1.6562160e+003  7.0400000e+002
  1.6569120e+003  6.9600000e+002
  1.6576120e+003  7.0000000e+002
  1.6583120e+003  7.0000000e+002
  1.6590080e+003  6.9600000e+002
  1.6597120e+003  7.0400000e+002
  1.6604120e+003  7.0000000e+002
  1.6611200e+003  7.0800000e+002
  1.6618240e+003  7.0400000e+002
  1.6625280e+003  7.0400000e+002
  1.6632440e+003  7.1600000e+002
  1.6639480e+003  7.0400000e+002
  1.6646600e+003  7.1200000e+002
  1.6653720e+003  7.1200000e+002
  1.6660760e+003  7.0400000e+002
  1.6667880e+003  7.1200000e+002
  1.6674880e+003  7.0000000e+002
  1.6681920e+003  7.0400000e+002
  1.6688920e+003  7.0000000e+002
  1.6695880e+003  6.9600000e+002
  1.6702880e+003  7.0000000e+002
  1.6709840e+003  6.9600000e+002
  1.6716840e+003  7.0000000e+002
  1.6723920e+003  7.0800000e+002
  1.6730920e+003  7.0000000e+002
  1.6737960e+003  7.0400000e+002
  1.6744960e+003  7.0000000e+002
  1.6751960e+003  7.0000000e+002
  1.6759040e+003  7.0800000e+002
  1.6766040e+003  7.0000000e+002
  1.6773120e+003  7.0800000e+002
  1.6780160e+003  7.0400000e+002
  1.6787160e+003  7.0000000e+002
  1.6794240e+003  7.0800000e+002
  1.6801200e+003  6.9600000e+002
  1.6808240e+003  7.0400000e+002
  1.6815240e+003  7.0000000e+002
  1.6822240e+003  7.0000000e+002
  1.6829280e+003  7.0400000e+002
  1.6836240e+003  6.9600000e+002
  1.6843160e+003  6.9200000e+002
  1.6850160e+003  7.0000000e+002
  1.6857040e+003  6.8800000e+002
  1.6864000e+003  6.9600000e+002
  1.6870920e+003  6.9200000e+002
  1.6877840e+003  6.9200000e+002
  1.6884840e+003  7.0000000e+002
  1.6891760e+003  6.9200000e+002
  1.6898800e+003  7.0400000e+002
  1.6905760e+003  6.9600000e+002
  1.6912760e+003  7.0000000e+002
  1.6919800e+003  7.0400000e+002
  1.6926800e+003  7.0000000e+002
  1.6933840e+003  7.0400000e+002
  1.6940840e+003  7.0000000e+002
  1.6947800e+003  6.9600000e+002
  1.6954840e+003  7.0400000e+002
  1.6961800e+003  6.9600000e+002
  1.6968760e+003  6.9600000e+002
  1.6975800e+003  7.0400000e+002
  1.6982760e+003  6.9600000e+002
  1.6989800e+003  7.0400000e+002
  1.6996760e+003  6.9600000e+002
  1.7003680e+003  6.9200000e+002
  1.7010640e+003  6.9600000e+002
  1.7017520e+003  6.8800000e+002
  1.7024440e+003  6.9200000e+002
  1.7031360e+003  6.9200000e+002
  1.7038200e+003  6.8400000e+002
  1.7045160e+003  6.9600000e+002
  1.7052000e+003  6.8400000e+002
  1.7058880e+003  6.8800000e+002
  1.7065800e+003  6.9200000e+002
  1.7072680e+003  6.8800000e+002
  1.7079600e+003  6.9200000e+002
  1.7086440e+003  6.8400000e+002
  1.7093360e+003  6.9200000e+002
  1.7100240e+003  6.8800000e+002
  1.7107120e+003  6.8800000e+002
  1.7114040e+003  6.9200000e+002
  1.7120920e+003  6.8800000e+002
  1.7127840e+003  6.9200000e+002
  1.7134720e+003  6.8800000e+002
  1.7141640e+003  6.9200000e+002
  1.7148600e+003  6.9600000e+002
  1.7155480e+003  6.8800000e+002
  1.7162400e+003  6.9200000e+002
  1.7169360e+003  6.9600000e+002
  1.7176240e+003  6.8800000e+002
  1.7183240e+003  7.0000000e+002
  1.7190120e+003  6.8800000e+002
  1.7197080e+003  6.9600000e+002
  1.7204080e+003  7.0000000e+002
  1.7211040e+003  6.9600000e+002
  1.7218040e+003  7.0000000e+002
  1.7225000e+003  6.9600000e+002
  1.7232000e+003  7.0000000e+002
  1.7239040e+003  7.0400000e+002
  1.7245960e+003  6.9200000e+002
  1.7252960e+003  7.0000000e+002
  1.7259920e+003  6.9600000e+002
  1.7266840e+003  6.9200000e+002
  1.7273880e+003  7.0400000e+002
  1.7280800e+003  6.9200000e+002
  1.7287800e+003  7.0000000e+002
  1.7294840e+003  7.0400000e+002
  1.7301800e+003  6.9600000e+002
  1.7308840e+003  7.0400000e+002
  1.7315840e+003  7.0000000e+002
  1.7322800e+003  6.9600000e+002
  1.7329880e+003  7.0800000e+002
  1.7336840e+003  6.9600000e+002
  1.7343880e+003  7.0400000e+002
  1.7350880e+003  7.0000000e+002
  1.7357920e+003  7.0400000e+002
  1.7364960e+003  7.0400000e+002
  1.7371960e+003  7.0000000e+002
  1.7379000e+003  7.0400000e+002
  1.7386080e+003  7.0800000e+002
  1.7393080e+003  7.0000000e+002
  1.7400200e+003  7.1200000e+002
  1.7407240e+003  7.0400000e+002
  1.7414320e+003  7.0800000e+002
  1.7421480e+003  7.1600000e+002
  1.7428560e+003  7.0800000e+002
  1.7435680e+003  7.1200000e+002
  1.7442800e+003  7.1200000e+002
  1.7449880e+003  7.0800000e+002
  1.7457000e+003  7.1200000e+002
  1.7464040e+003  7.0400000e+002
  1.7471120e+003  7.0800000e+002
  1.7478160e+003  7.0400000e+002
  1.7485200e+003  7.0400000e+002
  1.7492280e+003  7.0800000e+002
  1.7499320e+003  7.0400000e+002
  1.7506360e+003  7.0400000e+002
  1.7513480e+003  7.1200000e+002
  1.7520520e+003  7.0400000e+002
  1.7527600e+003  7.0800000e+002
  1.7534680e+003  7.0800000e+002
  1.7541720e+003  7.0400000e+002
  1.7548800e+003  7.0800000e+002
  1.7555840e+003  7.0400000e+002
  1.7562960e+003  7.1200000e+002
  1.7570040e+003  7.0800000e+002
  1.7577080e+003  7.0400000e+002
  1.7584240e+003  7.1600000e+002
  1.7591320e+003  7.0800000e+002
  1.7598440e+003  7.1200000e+002
  1.7605560e+003  7.1200000e+002
  1.7612640e+003  7.0800000e+002
  1.7619800e+003  7.1600000e+002
  1.7626880e+003  7.0800000e+002
  1.7634040e+003  7.1600000e+002
  1.7641120e+003  7.0800000e+002
  1.7648200e+003  7.0800000e+002
  1.7655320e+003  7.1200000e+002
  1.7662400e+003  7.0800000e+002
  1.7669480e+003  7.0800000e+002
  1.7676600e+003  7.1200000e+002
  1.7683640e+003  7.0400000e+002
  1.7690760e+003  7.1200000e+002
  1.7697800e+003  7.0400000e+002
  1.7704880e+003  7.0800000e+002
  1.7712040e+003  7.1600000e+002
  1.7719120e+003  7.0800000e+002
  1.7726240e+003  7.1200000e+002
  1.7733320e+003  7.0800000e+002
  1.7740440e+003  7.1200000e+002
  1.7747600e+003  7.1600000e+002
  1.7754720e+003  7.1200000e+002
  1.7761840e+003  7.1200000e+002
  1.7768960e+003  7.1200000e+002
  1.7776080e+003  7.1200000e+002
  1.7783240e+003  7.1600000e+002
  1.7790320e+003  7.0800000e+002
  1.7797480e+003  7.1600000e+002
  1.7804600e+003  7.1200000e+002
  1.7811680e+003  7.0800000e+002
  1.7818840e+003  7.1600000e+002
  1.7825920e+003  7.0800000e+002
  1.7833000e+003  7.0800000e+002
  1.7840120e+003  7.1200000e+002
  1.7847200e+003  7.0800000e+002
  1.7854320e+003  7.1200000e+002
  1.7861360e+003  7.0400000e+002
  1.7868400e+003  7.0400000e+002
  1.7875480e+003  7.0800000e+002
  1.7882520e+003  7.0400000e+002
  1.7889600e+003  7.0800000e+002
  1.7896640e+003  7.0400000e+002
  1.7903680e+003  7.0400000e+002
  1.7910840e+003  7.1600000e+002
  1.7917920e+003  7.0800000e+002
  1.7925080e+003  7.1600000e+002
  1.7932200e+003  7.1200000e+002
  1.7939320e+003  7.1200000e+002
  1.7946480e+003  7.1600000e+002
  1.7953600e+003  7.1200000e+002
  1.7960760e+003  7.1600000e+002
  1.7967920e+003  7.1600000e+002
  1.7975000e+003  7.0800000e+002
