1.408	580.00
1.992	584.00
2.580	588.00
3.176	596.00
3.756	580.00
4.340	584.00
4.932	592.00
5.520	588.00
6.100	580.00
6.680	580.00
7.260	580.00
7.840	580.00
8.424	584.00
9.008	584.00
9.604	596.00
10.188	584.00
10.768	580.00
11.348	580.00
11.928	580.00
12.512	584.00
13.092	580.00
13.684	592.00
14.276	592.00
14.860	584.00
15.436	576.00
16.016	580.00
16.596	580.00
17.176	580.00
17.768	592.00
18.360	592.00
18.940	580.00
19.520	580.00
20.100	580.00
20.688	588.00
21.284	596.00
21.860	576.00
22.440	580.00
23.020	580.00
23.600	580.00
24.184	584.00
24.780	596.00
25.368	588.00
25.952	584.00
26.532	580.00
27.112	580.00
27.696	584.00
28.276	580.00
28.860	584.00
29.444	584.00
30.036	592.00
30.628	592.00
31.204	576.00
31.784	580.00
32.360	576.00
32.940	580.00
33.536	596.00
34.128	592.00
34.704	576.00
35.280	576.00
35.860	580.00
36.440	580.00
37.020	580.00
37.616	596.00
38.200	584.00
38.772	572.00
39.356	584.00
39.948	592.00
40.524	576.00
41.100	576.00
41.692	592.00
42.280	588.00
42.856	576.00
43.436	580.00
44.016	580.00
44.596	580.00
45.192	596.00
45.772	580.00
46.348	576.00
46.928	580.00
47.508	580.00
48.088	580.00
48.676	588.00
49.268	592.00
49.848	580.00
50.420	572.00
51.000	580.00
51.580	580.00
52.160	580.00
52.752	592.00
53.336	584.00
53.760	424.00
54.472	712.00
55.060	588.00
55.644	584.00
56.240	596.00
56.820	580.00
57.384	564.00
57.972	588.00
58.552	580.00
59.128	576.00
59.720	592.00
60.308	588.00
60.880	572.00
61.460	580.00
62.036	576.00
62.612	576.00
63.200	588.00
63.792	592.00
64.364	572.00
64.940	576.00
65.516	576.00
66.096	580.00
66.672	576.00
67.268	596.00
67.844	576.00
68.420	576.00
69.000	580.00
69.576	576.00
70.160	584.00
70.756	596.00
71.332	576.00
71.912	580.00
72.492	580.00
73.072	580.00
73.652	580.00
74.232	580.00
74.828	596.00
75.412	584.00
75.804	392.00
76.552	748.00
77.152	600.00
77.732	580.00
78.324	592.00
78.916	592.00
79.496	580.00
80.076	580.00
80.656	580.00
81.232	576.00
81.820	588.00
82.412	592.00
82.988	576.00
83.400	412.00
84.128	728.00
84.716	588.00
85.300	584.00
85.876	576.00
86.472	596.00
87.060	588.00
87.636	576.00
88.212	576.00
88.792	580.00
89.372	580.00
89.948	576.00
90.540	592.00
91.132	592.00
91.708	576.00
92.284	576.00
92.864	580.00
93.444	580.00
94.020	576.00
94.616	596.00
95.200	584.00
95.772	572.00
96.352	580.00
96.932	580.00
97.504	572.00
98.100	596.00
98.684	584.00
99.264	580.00
99.840	576.00
100.420	580.00
101.000	580.00
101.580	580.00
102.176	596.00
102.772	596.00
103.356	584.00
103.932	576.00
104.508	576.00
105.088	580.00
105.668	580.00
106.248	580.00
106.844	596.00
107.424	580.00
108.004	580.00
108.584	580.00
109.164	580.00
109.744	580.00
110.340	596.00
110.924	584.00
111.504	580.00
112.080	576.00
112.660	580.00
113.240	580.00
113.820	580.00
114.416	596.00
115.004	588.00
115.580	576.00
116.160	580.00
116.740	580.00
117.316	576.00
117.908	592.00
118.496	588.00
118.960	464.00
119.648	688.00
120.240	592.00
120.820	580.00
121.404	584.00
121.984	580.00
122.580	596.00
123.160	580.00
123.740	580.00
124.320	580.00
124.900	580.00
125.492	592.00
126.080	588.00
126.656	576.00
127.236	580.00
127.812	576.00
128.392	580.00
128.972	580.00
129.564	592.00
130.144	580.00
130.724	580.00
131.304	580.00
131.880	576.00
132.456	576.00
133.032	576.00
133.620	588.00
134.208	588.00
134.784	576.00
135.360	576.00
135.936	576.00
136.512	576.00
137.088	576.00
137.680	592.00
138.264	584.00
138.844	580.00
139.416	572.00
139.992	576.00
140.568	576.00
141.144	576.00
141.724	580.00
142.316	592.00
142.892	576.00
143.356	464.00
144.036	680.00
144.624	588.00
145.200	576.00
145.780	580.00
146.368	588.00
146.948	580.00
147.524	576.00
148.100	576.00
148.676	576.00
149.248	572.00
149.828	580.00
150.416	588.00
150.996	580.00
151.572	576.00
152.144	572.00
152.724	580.00
153.296	572.00
153.876	580.00
154.464	588.00
155.048	584.00
155.620	572.00
156.192	572.00
156.768	576.00
157.344	576.00
157.920	576.00
158.492	572.00
159.084	592.00
159.664	580.00
160.236	572.00
160.812	576.00
161.388	576.00
161.960	572.00
162.540	580.00
163.116	576.00
163.704	588.00
164.280	576.00
164.852	572.00
165.428	576.00
166.004	576.00
166.576	572.00
167.152	576.00
167.732	580.00
168.308	576.00
168.884	576.00
169.460	576.00
170.032	572.00
170.612	580.00
171.184	572.00
171.760	576.00
172.336	576.00
172.912	576.00
173.500	588.00
174.076	576.00
174.532	456.00
175.220	688.00
175.816	596.00
176.408	592.00
176.992	584.00
177.564	572.00
178.140	576.00
178.716	576.00
179.292	576.00
179.876	584.00
180.460	584.00
181.036	576.00
181.604	568.00
182.192	588.00
182.772	580.00
183.344	572.00
183.916	572.00
184.492	576.00
185.060	568.00
185.644	584.00
186.224	580.00
186.800	576.00
187.176	376.00
187.932	756.00
188.516	584.00
189.100	584.00
189.692	592.00
190.260	568.00
190.832	572.00
191.408	576.00
191.980	572.00
192.564	584.00
193.144	580.00
193.720	576.00
194.292	572.00
194.868	576.00
195.440	572.00
196.028	588.00
196.600	572.00
197.176	576.00
197.748	572.00
198.320	572.00
198.912	592.00
199.492	580.00
200.060	568.00
200.632	572.00
201.212	580.00
201.784	572.00
202.356	572.00
202.932	576.00
203.516	584.00
204.088	572.00
204.664	576.00
205.236	572.00
205.804	568.00
206.384	580.00
206.956	572.00
207.544	588.00
208.124	580.00
208.700	576.00
209.272	572.00
209.844	572.00
210.424	580.00
211.000	576.00
211.596	596.00
212.164	568.00
212.740	576.00
213.320	580.00
213.896	576.00
214.476	580.00
215.056	580.00
215.648	592.00
216.224	576.00
216.800	576.00
217.376	576.00
217.956	580.00
218.528	572.00
219.108	580.00
219.684	576.00
220.264	580.00
220.856	592.00
221.428	572.00
222.000	572.00
222.576	576.00
223.156	580.00
223.732	576.00
224.312	580.00
224.900	588.00
225.476	576.00
226.048	572.00
226.624	576.00
227.200	576.00
227.780	580.00
228.356	576.00
228.948	592.00
229.524	576.00
230.096	572.00
230.668	572.00
231.248	580.00
231.820	572.00
232.396	576.00
232.980	584.00
233.568	588.00
234.140	572.00
234.716	576.00
235.288	572.00
235.864	576.00
236.440	576.00
237.028	588.00
237.616	588.00
238.188	572.00
238.764	576.00
239.340	576.00
239.920	580.00
240.488	568.00
241.072	584.00
241.660	588.00
242.240	580.00
242.812	572.00
243.392	580.00
243.968	576.00
244.544	576.00
245.132	588.00
245.708	576.00
246.284	576.00
246.860	576.00
247.432	572.00
248.008	576.00
248.600	592.00
249.172	572.00
249.752	580.00
250.324	572.00
250.900	576.00
251.472	572.00
252.056	584.00
252.640	584.00
253.212	572.00
253.784	572.00
254.360	576.00
254.932	572.00
255.512	580.00
256.092	580.00
256.668	576.00
257.236	568.00
257.812	576.00
258.388	576.00
258.960	572.00
259.532	572.00
260.120	588.00
260.700	580.00
261.264	564.00
261.836	572.00
262.408	572.00
262.984	576.00
263.568	584.00
264.144	576.00
264.720	576.00
265.292	572.00
265.860	568.00
266.436	576.00
267.008	572.00
267.588	580.00
268.168	580.00
268.740	572.00
269.316	576.00
269.884	568.00
270.460	576.00
271.032	572.00
271.612	580.00
272.196	584.00
272.768	572.00
273.340	572.00
273.912	572.00
274.484	572.00
275.060	576.00
275.632	572.00
276.224	592.00
276.796	572.00
277.372	576.00
277.944	572.00
278.524	580.00
279.096	572.00
279.672	576.00
280.248	576.00
280.828	580.00
281.404	576.00
281.976	572.00
282.556	580.00
283.132	576.00
283.724	592.00
284.312	588.00
284.888	576.00
285.464	576.00
286.040	576.00
286.624	584.00
287.196	572.00
287.776	580.00
288.364	588.00
288.956	592.00
289.528	572.00
290.104	576.00
290.684	580.00
291.264	580.00
291.844	580.00
292.436	592.00
293.008	572.00
293.520	512.00
294.160	640.00
294.740	580.00
295.316	576.00
295.896	580.00
296.472	576.00
297.064	592.00
297.644	580.00
298.216	572.00
298.792	576.00
299.368	576.00
299.944	576.00
300.520	576.00
301.104	584.00
301.692	588.00
302.272	580.00
302.844	572.00
303.420	576.00
303.996	576.00
304.572	576.00
305.152	580.00
305.740	588.00
306.292	552.00
306.884	592.00
307.464	580.00
308.040	576.00
308.616	576.00
309.192	576.00
309.768	576.00
310.360	592.00
310.944	584.00
311.520	576.00
312.092	572.00
312.680	588.00
313.260	580.00
313.832	572.00
314.408	576.00
314.992	584.00
315.564	572.00
316.140	576.00
316.712	572.00
317.284	572.00
317.688	404.00
318.424	736.00
319.008	584.00
319.584	576.00
320.168	584.00
320.748	580.00
321.320	572.00
321.896	576.00
322.468	572.00
323.036	568.00
323.608	572.00
324.184	576.00
324.776	592.00
325.344	568.00
325.916	572.00
326.488	572.00
327.064	576.00
327.636	572.00
328.216	580.00
328.800	584.00
329.372	572.00
329.948	576.00
330.520	572.00
331.096	576.00
331.672	576.00
332.256	584.00
332.844	588.00
333.344	500.00
333.992	648.00
334.572	580.00
335.148	576.00
335.724	576.00
336.308	584.00
337.376	1068.00
337.996	620.00
338.588	592.00
339.168	580.00
339.756	588.00
340.332	576.00
340.912	580.00
341.504	592.00
342.080	576.00
342.652	572.00
343.228	576.00
343.800	572.00
344.376	576.00
344.948	572.00
345.524	576.00
346.104	580.00
346.692	588.00
347.260	568.00
347.832	572.00
348.404	572.00
348.976	572.00
349.548	572.00
350.128	580.00
350.712	584.00
351.292	580.00
351.864	572.00
352.436	572.00
353.012	576.00
353.584	572.00
354.156	572.00
354.736	580.00
355.324	588.00
355.896	572.00
356.444	548.00
357.044	600.00
357.616	572.00
358.192	576.00
358.776	584.00
359.360	584.00
359.932	572.00
360.508	576.00
361.088	580.00
361.664	576.00
362.236	572.00
362.804	568.00
363.388	584.00
363.960	572.00
364.528	568.00
365.096	568.00
365.672	576.00
366.240	568.00
366.804	564.00
367.384	580.00
367.948	564.00
368.512	564.00
369.080	568.00
369.644	564.00
370.216	572.00
370.788	572.00
371.352	564.00
371.912	560.00
372.484	572.00
373.056	572.00
373.620	564.00
374.180	560.00
374.744	564.00
375.304	560.00
375.884	580.00
376.444	560.00
377.008	564.00
377.568	560.00
378.136	568.00
378.700	564.00
379.276	576.00
379.840	564.00
380.404	564.00
380.968	564.00
381.544	576.00
382.116	572.00
382.680	564.00
383.244	564.00
383.820	576.00
384.384	564.00
384.952	568.00
385.516	564.00
386.084	568.00
386.652	568.00
387.232	580.00
387.796	564.00
388.364	568.00
388.928	564.00
389.496	568.00
390.064	568.00
390.636	572.00
391.216	580.00
391.784	568.00
392.352	568.00
392.924	572.00
393.504	580.00
394.072	568.00
394.644	572.00
395.216	572.00
395.792	576.00
396.364	572.00
396.936	572.00
397.512	576.00
398.092	580.00
398.664	572.00
399.080	416.00
399.792	712.00
400.380	588.00
400.956	576.00
401.544	588.00
402.128	584.00
402.704	576.00
403.276	572.00
403.852	576.00
404.428	576.00
405.004	576.00
405.580	576.00
406.152	572.00
406.720	568.00
407.292	572.00
407.872	580.00
408.452	580.00
409.020	568.00
409.588	568.00
410.152	564.00
410.724	572.00
411.308	584.00
411.876	568.00
412.448	572.00
413.016	568.00
413.588	572.00
414.160	572.00
414.732	572.00
415.316	584.00
415.884	568.00
416.452	568.00
417.024	572.00
417.596	572.00
418.168	572.00
418.752	584.00
419.324	572.00
419.900	576.00
420.468	568.00
421.040	572.00
421.612	572.00
422.184	572.00
422.760	576.00
423.348	588.00
423.920	572.00
424.368	448.00
425.052	684.00
425.636	584.00
426.212	576.00
426.788	576.00
427.376	588.00
427.948	572.00
428.524	576.00
429.096	572.00
429.668	572.00
430.244	576.00
430.820	576.00
431.404	584.00
431.988	584.00
432.560	572.00
433.128	568.00
433.704	576.00
434.284	580.00
434.856	572.00
435.432	576.00
436.016	584.00
436.604	588.00
437.176	572.00
437.648	472.00
438.324	676.00
438.904	580.00
439.484	580.00
440.004	520.00
440.584	580.00
441.632	1048.00
442.256	624.00
442.848	592.00
443.432	584.00
444.024	592.00
444.616	592.00
445.192	576.00
445.688	496.00
446.340	652.00
446.920	580.00
447.496	576.00
448.084	588.00
448.656	572.00
449.224	568.00
449.800	576.00
450.372	572.00
450.948	576.00
451.520	572.00
452.100	580.00
452.684	584.00
453.260	576.00
453.832	572.00
454.408	576.00
454.992	584.00
455.564	572.00
456.140	576.00
456.712	572.00
457.300	588.00
457.872	572.00
458.444	572.00
459.016	572.00
459.592	576.00
460.176	584.00
460.748	572.00
461.320	572.00
461.888	568.00
462.460	572.00
463.032	572.00
463.608	576.00
464.188	580.00
464.760	572.00
465.324	564.00
465.896	572.00
466.468	572.00
467.036	568.00
467.624	588.00
468.204	580.00
468.776	572.00
469.340	564.00
469.908	568.00
470.480	572.00
471.064	584.00
471.636	572.00
472.204	568.00
472.776	572.00
473.344	568.00
473.916	572.00
474.488	572.00
475.068	580.00
475.636	568.00
476.200	564.00
476.780	580.00
477.360	580.00
477.924	564.00
478.488	564.00
479.060	572.00
479.628	568.00
480.204	576.00
480.784	580.00
481.352	568.00
481.920	568.00
482.504	584.00
483.072	568.00
483.640	568.00
484.212	572.00
484.780	568.00
485.372	592.00
485.936	564.00
486.500	564.00
487.084	584.00
487.652	568.00
488.224	572.00
488.792	568.00
489.364	572.00
489.948	584.00
490.512	564.00
491.080	568.00
491.664	584.00
492.236	572.00
492.812	576.00
493.380	568.00
493.952	572.00
494.516	564.00
495.092	576.00
495.680	588.00
496.252	572.00
496.820	568.00
497.392	572.00
497.976	584.00
498.548	572.00
499.116	568.00
499.700	584.00
500.272	572.00
500.840	568.00
501.412	572.00
501.984	572.00
502.568	584.00
503.148	580.00
503.716	568.00
504.284	568.00
504.852	568.00
505.420	568.00
505.992	572.00
506.568	576.00
507.152	584.00
507.712	560.00
508.280	568.00
508.848	568.00
509.432	584.00
510.000	568.00
510.564	564.00
511.132	568.00
511.716	584.00
512.288	572.00
512.852	564.00
513.424	572.00
513.996	572.00
514.564	568.00
515.148	584.00
515.716	568.00
516.284	568.00
516.860	576.00
517.444	584.00
518.008	564.00
518.576	568.00
519.144	568.00
519.728	584.00
520.300	572.00
520.868	568.00
521.432	564.00
522.004	572.00
522.572	568.00
523.140	568.00
523.712	572.00
524.280	568.00
524.840	560.00
525.408	568.00
525.980	572.00
526.548	568.00
527.128	580.00
527.700	572.00
528.188	488.00
528.832	644.00
529.408	576.00
529.980	572.00
530.552	572.00
531.140	588.00
531.720	580.00
532.292	572.00
532.860	568.00
533.432	572.00
534.004	572.00
534.584	580.00
535.160	576.00
535.732	572.00
536.304	572.00
536.872	568.00
537.444	572.00
538.016	572.00
538.588	572.00
539.156	568.00
539.732	576.00
540.312	580.00
540.880	568.00
541.288	408.00
541.956	668.00
542.540	584.00
543.124	584.00
543.708	584.00
544.276	568.00
544.844	568.00
545.424	580.00
545.996	572.00
546.556	560.00
547.128	572.00
547.692	564.00
548.272	580.00
548.848	576.00
549.416	568.00
549.988	572.00
550.556	568.00
551.120	564.00
551.692	572.00
552.272	580.00
552.836	564.00
553.400	564.00
553.968	568.00
554.536	568.00
555.100	564.00
555.668	568.00
556.252	584.00
556.820	568.00
557.384	564.00
557.952	568.00
558.520	568.00
559.088	568.00
559.656	568.00
560.232	576.00
560.800	568.00
561.368	568.00
561.932	564.00
562.500	568.00
563.080	580.00
563.644	564.00
564.208	564.00
564.776	568.00
565.344	568.00
565.912	568.00
566.476	564.00
567.056	580.00
567.628	572.00
568.192	564.00
568.760	568.00
569.328	568.00
569.896	568.00
570.472	576.00
571.048	576.00
571.616	568.00
572.180	564.00
572.748	568.00
573.316	568.00
573.884	568.00
574.468	584.00
575.040	572.00
575.608	568.00
576.176	568.00
576.748	572.00
577.312	564.00
577.884	572.00
578.468	584.00
579.044	576.00
579.608	564.00
580.180	572.00
580.752	572.00
581.320	568.00
581.892	572.00
582.472	580.00
583.052	580.00
583.624	572.00
584.192	568.00
584.764	572.00
585.336	572.00
585.924	588.00
586.500	576.00
587.072	572.00
587.644	572.00
588.228	584.00
588.808	580.00
589.380	572.00
589.948	568.00
590.520	572.00
591.092	572.00
591.664	572.00
592.248	584.00
592.820	572.00
593.392	572.00
593.964	572.00
594.532	568.00
595.108	576.00
595.696	588.00
596.268	572.00
596.840	572.00
597.412	572.00
597.984	572.00
598.560	576.00
599.132	572.00
599.708	576.00
600.296	588.00
600.868	572.00
601.440	572.00
601.952	512.00
602.536	584.00
603.124	588.00
603.708	584.00
604.296	588.00
604.844	548.00
605.452	608.00
605.976	524.00
606.560	584.00
607.144	584.00
607.728	584.00
608.308	580.00
608.900	592.00
609.476	576.00
610.048	572.00
610.624	576.00
611.200	576.00
611.772	572.00
612.348	576.00
612.936	588.00
613.508	572.00
614.084	576.00
614.656	572.00
615.232	576.00
615.804	572.00
616.388	584.00
616.968	580.00
617.540	572.00
618.112	572.00
618.688	576.00
619.260	572.00
619.832	572.00
620.408	576.00
620.980	572.00
621.564	584.00
622.140	576.00
622.708	568.00
623.284	576.00
623.856	572.00
624.428	572.00
625.016	588.00
625.592	576.00
626.164	572.00
626.624	460.00
627.304	680.00
627.888	584.00
628.472	584.00
629.056	584.00
629.628	572.00
630.200	572.00
630.772	572.00
631.348	576.00
631.920	572.00
632.504	584.00
633.072	568.00
633.644	572.00
634.212	568.00
634.788	576.00
635.356	568.00
635.940	584.00
636.520	580.00
637.092	572.00
637.660	568.00
638.232	572.00
638.800	568.00
639.376	576.00
639.956	580.00
640.532	576.00
641.100	568.00
641.668	568.00
642.244	576.00
642.816	572.00
643.388	572.00
643.972	584.00
644.544	572.00
645.112	568.00
645.696	584.00
646.264	568.00
646.832	568.00
647.404	572.00
647.972	568.00
648.484	512.00
649.108	624.00
649.688	580.00
650.256	568.00
650.824	568.00
651.336	512.00
651.952	616.00
652.528	576.00
653.096	568.00
653.664	568.00
654.244	580.00
654.820	576.00
655.384	564.00
655.952	568.00
656.516	564.00
657.084	568.00
657.652	568.00
658.104	452.00
658.788	684.00
659.360	572.00
659.928	568.00
660.496	568.00
661.064	568.00
661.628	564.00
662.200	572.00
662.780	580.00
663.344	564.00
663.908	564.00
664.392	484.00
665.044	652.00
665.616	572.00
666.188	572.00
666.756	568.00
667.340	584.00
667.916	576.00
668.484	568.00
669.052	568.00
669.620	568.00
670.192	572.00
670.760	568.00
671.336	576.00
671.908	572.00
672.492	584.00
673.056	564.00
673.624	568.00
674.196	572.00
674.764	568.00
675.344	580.00
675.924	580.00
676.488	564.00
677.060	572.00
677.628	568.00
678.200	572.00
678.784	584.00
679.348	564.00
679.916	568.00
680.484	568.00
681.052	568.00
681.624	572.00
682.192	568.00
682.760	568.00
683.340	580.00
683.912	572.00
684.480	568.00
685.052	572.00
685.632	580.00
686.196	564.00
686.764	568.00
687.336	572.00
687.908	572.00
688.492	584.00
689.068	576.00
689.636	568.00
690.208	572.00
690.780	572.00
691.348	568.00
691.920	572.00
692.500	580.00
693.072	572.00
693.636	564.00
694.208	572.00
694.776	568.00
695.348	572.00
695.924	576.00
696.492	568.00
697.064	572.00
697.636	572.00
698.200	564.00
698.768	568.00
699.352	584.00
699.928	576.00
700.492	564.00
701.068	576.00
701.636	568.00
702.212	576.00
702.784	572.00
703.364	580.00
703.936	572.00
704.500	564.00
705.068	568.00
705.640	572.00
706.212	572.00
706.780	568.00
707.364	584.00
707.936	572.00
708.508	572.00
709.072	564.00
709.644	572.00
710.212	568.00
710.784	572.00
711.364	580.00
711.932	568.00
712.312	380.00
713.048	736.00
713.632	584.00
714.204	572.00
714.776	572.00
715.356	580.00
715.932	576.00
716.500	568.00
717.064	564.00
717.636	572.00
718.204	568.00
718.772	568.00
719.352	580.00
719.932	580.00
720.496	564.00
721.064	568.00
721.636	572.00
722.140	504.00
722.724	584.00
723.308	584.00
723.892	584.00
724.484	592.00
725.060	576.00
725.636	576.00
726.204	568.00
726.780	576.00
727.352	572.00
727.932	580.00
728.500	568.00
729.072	572.00
729.644	572.00
730.212	568.00
730.780	568.00
731.352	572.00
731.928	576.00
732.508	580.00
733.080	572.00
733.644	564.00
734.212	568.00
734.780	568.00
735.356	576.00
735.936	580.00
736.504	568.00
737.072	568.00
737.644	572.00
738.208	564.00
738.788	580.00
739.368	580.00
739.936	568.00
740.504	568.00
741.076	572.00
741.644	568.00
742.216	572.00
742.800	584.00
743.372	572.00
743.832	460.00
744.500	668.00
745.080	580.00
745.652	572.00
746.232	580.00
746.812	580.00
747.376	564.00
747.948	572.00
748.516	568.00
749.084	568.00
749.652	568.00
750.220	568.00
750.796	576.00
751.376	580.00
751.940	564.00
752.504	564.00
753.068	564.00
753.636	568.00
754.204	568.00
754.768	564.00
755.348	580.00
755.920	572.00
756.484	564.00
757.048	564.00
757.616	568.00
758.184	568.00
758.756	572.00
759.320	564.00
759.888	568.00
760.452	564.00
761.032	580.00
761.600	568.00
762.168	568.00
762.732	564.00
763.296	564.00
763.864	568.00
764.444	580.00
765.012	568.00
765.580	568.00
766.148	568.00
766.708	560.00
767.276	568.00
767.844	568.00
768.420	576.00
768.988	568.00
769.368	380.00
770.096	728.00
770.680	584.00
771.256	576.00
771.816	560.00
772.388	572.00
772.964	576.00
773.532	568.00
774.100	568.00
774.664	564.00
775.228	564.00
775.796	568.00
776.364	568.00
776.940	576.00
777.520	580.00
778.088	568.00
778.652	564.00
779.216	564.00
779.780	564.00
780.348	568.00
780.916	568.00
781.496	580.00
782.056	560.00
782.620	564.00
783.180	560.00
783.748	568.00
784.312	564.00
784.884	572.00
785.456	572.00
786.020	564.00
786.436	416.00
787.132	696.00
787.708	576.00
788.276	568.00
788.856	580.00
789.416	560.00
789.976	560.00
790.540	564.00
791.104	564.00
791.668	564.00
792.236	568.00
792.796	560.00
793.372	576.00
793.944	572.00
794.508	564.00
795.068	560.00
795.636	568.00
796.196	560.00
796.764	568.00
797.344	580.00
797.912	568.00
798.476	564.00
799.036	560.00
799.604	568.00
800.176	572.00
800.740	564.00
801.316	576.00
801.896	580.00
802.460	564.00
803.028	568.00
803.476	448.00
804.156	680.00
804.736	580.00
805.308	572.00
805.892	584.00
806.464	572.00
807.028	564.00
807.600	572.00
808.168	568.00
808.736	568.00
809.316	580.00
809.888	572.00
810.460	572.00
811.024	564.00
811.596	572.00
812.160	564.00
812.728	568.00
813.300	572.00
813.876	576.00
814.456	580.00
815.024	568.00
815.592	568.00
816.160	568.00
816.732	572.00
817.312	580.00
817.824	512.00
818.408	584.00
818.988	580.00
819.576	588.00
820.148	572.00
820.720	572.00
821.288	568.00
821.860	572.00
822.428	568.00
822.996	568.00
823.576	580.00
824.152	576.00
824.716	564.00
825.284	568.00
825.848	564.00
826.420	572.00
826.984	564.00
827.552	568.00
828.124	572.00
828.688	564.00
829.268	580.00
829.832	564.00
830.404	572.00
830.968	564.00
831.532	564.00
832.104	572.00
832.668	564.00
833.240	572.00
833.804	564.00
834.388	584.00
834.964	576.00
835.528	564.00
836.092	564.00
836.660	568.00
837.228	568.00
837.796	568.00
838.376	580.00
838.952	576.00
839.516	564.00
840.084	568.00
840.648	564.00
841.216	568.00
841.784	568.00
842.352	568.00
842.920	568.00
843.496	576.00
844.068	572.00
844.636	568.00
845.196	560.00
845.764	568.00
846.788	1024.00
847.420	632.00
848.004	584.00
848.576	572.00
849.148	572.00
849.716	568.00
850.280	564.00
850.848	568.00
851.416	568.00
851.992	576.00
852.568	576.00
853.128	560.00
853.692	564.00
854.268	576.00
854.836	568.00
855.400	564.00
855.968	568.00
856.536	568.00
857.104	568.00
857.680	576.00
858.260	580.00
858.824	564.00
859.388	564.00
859.956	568.00
860.520	564.00
861.092	572.00
861.672	580.00
862.240	568.00
862.804	564.00
863.372	568.00
863.940	568.00
864.508	568.00
865.076	568.00
865.656	580.00
866.228	572.00
866.792	564.00
867.360	568.00
867.928	568.00
868.492	564.00
869.060	568.00
869.628	568.00
870.196	568.00
870.776	580.00
871.344	568.00
871.912	568.00
872.476	564.00
873.052	576.00
873.612	560.00
874.180	568.00
874.744	564.00
875.312	568.00
875.880	568.00
876.452	572.00
877.020	568.00
877.420	400.00
878.132	712.00
878.704	572.00
879.272	568.00
879.852	580.00
880.420	568.00
880.832	412.00
881.528	696.00
882.100	572.00
882.664	564.00
883.232	568.00
883.792	560.00
884.356	564.00
884.928	572.00
885.492	564.00
886.052	560.00
886.612	560.00
887.172	560.00
887.736	564.00
888.300	564.00
888.860	560.00
889.428	568.00
889.996	568.00
890.556	560.00
891.116	560.00
891.680	564.00
892.244	564.00
892.808	564.00
893.388	580.00
893.952	564.00
894.516	564.00
895.084	568.00
895.652	568.00
896.216	564.00
896.792	576.00
897.372	580.00
897.940	568.00
898.504	564.00
899.072	568.00
899.640	568.00
900.212	572.00
900.792	580.00
901.356	564.00
901.924	568.00
902.492	568.00
903.060	568.00
903.636	576.00
904.208	572.00
904.668	460.00
905.336	668.00
905.924	588.00
906.496	572.00
907.064	568.00
907.632	568.00
908.196	564.00
908.764	568.00
909.332	568.00
909.908	576.00
910.420	512.00
911.012	592.00
911.584	572.00
912.164	580.00
912.732	568.00
913.296	564.00
913.876	580.00
914.448	572.00
915.012	564.00
915.576	564.00
916.140	564.00
916.708	568.00
917.284	576.00
917.848	564.00
918.412	564.00
918.980	568.00
919.544	564.00
920.116	572.00
920.688	572.00
921.252	564.00
921.816	564.00
922.380	564.00
922.948	568.00
923.512	564.00
924.088	576.00
924.664	576.00
925.228	564.00
925.792	564.00
926.356	564.00
926.924	568.00
927.492	568.00
928.056	564.00
928.576	520.00
929.196	620.00
929.768	572.00
930.336	568.00
930.904	568.00
931.476	572.00
932.048	572.00
932.616	568.00
933.176	560.00
933.752	576.00
934.324	572.00
934.888	564.00
935.452	564.00
936.020	568.00
936.584	564.00
937.156	572.00
937.732	576.00
938.300	568.00
938.868	568.00
939.432	564.00
940.000	568.00
940.568	568.00
941.144	576.00
941.716	572.00
942.280	564.00
942.844	564.00
943.424	580.00
943.992	568.00
944.556	564.00
945.120	564.00
945.688	568.00
946.252	564.00
946.824	572.00
947.404	580.00
947.968	564.00
948.528	560.00
949.092	564.00
949.656	564.00
950.224	568.00
950.788	564.00
951.364	576.00
951.936	572.00
952.500	564.00
953.064	564.00
953.628	564.00
954.196	568.00
954.760	564.00
955.324	564.00
955.892	568.00
956.460	568.00
957.036	576.00
957.604	568.00
958.168	564.00
958.736	568.00
959.304	568.00
959.872	568.00
960.448	576.00
961.020	572.00
961.584	564.00
962.148	564.00
962.716	568.00
963.280	564.00
963.856	576.00
964.428	572.00
964.996	568.00
965.556	560.00
966.120	564.00
966.684	564.00
967.256	572.00
967.832	576.00
968.396	564.00
968.956	560.00
969.520	564.00
970.084	564.00
970.648	564.00
971.216	568.00
971.792	576.00
972.356	564.00
972.916	560.00
973.480	564.00
974.044	564.00
974.608	564.00
975.172	564.00
975.736	564.00
976.296	560.00
976.872	576.00
977.432	560.00
977.992	560.00
978.556	564.00
979.116	560.00
979.680	564.00
980.252	572.00
980.816	564.00
981.200	384.00
981.920	720.00
982.496	576.00
983.064	568.00
983.628	564.00
984.200	572.00
984.772	572.00
985.336	564.00
985.896	560.00
986.456	560.00
987.020	564.00
987.584	564.00
988.144	560.00
988.720	576.00
989.292	572.00
989.852	560.00
990.412	560.00
990.972	560.00
991.536	564.00
992.096	560.00
992.668	572.00
993.244	576.00
993.808	564.00
994.368	560.00
994.932	564.00
995.496	564.00
996.060	564.00
996.628	568.00
997.196	568.00
997.760	564.00
998.320	560.00
998.884	564.00
999.448	564.00
1000.012	564.00
1000.580	568.00
1001.152	572.00
1001.716	564.00
1002.280	564.00
1002.840	560.00
1003.404	564.00
1003.980	576.00
1004.544	564.00
1005.108	564.00
1005.672	564.00
1006.236	564.00
1006.804	568.00
1007.376	572.00
1007.944	568.00
1008.504	560.00
1009.068	564.00
1009.636	568.00
1010.204	568.00
1010.768	564.00
1011.348	580.00
1011.920	572.00
1012.484	564.00
1012.932	448.00
1013.612	680.00
1014.188	576.00
1014.760	572.00
1015.272	512.00
1015.920	648.00
1016.492	572.00
1017.072	580.00
1017.644	572.00
1018.212	568.00
1018.792	580.00
1019.360	568.00
1019.928	568.00
1020.496	568.00
1021.076	580.00
1021.644	568.00
1022.216	572.00
1022.788	572.00
1023.364	576.00
1023.936	572.00
1024.496	560.00
1025.076	580.00
1025.644	568.00
1026.208	564.00
1026.788	580.00
1027.356	568.00
1027.932	576.00
1028.508	576.00
1029.072	564.00
1029.500	428.00
1030.204	704.00
1030.792	588.00
1031.360	568.00
1031.916	556.00
1032.492	576.00
1033.064	572.00
1033.632	568.00
1034.196	564.00
1034.772	576.00
1035.344	572.00
1035.908	564.00
1036.468	560.00
1037.044	576.00
1037.620	576.00
1038.184	564.00
1038.744	560.00
1039.320	576.00
1039.892	572.00
1040.452	560.00
1041.016	564.00
1041.596	580.00
1042.060	464.00
1042.728	668.00
1043.296	568.00
1043.864	568.00
1044.424	560.00
1045.004	580.00
1045.580	576.00
1046.148	568.00
1046.704	556.00
1047.280	576.00
1047.860	580.00
1048.424	564.00
1048.988	564.00
1049.556	568.00
1050.132	576.00
1050.716	584.00
1051.284	568.00
1051.844	560.00
1052.416	572.00
1052.984	568.00
1053.552	568.00
1054.120	568.00
1054.704	584.00
1055.276	572.00
1055.676	400.00
1056.392	716.00
1056.976	584.00
1057.548	572.00
1058.124	576.00
1058.704	580.00
1059.272	568.00
1059.840	568.00
1060.408	568.00
1060.976	568.00
1061.544	568.00
1062.112	568.00
1062.696	584.00
1063.264	568.00
1063.832	568.00
1064.400	568.00
1064.960	560.00
1065.528	568.00
1066.108	580.00
1066.688	580.00
1067.260	572.00
1067.824	564.00
1068.392	568.00
1068.956	564.00
1069.524	568.00
1070.092	568.00
1070.672	580.00
1071.244	572.00
1071.808	564.00
1072.376	568.00
1072.960	584.00
1073.524	564.00
1074.088	564.00
1074.656	568.00
1075.228	572.00
1075.792	564.00
1076.368	576.00
1076.944	576.00
1077.324	380.00
1078.052	728.00
1078.648	596.00
1079.224	576.00
1079.796	572.00
1080.360	564.00
1080.940	580.00
1081.512	572.00
1082.080	568.00
1082.604	524.00
1083.208	604.00
1083.780	572.00
1084.352	572.00
1084.932	580.00
1085.500	568.00
1086.064	564.00
1086.632	568.00
1087.216	584.00
1087.780	564.00
1088.348	568.00
1088.916	568.00
1089.484	568.00
1090.052	568.00
1090.628	576.00
1091.204	576.00
1091.608	404.00
1092.320	712.00
1092.896	576.00
1093.468	572.00
1094.036	568.00
1094.620	584.00
1095.184	564.00
1095.748	564.00
1096.316	568.00
1096.888	572.00
1097.452	564.00
1098.020	568.00
1098.592	572.00
1099.160	568.00
1099.728	568.00
1100.308	580.00
1100.876	568.00
1101.440	564.00
1102.008	568.00
1102.592	584.00
1103.164	572.00
1103.728	564.00
1104.300	572.00
1104.876	576.00
1105.452	576.00
1106.028	576.00
1106.596	568.00
1107.164	568.00
1107.736	572.00
1108.312	576.00
1108.888	576.00
1109.452	564.00
1110.020	568.00
1110.588	568.00
1111.156	568.00
1111.736	580.00
1112.308	572.00
1112.872	564.00
1113.436	564.00
1114.004	568.00
1114.568	564.00
1115.136	568.00
1115.712	576.00
1116.288	576.00
1116.856	568.00
1117.420	564.00
1117.988	568.00
1118.556	568.00
1119.124	568.00
1119.692	568.00
1120.264	572.00
1120.836	572.00
1121.420	584.00
1121.988	568.00
1122.552	564.00
1123.124	572.00
1123.688	564.00
1124.256	568.00
1124.828	572.00
1125.412	584.00
1125.976	564.00
1126.544	568.00
1127.108	564.00
1127.680	572.00
1128.248	568.00
1128.824	576.00
1129.400	576.00
1129.964	564.00
1130.364	400.00
1131.084	720.00
1131.676	592.00
1132.244	568.00
1132.812	568.00
1133.376	564.00
1133.944	568.00
1134.512	568.00
1135.080	568.00
1135.660	580.00
1136.172	512.00
1136.764	592.00
1137.336	572.00
1137.908	572.00
1138.472	564.00
1139.040	568.00
1139.624	584.00
1140.184	560.00
1140.748	564.00
1141.316	568.00
1141.884	568.00
1142.444	560.00
1143.012	568.00
1143.580	568.00
1144.156	576.00
1144.724	568.00
1145.288	564.00
1145.852	564.00
1146.420	568.00
1146.984	564.00
1147.552	568.00
1148.120	568.00
1148.696	576.00
1149.272	576.00
1149.840	568.00
1150.408	568.00
1150.972	564.00
1151.532	560.00
1152.104	572.00
1152.680	576.00
1153.244	564.00
1153.812	568.00
1154.380	568.00
1154.940	560.00
1155.508	568.00
1156.076	568.00
1156.652	576.00
1157.224	572.00
1157.792	568.00
1158.356	564.00
1158.920	564.00
1159.488	568.00
1160.056	568.00
1160.640	584.00
1161.204	564.00
1161.596	392.00
1162.324	728.00
1162.908	584.00
1163.476	568.00
1164.044	568.00
1164.624	580.00
1165.200	576.00
1165.768	568.00
1166.336	568.00
1166.900	564.00
1167.468	568.00
1168.036	568.00
1168.604	568.00
1169.180	576.00
1169.748	568.00
1170.316	568.00
1170.880	564.00
1171.448	568.00
1172.012	564.00
1172.588	576.00
1173.164	576.00
1173.728	564.00
1174.292	564.00
1174.872	580.00
1175.436	564.00
1176.004	568.00
1176.572	568.00
1177.136	564.00
1177.704	568.00
1178.280	576.00
1178.848	568.00
1179.412	564.00
1179.984	572.00
1180.560	576.00
1181.124	564.00
1181.688	564.00
1182.252	564.00
1182.816	564.00
1183.388	572.00
1183.964	576.00
1184.524	560.00
1185.084	560.00
1185.648	564.00
1186.216	568.00
1186.780	564.00
1187.360	580.00
1187.924	564.00
1188.488	564.00
1189.048	560.00
1189.632	584.00
1190.192	560.00
1190.756	564.00
1191.324	568.00
1191.904	580.00
1192.468	564.00
1193.036	568.00
1193.600	564.00
1194.168	568.00
1194.732	564.00
1195.304	572.00
1195.884	580.00
1196.444	560.00
1197.008	564.00
1197.580	572.00
1198.140	560.00
1198.708	568.00
1199.272	564.00
1199.832	560.00
1200.396	564.00
1200.972	576.00
1201.552	580.00
1202.108	556.00
1202.676	568.00
1203.236	560.00
1203.800	564.00
1204.364	564.00
1204.940	576.00
1205.512	572.00
1206.072	560.00
1206.632	560.00
1207.196	564.00
1207.764	568.00
1208.332	568.00
1208.908	576.00
1209.472	564.00
1210.036	564.00
1210.600	564.00
1211.160	560.00
1211.724	564.00
1212.300	576.00
1212.872	572.00
1213.432	560.00
1213.988	556.00
1214.552	564.00
1215.112	560.00
1215.676	564.00
1216.232	556.00
1216.808	576.00
1217.376	568.00
1217.932	556.00
1218.496	564.00
1219.056	560.00
1219.620	564.00
1220.180	560.00
1220.740	560.00
1221.308	568.00
1221.880	572.00
1222.444	564.00
1223.000	556.00
1223.560	560.00
1224.116	556.00
1224.680	564.00
1225.252	572.00
1225.816	564.00
1226.372	556.00
1226.928	556.00
1227.488	560.00
1228.048	560.00
1228.608	560.00
1229.180	572.00
1229.748	568.00
1230.304	556.00
1230.728	424.00
1231.412	684.00
1231.988	576.00
1232.544	556.00
1233.108	564.00
1233.668	560.00
1234.240	572.00
1234.800	560.00
1235.360	560.00
1235.920	560.00
1236.476	556.00
1237.036	560.00
1237.596	560.00
1238.156	560.00
1238.728	572.00
1239.292	564.00
1239.852	560.00
1240.412	560.00
1240.972	560.00
1241.532	560.00
1242.096	564.00
1242.660	564.00
1243.236	576.00
1243.796	560.00
1244.360	564.00
1244.920	560.00
1245.484	564.00
1246.048	564.00
1246.616	568.00
1247.176	560.00
1247.740	564.00
1248.312	572.00
1248.880	568.00
1249.440	560.00
1250.004	564.00
1250.568	564.00
1251.128	560.00
1251.696	568.00
1252.264	568.00
1252.836	572.00
1253.396	560.00
1253.956	560.00
1254.520	564.00
1255.080	560.00
1255.640	560.00
1256.204	564.00
1256.764	560.00
1257.336	572.00
1257.900	564.00
1258.456	556.00
1259.020	564.00
1259.580	560.00
1260.144	564.00
1260.700	556.00
1261.268	568.00
1261.840	572.00
1262.400	560.00
1262.960	560.00
1263.516	556.00
1264.080	564.00
1264.644	564.00
1265.204	560.00
1265.768	564.00
1266.340	572.00
1266.908	568.00
1267.468	560.00
1268.028	560.00
1268.588	560.00
1269.152	564.00
1269.712	560.00
1270.280	568.00
1270.852	572.00
1271.412	560.00
1271.972	560.00
1272.536	564.00
1273.092	556.00
1273.660	568.00
1274.228	568.00
1274.784	556.00
1275.344	560.00
1275.904	560.00
1276.468	564.00
1277.024	556.00
1277.592	568.00
1278.160	568.00
1278.720	560.00
1279.280	560.00
1279.844	564.00
1280.400	556.00
1280.960	560.00
1281.520	560.00
1282.080	560.00
1282.652	572.00
1283.212	560.00
1283.768	556.00
1284.332	564.00
1284.892	560.00
1285.452	560.00
1286.016	564.00
1286.580	564.00
1287.152	572.00
1287.712	560.00
1288.272	560.00
1288.832	560.00
1289.400	568.00
1289.960	560.00
1290.520	560.00
1291.084	564.00
1291.644	560.00
1292.220	576.00
1292.780	560.00
1293.344	564.00
1293.908	564.00
1294.480	572.00
1295.040	560.00
1295.600	560.00
1296.168	568.00
1296.740	572.00
1297.300	560.00
1297.860	560.00
1298.424	564.00
1298.988	564.00
1299.548	560.00
1300.116	568.00
1300.688	572.00
1301.248	560.00
1301.808	560.00
1302.368	560.00
1302.928	560.00
1303.488	560.00
1304.052	564.00
1304.624	572.00
1305.180	556.00
1305.740	560.00
1306.304	564.00
1306.864	560.00
1307.424	560.00
1307.980	556.00
1308.540	560.00
1309.100	560.00
1309.660	560.00
1310.228	568.00
1310.800	572.00
1311.356	556.00
1311.916	560.00
1312.472	556.00
1313.032	560.00
1313.604	572.00
1314.168	564.00
1314.724	556.00
1315.284	560.00
1315.844	560.00
1316.404	560.00
1316.964	560.00
1317.540	576.00
1318.096	556.00
1318.652	556.00
1319.212	560.00
1319.768	556.00
1320.332	564.00
1320.888	556.00
1321.460	572.00
1322.020	560.00
1322.576	556.00
1323.136	560.00
1323.696	560.00
1324.260	564.00
1324.832	572.00
1325.396	564.00
1325.956	560.00
1326.516	560.00
1327.076	560.00
1327.636	560.00
1328.196	560.00
1328.768	572.00
1329.328	560.00
1329.884	556.00
1330.444	560.00
1331.004	560.00
1331.564	560.00
1332.124	560.00
1332.696	572.00
1333.256	560.00
1333.812	556.00
1334.368	556.00
1334.928	560.00
1335.488	560.00
1336.060	572.00
1336.624	564.00
1337.180	556.00
1337.736	556.00
1338.296	560.00
1338.852	556.00
1339.408	556.00
1339.964	556.00
1340.540	576.00
1341.096	556.00
1341.652	556.00
1342.208	556.00
1342.768	560.00
1343.328	560.00
1343.884	556.00
1344.448	564.00
1345.016	568.00
1345.572	556.00
1346.128	556.00
1346.692	564.00
1347.260	568.00
1347.820	560.00
1348.376	556.00
1348.936	560.00
1349.496	560.00
1350.056	560.00
1350.616	560.00
1351.184	568.00
1351.752	568.00
1352.308	556.00
1352.868	560.00
1353.424	556.00
1353.984	560.00
1354.548	564.00
1355.116	568.00
1355.680	564.00
1356.240	560.00
1356.808	568.00
1357.368	560.00
1357.928	560.00
1358.488	560.00
1359.052	564.00
1359.580	528.00
1360.184	604.00
1360.756	572.00
1361.316	560.00
1361.880	564.00
1362.444	564.00
1363.008	564.00
1363.584	576.00
1364.148	564.00
1364.708	560.00
1365.268	560.00
1365.848	580.00
1366.408	560.00
1366.968	560.00
1367.528	560.00
1368.096	568.00
1368.660	564.00
1369.224	564.00
1369.796	572.00
1370.368	572.00
1370.928	560.00
1371.488	560.00
1372.048	560.00
1372.612	564.00
1373.176	564.00
1373.736	560.00
1374.304	568.00
1374.876	572.00
1375.440	564.00
1376.000	560.00
1376.560	560.00
1377.124	564.00
1377.688	564.00
1378.260	572.00
1378.824	564.00
1379.384	560.00
1379.944	560.00
1380.508	564.00
1381.068	560.00
1381.632	564.00
1382.196	564.00
1382.772	576.00
1383.336	564.00
1383.896	560.00
1384.456	560.00
1385.020	564.00
1385.584	564.00
1386.148	564.00
1386.712	564.00
1387.288	576.00
1387.848	560.00
1388.408	560.00
1388.968	560.00
1389.532	564.00
1390.096	564.00
1390.668	572.00
1391.228	560.00
1391.648	420.00
1392.336	688.00
1392.916	580.00
1393.480	564.00
1394.040	560.00
1394.600	560.00
1395.164	564.00
1395.724	560.00
1396.284	560.00
1396.840	556.00
1397.416	576.00
1397.976	560.00
1398.532	556.00
1399.096	564.00
1399.652	556.00
1400.216	564.00
1400.788	572.00
1401.348	560.00
1401.908	560.00
1402.468	560.00
1403.032	564.00
1403.600	568.00
1404.168	568.00
1404.728	560.00
1405.288	560.00
1405.852	564.00
1406.412	560.00
1406.972	560.00
1407.536	564.00
1408.112	576.00
1408.672	560.00
1409.228	556.00
1409.792	564.00
1410.352	560.00
1410.912	560.00
1411.488	576.00
1412.056	568.00
1412.616	560.00
1413.176	560.00
1413.752	576.00
1414.316	564.00
1414.880	564.00
1415.440	560.00
1416.012	572.00
1416.580	568.00
1417.144	564.00
1417.704	560.00
1418.264	560.00
1418.828	564.00
1419.388	560.00
1419.952	564.00
1420.524	572.00
1421.092	568.00
1421.648	556.00
1422.208	560.00
1422.784	576.00
1423.348	564.00
1423.908	560.00
1424.464	556.00
1425.040	576.00
1425.600	560.00
1426.160	560.00
1426.720	560.00
1427.284	564.00
1427.844	560.00
1428.404	560.00
1428.968	564.00
1429.544	576.00
1430.112	568.00
1430.672	560.00
1431.232	560.00
1431.792	560.00
1432.356	564.00
1432.916	560.00
1433.476	560.00
1434.040	564.00
1434.612	572.00
1435.180	568.00
1435.740	560.00
1436.300	560.00
1436.860	560.00
1437.420	560.00
1437.980	560.00
1438.556	576.00
1439.116	560.00
1439.676	560.00
1440.236	560.00
1440.792	556.00
1441.352	560.00
1441.912	560.00
1442.484	572.00
1443.056	572.00
1443.616	560.00
1443.992	376.00
1444.712	720.00
1445.288	576.00
1445.852	564.00
1446.408	556.00
1446.976	568.00
1447.544	568.00
1448.104	560.00
1448.660	556.00
1449.220	560.00
1449.780	560.00
1450.348	568.00
1450.908	560.00
1451.468	560.00
1452.024	556.00
1452.588	564.00
1453.144	556.00
1453.704	560.00
1454.264	560.00
1454.832	568.00
1455.400	568.00
1455.956	556.00
1456.512	556.00
1457.072	560.00
1457.644	572.00
1458.208	564.00
1458.768	560.00
1459.328	560.00
1459.888	560.00
1460.448	560.00
1461.012	564.00
1461.584	572.00
1462.140	556.00
1462.704	564.00
1463.260	556.00
1463.824	564.00
1464.384	560.00
1464.956	572.00
1465.524	568.00
1466.080	556.00
1466.640	560.00
1467.204	564.00
1467.760	556.00
1468.332	572.00
1468.900	568.00
1469.460	560.00
1470.020	560.00
1470.580	560.00
1471.144	564.00
1471.708	564.00
1472.280	572.00
1472.840	560.00
1473.404	564.00
1473.964	560.00
1474.520	556.00
1475.084	564.00
1475.644	560.00
1476.208	564.00
1476.768	560.00
1477.340	572.00
1477.912	572.00
1478.468	556.00
1479.028	560.00
1479.588	560.00
1480.148	560.00
1480.708	560.00
1481.272	564.00
1481.844	572.00
1482.416	572.00
1482.976	560.00
1483.492	516.00
1484.104	612.00
1484.672	568.00
1485.236	564.00
1485.796	560.00
1486.360	564.00
1486.916	556.00
1487.484	568.00
1488.052	568.00
1488.612	560.00
1489.172	560.00
1489.744	572.00
1490.300	556.00
1490.856	556.00
1491.424	568.00
1491.984	560.00
1492.544	560.00
1493.100	556.00
1493.664	564.00
1494.220	556.00
1494.776	556.00
1495.344	568.00
1495.904	560.00
1496.460	556.00
1497.024	564.00
1497.576	552.00
1498.132	556.00
1498.684	552.00
1499.232	548.00
1499.788	556.00
1500.344	556.00
1500.888	544.00
1501.440	552.00
1501.996	556.00
1502.548	552.00
1503.104	556.00
1503.652	548.00
1504.208	556.00
1504.760	552.00
1505.316	556.00
1505.868	552.00
1506.416	548.00
1506.968	552.00
1507.512	544.00
1508.064	552.00
1508.628	564.00
1509.172	544.00
1509.724	552.00
1510.276	552.00
1510.828	552.00
1511.384	556.00
1511.932	548.00
1512.476	544.00
1513.024	548.00
1513.576	552.00
1514.128	552.00
1514.684	556.00
1515.232	548.00
1515.776	544.00
1516.328	552.00
1516.876	548.00
1517.428	552.00
1517.988	560.00
1518.540	552.00
1519.092	552.00
1519.644	552.00
1520.196	552.00
1520.756	560.00
1521.320	564.00
1521.876	556.00
1522.252	376.00
1522.964	712.00
1523.536	572.00
1524.096	560.00
1524.668	572.00
1525.224	556.00
1525.780	556.00
1526.340	560.00
1526.904	564.00
1527.468	564.00
1528.028	560.00
1528.584	556.00
1529.140	556.00
1529.696	556.00
1530.260	564.00
1530.828	568.00
1531.384	556.00
1531.936	552.00
1532.500	564.00
1533.068	568.00
1533.624	556.00
1534.180	556.00
1534.740	560.00
1535.308	568.00
1535.868	560.00
1536.424	556.00
1536.984	560.00
1537.552	568.00
1538.108	556.00
1538.668	560.00
1539.228	560.00
1539.792	564.00
1540.356	564.00
1540.912	556.00
1541.468	556.00
1542.036	568.00
1542.600	564.00
1543.160	560.00
1543.716	556.00
1544.276	560.00
1544.836	560.00
1545.404	568.00
1545.968	564.00
1546.524	556.00
1547.088	564.00
1547.656	568.00
1548.224	568.00
1548.788	564.00
1549.344	556.00
1549.916	572.00
1550.476	560.00
1551.040	564.00
1551.460	420.00
1552.148	688.00
1552.728	580.00
1553.292	564.00
1553.852	560.00
1554.412	560.00
1554.980	568.00
1555.540	560.00
1556.096	556.00
1556.652	556.00
1557.220	568.00
1557.780	560.00
1558.336	556.00
1558.888	552.00
1559.444	556.00
1560.000	556.00
1560.568	568.00
1561.124	556.00
1561.676	552.00
1562.232	556.00
1562.800	568.00
1563.352	552.00
1563.904	552.00
1564.464	560.00
1565.016	552.00
1565.588	572.00
1566.140	552.00
1566.692	552.00
1567.248	556.00
1567.816	568.00
1568.372	556.00
1568.924	552.00
1569.480	556.00
1570.044	564.00
1570.596	552.00
1571.148	552.00
1571.704	556.00
1572.272	568.00
1572.828	556.00
1573.380	552.00
1573.932	552.00
1574.496	564.00
1575.052	556.00
1575.600	548.00
1576.156	556.00
1576.708	552.00
1577.260	552.00
1577.816	556.00
1578.380	564.00
1578.932	552.00
1579.480	548.00
1580.008	528.00
1580.592	584.00
1581.144	552.00
1581.696	552.00
1582.264	568.00
1582.812	548.00
1583.364	552.00
1583.920	556.00
1584.484	564.00
1585.036	552.00
1585.592	556.00
1586.156	564.00
1586.708	552.00
1587.260	552.00
1587.816	556.00
1588.372	556.00
1588.924	552.00
1589.480	556.00
1590.048	568.00
1590.604	556.00
1591.156	552.00
1591.716	560.00
1592.272	556.00
1592.828	556.00
1593.380	552.00
1593.936	556.00
1594.500	564.00
1595.052	552.00
1595.600	548.00
1596.156	556.00
1596.712	556.00
1597.264	552.00
1597.824	560.00
1598.380	556.00
1598.928	548.00
1599.488	560.00
1600.032	544.00
1600.588	556.00
1601.136	548.00
1601.688	552.00
1602.256	568.00
1602.808	552.00
1603.360	552.00
1603.912	552.00
1604.356	444.00
1605.016	660.00
1605.576	560.00
1606.144	568.00
1606.712	568.00
1607.268	556.00
1607.820	552.00
1608.372	552.00
1608.928	556.00
1609.480	552.00
1610.036	556.00
1610.592	556.00
1611.156	564.00
1611.720	564.00
1612.272	552.00
1612.828	556.00
1613.380	552.00
1613.936	556.00
1614.488	552.00
1615.048	560.00
1615.612	564.00
1616.164	552.00
1616.720	556.00
1617.268	548.00
1617.820	552.00
1618.372	552.00
1618.928	556.00
1619.496	568.00
1620.044	548.00
1620.596	552.00
1621.148	552.00
1621.704	556.00
1622.256	552.00
1622.816	560.00
1623.364	548.00
1623.932	568.00
1624.496	564.00
1625.048	552.00
1625.600	552.00
1626.156	556.00
1626.708	552.00
1627.264	556.00
1627.824	560.00
1628.388	564.00
1628.940	552.00
1629.492	552.00
1630.044	552.00
1630.600	556.00
1631.152	552.00
1631.708	556.00
1632.268	560.00
1632.840	572.00
1633.392	552.00
1633.940	548.00
1634.492	552.00
1635.048	556.00
1635.604	556.00
1636.156	552.00
1636.712	556.00
1637.264	552.00
1637.824	560.00
1638.388	564.00
1638.940	552.00
1639.496	556.00
1640.044	548.00
1640.596	552.00
1641.152	556.00
1641.712	560.00
1642.272	560.00
1642.836	564.00
1643.392	556.00
1643.944	552.00
1644.500	556.00
1645.048	548.00
1645.604	556.00
1646.160	556.00
1646.728	568.00
1647.288	560.00
1647.844	556.00
1648.396	552.00
1648.952	556.00
1649.504	552.00
1650.060	556.00
1650.624	564.00
1651.188	564.00
1651.740	552.00
1652.300	560.00
1652.852	552.00
1653.408	556.00
1653.968	560.00
1654.532	564.00
1655.084	552.00
1655.636	552.00
1656.196	560.00
1656.748	552.00
1657.308	560.00
1657.864	556.00
1658.416	552.00
1658.976	560.00
1659.544	568.00
1660.096	552.00
1660.648	552.00
1661.204	556.00
1661.760	556.00
1662.316	556.00
1662.872	556.00
1663.428	556.00
1663.996	568.00
1664.564	568.00
1665.116	552.00
1665.676	560.00
1666.228	552.00
1666.788	560.00
1667.344	556.00
1667.904	560.00
1668.464	560.00
1669.016	552.00
1669.588	572.00
1670.144	556.00
1670.700	556.00
1671.256	556.00
1671.816	560.00
1672.376	560.00
1672.932	556.00
1673.492	560.00
1674.060	568.00
1674.616	556.00
1675.172	556.00
1675.728	556.00
1676.292	564.00
1676.856	564.00
1677.412	556.00
1677.964	552.00
1678.524	560.00
1679.080	556.00
1679.636	556.00
1680.196	560.00
1680.764	568.00
1681.320	556.00
1681.876	556.00
1682.432	556.00
1682.984	552.00
1683.540	556.00
1684.112	572.00
1684.672	560.00
1685.228	556.00
1685.792	564.00
1686.344	552.00
1686.900	556.00
1687.460	560.00
1688.012	552.00
1688.584	572.00
1689.152	568.00
1689.704	552.00
1690.260	556.00
1690.816	556.00
1691.376	560.00
1691.932	556.00
1692.500	568.00
1693.056	556.00
1693.616	560.00
1694.172	556.00
1694.728	556.00
1695.300	572.00
1695.852	552.00
1696.412	560.00
1696.968	556.00
1697.520	552.00
1698.076	556.00
1698.636	560.00
1699.204	568.00
1699.756	552.00
1700.164	408.00
1700.852	688.00
1701.416	564.00
1701.976	560.00
1702.548	572.00
1703.096	548.00
1703.652	556.00
1704.212	560.00
1704.756	544.00
1705.312	556.00
1705.872	560.00
1706.424	552.00
1706.992	568.00
1707.552	560.00
1708.096	544.00
1708.652	556.00
1709.204	552.00
1709.764	560.00
1710.328	564.00
1710.884	556.00
1711.436	552.00
1711.992	556.00
1712.552	560.00
1713.108	556.00
1713.664	556.00
1714.220	556.00
1714.780	560.00
1715.348	568.00
1715.900	552.00
1716.456	556.00
1717.008	552.00
1717.564	556.00
1718.120	556.00
1718.672	552.00
1719.092	420.00
1719.784	692.00
1720.352	568.00
1720.904	552.00
1721.464	560.00
1722.020	556.00
1722.572	552.00
1723.132	560.00
1723.696	564.00
1724.252	556.00
1724.804	552.00
1725.356	552.00
1725.912	556.00
1726.464	552.00
1727.028	564.00
1727.584	556.00
1728.136	552.00
1728.692	556.00
1729.260	568.00
1729.816	556.00
1730.364	548.00
1730.920	556.00
1731.476	556.00
1732.028	552.00
1732.588	560.00
1733.148	560.00
1733.704	556.00
1734.256	552.00
1734.816	560.00
1735.384	568.00
1735.928	544.00
1736.484	556.00
1737.040	556.00
1737.596	556.00
1738.148	552.00
1738.716	568.00
1739.276	560.00
1739.824	548.00
1740.380	556.00
1740.936	556.00
1741.488	552.00
1742.040	552.00
1742.604	564.00
1743.164	560.00
1743.716	552.00
1744.276	560.00
1744.816	540.00
1745.372	556.00
1745.928	556.00
1746.480	552.00
1747.036	556.00
1747.596	560.00
1748.148	552.00
1748.700	552.00
1749.256	556.00
1749.808	552.00
1750.360	552.00
1750.920	560.00
1751.476	556.00
1752.028	552.00
1752.580	552.00
1753.136	556.00
1753.688	552.00
1754.244	556.00
1754.800	556.00
1755.364	564.00
1755.916	552.00
1756.468	552.00
1757.024	556.00
1757.580	556.00
1758.136	556.00
1758.692	556.00
1759.252	560.00
1759.820	568.00
1760.380	560.00
1760.928	548.00
1761.484	556.00
1762.040	556.00
1762.596	556.00
1763.148	552.00
1763.716	568.00
1764.268	552.00
1764.828	560.00
1765.380	552.00
1765.948	568.00
1766.504	556.00
1767.056	552.00
1767.612	556.00
1768.180	568.00
1768.732	552.00
1769.288	556.00
1769.852	564.00
1770.404	552.00
1770.964	560.00
1771.520	556.00
1772.080	560.00
1772.640	560.00
1773.192	552.00
1773.748	556.00
1774.304	556.00
1774.852	548.00
1775.420	568.00
1775.976	556.00
1776.528	552.00
1777.080	552.00
1777.640	560.00
1778.204	564.00
1778.756	552.00
1779.304	548.00
1779.856	552.00
1780.424	568.00
1780.972	548.00
1781.524	552.00
1782.080	556.00
1782.640	560.00
1783.192	552.00
1783.744	552.00
1784.300	556.00
1784.852	552.00
1785.416	564.00
1785.968	552.00
1786.520	552.00
1787.076	556.00
1787.644	568.00
1788.192	548.00
1788.744	552.00
1789.292	548.00
1789.856	564.00
1790.408	552.00
1790.964	556.00
1791.524	560.00
1792.080	556.00
1792.628	548.00
1793.180	552.00
1793.740	560.00
1794.288	548.00
1794.832	544.00
1795.380	548.00
1795.928	548.00
1796.476	548.00
1797.024	548.00
1797.576	552.00
1798.116	540.00
1798.660	544.00
1799.208	548.00
