  1.3640000e+000  7.8000000e+002
  2.1520000e+000  7.8800000e+002
  2.9440000e+000  7.9200000e+002
  3.7240000e+000  7.8000000e+002
  4.4960000e+000  7.7200000e+002
  5.2640000e+000  7.6800000e+002
  6.0400000e+000  7.7600000e+002
  6.8280000e+000  7.8800000e+002
  7.6040000e+000  7.7600000e+002
  8.3680000e+000  7.6400000e+002
  9.1360000e+000  7.6800000e+002
  9.9160000e+000  7.8000000e+002
  1.0704000e+001  7.8800000e+002
  1.1480000e+001  7.7600000e+002
  1.2252000e+001  7.7200000e+002
  1.3028000e+001  7.7600000e+002
  1.3816000e+001  7.8800000e+002
  1.4616000e+001  8.0000000e+002
  1.5404000e+001  7.8800000e+002
  1.6200000e+001  7.9600000e+002
  1.6976000e+001  7.7600000e+002
  1.7764000e+001  7.8800000e+002
  1.8556000e+001  7.9200000e+002
  1.9336000e+001  7.8000000e+002
  2.0120000e+001  7.8400000e+002
  2.0892000e+001  7.7200000e+002
  2.1672000e+001  7.8000000e+002
  2.2460000e+001  7.8800000e+002
  2.3248000e+001  7.8800000e+002
  2.4036000e+001  7.8800000e+002
  2.4804000e+001  7.6800000e+002
  2.5580000e+001  7.7600000e+002
  2.6364000e+001  7.8400000e+002
  2.7160000e+001  7.9600000e+002
  2.7944000e+001  7.8400000e+002
  2.8720000e+001  7.7600000e+002
  2.9496000e+001  7.7600000e+002
  3.0276000e+001  7.8000000e+002
  3.1064000e+001  7.8800000e+002
  3.1848000e+001  7.8400000e+002
  3.2616000e+001  7.6800000e+002
  3.3392000e+001  7.7600000e+002
  3.4168000e+001  7.7600000e+002
  3.4960000e+001  7.9200000e+002
  3.5736000e+001  7.7600000e+002
  3.6516000e+001  7.8000000e+002
  3.7284000e+001  7.6800000e+002
  3.8068000e+001  7.8400000e+002
  3.8864000e+001  7.9600000e+002
  3.9644000e+001  7.8000000e+002
  4.0424000e+001  7.8000000e+002
  4.1196000e+001  7.7200000e+002
  4.1980000e+001  7.8400000e+002
  4.2776000e+001  7.9600000e+002
  4.3556000e+001  7.8000000e+002
  4.4340000e+001  7.8400000e+002
  4.5112000e+001  7.7200000e+002
  4.5888000e+001  7.7600000e+002
  4.6676000e+001  7.8800000e+002
  4.7448000e+001  7.7200000e+002
  4.8224000e+001  7.7600000e+002
  4.8988000e+001  7.6400000e+002
  4.9768000e+001  7.8000000e+002
  5.0556000e+001  7.8800000e+002
  5.1336000e+001  7.8000000e+002
  5.2120000e+001  7.8400000e+002
  5.2896000e+001  7.7600000e+002
  5.3680000e+001  7.8400000e+002
  5.4472000e+001  7.9200000e+002
  5.5268000e+001  7.9600000e+002
  5.6056000e+001  7.8800000e+002
  5.6832000e+001  7.7600000e+002
  5.7620000e+001  7.8800000e+002
  5.8420000e+001  8.0000000e+002
  5.9212000e+001  7.9200000e+002
  6.0012000e+001  8.0000000e+002
  6.0796000e+001  7.8400000e+002
  6.1588000e+001  7.9200000e+002
  6.2392000e+001  8.0400000e+002
  6.3188000e+001  7.9600000e+002
  6.3980000e+001  7.9200000e+002
  6.4760000e+001  7.8000000e+002
  6.5552000e+001  7.9200000e+002
  6.6348000e+001  7.9600000e+002
  6.7144000e+001  7.9600000e+002
  6.7936000e+001  7.9200000e+002
  6.8716000e+001  7.8000000e+002
  6.9496000e+001  7.8000000e+002
  7.0284000e+001  7.8800000e+002
  7.1068000e+001  7.8400000e+002
  7.1852000e+001  7.8400000e+002
  7.2620000e+001  7.6800000e+002
  7.3400000e+001  7.8000000e+002
  7.4192000e+001  7.9200000e+002
  7.4980000e+001  7.8800000e+002
  7.5772000e+001  7.9200000e+002
  7.6548000e+001  7.7600000e+002
  7.7336000e+001  7.8800000e+002
  7.8136000e+001  8.0000000e+002
  7.8940000e+001  8.0400000e+002
  7.9736000e+001  7.9600000e+002
  8.0524000e+001  7.8800000e+002
  8.1316000e+001  7.9200000e+002
  8.2116000e+001  8.0000000e+002
  8.2928000e+001  8.1200000e+002
  8.3724000e+001  7.9600000e+002
  8.4508000e+001  7.8400000e+002
  8.5300000e+001  7.9200000e+002
  8.6104000e+001  8.0400000e+002
  8.6916000e+001  8.1200000e+002
  8.7712000e+001  7.9600000e+002
  8.8496000e+001  7.8400000e+002
  8.9280000e+001  7.8400000e+002
  9.0048000e+001  7.6800000e+002
  9.0820000e+001  7.7200000e+002
  9.1596000e+001  7.7600000e+002
  9.2372000e+001  7.7600000e+002
  9.3140000e+001  7.6800000e+002
  9.3920000e+001  7.8000000e+002
  9.4712000e+001  7.9200000e+002
  9.5492000e+001  7.8000000e+002
  9.6272000e+001  7.8000000e+002
  9.7052000e+001  7.8000000e+002
  9.7836000e+001  7.8400000e+002
  9.8628000e+001  7.9200000e+002
  9.9416000e+001  7.8800000e+002
  1.0019200e+002  7.7600000e+002
  1.0096800e+002  7.7600000e+002
  1.0174800e+002  7.8000000e+002
  1.0254000e+002  7.9200000e+002
  1.0332000e+002  7.8000000e+002
  1.0409200e+002  7.7200000e+002
  1.0486800e+002  7.7600000e+002
  1.0565200e+002  7.8400000e+002
  1.0644400e+002  7.9200000e+002
  1.0722800e+002  7.8400000e+002
  1.0800800e+002  7.8000000e+002
  1.0878800e+002  7.8000000e+002
  1.0958400e+002  7.9600000e+002
  1.1038800e+002  8.0400000e+002
  1.1118800e+002  8.0000000e+002
  1.1198800e+002  8.0000000e+002
  1.1277600e+002  7.8800000e+002
  1.1357600e+002  8.0000000e+002
  1.1439200e+002  8.1600000e+002
  1.1519200e+002  8.0000000e+002
  1.1598800e+002  7.9600000e+002
  1.1678400e+002  7.9600000e+002
  1.1759200e+002  8.0800000e+002
  1.1841600e+002  8.2400000e+002
  1.1922000e+002  8.0400000e+002
  1.2001600e+002  7.9600000e+002
  1.2081200e+002  7.9600000e+002
  1.2162400e+002  8.1200000e+002
  1.2243600e+002  8.1200000e+002
  1.2324400e+002  8.0800000e+002
  1.2403600e+002  7.9200000e+002
  1.2483600e+002  8.0000000e+002
  1.2564400e+002  8.0800000e+002
  1.2646400e+002  8.2000000e+002
  1.2726800e+002  8.0400000e+002
  1.2806000e+002  7.9200000e+002
  1.2886000e+002  8.0000000e+002
  1.2966800e+002  8.0800000e+002
  1.3047600e+002  8.0800000e+002
  1.3127600e+002  8.0000000e+002
  1.3206000e+002  7.8400000e+002
  1.3285600e+002  7.9600000e+002
  1.3367200e+002  8.1600000e+002
  1.3447600e+002  8.0400000e+002
  1.3528000e+002  8.0400000e+002
  1.3606800e+002  7.8800000e+002
  1.3686800e+002  8.0000000e+002
  1.3768000e+002  8.1200000e+002
  1.3848000e+002  8.0000000e+002
  1.3927600e+002  7.9600000e+002
  1.4006800e+002  7.9200000e+002
  1.4086800e+002  8.0000000e+002
  1.4168400e+002  8.1600000e+002
  1.4248400e+002  8.0000000e+002
  1.4327200e+002  7.8800000e+002
  1.4406400e+002  7.9200000e+002
  1.4487200e+002  8.0800000e+002
  1.4569200e+002  8.2000000e+002
  1.4649200e+002  8.0000000e+002
  1.4728800e+002  7.9600000e+002
  1.4808400e+002  7.9600000e+002
  1.4888800e+002  8.0400000e+002
  1.4970400e+002  8.1600000e+002
  1.5050400e+002  8.0000000e+002
  1.5130800e+002  8.0400000e+002
  1.5209200e+002  7.8400000e+002
  1.5288800e+002  7.9600000e+002
  1.5369600e+002  8.0800000e+002
  1.5449200e+002  7.9600000e+002
  1.5528800e+002  7.9600000e+002
  1.5607600e+002  7.8800000e+002
  1.5687200e+002  7.9600000e+002
  1.5767600e+002  8.0400000e+002
  1.5846800e+002  7.9200000e+002
  1.5924800e+002  7.8000000e+002
  1.6003600e+002  7.8800000e+002
  1.6082400e+002  7.8800000e+002
  1.6162800e+002  8.0400000e+002
  1.6241600e+002  7.8800000e+002
  1.6320800e+002  7.9200000e+002
  1.6398400e+002  7.7600000e+002
  1.6477600e+002  7.9200000e+002
  1.6556800e+002  7.9200000e+002
  1.6636000e+002  7.9200000e+002
  1.6714800e+002  7.8800000e+002
  1.6792400e+002  7.7600000e+002
  1.6870800e+002  7.8400000e+002
  1.6950800e+002  8.0000000e+002
  1.7029600e+002  7.8800000e+002
  1.7108400e+002  7.8800000e+002
  1.7186400e+002  7.8000000e+002
  1.7265200e+002  7.8800000e+002
  1.7345600e+002  8.0400000e+002
  1.7424400e+002  7.8800000e+002
  1.7502800e+002  7.8400000e+002
  1.7581200e+002  7.8400000e+002
  1.7660400e+002  7.9200000e+002
  1.7740400e+002  8.0000000e+002
  1.7820000e+002  7.9600000e+002
  1.7899600e+002  7.9600000e+002
  1.7978000e+002  7.8400000e+002
  1.8057600e+002  7.9600000e+002
  1.8135600e+002  7.8000000e+002
  1.8215600e+002  8.0000000e+002
  1.8294800e+002  7.9200000e+002
  1.8374000e+002  7.9200000e+002
  1.8452400e+002  7.8400000e+002
  1.8531200e+002  7.8800000e+002
  1.8608800e+002  7.7600000e+002
  1.8688000e+002  7.9200000e+002
  1.8765600e+002  7.7600000e+002
  1.8842800e+002  7.7200000e+002
  1.8920400e+002  7.7600000e+002
  1.8998400e+002  7.8000000e+002
  1.9077200e+002  7.8800000e+002
  1.9155600e+002  7.8400000e+002
  1.9232400e+002  7.6800000e+002
  1.9309200e+002  7.6800000e+002
  1.9387200e+002  7.8000000e+002
  1.9464800e+002  7.7600000e+002
  1.9542400e+002  7.7600000e+002
  1.9618000e+002  7.5600000e+002
  1.9694000e+002  7.6000000e+002
  1.9772000e+002  7.8000000e+002
  1.9848800e+002  7.6800000e+002
  1.9926000e+002  7.7200000e+002
  2.0002000e+002  7.6000000e+002
  2.0079600e+002  7.7600000e+002
  2.0158400e+002  7.8800000e+002
  2.0236800e+002  7.8400000e+002
  2.0314800e+002  7.8000000e+002
  2.0392400e+002  7.7600000e+002
  2.0472000e+002  7.9600000e+002
  2.0552800e+002  8.0800000e+002
  2.0632800e+002  8.0000000e+002
  2.0712000e+002  7.9200000e+002
  2.0791600e+002  7.9600000e+002
  2.0872400e+002  8.0800000e+002
  2.0953600e+002  8.1200000e+002
  2.1034000e+002  8.0400000e+002
  2.1114000e+002  8.0000000e+002
  2.1194000e+002  8.0000000e+002
  2.1275600e+002  8.1600000e+002
  2.1357200e+002  8.1600000e+002
  2.1438000e+002  8.0800000e+002
  2.1517600e+002  7.9600000e+002
  2.1598000e+002  8.0400000e+002
  2.1679200e+002  8.1200000e+002
  2.1759200e+002  8.0000000e+002
  2.1838800e+002  7.9600000e+002
  2.1917200e+002  7.8400000e+002
  2.1995600e+002  7.8400000e+002
  2.2075600e+002  8.0000000e+002
  2.2154400e+002  7.8800000e+002
  2.2234000e+002  7.9600000e+002
  2.2312000e+002  7.8000000e+002
  2.2391200e+002  7.9200000e+002
  2.2470800e+002  7.9600000e+002
  2.2549600e+002  7.8800000e+002
  2.2627200e+002  7.7600000e+002
  2.2705200e+002  7.8000000e+002
  2.2784000e+002  7.8800000e+002
  2.2864400e+002  8.0400000e+002
  2.2943200e+002  7.8800000e+002
  2.3021200e+002  7.8000000e+002
  2.3099600e+002  7.8400000e+002
  2.3178800e+002  7.9200000e+002
  2.3260000e+002  8.1200000e+002
  2.3339200e+002  7.9200000e+002
  2.3418400e+002  7.9200000e+002
  2.3497200e+002  7.8800000e+002
  2.3577200e+002  8.0000000e+002
  2.3658800e+002  8.1600000e+002
  2.3738400e+002  7.9600000e+002
  2.3817200e+002  7.8800000e+002
  2.3896400e+002  7.9200000e+002
  2.3976000e+002  7.9600000e+002
  2.4057200e+002  8.1200000e+002
  2.4136800e+002  7.9600000e+002
  2.4216400e+002  7.9600000e+002
  2.4294400e+002  7.8000000e+002
  2.4373200e+002  7.8800000e+002
  2.4452400e+002  7.9200000e+002
  2.4531200e+002  7.8800000e+002
  2.4610000e+002  7.8800000e+002
  2.4687600e+002  7.7600000e+002
  2.4766400e+002  7.8800000e+002
  2.4847200e+002  8.0800000e+002
  2.4926400e+002  7.9200000e+002
  2.5005600e+002  7.9200000e+002
  2.5084400e+002  7.8800000e+002
  2.5164400e+002  8.0000000e+002
  2.5245600e+002  8.1200000e+002
  2.5325200e+002  7.9600000e+002
  2.5404400e+002  7.9200000e+002
  2.5482800e+002  7.8400000e+002
  2.5562400e+002  7.9600000e+002
  2.5642800e+002  8.0400000e+002
  2.5721600e+002  7.8800000e+002
  2.5800400e+002  7.8800000e+002
  2.5878000e+002  7.7600000e+002
  2.5956400e+002  7.8400000e+002
  2.6036000e+002  7.9200000e+002
  2.6114400e+002  7.8400000e+002
  2.6192400e+002  7.8000000e+002
  2.6270000e+002  7.7600000e+002
  2.6348400e+002  7.8400000e+002
  2.6428000e+002  7.9600000e+002
  2.6506800e+002  7.8800000e+002
  2.6585200e+002  7.8400000e+002
  2.6662800e+002  7.7600000e+002
  2.6740800e+002  7.8000000e+002
  2.6820400e+002  7.9600000e+002
  2.6898400e+002  7.8000000e+002
  2.6975600e+002  7.7200000e+002
  2.7052800e+002  7.7200000e+002
  2.7130800e+002  7.8000000e+002
  2.7210000e+002  7.9200000e+002
  2.7288000e+002  7.8000000e+002
  2.7366000e+002  7.8000000e+002
  2.7442800e+002  7.6800000e+002
  2.7520800e+002  7.8000000e+002
  2.7599600e+002  7.8800000e+002
  2.7679200e+002  7.9600000e+002
  2.7758000e+002  7.8800000e+002
  2.7834800e+002  7.6800000e+002
  2.7912800e+002  7.8000000e+002
  2.7991600e+002  7.8800000e+002
  2.8070400e+002  7.8800000e+002
  2.8148800e+002  7.8400000e+002
  2.8225600e+002  7.6800000e+002
  2.8303200e+002  7.7600000e+002
  2.8380400e+002  7.7200000e+002
  2.8458000e+002  7.7600000e+002
  2.8535200e+002  7.7200000e+002
  2.8610400e+002  7.5200000e+002
  2.8686400e+002  7.6000000e+002
  2.8762800e+002  7.6400000e+002
  2.8839200e+002  7.6400000e+002
  2.8914000e+002  7.4800000e+002
  2.8990000e+002  7.6000000e+002
  2.9066400e+002  7.6400000e+002
  2.9142400e+002  7.6000000e+002
  2.9219200e+002  7.6800000e+002
  2.9294800e+002  7.5600000e+002
  2.9370800e+002  7.6000000e+002
  2.9448800e+002  7.8000000e+002
  2.9525600e+002  7.6800000e+002
  2.9601600e+002  7.6000000e+002
  2.9677600e+002  7.6000000e+002
  2.9754800e+002  7.7200000e+002
  2.9833200e+002  7.8400000e+002
  2.9911200e+002  7.8000000e+002
  2.9988000e+002  7.6800000e+002
  3.0064800e+002  7.6800000e+002
  3.0142400e+002  7.7600000e+002
  3.0206000e+002  6.3600000e+002
  3.0298800e+002  9.2800000e+002
  3.0376400e+002  7.7600000e+002
  3.0453200e+002  7.6800000e+002
  3.0530000e+002  7.6800000e+002
  3.0608400e+002  7.8400000e+002
  3.0686400e+002  7.8000000e+002
  3.0763200e+002  7.6800000e+002
  3.0840000e+002  7.6800000e+002
  3.0918000e+002  7.8000000e+002
  3.0996000e+002  7.8000000e+002
  3.1072800e+002  7.6800000e+002
  3.1150000e+002  7.7200000e+002
  3.1228000e+002  7.8000000e+002
  3.1307200e+002  7.9200000e+002
  3.1385200e+002  7.8000000e+002
  3.1462000e+002  7.6800000e+002
  3.1538800e+002  7.6800000e+002
  3.1616000e+002  7.7200000e+002
  3.1694400e+002  7.8400000e+002
  3.1772000e+002  7.7600000e+002
  3.1849200e+002  7.7200000e+002
  3.1925200e+002  7.6000000e+002
  3.2001600e+002  7.6400000e+002
  3.2079200e+002  7.7600000e+002
  3.2156000e+002  7.6800000e+002
  3.2233200e+002  7.7200000e+002
  3.2308400e+002  7.5200000e+002
  3.2384800e+002  7.6400000e+002
  3.2462400e+002  7.7600000e+002
  3.2540800e+002  7.8400000e+002
  3.2618800e+002  7.8000000e+002
  3.2695600e+002  7.6800000e+002
  3.2772800e+002  7.7200000e+002
  3.2852000e+002  7.9200000e+002
  3.2932000e+002  8.0000000e+002
  3.3010800e+002  7.8800000e+002
  3.3089200e+002  7.8400000e+002
  3.3167200e+002  7.8000000e+002
  3.3246000e+002  7.8800000e+002
  3.3325600e+002  7.9600000e+002
  3.3404400e+002  7.8800000e+002
  3.3483600e+002  7.9200000e+002
  3.3561200e+002  7.7600000e+002
  3.3640400e+002  7.9200000e+002
  3.3718400e+002  7.8000000e+002
  3.3796000e+002  7.7600000e+002
  3.3872400e+002  7.6400000e+002
  3.3949200e+002  7.6800000e+002
  3.4024800e+002  7.5600000e+002
  3.4099600e+002  7.4800000e+002
  3.4174000e+002  7.4400000e+002
  3.4248400e+002  7.4400000e+002
  3.4323200e+002  7.4800000e+002
  3.4375600e+002  5.2400000e+002
  3.4470400e+002  9.4800000e+002
  3.4542400e+002  7.2000000e+002
  3.4614800e+002  7.2400000e+002
  3.4688000e+002  7.3200000e+002
  3.4761200e+002  7.3200000e+002
  3.4832000e+002  7.0800000e+002
  3.4905200e+002  7.3200000e+002
  3.4977200e+002  7.2000000e+002
  3.5048800e+002  7.1600000e+002
  3.5119600e+002  7.0800000e+002
  3.5190000e+002  7.0400000e+002
  3.5279600e+002  8.9600000e+002
  3.5343200e+002  6.3600000e+002
  3.5404800e+002  6.1600000e+002
  3.5476800e+002  7.2000000e+002
  3.5548400e+002  7.1600000e+002
  3.5620000e+002  7.1600000e+002
  3.5690800e+002  7.0800000e+002
  3.5762800e+002  7.2000000e+002
  3.5835200e+002  7.2400000e+002
  3.5906000e+002  7.0800000e+002
  3.5978000e+002  7.2000000e+002
  3.6050400e+002  7.2400000e+002
  3.6123200e+002  7.2800000e+002
  3.6196400e+002  7.3200000e+002
  3.6268000e+002  7.1600000e+002
  3.6340800e+002  7.2800000e+002
  3.6413600e+002  7.2800000e+002
  3.6487600e+002  7.4000000e+002
  3.6561600e+002  7.4000000e+002
  3.6635200e+002  7.3600000e+002
  3.6708400e+002  7.3200000e+002
  3.6782000e+002  7.3600000e+002
  3.6856400e+002  7.4400000e+002
  3.6930400e+002  7.4000000e+002
  3.7005200e+002  7.4800000e+002
  3.7078000e+002  7.2800000e+002
  3.7151600e+002  7.3600000e+002
  3.7226000e+002  7.4400000e+002
  3.7299600e+002  7.3600000e+002
  3.7374400e+002  7.4800000e+002
  3.7446800e+002  7.2400000e+002
  3.7520400e+002  7.3600000e+002
  3.7594800e+002  7.4400000e+002
  3.7669600e+002  7.4800000e+002
  3.7744800e+002  7.5200000e+002
  3.7818400e+002  7.3600000e+002
  3.7892800e+002  7.4400000e+002
  3.7968000e+002  7.5200000e+002
  3.8044400e+002  7.6400000e+002
  3.8120400e+002  7.6000000e+002
  3.8196400e+002  7.6000000e+002
  3.8271600e+002  7.5200000e+002
  3.8348000e+002  7.6400000e+002
  3.8425600e+002  7.7600000e+002
  3.8502400e+002  7.6800000e+002
  3.8580400e+002  7.8000000e+002
  3.8656800e+002  7.6400000e+002
  3.8734000e+002  7.7200000e+002
  3.8811600e+002  7.7600000e+002
  3.8890400e+002  7.8800000e+002
  3.8968000e+002  7.7600000e+002
  3.9044400e+002  7.6400000e+002
  3.9120800e+002  7.6400000e+002
  3.9197600e+002  7.6800000e+002
  3.9275600e+002  7.8000000e+002
  3.9352800e+002  7.7200000e+002
  3.9429600e+002  7.6800000e+002
  3.9506000e+002  7.6400000e+002
  3.9583600e+002  7.7600000e+002
  3.9662400e+002  7.8800000e+002
  3.9740800e+002  7.8400000e+002
  3.9819600e+002  7.8800000e+002
  3.9896000e+002  7.6400000e+002
  3.9974800e+002  7.8800000e+002
  4.0053600e+002  7.8800000e+002
  4.0132800e+002  7.9200000e+002
  4.0211200e+002  7.8400000e+002
  4.0289200e+002  7.8000000e+002
  4.0366800e+002  7.7600000e+002
  4.0446000e+002  7.9200000e+002
  4.0526000e+002  8.0000000e+002
  4.0605200e+002  7.9200000e+002
  4.0684400e+002  7.9200000e+002
  4.0762000e+002  7.7600000e+002
  4.0840800e+002  7.8800000e+002
  4.0920000e+002  7.9200000e+002
  4.1000400e+002  8.0400000e+002
  4.1078800e+002  7.8400000e+002
  4.1156000e+002  7.7200000e+002
  4.1234800e+002  7.8800000e+002
  4.1314400e+002  7.9600000e+002
  4.1395200e+002  8.0800000e+002
  4.1475200e+002  8.0000000e+002
  4.1554400e+002  7.9200000e+002
  4.1632000e+002  7.7600000e+002
  4.1711200e+002  7.9200000e+002
  4.1791200e+002  8.0000000e+002
  4.1868800e+002  7.7600000e+002
  4.1946000e+002  7.7200000e+002
  4.2023200e+002  7.7200000e+002
  4.2100400e+002  7.7200000e+002
  4.2178800e+002  7.8400000e+002
  4.2256400e+002  7.7600000e+002
  4.2332800e+002  7.6400000e+002
  4.2409600e+002  7.6800000e+002
  4.2487200e+002  7.7600000e+002
  4.2566400e+002  7.9200000e+002
  4.2643200e+002  7.6800000e+002
  4.2720000e+002  7.6800000e+002
  4.2796000e+002  7.6000000e+002
  4.2873600e+002  7.7600000e+002
  4.2952800e+002  7.9200000e+002
  4.3030800e+002  7.8000000e+002
  4.3108800e+002  7.8000000e+002
  4.3186000e+002  7.7200000e+002
  4.3263600e+002  7.7600000e+002
  4.3342800e+002  7.9200000e+002
  4.3420400e+002  7.7600000e+002
  4.3498400e+002  7.8000000e+002
  4.3574800e+002  7.6400000e+002
  4.3652400e+002  7.7600000e+002
  4.3730800e+002  7.8400000e+002
  4.3808800e+002  7.8000000e+002
  4.3886800e+002  7.8000000e+002
  4.3963200e+002  7.6400000e+002
  4.4040800e+002  7.7600000e+002
  4.4119200e+002  7.8400000e+002
  4.4198000e+002  7.8800000e+002
  4.4276000e+002  7.8000000e+002
  4.4352000e+002  7.6000000e+002
  4.4429200e+002  7.7200000e+002
  4.4506800e+002  7.7600000e+002
  4.4586000e+002  7.9200000e+002
  4.4663200e+002  7.7200000e+002
  4.4739200e+002  7.6000000e+002
  4.4816000e+002  7.6800000e+002
  4.4893600e+002  7.7600000e+002
  4.4972800e+002  7.9200000e+002
  4.5050800e+002  7.8000000e+002
  4.5128400e+002  7.7600000e+002
  4.5205200e+002  7.6800000e+002
  4.5284000e+002  7.8800000e+002
  4.5364000e+002  8.0000000e+002
  4.5442800e+002  7.8800000e+002
  4.5521200e+002  7.8400000e+002
  4.5600000e+002  7.8800000e+002
  4.5679600e+002  7.9600000e+002
  4.5760000e+002  8.0400000e+002
  4.5839600e+002  7.9600000e+002
  4.5918400e+002  7.8800000e+002
  4.5996800e+002  7.8400000e+002
  4.6076000e+002  7.9200000e+002
  4.6156800e+002  8.0800000e+002
  4.6235600e+002  7.8800000e+002
  4.6313600e+002  7.8000000e+002
  4.6391200e+002  7.7600000e+002
  4.6470000e+002  7.8800000e+002
  4.6550000e+002  8.0000000e+002
  4.6628400e+002  7.8400000e+002
  4.6706400e+002  7.8000000e+002
  4.6784000e+002  7.7600000e+002
  4.6862400e+002  7.8400000e+002
  4.6942000e+002  7.9600000e+002
  4.7020400e+002  7.8400000e+002
  4.7097200e+002  7.6800000e+002
  4.7174400e+002  7.7200000e+002
  4.7253200e+002  7.8800000e+002
  4.7332000e+002  7.8800000e+002
  4.7410400e+002  7.8400000e+002
  4.7487600e+002  7.7200000e+002
  4.7566400e+002  7.8800000e+002
  4.7646400e+002  8.0000000e+002
  4.7726000e+002  7.9600000e+002
  4.7805200e+002  7.9200000e+002
  4.7882800e+002  7.7600000e+002
  4.7962400e+002  7.9600000e+002
  4.8043200e+002  8.0800000e+002
  4.8122800e+002  7.9600000e+002
  4.8201200e+002  7.8400000e+002
  4.8280400e+002  7.9200000e+002
  4.8360000e+002  7.9600000e+002
  4.8440800e+002  8.0800000e+002
  4.8519600e+002  7.8800000e+002
  4.8597200e+002  7.7600000e+002
  4.8676000e+002  7.8800000e+002
  4.8756000e+002  8.0000000e+002
  4.8834800e+002  7.8800000e+002
  4.8912800e+002  7.8000000e+002
  4.8990400e+002  7.7600000e+002
  4.9068800e+002  7.8400000e+002
  4.9148800e+002  8.0000000e+002
  4.9226800e+002  7.8000000e+002
  4.9304400e+002  7.7600000e+002
  4.9382400e+002  7.8000000e+002
  4.9461200e+002  7.8800000e+002
  4.9542000e+002  8.0800000e+002
  4.9621200e+002  7.9200000e+002
  4.9699600e+002  7.8400000e+002
  4.9777600e+002  7.8000000e+002
  4.9856000e+002  7.8400000e+002
  4.9935600e+002  7.9600000e+002
  5.0014000e+002  7.8400000e+002
  5.0092800e+002  7.8800000e+002
  5.0170000e+002  7.7200000e+002
  5.0248400e+002  7.8400000e+002
  5.0328400e+002  8.0000000e+002
  5.0407600e+002  7.9200000e+002
  5.0486400e+002  7.8800000e+002
  5.0563600e+002  7.7200000e+002
  5.0641200e+002  7.7600000e+002
  5.0720800e+002  7.9600000e+002
  5.0800400e+002  7.9600000e+002
  5.0879600e+002  7.9200000e+002
  5.0957200e+002  7.7600000e+002
  5.1035600e+002  7.8400000e+002
  5.1115200e+002  7.9600000e+002
  5.1195200e+002  8.0000000e+002
  5.1274400e+002  7.9200000e+002
  5.1351600e+002  7.7200000e+002
  5.1430000e+002  7.8400000e+002
  5.1508800e+002  7.8800000e+002
  5.1588800e+002  8.0000000e+002
  5.1667600e+002  7.8800000e+002
  5.1744800e+002  7.7200000e+002
  5.1822400e+002  7.7600000e+002
  5.1900800e+002  7.8400000e+002
  5.1980800e+002  8.0000000e+002
  5.2059200e+002  7.8400000e+002
  5.2136800e+002  7.7600000e+002
  5.2214400e+002  7.7600000e+002
  5.2292800e+002  7.8400000e+002
  5.2372800e+002  8.0000000e+002
  5.2451200e+002  7.8400000e+002
  5.2504800e+002  5.3600000e+002
  5.2608000e+002  1.0320000e+003
  5.2686800e+002  7.8800000e+002
  5.2767600e+002  8.0800000e+002
  5.2846800e+002  7.9200000e+002
  5.2926000e+002  7.9200000e+002
  5.3004400e+002  7.8400000e+002
  5.3083600e+002  7.9200000e+002
  5.3164400e+002  8.0800000e+002
  5.3243200e+002  7.8800000e+002
  5.3322000e+002  7.8800000e+002
  5.3399600e+002  7.7600000e+002
  5.3478800e+002  7.9200000e+002
  5.3559200e+002  8.0400000e+002
  5.3638400e+002  7.9200000e+002
  5.3716800e+002  7.8400000e+002
  5.3795600e+002  7.8800000e+002
  5.3875200e+002  7.9600000e+002
  5.3956000e+002  8.0800000e+002
  5.4035200e+002  7.9200000e+002
  5.4113200e+002  7.8000000e+002
  5.4192000e+002  7.8800000e+002
  5.4272000e+002  8.0000000e+002
  5.4353200e+002  8.1200000e+002
  5.4433600e+002  8.0400000e+002
  5.4512400e+002  7.8800000e+002
  5.4592400e+002  8.0000000e+002
  5.4674800e+002  8.2400000e+002
  5.4755600e+002  8.0800000e+002
  5.4836000e+002  8.0400000e+002
  5.4916800e+002  8.0800000e+002
  5.4998400e+002  8.1600000e+002
  5.5080800e+002  8.2400000e+002
  5.5162400e+002  8.1600000e+002
  5.5242400e+002  8.0000000e+002
  5.5323200e+002  8.0800000e+002
  5.5404400e+002  8.1200000e+002
  5.5486800e+002  8.2400000e+002
  5.5566800e+002  8.0000000e+002
  5.5645600e+002  7.8800000e+002
  5.5724800e+002  7.9200000e+002
  5.5805200e+002  8.0400000e+002
  5.5885600e+002  8.0400000e+002
  5.5964400e+002  7.8800000e+002
  5.6041600e+002  7.7200000e+002
  5.6119600e+002  7.8000000e+002
  5.6198400e+002  7.8800000e+002
  5.6278800e+002  8.0400000e+002
  5.6356800e+002  7.8000000e+002
  5.6434000e+002  7.7200000e+002
  5.6511200e+002  7.7200000e+002
  5.6590000e+002  7.8800000e+002
  5.6670000e+002  8.0000000e+002
  5.6749200e+002  7.9200000e+002
  5.6828000e+002  7.8800000e+002
  5.6906000e+002  7.8000000e+002
  5.6984400e+002  7.8400000e+002
  5.7064800e+002  8.0400000e+002
  5.7143600e+002  7.8800000e+002
  5.7221600e+002  7.8000000e+002
  5.7299200e+002  7.7600000e+002
  5.7378400e+002  7.9200000e+002
  5.7458400e+002  8.0000000e+002
  5.7537200e+002  7.8800000e+002
  5.7615200e+002  7.8000000e+002
  5.7692400e+002  7.7200000e+002
  5.7770800e+002  7.8400000e+002
  5.7850400e+002  7.9600000e+002
  5.7929200e+002  7.8800000e+002
  5.8007600e+002  7.8400000e+002
  5.8084800e+002  7.7200000e+002
  5.8163600e+002  7.8800000e+002
  5.8243600e+002  8.0000000e+002
  5.8322800e+002  7.9200000e+002
  5.8402400e+002  7.9600000e+002
  5.8480000e+002  7.7600000e+002
  5.8558800e+002  7.8800000e+002
  5.8639200e+002  8.0400000e+002
  5.8719600e+002  8.0400000e+002
  5.8799200e+002  7.9600000e+002
  5.8877200e+002  7.8000000e+002
  5.8956400e+002  7.9200000e+002
  5.9036000e+002  7.9600000e+002
  5.9116400e+002  8.0400000e+002
  5.9196400e+002  8.0000000e+002
  5.9274400e+002  7.8000000e+002
  5.9354000e+002  7.9600000e+002
  5.9435200e+002  8.1200000e+002
  5.9514800e+002  7.9600000e+002
  5.9594000e+002  7.9200000e+002
  5.9672800e+002  7.8800000e+002
  5.9752800e+002  8.0000000e+002
  5.9834400e+002  8.1600000e+002
  5.9914000e+002  7.9600000e+002
  5.9992800e+002  7.8800000e+002
  6.0072000e+002  7.9200000e+002
  6.0152400e+002  8.0400000e+002
  6.0234000e+002  8.1600000e+002
  6.0313600e+002  7.9600000e+002
  6.0392400e+002  7.8800000e+002
  6.0471200e+002  7.8800000e+002
  6.0551600e+002  8.0400000e+002
  6.0631600e+002  8.0000000e+002
  6.0713200e+002  8.1600000e+002
  6.0793200e+002  8.0000000e+002
  6.0872400e+002  7.9200000e+002
  6.0952000e+002  7.9600000e+002
  6.1032800e+002  8.0800000e+002
  6.1112400e+002  7.9600000e+002
  6.1191200e+002  7.8800000e+002
  6.1269600e+002  7.8400000e+002
  6.1348400e+002  7.8800000e+002
  6.1428800e+002  8.0400000e+002
  6.1508000e+002  7.9200000e+002
  6.1585600e+002  7.7600000e+002
  6.1663600e+002  7.8000000e+002
  6.1742800e+002  7.9200000e+002
  6.1822000e+002  7.9200000e+002
  6.1900400e+002  7.8400000e+002
  6.1977600e+002  7.7200000e+002
  6.2056400e+002  7.8800000e+002
  6.2135600e+002  7.9200000e+002
  6.2216000e+002  8.0400000e+002
  6.2295200e+002  7.9200000e+002
  6.2372800e+002  7.7600000e+002
  6.2452400e+002  7.9600000e+002
  6.2532400e+002  8.0000000e+002
  6.2613200e+002  8.0800000e+002
  6.2693200e+002  8.0000000e+002
  6.2771600e+002  7.8400000e+002
  6.2850800e+002  7.9200000e+002
  6.2931600e+002  8.0800000e+002
  6.3012000e+002  8.0400000e+002
  6.3091200e+002  7.9200000e+002
  6.3169600e+002  7.8400000e+002
  6.3248800e+002  7.9200000e+002
  6.3329200e+002  8.0400000e+002
  6.3408400e+002  7.9200000e+002
  6.3487200e+002  7.8800000e+002
  6.3566400e+002  7.9200000e+002
  6.3646800e+002  8.0400000e+002
  6.3726400e+002  7.9600000e+002
  6.3805600e+002  7.9200000e+002
  6.3882800e+002  7.7200000e+002
  6.3960800e+002  7.8000000e+002
  6.4040000e+002  7.9200000e+002
  6.4118400e+002  7.8400000e+002
  6.4196400e+002  7.8000000e+002
  6.4273200e+002  7.6800000e+002
  6.4351200e+002  7.8000000e+002
  6.4429600e+002  7.8400000e+002
  6.4509200e+002  7.9600000e+002
  6.4587600e+002  7.8400000e+002
  6.4664800e+002  7.7200000e+002
  6.4742400e+002  7.7600000e+002
  6.4820400e+002  7.8000000e+002
  6.4898000e+002  7.7600000e+002
  6.4974800e+002  7.6800000e+002
  6.5052000e+002  7.7200000e+002
  6.5127600e+002  7.5600000e+002
  6.5203600e+002  7.6000000e+002
  6.5279600e+002  7.6000000e+002
  6.5356400e+002  7.6800000e+002
  6.5433200e+002  7.6800000e+002
  6.5508400e+002  7.5200000e+002
  6.5584400e+002  7.6000000e+002
  6.5661600e+002  7.7200000e+002
  6.5738800e+002  7.7200000e+002
  6.5816400e+002  7.7600000e+002
  6.5892400e+002  7.6000000e+002
  6.5968800e+002  7.6400000e+002
  6.6046400e+002  7.7600000e+002
  6.6123600e+002  7.7200000e+002
  6.6201200e+002  7.7600000e+002
  6.6276800e+002  7.5600000e+002
  6.6353200e+002  7.6400000e+002
  6.6430800e+002  7.7600000e+002
  6.6507200e+002  7.6400000e+002
  6.6584400e+002  7.7200000e+002
  6.6659600e+002  7.5200000e+002
  6.6736000e+002  7.6400000e+002
  6.6812400e+002  7.6400000e+002
  6.6890000e+002  7.7600000e+002
  6.6967200e+002  7.7200000e+002
  6.7044000e+002  7.6800000e+002
  6.7120400e+002  7.6400000e+002
  6.7197200e+002  7.6800000e+002
  6.7274800e+002  7.7600000e+002
  6.7351600e+002  7.6800000e+002
  6.7428400e+002  7.6800000e+002
  6.7504400e+002  7.6000000e+002
  6.7581200e+002  7.6800000e+002
  6.7658800e+002  7.7600000e+002
  6.7737200e+002  7.8400000e+002
  6.7815200e+002  7.8000000e+002
  6.7891600e+002  7.6400000e+002
  6.7969200e+002  7.7600000e+002
  6.8046800e+002  7.7600000e+002
  6.8126000e+002  7.9200000e+002
  6.8203600e+002  7.7600000e+002
  6.8281200e+002  7.7600000e+002
  6.8358400e+002  7.7200000e+002
  6.8436400e+002  7.8000000e+002
  6.8515600e+002  7.9200000e+002
  6.8594000e+002  7.8400000e+002
  6.8672400e+002  7.8400000e+002
  6.8749600e+002  7.7200000e+002
  6.8827600e+002  7.8000000e+002
  6.8906800e+002  7.9200000e+002
  6.8985200e+002  7.8400000e+002
  6.9063600e+002  7.8400000e+002
  6.9141200e+002  7.7600000e+002
  6.9220000e+002  7.8800000e+002
  6.9300000e+002  8.0000000e+002
  6.9378800e+002  7.8800000e+002
  6.9457200e+002  7.8400000e+002
  6.9535200e+002  7.8000000e+002
  6.9614000e+002  7.8800000e+002
  6.9694000e+002  8.0000000e+002
  6.9772800e+002  7.8800000e+002
  6.9851600e+002  7.8800000e+002
  6.9930400e+002  7.8800000e+002
  7.0010000e+002  7.9600000e+002
  7.0090800e+002  8.0800000e+002
  7.0170800e+002  8.0000000e+002
  7.0249200e+002  7.8400000e+002
  7.0329200e+002  8.0000000e+002
  7.0409600e+002  8.0400000e+002
  7.0490400e+002  8.0800000e+002
  7.0570800e+002  8.0400000e+002
  7.0649200e+002  7.8400000e+002
  7.0728800e+002  7.9600000e+002
  7.0809200e+002  8.0400000e+002
  7.0890000e+002  8.0800000e+002
  7.0970000e+002  8.0000000e+002
  7.1048800e+002  7.8800000e+002
  7.1128400e+002  7.9600000e+002
  7.1208400e+002  8.0000000e+002
  7.1289600e+002  8.1200000e+002
  7.1369200e+002  7.9600000e+002
  7.1448000e+002  7.8800000e+002
  7.1526400e+002  7.8400000e+002
  7.1605600e+002  7.9200000e+002
  7.1685600e+002  8.0000000e+002
  7.1763600e+002  7.8000000e+002
  7.1840400e+002  7.6800000e+002
  7.1917600e+002  7.7200000e+002
  7.1995600e+002  7.8000000e+002
  7.2073600e+002  7.8000000e+002
  7.2150800e+002  7.7200000e+002
  7.2227600e+002  7.6800000e+002
  7.2303200e+002  7.5600000e+002
  7.2379600e+002  7.6400000e+002
  7.2457200e+002  7.7600000e+002
  7.2533600e+002  7.6400000e+002
  7.2609600e+002  7.6000000e+002
  7.2685200e+002  7.5600000e+002
  7.2761200e+002  7.6000000e+002
  7.2838000e+002  7.6800000e+002
  7.2913200e+002  7.5200000e+002
  7.2988000e+002  7.4800000e+002
  7.3062000e+002  7.4000000e+002
  7.3137200e+002  7.5200000e+002
  7.3213200e+002  7.6000000e+002
  7.3288400e+002  7.5200000e+002
  7.3362800e+002  7.4400000e+002
  7.3437600e+002  7.4800000e+002
  7.3513200e+002  7.5600000e+002
  7.3589600e+002  7.6400000e+002
  7.3666000e+002  7.6400000e+002
  7.3740800e+002  7.4800000e+002
  7.3817200e+002  7.6400000e+002
  7.3892800e+002  7.5600000e+002
  7.3969600e+002  7.6800000e+002
  7.4046400e+002  7.6800000e+002
  7.4122400e+002  7.6000000e+002
  7.4197600e+002  7.5200000e+002
  7.4273600e+002  7.6000000e+002
  7.4350000e+002  7.6400000e+002
  7.4427600e+002  7.7600000e+002
  7.4504400e+002  7.6800000e+002
  7.4581200e+002  7.6800000e+002
  7.4657600e+002  7.6400000e+002
  7.4734800e+002  7.7200000e+002
  7.4814000e+002  7.9200000e+002
  7.4892000e+002  7.8000000e+002
  7.4970400e+002  7.8400000e+002
  7.5046800e+002  7.6400000e+002
  7.5124800e+002  7.8000000e+002
  7.5204400e+002  7.9600000e+002
  7.5282400e+002  7.8000000e+002
  7.5360800e+002  7.8400000e+002
  7.5438400e+002  7.7600000e+002
  7.5517200e+002  7.8800000e+002
  7.5597200e+002  8.0000000e+002
  7.5677200e+002  8.0000000e+002
  7.5756400e+002  7.9200000e+002
  7.5834000e+002  7.7600000e+002
  7.5913200e+002  7.9200000e+002
  7.5992400e+002  7.9200000e+002
  7.6073200e+002  8.0800000e+002
  7.6152000e+002  7.8800000e+002
  7.6230000e+002  7.8000000e+002
  7.6308400e+002  7.8400000e+002
  7.6387600e+002  7.9200000e+002
  7.6468000e+002  8.0400000e+002
  7.6546800e+002  7.8800000e+002
  7.6624800e+002  7.8000000e+002
  7.6703600e+002  7.8800000e+002
  7.6783600e+002  8.0000000e+002
  7.6865600e+002  8.2000000e+002
  7.6945600e+002  8.0000000e+002
  7.7025200e+002  7.9600000e+002
  7.7104400e+002  7.9200000e+002
  7.7184400e+002  8.0000000e+002
  7.7265600e+002  8.1200000e+002
  7.7346400e+002  8.0800000e+002
  7.7426800e+002  8.0400000e+002
  7.7506000e+002  7.9200000e+002
  7.7585600e+002  7.9600000e+002
  7.7666800e+002  8.1200000e+002
  7.7748000e+002  8.1200000e+002
  7.7828400e+002  8.0400000e+002
  7.7907200e+002  7.8800000e+002
  7.7986800e+002  7.9600000e+002
  7.8066400e+002  7.9600000e+002
  7.8146800e+002  8.0400000e+002
  7.8225200e+002  7.8400000e+002
  7.8302800e+002  7.7600000e+002
  7.8380400e+002  7.7600000e+002
  7.8458400e+002  7.8000000e+002
  7.8538000e+002  7.9600000e+002
  7.8615600e+002  7.7600000e+002
  7.8693200e+002  7.7600000e+002
  7.8770800e+002  7.7600000e+002
  7.8848400e+002  7.7600000e+002
  7.8927600e+002  7.9200000e+002
  7.9005200e+002  7.7600000e+002
  7.9083200e+002  7.8000000e+002
  7.9159600e+002  7.6400000e+002
  7.9237600e+002  7.8000000e+002
  7.9316800e+002  7.9200000e+002
  7.9395200e+002  7.8400000e+002
  7.9474000e+002  7.8800000e+002
  7.9551200e+002  7.7200000e+002
  7.9629200e+002  7.8000000e+002
  7.9707600e+002  7.8400000e+002
  7.9788000e+002  8.0400000e+002
  7.9867200e+002  7.9200000e+002
  7.9945600e+002  7.8400000e+002
  8.0023600e+002  7.8000000e+002
  8.0102400e+002  7.8800000e+002
  8.0182000e+002  7.9600000e+002
  8.0260400e+002  7.8400000e+002
  8.0339200e+002  7.8800000e+002
  8.0416400e+002  7.7200000e+002
  8.0494800e+002  7.8400000e+002
  8.0574000e+002  7.9200000e+002
  8.0653200e+002  7.9200000e+002
  8.0732000e+002  7.8800000e+002
  8.0809200e+002  7.7200000e+002
  8.0887600e+002  7.8400000e+002
  8.0967200e+002  7.9600000e+002
  8.1046000e+002  7.8800000e+002
  8.1124800e+002  7.8800000e+002
  8.1202400e+002  7.7600000e+002
  8.1281200e+002  7.8800000e+002
  8.1361600e+002  8.0400000e+002
  8.1440800e+002  7.9200000e+002
  8.1520400e+002  7.9600000e+002
  8.1598400e+002  7.8000000e+002
  8.1677200e+002  7.8800000e+002
  8.1758000e+002  8.0800000e+002
  8.1837200e+002  7.9200000e+002
  8.1916000e+002  7.8800000e+002
  8.1994800e+002  7.8800000e+002
  8.2074800e+002  8.0000000e+002
  8.2156000e+002  8.1200000e+002
  8.2236000e+002  8.0000000e+002
  8.2315200e+002  7.9200000e+002
  8.2394800e+002  7.9600000e+002
  8.2476000e+002  8.1200000e+002
  8.2556000e+002  8.0000000e+002
  8.2636000e+002  8.0000000e+002
  8.2714000e+002  7.8000000e+002
  8.2793200e+002  7.9200000e+002
  8.2873600e+002  8.0400000e+002
  8.2953600e+002  8.0000000e+002
  8.3033600e+002  8.0000000e+002
  8.3111200e+002  7.7600000e+002
  8.3190000e+002  7.8800000e+002
  8.3269600e+002  7.9600000e+002
  8.3348400e+002  7.8800000e+002
  8.3427600e+002  7.9200000e+002
  8.3504400e+002  7.6800000e+002
  8.3583600e+002  7.9200000e+002
  8.3663200e+002  7.9600000e+002
  8.3740800e+002  7.7600000e+002
  8.3818400e+002  7.7600000e+002
  8.3895200e+002  7.6800000e+002
  8.3973200e+002  7.8000000e+002
  8.4052400e+002  7.9200000e+002
  8.4130800e+002  7.8400000e+002
  8.4208800e+002  7.8000000e+002
  8.4286000e+002  7.7200000e+002
  8.4364400e+002  7.8400000e+002
  8.4443600e+002  7.9200000e+002
  8.4522400e+002  7.8800000e+002
  8.4601200e+002  7.8800000e+002
  8.4678800e+002  7.7600000e+002
  8.4756800e+002  7.8000000e+002
  8.4836000e+002  7.9200000e+002
  8.4916000e+002  8.0000000e+002
  8.4996000e+002  8.0000000e+002
  8.5075600e+002  7.9600000e+002
  8.5153600e+002  7.8000000e+002
  8.5232400e+002  7.8800000e+002
  8.5312000e+002  7.9600000e+002
  8.5390400e+002  7.8400000e+002
  8.5468800e+002  7.8400000e+002
  8.5546000e+002  7.7200000e+002
  8.5623600e+002  7.7600000e+002
  8.5702800e+002  7.9200000e+002
  8.5780800e+002  7.8000000e+002
  8.5858000e+002  7.7200000e+002
  8.5934800e+002  7.6800000e+002
  8.6012400e+002  7.7600000e+002
  8.6091200e+002  7.8800000e+002
  8.6168800e+002  7.7600000e+002
  8.6245200e+002  7.6400000e+002
  8.6322400e+002  7.7200000e+002
  8.6400000e+002  7.7600000e+002
  8.6478800e+002  7.8800000e+002
  8.6556800e+002  7.8000000e+002
  8.6633600e+002  7.6800000e+002
  8.6710800e+002  7.7200000e+002
  8.6788800e+002  7.8000000e+002
  8.6867600e+002  7.8800000e+002
  8.6944800e+002  7.7200000e+002
  8.7021600e+002  7.6800000e+002
  8.7098400e+002  7.6800000e+002
  8.7176000e+002  7.7600000e+002
  8.7255200e+002  7.9200000e+002
  8.7333200e+002  7.8000000e+002
  8.7410400e+002  7.7200000e+002
  8.7487600e+002  7.7200000e+002
  8.7566000e+002  7.8400000e+002
  8.7644400e+002  7.8400000e+002
  8.7722800e+002  7.8400000e+002
  8.7800000e+002  7.7200000e+002
  8.7878400e+002  7.8400000e+002
  8.7958000e+002  7.9600000e+002
  8.8036000e+002  7.8000000e+002
  8.8114000e+002  7.8000000e+002
  8.8191600e+002  7.7600000e+002
  8.8270000e+002  7.8400000e+002
  8.8349600e+002  7.9600000e+002
  8.8427600e+002  7.8000000e+002
  8.8505200e+002  7.7600000e+002
  8.8582400e+002  7.7200000e+002
  8.8660800e+002  7.8400000e+002
  8.8740000e+002  7.9200000e+002
  8.8818400e+002  7.8400000e+002
  8.8895200e+002  7.6800000e+002
  8.8973200e+002  7.8000000e+002
  8.9051600e+002  7.8400000e+002
  8.9131200e+002  7.9600000e+002
  8.9209600e+002  7.8400000e+002
  8.9287600e+002  7.8000000e+002
  8.9364800e+002  7.7200000e+002
  8.9443600e+002  7.8800000e+002
  8.9523200e+002  7.9600000e+002
  8.9601600e+002  7.8400000e+002
  8.9679200e+002  7.7600000e+002
  8.9756400e+002  7.7200000e+002
  8.9834800e+002  7.8400000e+002
  8.9914000e+002  7.9200000e+002
  8.9992400e+002  7.8400000e+002
  9.0071200e+002  7.8800000e+002
  9.0148400e+002  7.7200000e+002
  9.0227200e+002  7.8800000e+002
  9.0306800e+002  7.9600000e+002
  9.0385600e+002  7.8800000e+002
  9.0463200e+002  7.7600000e+002
  9.0541600e+002  7.8400000e+002
  9.0620800e+002  7.9200000e+002
  9.0699600e+002  7.8800000e+002
  9.0777600e+002  7.8000000e+002
  9.0854800e+002  7.7200000e+002
  9.0932000e+002  7.7200000e+002
  9.1010800e+002  7.8800000e+002
  9.1088000e+002  7.7200000e+002
  9.1165200e+002  7.7200000e+002
  9.1240800e+002  7.5600000e+002
  9.1317600e+002  7.6800000e+002
  9.1395600e+002  7.8000000e+002
  9.1472800e+002  7.7200000e+002
  9.1550000e+002  7.7200000e+002
  9.1625600e+002  7.5600000e+002
  9.1701600e+002  7.6000000e+002
  9.1780000e+002  7.8400000e+002
  9.1856800e+002  7.6800000e+002
  9.1932800e+002  7.6000000e+002
  9.2008800e+002  7.6000000e+002
  9.2086400e+002  7.7600000e+002
  9.2165200e+002  7.8800000e+002
  9.2243200e+002  7.8000000e+002
  9.2321200e+002  7.8000000e+002
  9.2398400e+002  7.7200000e+002
  9.2476800e+002  7.8400000e+002
  9.2556000e+002  7.9200000e+002
  9.2635200e+002  7.9200000e+002
  9.2714800e+002  7.9600000e+002
  9.2792000e+002  7.7200000e+002
  9.2870800e+002  7.8800000e+002
  9.2950000e+002  7.9200000e+002
  9.3030800e+002  8.0800000e+002
  9.3110000e+002  7.9200000e+002
  9.3188800e+002  7.8800000e+002
  9.3266800e+002  7.8000000e+002
  9.3346000e+002  7.9200000e+002
  9.3426000e+002  8.0000000e+002
  9.3504800e+002  7.8800000e+002
  9.3583600e+002  7.8800000e+002
  9.3661200e+002  7.7600000e+002
  9.3739600e+002  7.8400000e+002
  9.3819200e+002  7.9600000e+002
  9.3898400e+002  7.9200000e+002
  9.3977200e+002  7.8800000e+002
  9.4054000e+002  7.6800000e+002
  9.4132400e+002  7.8400000e+002
  9.4212000e+002  7.9600000e+002
  9.4291600e+002  7.9600000e+002
  9.4370400e+002  7.8800000e+002
  9.4448400e+002  7.8000000e+002
  9.4526400e+002  7.8000000e+002
  9.4606400e+002  8.0000000e+002
  9.4686800e+002  8.0400000e+002
  9.4766400e+002  7.9600000e+002
  9.4844800e+002  7.8400000e+002
  9.4923200e+002  7.8400000e+002
  9.5003200e+002  8.0000000e+002
  9.5083600e+002  8.0400000e+002
  9.5163600e+002  8.0000000e+002
  9.5242400e+002  7.8800000e+002
  9.5322400e+002  8.0000000e+002
  9.5403600e+002  8.1200000e+002
  9.5485600e+002  8.2000000e+002
  9.5566400e+002  8.0800000e+002
  9.5646000e+002  7.9600000e+002
  9.5726000e+002  8.0000000e+002
  9.5806400e+002  8.0400000e+002
  9.5885600e+002  7.9200000e+002
  9.5964000e+002  7.8400000e+002
  9.6041200e+002  7.7200000e+002
  9.6119200e+002  7.8000000e+002
  9.6198000e+002  7.8800000e+002
  9.6276000e+002  7.8000000e+002
  9.6352400e+002  7.6400000e+002
  9.6429600e+002  7.7200000e+002
  9.6507200e+002  7.7600000e+002
  9.6586400e+002  7.9200000e+002
  9.6664000e+002  7.7600000e+002
  9.6740800e+002  7.6800000e+002
  9.6818400e+002  7.7600000e+002
  9.6897200e+002  7.8800000e+002
  9.6974800e+002  7.7600000e+002
  9.7053200e+002  7.8400000e+002
  9.7129600e+002  7.6400000e+002
  9.7206800e+002  7.7200000e+002
  9.7284800e+002  7.8000000e+002
  9.7362800e+002  7.8000000e+002
  9.7440400e+002  7.7600000e+002
  9.7516400e+002  7.6000000e+002
  9.7593600e+002  7.7200000e+002
  9.7671200e+002  7.7600000e+002
  9.7750000e+002  7.8800000e+002
  9.7827600e+002  7.7600000e+002
  9.7904800e+002  7.7200000e+002
  9.7981600e+002  7.6800000e+002
  9.8059200e+002  7.7600000e+002
  9.8138400e+002  7.9200000e+002
  9.8216400e+002  7.8000000e+002
  9.8293600e+002  7.7200000e+002
  9.8370000e+002  7.6400000e+002
  9.8447200e+002  7.7200000e+002
  9.8524400e+002  7.7200000e+002
  9.8603200e+002  7.8800000e+002
  9.8681200e+002  7.8000000e+002
  9.8757200e+002  7.6000000e+002
  9.8834800e+002  7.7600000e+002
  9.8912800e+002  7.8000000e+002
  9.8993200e+002  8.0400000e+002
  9.9072000e+002  7.8800000e+002
  9.9149600e+002  7.7600000e+002
  9.9228000e+002  7.8400000e+002
  9.9306800e+002  7.8800000e+002
  9.9386800e+002  8.0000000e+002
  9.9465600e+002  7.8800000e+002
  9.9542800e+002  7.7200000e+002
  9.9620400e+002  7.7600000e+002
  9.9698400e+002  7.8000000e+002
  9.9778000e+002  7.9600000e+002
  9.9856400e+002  7.8400000e+002
  9.9932800e+002  7.6400000e+002
  1.0000960e+003  7.6800000e+002
  1.0008760e+003  7.8000000e+002
  1.0016680e+003  7.9200000e+002
  1.0024520e+003  7.8400000e+002
  1.0032360e+003  7.8400000e+002
  1.0040080e+003  7.7200000e+002
  1.0047880e+003  7.8000000e+002
  1.0055880e+003  8.0000000e+002
  1.0063720e+003  7.8400000e+002
  1.0071520e+003  7.8000000e+002
  1.0079280e+003  7.7600000e+002
  1.0087160e+003  7.8800000e+002
  1.0095160e+003  8.0000000e+002
  1.0103080e+003  7.9200000e+002
  1.0110840e+003  7.7600000e+002
  1.0118720e+003  7.8800000e+002
  1.0126720e+003  8.0000000e+002
  1.0134640e+003  7.9200000e+002
  1.0142600e+003  7.9600000e+002
  1.0150400e+003  7.8000000e+002
  1.0158280e+003  7.8800000e+002
  1.0166320e+003  8.0400000e+002
  1.0174240e+003  7.9200000e+002
  1.0182160e+003  7.9200000e+002
  1.0189960e+003  7.8000000e+002
  1.0197920e+003  7.9600000e+002
  1.0206040e+003  8.1200000e+002
  1.0214040e+003  8.0000000e+002
  1.0222000e+003  7.9600000e+002
  1.0229880e+003  7.8800000e+002
  1.0237880e+003  8.0000000e+002
  1.0246040e+003  8.1600000e+002
  1.0254000e+003  7.9600000e+002
  1.0261840e+003  7.8400000e+002
  1.0269720e+003  7.8800000e+002
  1.0277720e+003  8.0000000e+002
  1.0285760e+003  8.0400000e+002
  1.0293680e+003  7.9200000e+002
  1.0301480e+003  7.8000000e+002
  1.0309360e+003  7.8800000e+002
  1.0317280e+003  7.9200000e+002
  1.0325320e+003  8.0400000e+002
  1.0333200e+003  7.8800000e+002
  1.0341040e+003  7.8400000e+002
  1.0348760e+003  7.7200000e+002
  1.0356600e+003  7.8400000e+002
  1.0364560e+003  7.9600000e+002
  1.0372400e+003  7.8400000e+002
  1.0380280e+003  7.8800000e+002
  1.0388000e+003  7.7200000e+002
  1.0395800e+003  7.8000000e+002
  1.0403760e+003  7.9600000e+002
  1.0411640e+003  7.8800000e+002
  1.0419520e+003  7.8800000e+002
  1.0427240e+003  7.7200000e+002
  1.0435080e+003  7.8400000e+002
  1.0443000e+003  7.9200000e+002
  1.0450840e+003  7.8400000e+002
  1.0458640e+003  7.8000000e+002
  1.0466280e+003  7.6400000e+002
  1.0474040e+003  7.7600000e+002
  1.0482000e+003  7.9600000e+002
  1.0489800e+003  7.8000000e+002
  1.0497600e+003  7.8000000e+002
  1.0505320e+003  7.7200000e+002
  1.0513160e+003  7.8400000e+002
  1.0521120e+003  7.9600000e+002
  1.0528920e+003  7.8000000e+002
  1.0536720e+003  7.8000000e+002
  1.0544480e+003  7.7600000e+002
  1.0552320e+003  7.8400000e+002
  1.0560280e+003  7.9600000e+002
  1.0568160e+003  7.8800000e+002
  1.0576040e+003  7.8800000e+002
  1.0583760e+003  7.7200000e+002
  1.0591680e+003  7.9200000e+002
  1.0599560e+003  7.8800000e+002
  1.0607720e+003  8.1600000e+002
  1.0615680e+003  7.9600000e+002
  1.0623560e+003  7.8800000e+002
  1.0631400e+003  7.8400000e+002
  1.0639320e+003  7.9200000e+002
  1.0647400e+003  8.0800000e+002
  1.0655280e+003  7.8800000e+002
  1.0663120e+003  7.8400000e+002
  1.0670960e+003  7.8400000e+002
  1.0678880e+003  7.9200000e+002
  1.0686840e+003  7.9600000e+002
  1.0694840e+003  8.0000000e+002
  1.0702720e+003  7.8800000e+002
  1.0710480e+003  7.7600000e+002
  1.0718320e+003  7.8400000e+002
  1.0726320e+003  8.0000000e+002
  1.0734160e+003  7.8400000e+002
  1.0742000e+003  7.8400000e+002
  1.0749720e+003  7.7200000e+002
  1.0757520e+003  7.8000000e+002
  1.0765480e+003  7.9600000e+002
  1.0773280e+003  7.8000000e+002
  1.0781000e+003  7.7200000e+002
  1.0788720e+003  7.7200000e+002
  1.0796520e+003  7.8000000e+002
  1.0804520e+003  8.0000000e+002
  1.0812360e+003  7.8400000e+002
  1.0820080e+003  7.7200000e+002
  1.0827880e+003  7.8000000e+002
  1.0835800e+003  7.9200000e+002
  1.0843640e+003  7.8400000e+002
  1.0851480e+003  7.8400000e+002
  1.0859160e+003  7.6800000e+002
  1.0866920e+003  7.7600000e+002
  1.0874880e+003  7.9600000e+002
  1.0882640e+003  7.7600000e+002
  1.0890400e+003  7.7600000e+002
  1.0898000e+003  7.6000000e+002
  1.0905720e+003  7.7200000e+002
  1.0913560e+003  7.8400000e+002
  1.0921280e+003  7.7200000e+002
  1.0929000e+003  7.7200000e+002
  1.0936560e+003  7.5600000e+002
  1.0944280e+003  7.7200000e+002
  1.0952160e+003  7.8800000e+002
  1.0959960e+003  7.8000000e+002
  1.0967720e+003  7.7600000e+002
  1.0975400e+003  7.6800000e+002
  1.0983160e+003  7.7600000e+002
  1.0991040e+003  7.8800000e+002
  1.0998800e+003  7.7600000e+002
  1.1006440e+003  7.6400000e+002
  1.1014120e+003  7.6800000e+002
  1.1021880e+003  7.7600000e+002
  1.1029800e+003  7.9200000e+002
  1.1037600e+003  7.8000000e+002
  1.1045400e+003  7.8000000e+002
  1.1053080e+003  7.6800000e+002
  1.1060920e+003  7.8400000e+002
  1.1068880e+003  7.9600000e+002
  1.1076800e+003  7.9200000e+002
  1.1084680e+003  7.8800000e+002
  1.1092360e+003  7.6800000e+002
  1.1100160e+003  7.8000000e+002
  1.1108040e+003  7.8800000e+002
  1.1116000e+003  7.9600000e+002
  1.1123880e+003  7.8800000e+002
  1.1131760e+003  7.8800000e+002
  1.1139520e+003  7.7600000e+002
  1.1147400e+003  7.8800000e+002
  1.1155320e+003  7.9200000e+002
  1.1163240e+003  7.9200000e+002
  1.1171040e+003  7.8000000e+002
  1.1178720e+003  7.6800000e+002
  1.1186440e+003  7.7200000e+002
  1.1194400e+003  7.9600000e+002
  1.1202240e+003  7.8400000e+002
  1.1210160e+003  7.9200000e+002
  1.1217960e+003  7.8000000e+002
  1.1225920e+003  7.9600000e+002
  1.1234000e+003  8.0800000e+002
  1.1241920e+003  7.9200000e+002
  1.1249840e+003  7.9200000e+002
  1.1257680e+003  7.8400000e+002
  1.1265600e+003  7.9200000e+002
  1.1273600e+003  8.0000000e+002
  1.1281520e+003  7.9200000e+002
  1.1289400e+003  7.8800000e+002
  1.1297160e+003  7.7600000e+002
  1.1305120e+003  7.9600000e+002
  1.1313160e+003  8.0400000e+002
  1.1321080e+003  7.9200000e+002
  1.1328880e+003  7.8000000e+002
  1.1336720e+003  7.8400000e+002
  1.1344720e+003  8.0000000e+002
  1.1352600e+003  7.8800000e+002
  1.1360440e+003  7.8400000e+002
  1.1368200e+003  7.7600000e+002
  1.1376080e+003  7.8800000e+002
  1.1384080e+003  8.0000000e+002
  1.1392000e+003  7.9200000e+002
  1.1399880e+003  7.8800000e+002
  1.1407640e+003  7.7600000e+002
  1.1415480e+003  7.8400000e+002
  1.1423440e+003  7.9600000e+002
  1.1431320e+003  7.8800000e+002
  1.1439040e+003  7.7200000e+002
  1.1446880e+003  7.8400000e+002
  1.1454800e+003  7.9200000e+002
  1.1462640e+003  7.8400000e+002
  1.1470360e+003  7.7200000e+002
  1.1478160e+003  7.8000000e+002
  1.1486040e+003  7.8800000e+002
  1.1493800e+003  7.7600000e+002
  1.1501560e+003  7.7600000e+002
  1.1509240e+003  7.6800000e+002
  1.1517040e+003  7.8000000e+002
  1.1524960e+003  7.9200000e+002
  1.1532800e+003  7.8400000e+002
  1.1540600e+003  7.8000000e+002
  1.1548320e+003  7.7200000e+002
  1.1556200e+003  7.8800000e+002
  1.1564080e+003  7.8800000e+002
  1.1572040e+003  7.9600000e+002
  1.1579960e+003  7.9200000e+002
  1.1587800e+003  7.8400000e+002
  1.1595520e+003  7.7200000e+002
  1.1603320e+003  7.8000000e+002
  1.1611240e+003  7.9200000e+002
  1.1619080e+003  7.8400000e+002
  1.1626840e+003  7.7600000e+002
  1.1634520e+003  7.6800000e+002
  1.1642360e+003  7.8400000e+002
  1.1650160e+003  7.8000000e+002
  1.1657960e+003  7.8000000e+002
  1.1665560e+003  7.6000000e+002
  1.1673360e+003  7.8000000e+002
  1.1681200e+003  7.8400000e+002
  1.1689120e+003  7.9200000e+002
  1.1696960e+003  7.8400000e+002
  1.1704680e+003  7.7200000e+002
  1.1712360e+003  7.6800000e+002
  1.1720120e+003  7.7600000e+002
  1.1728000e+003  7.8800000e+002
  1.1735720e+003  7.7200000e+002
  1.1743400e+003  7.6800000e+002
  1.1751080e+003  7.6800000e+002
  1.1758800e+003  7.7200000e+002
  1.1766680e+003  7.8800000e+002
  1.1774480e+003  7.8000000e+002
  1.1782240e+003  7.7600000e+002
  1.1789840e+003  7.6000000e+002
  1.1797520e+003  7.6800000e+002
  1.1805280e+003  7.7600000e+002
  1.1813080e+003  7.8000000e+002
  1.1820880e+003  7.8000000e+002
  1.1828440e+003  7.5600000e+002
  1.1836160e+003  7.7200000e+002
  1.1843960e+003  7.8000000e+002
  1.1851720e+003  7.7600000e+002
  1.1859440e+003  7.7200000e+002
  1.1866960e+003  7.5200000e+002
  1.1874680e+003  7.7200000e+002
  1.1882480e+003  7.8000000e+002
  1.1890200e+003  7.7200000e+002
  1.1898000e+003  7.8000000e+002
  1.1905560e+003  7.5600000e+002
  1.1913280e+003  7.7200000e+002
  1.1921040e+003  7.7600000e+002
  1.1928880e+003  7.8400000e+002
  1.1936640e+003  7.7600000e+002
  1.1944280e+003  7.6400000e+002
  1.1952000e+003  7.7200000e+002
  1.1959880e+003  7.8800000e+002
  1.1967680e+003  7.8000000e+002
  1.1975440e+003  7.7600000e+002
  1.1983160e+003  7.7200000e+002
  1.1990920e+003  7.7600000e+002
  1.1998880e+003  7.9600000e+002
  1.2006760e+003  7.8800000e+002
  1.2014640e+003  7.8800000e+002
  1.2022400e+003  7.7600000e+002
  1.2030200e+003  7.8000000e+002
  1.2038200e+003  8.0000000e+002
  1.2046040e+003  7.8400000e+002
  1.2053920e+003  7.8800000e+002
  1.2061680e+003  7.7600000e+002
  1.2069520e+003  7.8400000e+002
  1.2077520e+003  8.0000000e+002
  1.2085400e+003  7.8800000e+002
  1.2093200e+003  7.8000000e+002
  1.2100960e+003  7.7600000e+002
  1.2108760e+003  7.8000000e+002
  1.2116640e+003  7.8800000e+002
  1.2124400e+003  7.7600000e+002
  1.2132120e+003  7.7200000e+002
  1.2139800e+003  7.6800000e+002
  1.2147560e+003  7.7600000e+002
  1.2155480e+003  7.9200000e+002
  1.2163360e+003  7.8800000e+002
  1.2171200e+003  7.8400000e+002
  1.2178880e+003  7.6800000e+002
  1.2186680e+003  7.8000000e+002
  1.2194640e+003  7.9600000e+002
  1.2202680e+003  8.0400000e+002
  1.2210600e+003  7.9200000e+002
  1.2218360e+003  7.7600000e+002
  1.2226280e+003  7.9200000e+002
  1.2234240e+003  7.9600000e+002
  1.2242320e+003  8.0800000e+002
  1.2250280e+003  7.9600000e+002
  1.2258040e+003  7.7600000e+002
  1.2265880e+003  7.8400000e+002
  1.2273760e+003  7.8800000e+002
  1.2281800e+003  8.0400000e+002
  1.2289680e+003  7.8800000e+002
  1.2297400e+003  7.7200000e+002
  1.2305200e+003  7.8000000e+002
  1.2313200e+003  8.0000000e+002
  1.2321160e+003  7.9600000e+002
  1.2329080e+003  7.9200000e+002
  1.2336840e+003  7.7600000e+002
  1.2344720e+003  7.8800000e+002
  1.2352720e+003  8.0000000e+002
  1.2360720e+003  8.0000000e+002
  1.2368680e+003  7.9600000e+002
  1.2376520e+003  7.8400000e+002
  1.2384440e+003  7.9200000e+002
  1.2392520e+003  8.0800000e+002
  1.2400640e+003  8.1200000e+002
  1.2408640e+003  8.0000000e+002
  1.2416520e+003  7.8800000e+002
  1.2424400e+003  7.8800000e+002
  1.2432400e+003  8.0000000e+002
  1.2440480e+003  8.0800000e+002
  1.2448440e+003  7.9600000e+002
  1.2456280e+003  7.8400000e+002
  1.2464120e+003  7.8400000e+002
  1.2472080e+003  7.9600000e+002
  1.2480160e+003  8.0800000e+002
  1.2488120e+003  7.9600000e+002
  1.2496040e+003  7.9200000e+002
  1.2503760e+003  7.7200000e+002
  1.2511560e+003  7.8000000e+002
  1.2519480e+003  7.9200000e+002
  1.2527440e+003  7.9600000e+002
  1.2535320e+003  7.8800000e+002
  1.2543000e+003  7.6800000e+002
  1.2550880e+003  7.8800000e+002
  1.2558920e+003  8.0400000e+002
  1.2567040e+003  8.1200000e+002
  1.2575080e+003  8.0400000e+002
  1.2583000e+003  7.9200000e+002
  1.2591000e+003  8.0000000e+002
  1.2599040e+003  8.0400000e+002
  1.2607240e+003  8.2000000e+002
  1.2615360e+003  8.1200000e+002
  1.2623400e+003  8.0400000e+002
  1.2631320e+003  7.9200000e+002
  1.2639360e+003  8.0400000e+002
  1.2647520e+003  8.1600000e+002
  1.2655720e+003  8.2000000e+002
  1.2663760e+003  8.0400000e+002
  1.2671680e+003  7.9200000e+002
  1.2679640e+003  7.9600000e+002
  1.2687640e+003  8.0000000e+002
  1.2695720e+003  8.0800000e+002
  1.2703600e+003  7.8800000e+002
  1.2711320e+003  7.7200000e+002
  1.2719120e+003  7.8000000e+002
  1.2726960e+003  7.8400000e+002
  1.2734920e+003  7.9600000e+002
  1.2742760e+003  7.8400000e+002
  1.2750520e+003  7.7600000e+002
  1.2758200e+003  7.6800000e+002
  1.2766000e+003  7.8000000e+002
  1.2773920e+003  7.9200000e+002
  1.2781760e+003  7.8400000e+002
  1.2789600e+003  7.8400000e+002
  1.2797280e+003  7.6800000e+002
  1.2805000e+003  7.7200000e+002
  1.2812840e+003  7.8400000e+002
  1.2820720e+003  7.8800000e+002
  1.2828520e+003  7.8000000e+002
  1.2836200e+003  7.6800000e+002
  1.2843920e+003  7.7200000e+002
  1.2851720e+003  7.8000000e+002
  1.2859560e+003  7.8400000e+002
  1.2867320e+003  7.7600000e+002
  1.2875000e+003  7.6800000e+002
  1.2882600e+003  7.6000000e+002
  1.2890360e+003  7.7600000e+002
  1.2898080e+003  7.7200000e+002
  1.2905880e+003  7.8000000e+002
  1.2913560e+003  7.6800000e+002
  1.2921280e+003  7.7200000e+002
  1.2929080e+003  7.8000000e+002
  1.2936920e+003  7.8400000e+002
  1.2944720e+003  7.8000000e+002
  1.2952360e+003  7.6400000e+002
  1.2960040e+003  7.6800000e+002
  1.2967840e+003  7.8000000e+002
  1.2975720e+003  7.8800000e+002
  1.2983520e+003  7.8000000e+002
  1.2991200e+003  7.6800000e+002
  1.2998960e+003  7.7600000e+002
  1.3006840e+003  7.8800000e+002
  1.3014640e+003  7.8000000e+002
  1.3022440e+003  7.8000000e+002
  1.3030120e+003  7.6800000e+002
  1.3037920e+003  7.8000000e+002
  1.3045800e+003  7.8800000e+002
  1.3053720e+003  7.9200000e+002
  1.3061600e+003  7.8800000e+002
  1.3069360e+003  7.7600000e+002
  1.3077160e+003  7.8000000e+002
  1.3085080e+003  7.9200000e+002
  1.3093040e+003  7.9600000e+002
  1.3100960e+003  7.9200000e+002
  1.3108760e+003  7.8000000e+002
  1.3116560e+003  7.8000000e+002
  1.3124360e+003  7.8000000e+002
  1.3132320e+003  7.9600000e+002
  1.3140160e+003  7.8400000e+002
  1.3147880e+003  7.7200000e+002
  1.3155640e+003  7.7600000e+002
  1.3163440e+003  7.8000000e+002
  1.3171080e+003  7.6400000e+002
  1.3178560e+003  7.4800000e+002
  1.3186240e+003  7.6800000e+002
  1.3193760e+003  7.5200000e+002
  1.3201200e+003  7.4400000e+002
  1.3208760e+003  7.5600000e+002
  1.3216480e+003  7.7200000e+002
  1.3224120e+003  7.6400000e+002
  1.3231840e+003  7.7200000e+002
  1.3239440e+003  7.6000000e+002
  1.3247160e+003  7.7200000e+002
  1.3254960e+003  7.8000000e+002
  1.3262720e+003  7.7600000e+002
  1.3270440e+003  7.7200000e+002
  1.3278080e+003  7.6400000e+002
  1.3285800e+003  7.7200000e+002
  1.3293640e+003  7.8400000e+002
  1.3301400e+003  7.7600000e+002
  1.3309160e+003  7.7600000e+002
  1.3316800e+003  7.6400000e+002
  1.3324560e+003  7.7600000e+002
  1.3332440e+003  7.8800000e+002
  1.3340240e+003  7.8000000e+002
  1.3348080e+003  7.8400000e+002
  1.3355800e+003  7.7200000e+002
  1.3363680e+003  7.8800000e+002
  1.3371640e+003  7.9600000e+002
  1.3379520e+003  7.8800000e+002
  1.3387280e+003  7.7600000e+002
  1.3395120e+003  7.8400000e+002
  1.3403040e+003  7.9200000e+002
  1.3411040e+003  8.0000000e+002
  1.3418960e+003  7.9200000e+002
  1.3426880e+003  7.9200000e+002
  1.3434640e+003  7.7600000e+002
  1.3442560e+003  7.9200000e+002
  1.3450520e+003  7.9600000e+002
  1.3458360e+003  7.8400000e+002
  1.3466160e+003  7.8000000e+002
  1.3473880e+003  7.7200000e+002
  1.3481680e+003  7.8000000e+002
  1.3489600e+003  7.9200000e+002
  1.3497440e+003  7.8400000e+002
  1.3505280e+003  7.8400000e+002
  1.3512960e+003  7.6800000e+002
  1.3520800e+003  7.8400000e+002
  1.3528760e+003  7.9600000e+002
  1.3536600e+003  7.8400000e+002
  1.3544520e+003  7.9200000e+002
  1.3552280e+003  7.7600000e+002
  1.3560200e+003  7.9200000e+002
  1.3568160e+003  7.9600000e+002
  1.3576120e+003  7.9600000e+002
  1.3584000e+003  7.8800000e+002
  1.3591760e+003  7.7600000e+002
  1.3599680e+003  7.9200000e+002
  1.3607640e+003  7.9600000e+002
  1.3615480e+003  7.8400000e+002
  1.3623360e+003  7.8800000e+002
  1.3631120e+003  7.7600000e+002
  1.3638960e+003  7.8400000e+002
  1.3646920e+003  7.9600000e+002
  1.3654800e+003  7.8800000e+002
  1.3662640e+003  7.8400000e+002
  1.3670360e+003  7.7200000e+002
  1.3678240e+003  7.8800000e+002
  1.3686200e+003  7.9600000e+002
  1.3694000e+003  7.8000000e+002
  1.3701840e+003  7.8400000e+002
  1.3709600e+003  7.7600000e+002
  1.3717400e+003  7.8000000e+002
  1.3725360e+003  7.9600000e+002
  1.3733200e+003  7.8400000e+002
  1.3740960e+003  7.7600000e+002
  1.3748600e+003  7.6400000e+002
  1.3756560e+003  7.9600000e+002
  1.3764440e+003  7.8800000e+002
  1.3772320e+003  7.8800000e+002
  1.3780040e+003  7.7200000e+002
  1.3787880e+003  7.8400000e+002
  1.3795800e+003  7.9200000e+002
  1.3803640e+003  7.8400000e+002
  1.3811480e+003  7.8400000e+002
  1.3819280e+003  7.8000000e+002
  1.3827160e+003  7.8800000e+002
  1.3835080e+003  7.9200000e+002
  1.3842960e+003  7.8800000e+002
  1.3850640e+003  7.6800000e+002
  1.3858440e+003  7.8000000e+002
  1.3866360e+003  7.9200000e+002
  1.3874160e+003  7.8000000e+002
  1.3881920e+003  7.7600000e+002
  1.3889600e+003  7.6800000e+002
  1.3897360e+003  7.7600000e+002
  1.3905320e+003  7.9600000e+002
  1.3913120e+003  7.8000000e+002
  1.3920960e+003  7.8400000e+002
  1.3928640e+003  7.6800000e+002
  1.3936440e+003  7.8000000e+002
  1.3944400e+003  7.9600000e+002
  1.3952240e+003  7.8400000e+002
  1.3960080e+003  7.8400000e+002
  1.3967800e+003  7.7200000e+002
  1.3975640e+003  7.8400000e+002
  1.3983640e+003  8.0000000e+002
  1.3991560e+003  7.9200000e+002
  1.3999480e+003  7.9200000e+002
  1.4007280e+003  7.8000000e+002
  1.4015160e+003  7.8800000e+002
  1.4023160e+003  8.0000000e+002
  1.4031000e+003  7.8400000e+002
  1.4038800e+003  7.8000000e+002
  1.4046600e+003  7.8000000e+002
  1.4054440e+003  7.8400000e+002
  1.4062440e+003  8.0000000e+002
  1.4070320e+003  7.8800000e+002
  1.4078160e+003  7.8400000e+002
  1.4085920e+003  7.7600000e+002
  1.4093800e+003  7.8800000e+002
  1.4101840e+003  8.0400000e+002
  1.4109760e+003  7.9200000e+002
  1.4117680e+003  7.9200000e+002
  1.4125480e+003  7.8000000e+002
  1.4133400e+003  7.9200000e+002
  1.4141400e+003  8.0000000e+002
  1.4149440e+003  8.0400000e+002
  1.4157360e+003  7.9200000e+002
  1.4165160e+003  7.8000000e+002
  1.4173080e+003  7.9200000e+002
  1.4181080e+003  8.0000000e+002
  1.4189200e+003  8.1200000e+002
  1.4197160e+003  7.9600000e+002
  1.4205040e+003  7.8800000e+002
  1.4212920e+003  7.8800000e+002
  1.4220920e+003  8.0000000e+002
  1.4229040e+003  8.1200000e+002
  1.4237080e+003  8.0400000e+002
  1.4245040e+003  7.9600000e+002
  1.4253000e+003  7.9600000e+002
  1.4261000e+003  8.0000000e+002
  1.4269040e+003  8.0400000e+002
  1.4277000e+003  7.9600000e+002
  1.4284920e+003  7.9200000e+002
  1.4292840e+003  7.9200000e+002
  1.4300840e+003  8.0000000e+002
  1.4308920e+003  8.0800000e+002
  1.4316880e+003  7.9600000e+002
  1.4324760e+003  7.8800000e+002
  1.4332560e+003  7.8000000e+002
  1.4340480e+003  7.9200000e+002
  1.4348560e+003  8.0800000e+002
  1.4356520e+003  7.9600000e+002
  1.4364400e+003  7.8800000e+002
  1.4372280e+003  7.8800000e+002
  1.4380280e+003  8.0000000e+002
  1.4388360e+003  8.0800000e+002
  1.4396240e+003  7.8800000e+002
  1.4404040e+003  7.8000000e+002
  1.4411880e+003  7.8400000e+002
  1.4419800e+003  7.9200000e+002
  1.4427760e+003  7.9600000e+002
  1.4435600e+003  7.8400000e+002
  1.4443320e+003  7.7200000e+002
  1.4451160e+003  7.8400000e+002
  1.4459160e+003  8.0000000e+002
  1.4467040e+003  7.8800000e+002
  1.4474840e+003  7.8000000e+002
  1.4482640e+003  7.8000000e+002
  1.4490520e+003  7.8800000e+002
  1.4498440e+003  7.9200000e+002
  1.4506280e+003  7.8400000e+002
  1.4514040e+003  7.7600000e+002
  1.4521880e+003  7.8400000e+002
  1.4529800e+003  7.9200000e+002
  1.4537680e+003  7.8800000e+002
  1.4545520e+003  7.8400000e+002
  1.4553240e+003  7.7200000e+002
  1.4561040e+003  7.8000000e+002
  1.4568920e+003  7.8800000e+002
  1.4576720e+003  7.8000000e+002
  1.4584440e+003  7.7200000e+002
  1.4592120e+003  7.6800000e+002
  1.4599920e+003  7.8000000e+002
  1.4607880e+003  7.9600000e+002
  1.4615720e+003  7.8400000e+002
  1.4623480e+003  7.7600000e+002
  1.4631200e+003  7.7200000e+002
  1.4639000e+003  7.8000000e+002
  1.4646960e+003  7.9600000e+002
  1.4654760e+003  7.8000000e+002
  1.4662480e+003  7.7200000e+002
  1.4670280e+003  7.8000000e+002
  1.4678120e+003  7.8400000e+002
  1.4686080e+003  7.9600000e+002
  1.4693880e+003  7.8000000e+002
  1.4701600e+003  7.7200000e+002
  1.4709320e+003  7.7200000e+002
  1.4717120e+003  7.8000000e+002
  1.4725000e+003  7.8800000e+002
  1.4732800e+003  7.8000000e+002
  1.4740480e+003  7.6800000e+002
  1.4748280e+003  7.8000000e+002
  1.4756120e+003  7.8400000e+002
  1.4764120e+003  8.0000000e+002
  1.4772000e+003  7.8800000e+002
  1.4779840e+003  7.8400000e+002
  1.4787720e+003  7.8800000e+002
  1.4795640e+003  7.9200000e+002
  1.4803680e+003  8.0400000e+002
  1.4811680e+003  8.0000000e+002
  1.4819560e+003  7.8800000e+002
  1.4827360e+003  7.8000000e+002
  1.4835320e+003  7.9600000e+002
  1.4843240e+003  7.9200000e+002
  1.4851360e+003  8.1200000e+002
  1.4859280e+003  7.9200000e+002
  1.4867160e+003  7.8800000e+002
  1.4875000e+003  7.8400000e+002
  1.4883000e+003  8.0000000e+002
  1.4891120e+003  8.1200000e+002
  1.4899080e+003  7.9600000e+002
  1.4907000e+003  7.9200000e+002
  1.4914880e+003  7.8800000e+002
  1.4922800e+003  7.9200000e+002
  1.4930880e+003  8.0800000e+002
  1.4938800e+003  7.9200000e+002
  1.4946640e+003  7.8400000e+002
  1.4954360e+003  7.7200000e+002
  1.4962200e+003  7.8400000e+002
  1.4970040e+003  7.8400000e+002
  1.4978040e+003  8.0000000e+002
  1.4985840e+003  7.8000000e+002
  1.4993560e+003  7.7200000e+002
  1.5001240e+003  7.6800000e+002
  1.5009000e+003  7.7600000e+002
  1.5016840e+003  7.8400000e+002
  1.5024600e+003  7.7600000e+002
  1.5032280e+003  7.6800000e+002
  1.5040000e+003  7.7200000e+002
  1.5047760e+003  7.7600000e+002
  1.5055680e+003  7.9200000e+002
  1.5063440e+003  7.7600000e+002
  1.5071080e+003  7.6400000e+002
  1.5078800e+003  7.7200000e+002
  1.5086720e+003  7.9200000e+002
  1.5094560e+003  7.8400000e+002
  1.5102400e+003  7.8400000e+002
  1.5110080e+003  7.6800000e+002
  1.5117840e+003  7.7600000e+002
  1.5125640e+003  7.8000000e+002
  1.5133440e+003  7.8000000e+002
  1.5141240e+003  7.8000000e+002
  1.5148840e+003  7.6000000e+002
  1.5156520e+003  7.6800000e+002
  1.5164320e+003  7.8000000e+002
  1.5172120e+003  7.8000000e+002
  1.5179880e+003  7.7600000e+002
  1.5187480e+003  7.6000000e+002
  1.5195160e+003  7.6800000e+002
  1.5202840e+003  7.6800000e+002
  1.5210680e+003  7.8400000e+002
  1.5218480e+003  7.8000000e+002
  1.5226080e+003  7.6000000e+002
  1.5233720e+003  7.6400000e+002
  1.5241440e+003  7.7200000e+002
  1.5249280e+003  7.8400000e+002
  1.5257000e+003  7.7200000e+002
  1.5264680e+003  7.6800000e+002
  1.5272240e+003  7.5600000e+002
  1.5279920e+003  7.6800000e+002
  1.5287680e+003  7.7600000e+002
  1.5295440e+003  7.7600000e+002
  1.5303200e+003  7.7600000e+002
  1.5310800e+003  7.6000000e+002
  1.5318560e+003  7.7600000e+002
  1.5326240e+003  7.6800000e+002
  1.5334080e+003  7.8400000e+002
  1.5341800e+003  7.7200000e+002
  1.5349480e+003  7.6800000e+002
  1.5357080e+003  7.6000000e+002
  1.5364840e+003  7.7600000e+002
  1.5372680e+003  7.8400000e+002
  1.5380440e+003  7.7600000e+002
  1.5388200e+003  7.7600000e+002
  1.5395840e+003  7.6400000e+002
  1.5403600e+003  7.7600000e+002
  1.5411440e+003  7.8400000e+002
  1.5419280e+003  7.8400000e+002
  1.5427120e+003  7.8400000e+002
  1.5434760e+003  7.6400000e+002
  1.5442560e+003  7.8000000e+002
  1.5450440e+003  7.8800000e+002
  1.5458320e+003  7.8800000e+002
  1.5466160e+003  7.8400000e+002
  1.5473880e+003  7.7200000e+002
  1.5481600e+003  7.7200000e+002
  1.5489440e+003  7.8400000e+002
  1.5497360e+003  7.9200000e+002
  1.5505160e+003  7.8000000e+002
  1.5512920e+003  7.7600000e+002
  1.5520640e+003  7.7200000e+002
  1.5528440e+003  7.8000000e+002
  1.5536360e+003  7.9200000e+002
  1.5544240e+003  7.8800000e+002
  1.5552080e+003  7.8400000e+002
  1.5559800e+003  7.7200000e+002
  1.5567600e+003  7.8000000e+002
  1.5575520e+003  7.9200000e+002
  1.5583520e+003  8.0000000e+002
  1.5591400e+003  7.8800000e+002
  1.5599200e+003  7.8000000e+002
  1.5606960e+003  7.7600000e+002
  1.5614760e+003  7.8000000e+002
  1.5622760e+003  8.0000000e+002
  1.5630640e+003  7.8800000e+002
  1.5638480e+003  7.8400000e+002
  1.5646200e+003  7.7200000e+002
  1.5653960e+003  7.7600000e+002
  1.5661800e+003  7.8400000e+002
  1.5669600e+003  7.8000000e+002
  1.5677400e+003  7.8000000e+002
  1.5684960e+003  7.5600000e+002
  1.5692640e+003  7.6800000e+002
  1.5700440e+003  7.8000000e+002
  1.5708280e+003  7.8400000e+002
  1.5716040e+003  7.7600000e+002
  1.5723720e+003  7.6800000e+002
  1.5731480e+003  7.7600000e+002
  1.5739360e+003  7.8800000e+002
  1.5747280e+003  7.9200000e+002
  1.5755160e+003  7.8800000e+002
  1.5762960e+003  7.8000000e+002
  1.5770880e+003  7.9200000e+002
  1.5778960e+003  8.0800000e+002
  1.5787000e+003  8.0400000e+002
  1.5794960e+003  7.9600000e+002
  1.5802840e+003  7.8800000e+002
  1.5810800e+003  7.9600000e+002
  1.5818920e+003  8.1200000e+002
  1.5826920e+003  8.0000000e+002
  1.5834920e+003  8.0000000e+002
  1.5842760e+003  7.8400000e+002
  1.5850680e+003  7.9200000e+002
  1.5858680e+003  8.0000000e+002
  1.5866680e+003  8.0000000e+002
  1.5874600e+003  7.9200000e+002
  1.5882440e+003  7.8400000e+002
  1.5890400e+003  7.9600000e+002
  1.5898440e+003  8.0400000e+002
  1.5906440e+003  8.0000000e+002
  1.5914360e+003  7.9200000e+002
  1.5922240e+003  7.8800000e+002
  1.5930200e+003  7.9600000e+002
  1.5938280e+003  8.0800000e+002
  1.5946240e+003  7.9600000e+002
  1.5954120e+003  7.8800000e+002
  1.5962080e+003  7.9600000e+002
  1.5970120e+003  8.0400000e+002
  1.5978320e+003  8.2000000e+002
  1.5986280e+003  7.9600000e+002
  1.5994200e+003  7.9200000e+002
  1.6002080e+003  7.8800000e+002
  1.6010080e+003  8.0000000e+002
  1.6018160e+003  8.0800000e+002
  1.6026120e+003  7.9600000e+002
  1.6034000e+003  7.8800000e+002
  1.6041840e+003  7.8400000e+002
  1.6049720e+003  7.8800000e+002
  1.6057680e+003  7.9600000e+002
  1.6065520e+003  7.8400000e+002
  1.6073400e+003  7.8800000e+002
  1.6081120e+003  7.7200000e+002
  1.6088960e+003  7.8400000e+002
  1.6096920e+003  7.9600000e+002
  1.6104720e+003  7.8000000e+002
  1.6112520e+003  7.8000000e+002
  1.6120160e+003  7.6400000e+002
  1.6127920e+003  7.7600000e+002
  1.6135760e+003  7.8400000e+002
  1.6143600e+003  7.8400000e+002
  1.6151440e+003  7.8400000e+002
  1.6159040e+003  7.6000000e+002
  1.6166760e+003  7.7200000e+002
  1.6174520e+003  7.7600000e+002
  1.6182440e+003  7.9200000e+002
  1.6190200e+003  7.7600000e+002
  1.6197880e+003  7.6800000e+002
  1.6205520e+003  7.6400000e+002
  1.6213240e+003  7.7200000e+002
  1.6221120e+003  7.8800000e+002
  1.6228880e+003  7.7600000e+002
  1.6236640e+003  7.7600000e+002
  1.6244440e+003  7.8000000e+002
  1.6252280e+003  7.8400000e+002
  1.6260240e+003  7.9600000e+002
  1.6268120e+003  7.8800000e+002
  1.6275880e+003  7.7600000e+002
  1.6283640e+003  7.7600000e+002
  1.6291520e+003  7.8800000e+002
  1.6299480e+003  7.9600000e+002
  1.6307360e+003  7.8800000e+002
  1.6315200e+003  7.8400000e+002
  1.6322960e+003  7.7600000e+002
  1.6330880e+003  7.9200000e+002
  1.6338960e+003  8.0800000e+002
  1.6346880e+003  7.9200000e+002
  1.6354720e+003  7.8400000e+002
  1.6362680e+003  7.9600000e+002
  1.6370760e+003  8.0800000e+002
  1.6378880e+003  8.1200000e+002
  1.6386960e+003  8.0800000e+002
  1.6394920e+003  7.9600000e+002
  1.6402880e+003  7.9600000e+002
  1.6410840e+003  7.9600000e+002
  1.6418880e+003  8.0400000e+002
  1.6426760e+003  7.8800000e+002
  1.6434520e+003  7.7600000e+002
  1.6442280e+003  7.7600000e+002
  1.6450080e+003  7.8000000e+002
  1.6458000e+003  7.9200000e+002
  1.6465800e+003  7.8000000e+002
  1.6473560e+003  7.7600000e+002
  1.6481240e+003  7.6800000e+002
  1.6489000e+003  7.7600000e+002
  1.6496880e+003  7.8800000e+002
  1.6504720e+003  7.8400000e+002
  1.6512560e+003  7.8400000e+002
  1.6520240e+003  7.6800000e+002
  1.6528000e+003  7.7600000e+002
  1.6535840e+003  7.8400000e+002
  1.6543800e+003  7.9600000e+002
  1.6551600e+003  7.8000000e+002
  1.6559320e+003  7.7200000e+002
  1.6567080e+003  7.7600000e+002
  1.6574880e+003  7.8000000e+002
  1.6582840e+003  7.9600000e+002
  1.6590680e+003  7.8400000e+002
  1.6598440e+003  7.7600000e+002
  1.6606200e+003  7.7600000e+002
  1.6613960e+003  7.7600000e+002
  1.6621880e+003  7.9200000e+002
  1.6629640e+003  7.7600000e+002
  1.6637360e+003  7.7200000e+002
  1.6645000e+003  7.6400000e+002
  1.6652720e+003  7.7200000e+002
  1.6660480e+003  7.7600000e+002
  1.6668360e+003  7.8800000e+002
  1.6676120e+003  7.7600000e+002
  1.6683760e+003  7.6400000e+002
  1.6691400e+003  7.6400000e+002
  1.6699200e+003  7.8000000e+002
  1.6707080e+003  7.8800000e+002
  1.6714840e+003  7.7600000e+002
  1.6722560e+003  7.7200000e+002
  1.6730200e+003  7.6400000e+002
  1.6737920e+003  7.7200000e+002
  1.6745720e+003  7.8000000e+002
  1.6753640e+003  7.9200000e+002
  1.6761440e+003  7.8000000e+002
  1.6769080e+003  7.6400000e+002
  1.6776800e+003  7.7200000e+002
  1.6784560e+003  7.7600000e+002
  1.6792520e+003  7.9600000e+002
  1.6800280e+003  7.7600000e+002
  1.6808040e+003  7.7600000e+002
  1.6815800e+003  7.7600000e+002
  1.6823680e+003  7.8800000e+002
  1.6831680e+003  8.0000000e+002
  1.6839640e+003  7.9600000e+002
  1.6847440e+003  7.8000000e+002
  1.6855360e+003  7.9200000e+002
  1.6863400e+003  8.0400000e+002
  1.6871520e+003  8.1200000e+002
  1.6879520e+003  8.0000000e+002
  1.6887440e+003  7.9200000e+002
  1.6895360e+003  7.9200000e+002
  1.6903360e+003  8.0000000e+002
  1.6911480e+003  8.1200000e+002
  1.6919480e+003  8.0000000e+002
  1.6927360e+003  7.8800000e+002
  1.6935320e+003  7.9600000e+002
  1.6943280e+003  7.9600000e+002
  1.6951400e+003  8.1200000e+002
  1.6959440e+003  8.0400000e+002
  1.6967400e+003  7.9600000e+002
  1.6975360e+003  7.9600000e+002
  1.6983400e+003  8.0400000e+002
  1.6991480e+003  8.0800000e+002
  1.6999440e+003  7.9600000e+002
  1.7007320e+003  7.8800000e+002
  1.7015200e+003  7.8800000e+002
  1.7023160e+003  7.9600000e+002
  1.7031240e+003  8.0800000e+002
  1.7039160e+003  7.9200000e+002
  1.7047040e+003  7.8800000e+002
  1.7054760e+003  7.7200000e+002
  1.7062560e+003  7.8000000e+002
  1.7070400e+003  7.8400000e+002
  1.7078280e+003  7.8800000e+002
  1.7086080e+003  7.8000000e+002
  1.7093720e+003  7.6400000e+002
  1.7101480e+003  7.7600000e+002
  1.7109280e+003  7.8000000e+002
  1.7117200e+003  7.9200000e+002
  1.7124960e+003  7.7600000e+002
  1.7132560e+003  7.6000000e+002
  1.7140280e+003  7.7200000e+002
  1.7148040e+003  7.7600000e+002
  1.7155960e+003  7.9200000e+002
  1.7163760e+003  7.8000000e+002
  1.7171520e+003  7.7600000e+002
  1.7179200e+003  7.6800000e+002
  1.7186960e+003  7.7600000e+002
  1.7194880e+003  7.9200000e+002
  1.7202640e+003  7.7600000e+002
  1.7210400e+003  7.7600000e+002
  1.7218040e+003  7.6400000e+002
  1.7225800e+003  7.7600000e+002
  1.7233640e+003  7.8400000e+002
  1.7241480e+003  7.8400000e+002
  1.7249280e+003  7.8000000e+002
  1.7256920e+003  7.6400000e+002
  1.7264680e+003  7.7600000e+002
  1.7272440e+003  7.7600000e+002
  1.7280440e+003  8.0000000e+002
  1.7288280e+003  7.8400000e+002
  1.7296040e+003  7.7600000e+002
  1.7303840e+003  7.8000000e+002
  1.7311760e+003  7.9200000e+002
  1.7319800e+003  8.0400000e+002
  1.7327640e+003  7.8400000e+002
  1.7335440e+003  7.8000000e+002
  1.7343280e+003  7.8400000e+002
  1.7351160e+003  7.8800000e+002
  1.7359120e+003  7.9600000e+002
  1.7366960e+003  7.8400000e+002
  1.7374760e+003  7.8000000e+002
  1.7382480e+003  7.7200000e+002
  1.7390320e+003  7.8400000e+002
  1.7398320e+003  8.0000000e+002
  1.7406200e+003  7.8800000e+002
  1.7414000e+003  7.8000000e+002
  1.7421880e+003  7.8800000e+002
  1.7429880e+003  8.0000000e+002
  1.7438040e+003  8.1600000e+002
  1.7446040e+003  8.0000000e+002
  1.7453960e+003  7.9200000e+002
  1.7461920e+003  7.9600000e+002
  1.7469960e+003  8.0400000e+002
  1.7478160e+003  8.2000000e+002
  1.7486240e+003  8.0800000e+002
  1.7494280e+003  8.0400000e+002
  1.7502200e+003  7.9200000e+002
  1.7510280e+003  8.0800000e+002
  1.7518440e+003  8.1600000e+002
  1.7526520e+003  8.0800000e+002
  1.7534560e+003  8.0400000e+002
  1.7542480e+003  7.9200000e+002
  1.7550520e+003  8.0400000e+002
  1.7558720e+003  8.2000000e+002
  1.7566800e+003  8.0800000e+002
  1.7574880e+003  8.0800000e+002
  1.7582880e+003  8.0000000e+002
  1.7591040e+003  8.1600000e+002
  1.7599240e+003  8.2000000e+002
  1.7607320e+003  8.0800000e+002
  1.7615280e+003  7.9600000e+002
  1.7623240e+003  7.9600000e+002
  1.7631360e+003  8.1200000e+002
  1.7639600e+003  8.2400000e+002
  1.7647640e+003  8.0400000e+002
  1.7655600e+003  7.9600000e+002
  1.7663560e+003  7.9600000e+002
  1.7671600e+003  8.0400000e+002
  1.7679760e+003  8.1600000e+002
  1.7687800e+003  8.0400000e+002
  1.7695760e+003  7.9600000e+002
  1.7703600e+003  7.8400000e+002
  1.7711560e+003  7.9600000e+002
  1.7719760e+003  8.2000000e+002
  1.7727800e+003  8.0400000e+002
  1.7735760e+003  7.9600000e+002
  1.7743680e+003  7.9200000e+002
  1.7751680e+003  8.0000000e+002
  1.7759760e+003  8.0800000e+002
  1.7767720e+003  7.9600000e+002
  1.7775600e+003  7.8800000e+002
  1.7783520e+003  7.9200000e+002
  1.7791520e+003  8.0000000e+002
  1.7799640e+003  8.1200000e+002
  1.7807680e+003  8.0400000e+002
  1.7815680e+003  8.0000000e+002
  1.7823600e+003  7.9200000e+002
  1.7831560e+003  7.9600000e+002
  1.7839600e+003  8.0400000e+002
  1.7847720e+003  8.1200000e+002
  1.7855680e+003  7.9600000e+002
  1.7863640e+003  7.9600000e+002
  1.7871520e+003  7.8800000e+002
  1.7879520e+003  8.0000000e+002
  1.7887600e+003  8.0800000e+002
  1.7895600e+003  8.0000000e+002
  1.7903440e+003  7.8400000e+002
  1.7911320e+003  7.8800000e+002
  1.7919360e+003  8.0400000e+002
  1.7927440e+003  8.0800000e+002
  1.7935400e+003  7.9600000e+002
  1.7943200e+003  7.8000000e+002
  1.7951080e+003  7.8800000e+002
  1.7959000e+003  7.9200000e+002
  1.7967000e+003  8.0000000e+002
  1.7974880e+003  7.8800000e+002
