0.9960	436.0000
1.6200	624.0000
2.1520	532.0000
2.6920	540.0000
3.2240	532.0000
3.7600	536.0000
4.2840	524.0000
4.8240	540.0000
5.2600	436.0000
5.7920	532.0000
6.4200	628.0000
6.9400	520.0000
7.4800	540.0000
8.0120	532.0000
8.4480	436.0000
9.0560	608.0000
9.6000	544.0000
10.1280	528.0000
10.6520	524.0000
11.1840	532.0000
11.6120	428.0000
12.2280	616.0000
12.7440	516.0000
13.2840	540.0000
13.8120	528.0000
14.2360	424.0000
14.8520	616.0000
15.3760	524.0000
15.9080	532.0000
16.3480	440.0000
16.9720	624.0000
17.4920	520.0000
18.0240	532.0000
18.5360	512.0000
19.0720	536.0000
19.6120	540.0000
20.1440	532.0000
20.5800	436.0000
21.1960	616.0000
21.7240	528.0000
22.2520	528.0000
22.7920	540.0000
23.2280	436.0000
23.8520	624.0000
24.3840	532.0000
24.9240	540.0000
25.4520	528.0000
25.9920	540.0000
26.5160	524.0000
27.0560	540.0000
27.5880	532.0000
28.1200	532.0000
28.6480	528.0000
29.1800	532.0000
29.7120	532.0000
30.2400	528.0000
30.6800	440.0000
31.3080	628.0000
31.8280	520.0000
32.3600	532.0000
32.8920	532.0000
33.3280	436.0000
33.9440	616.0000
34.4880	544.0000
35.0240	536.0000
35.5640	540.0000
36.0920	528.0000
36.6280	536.0000
37.1640	536.0000
37.7120	548.0000
38.1560	444.0000
38.7960	640.0000
39.3280	532.0000
39.8800	552.0000
40.4120	532.0000
40.9520	540.0000
41.4920	540.0000
42.0320	540.0000
42.5600	528.0000
43.1000	540.0000
43.6400	540.0000
44.1880	548.0000
44.7080	520.0000
45.2520	544.0000
45.7960	544.0000
46.3360	540.0000
46.8720	536.0000
47.4120	540.0000
47.9520	540.0000
48.5000	548.0000
49.0360	536.0000
49.5920	556.0000
50.1200	528.0000
50.5680	448.0000
51.2000	632.0000
51.7480	548.0000
52.1920	444.0000
52.8240	632.0000
53.3600	536.0000
53.9040	544.0000
54.4560	552.0000
55.0000	544.0000
55.5240	524.0000
56.0680	544.0000
56.6160	548.0000
57.1640	548.0000
57.7000	536.0000
58.2480	548.0000
58.7840	536.0000
59.3160	532.0000
59.8640	548.0000
60.4200	556.0000
60.9560	536.0000
61.4800	524.0000
62.0280	548.0000
62.5840	556.0000
63.1320	548.0000
63.6680	536.0000
64.2000	532.0000
64.6600	460.0000
65.3000	640.0000
65.8400	540.0000
66.3880	548.0000
66.9360	548.0000
67.4560	520.0000
68.0040	548.0000
68.5440	540.0000
69.0840	540.0000
69.6120	528.0000
70.1520	540.0000
70.6720	520.0000
71.1280	456.0000
71.7600	632.0000
72.3000	540.0000
72.8320	532.0000
73.2760	444.0000
73.9120	636.0000
74.4480	536.0000
74.9880	540.0000
75.5280	540.0000
76.0760	548.0000
76.6160	540.0000
77.1600	544.0000
77.7000	540.0000
78.2400	540.0000
78.7880	548.0000
79.3200	532.0000
79.8640	544.0000
80.4000	536.0000
80.9480	548.0000
81.4880	540.0000
82.0280	540.0000
82.5680	540.0000
83.1040	536.0000
83.6360	532.0000
84.0800	444.0000
84.7160	636.0000
85.2520	536.0000
85.7720	520.0000
86.2280	456.0000
86.8640	636.0000
87.4000	536.0000
87.9320	532.0000
88.4640	532.0000
89.0120	548.0000
89.5520	540.0000
90.0880	536.0000
90.6200	532.0000
91.1600	540.0000
91.7000	540.0000
92.2360	536.0000
92.7760	540.0000
93.2960	520.0000
93.8400	544.0000
94.3760	536.0000
94.9240	548.0000
95.3600	436.0000
95.9600	600.0000
96.4960	536.0000
97.0640	568.0000
97.5840	520.0000
98.1360	552.0000
98.6720	536.0000
99.2200	548.0000
99.7440	524.0000
100.2720	528.0000
100.8200	548.0000
101.3680	548.0000
101.8040	436.0000
102.4280	624.0000
102.9760	548.0000
103.5240	548.0000
104.0560	532.0000
104.5960	540.0000
105.1240	528.0000
105.6640	540.0000
106.2040	540.0000
106.7440	540.0000
107.2800	536.0000
107.8160	536.0000
108.2560	440.0000
108.8920	636.0000
109.4280	536.0000
109.9720	544.0000
110.5080	536.0000
111.0480	540.0000
111.5760	528.0000
112.1240	548.0000
112.5680	444.0000
113.2000	632.0000
113.7320	532.0000
114.2800	548.0000
114.8160	536.0000
115.3560	540.0000
115.8880	532.0000
116.4360	548.0000
116.9760	540.0000
117.5120	536.0000
118.0400	528.0000
118.5840	544.0000
119.1320	548.0000
119.6720	540.0000
120.2200	548.0000
120.7560	536.0000
121.3000	544.0000
121.8360	536.0000
122.3760	540.0000
122.9240	548.0000
123.4440	520.0000
123.9920	548.0000
124.5320	540.0000
125.0760	544.0000
125.5840	508.0000
126.1000	516.0000
126.6800	580.0000
127.2280	548.0000
127.7480	520.0000
128.2880	540.0000
128.8320	544.0000
129.3800	548.0000
129.8240	444.0000
130.4520	628.0000
130.9880	536.0000
131.5480	560.0000
132.0800	532.0000
132.6040	524.0000
133.1560	552.0000
133.7080	552.0000
134.2480	540.0000
134.7680	520.0000
135.2760	508.0000
135.8520	576.0000
136.3880	536.0000
136.9280	540.0000
137.4640	536.0000
138.0120	548.0000
138.5440	532.0000
139.0840	540.0000
139.6200	536.0000
140.1600	540.0000
140.7000	540.0000
141.2480	548.0000
141.7840	536.0000
142.3280	544.0000
142.7680	440.0000
143.3080	540.0000
143.9480	640.0000
144.5000	552.0000
145.0080	508.0000
145.5600	552.0000
146.0960	536.0000
146.6440	548.0000
147.1560	512.0000
147.6040	448.0000
148.2480	644.0000
148.7920	544.0000
149.3160	524.0000
149.8560	540.0000
150.3920	536.0000
150.9400	548.0000
151.4800	540.0000
152.0200	540.0000
152.5560	536.0000
153.0960	540.0000
153.5400	444.0000
154.1760	636.0000
154.7200	544.0000
155.2680	548.0000
155.7920	524.0000
156.2440	452.0000
156.8840	640.0000
157.4320	548.0000
157.9600	528.0000
158.5000	540.0000
159.0400	540.0000
159.5760	536.0000
160.0440	468.0000
160.5480	504.0000
161.1720	624.0000
161.7040	532.0000
162.2320	528.0000
162.7560	524.0000
163.1800	424.0000
163.8040	624.0000
164.3160	512.0000
164.8440	528.0000
165.3680	524.0000
165.8000	432.0000
166.4160	616.0000
166.9400	524.0000
167.4440	504.0000
167.9800	536.0000
168.5000	520.0000
169.0280	528.0000
169.5320	504.0000
169.9760	444.0000
170.4600	484.0000
171.1120	652.0000
171.6160	504.0000
172.1560	540.0000
172.6800	524.0000
173.2040	524.0000
173.6240	420.0000
174.2440	620.0000
174.7400	496.0000
175.2440	504.0000
175.8520	608.0000
176.3800	528.0000
176.9120	532.0000
177.4400	528.0000
177.9720	532.0000
178.4960	524.0000
179.0280	532.0000
179.5600	532.0000
180.0920	532.0000
180.6200	528.0000
181.1560	536.0000
181.6880	532.0000
182.2160	528.0000
182.7480	532.0000
183.2840	536.0000
183.8160	532.0000
184.3480	532.0000
184.8840	536.0000
185.4160	532.0000
185.9560	540.0000
186.4880	532.0000
187.0240	536.0000
187.5520	528.0000
188.0880	536.0000
188.6240	536.0000
189.1600	536.0000
189.6880	528.0000
190.2280	540.0000
190.7640	536.0000
191.3000	536.0000
191.8320	532.0000
192.3680	536.0000
192.9080	540.0000
193.4400	532.0000
193.9680	528.0000
194.5120	544.0000
195.0440	532.0000
195.5760	532.0000
196.1080	532.0000
196.6440	536.0000
197.0840	440.0000
197.6920	608.0000
198.2200	528.0000
198.7560	536.0000
199.2920	536.0000
199.8240	532.0000
200.3560	532.0000
200.8920	536.0000
201.4240	532.0000
201.9560	532.0000
202.4920	536.0000
203.0240	532.0000
203.5600	536.0000
204.0920	532.0000
204.6280	536.0000
205.1600	532.0000
205.6960	536.0000
206.2320	536.0000
206.7720	540.0000
207.3040	532.0000
207.8440	540.0000
208.3800	536.0000
208.9160	536.0000
209.4520	536.0000
209.9960	544.0000
210.5240	528.0000
211.0680	544.0000
211.6080	540.0000
212.1480	540.0000
212.6800	532.0000
213.2240	544.0000
213.7640	540.0000
214.3000	536.0000
214.8280	528.0000
215.3680	540.0000
215.9040	536.0000
216.4440	540.0000
216.9760	532.0000
217.5160	540.0000
218.0600	544.0000
218.5920	532.0000
219.1360	544.0000
219.6760	540.0000
220.2080	532.0000
220.7520	544.0000
221.2920	540.0000
221.8280	536.0000
222.3760	548.0000
222.9240	548.0000
223.4640	540.0000
224.0040	540.0000
224.5440	540.0000
225.0880	544.0000
225.6280	540.0000
226.1720	544.0000
226.7080	536.0000
227.2560	548.0000
227.8000	544.0000
228.3400	540.0000
228.8800	540.0000
229.4200	540.0000
229.9600	540.0000
230.5000	540.0000
231.0400	540.0000
231.5840	544.0000
232.1200	536.0000
232.6560	536.0000
233.2000	544.0000
233.7360	536.0000
234.2760	540.0000
234.8200	544.0000
235.3600	540.0000
235.8920	532.0000
236.4320	540.0000
236.9680	536.0000
237.5040	536.0000
238.0360	532.0000
238.5760	540.0000
239.1160	540.0000
239.6480	532.0000
240.1840	536.0000
240.7080	524.0000
241.2440	536.0000
241.7760	532.0000
242.3120	536.0000
242.8360	524.0000
243.3720	536.0000
243.9040	532.0000
244.4360	532.0000
244.9560	520.0000
245.4880	532.0000
246.0240	536.0000
246.5520	528.0000
247.0840	532.0000
247.6160	532.0000
248.1520	536.0000
248.6880	536.0000
249.2240	536.0000
249.7520	528.0000
250.2880	536.0000
250.8240	536.0000
251.3600	536.0000
251.8920	532.0000
252.4280	536.0000
252.9640	536.0000
253.4960	532.0000
254.0320	536.0000
254.5680	536.0000
255.1040	536.0000
255.6360	532.0000
256.1760	540.0000
256.7160	540.0000
257.2480	532.0000
257.7880	540.0000
258.3240	536.0000
258.8600	536.0000
259.3960	536.0000
259.9360	540.0000
260.4680	532.0000
261.0080	540.0000
261.5400	532.0000
262.0760	536.0000
262.6080	532.0000
263.1400	532.0000
263.6800	540.0000
264.2160	536.0000
264.7440	528.0000
265.2800	536.0000
265.8160	536.0000
266.3480	532.0000
266.8760	528.0000
267.4080	532.0000
267.9440	536.0000
268.4800	536.0000
269.0160	536.0000
269.5400	524.0000
270.0760	536.0000
270.6160	540.0000
271.1520	536.0000
271.6880	536.0000
272.2280	540.0000
272.7600	532.0000
273.2960	536.0000
273.8280	532.0000
274.3640	536.0000
274.8960	532.0000
275.4360	540.0000
275.9680	532.0000
276.5040	536.0000
277.0320	528.0000
277.5720	540.0000
278.1040	532.0000
278.6400	536.0000
279.1720	532.0000
279.7040	532.0000
280.2360	532.0000
280.7680	532.0000
281.3000	532.0000
281.8320	532.0000
282.3600	528.0000
282.8960	536.0000
283.4240	528.0000
283.9600	536.0000
284.4800	520.0000
285.0120	532.0000
285.5440	532.0000
286.0760	532.0000
286.6040	528.0000
287.1360	532.0000
287.6680	532.0000
288.2000	532.0000
288.7240	524.0000
289.2600	536.0000
289.7880	528.0000
290.3240	536.0000
290.8520	528.0000
291.3880	536.0000
291.9200	532.0000
292.4560	536.0000
292.9840	528.0000
293.5160	532.0000
294.0520	536.0000
294.5840	532.0000
295.1200	536.0000
295.6520	532.0000
296.1880	536.0000
296.7280	540.0000
297.2640	536.0000
297.7960	532.0000
298.3280	532.0000
298.8640	536.0000
299.4040	540.0000
299.9400	536.0000
300.4720	532.0000
301.0120	540.0000
301.5480	536.0000
302.0760	528.0000
302.6080	532.0000
303.1440	536.0000
303.6760	532.0000
304.2080	532.0000
304.7400	532.0000
305.2720	532.0000
305.8080	536.0000
306.3400	532.0000
306.8680	528.0000
307.4040	536.0000
307.9360	532.0000
308.4640	528.0000
308.9960	532.0000
309.5200	524.0000
310.0520	532.0000
310.5760	524.0000
311.1080	532.0000
311.6400	532.0000
312.1680	528.0000
312.6920	524.0000
313.2240	532.0000
313.7560	532.0000
314.2880	532.0000
314.8120	524.0000
315.3480	536.0000
315.8800	532.0000
316.4120	532.0000
316.9440	532.0000
317.4800	536.0000
318.0120	532.0000
318.5480	536.0000
319.0800	532.0000
319.6160	536.0000
320.1560	540.0000
320.6840	528.0000
321.2240	540.0000
321.7600	536.0000
322.3000	540.0000
322.8280	528.0000
323.3640	536.0000
323.9000	536.0000
324.4360	536.0000
324.9720	536.0000
325.5000	528.0000
326.0400	540.0000
326.5760	536.0000
327.1120	536.0000
327.6400	528.0000
328.1760	536.0000
328.7160	540.0000
329.2520	536.0000
329.7920	540.0000
330.3280	536.0000
330.8680	540.0000
331.3960	528.0000
331.9320	536.0000
332.4760	544.0000
333.0040	528.0000
333.5440	540.0000
334.0840	540.0000
334.6160	532.0000
335.1480	532.0000
335.6480	500.0000
336.2160	568.0000
336.7520	536.0000
337.2840	532.0000
337.8120	528.0000
338.3440	532.0000
338.8760	532.0000
339.4080	532.0000
339.9320	524.0000
340.4640	532.0000
340.9960	532.0000
341.5240	528.0000
342.0560	532.0000
342.5840	528.0000
343.1120	528.0000
343.6440	532.0000
344.1760	532.0000
344.7040	528.0000
345.2280	524.0000
345.7640	536.0000
346.2960	532.0000
346.8280	532.0000
347.3560	528.0000
347.8880	532.0000
348.4240	536.0000
348.9600	536.0000
349.4960	536.0000
350.0280	532.0000
350.5640	536.0000
351.1000	536.0000
351.6400	540.0000
352.1720	532.0000
352.7120	540.0000
353.2480	536.0000
353.7920	544.0000
354.3240	532.0000
354.8680	544.0000
355.4080	540.0000
355.9480	540.0000
356.4840	536.0000
357.0280	544.0000
357.5640	536.0000
358.1000	536.0000
358.6360	536.0000
359.1680	532.0000
359.7040	536.0000
360.2440	540.0000
360.7720	528.0000
361.3120	540.0000
361.8440	532.0000
362.3720	528.0000
362.9040	532.0000
363.4320	528.0000
363.9640	532.0000
364.4960	532.0000
365.0240	528.0000
365.5560	532.0000
366.0880	532.0000
366.6200	532.0000
367.1560	536.0000
367.6760	520.0000
368.2120	536.0000
368.7440	532.0000
369.2760	532.0000
369.8080	532.0000
370.3400	532.0000
370.8720	532.0000
371.4040	532.0000
371.9400	536.0000
372.4760	536.0000
373.0040	528.0000
373.5360	532.0000
374.0720	536.0000
374.6080	536.0000
375.1360	528.0000
375.6720	536.0000
376.2120	540.0000
376.7440	532.0000
377.2800	536.0000
377.8160	536.0000
378.3480	532.0000
378.8800	532.0000
379.4160	536.0000
379.9480	532.0000
380.4840	536.0000
381.0200	536.0000
381.5560	536.0000
382.0840	528.0000
382.6200	536.0000
383.1600	540.0000
383.6920	532.0000
384.2240	532.0000
384.7640	540.0000
385.2920	528.0000
385.8240	532.0000
386.3600	536.0000
386.8920	532.0000
387.4240	532.0000
387.9600	536.0000
388.4960	536.0000
389.0200	524.0000
389.5560	536.0000
390.0880	532.0000
390.6240	536.0000
391.1480	524.0000
391.6840	536.0000
392.2200	536.0000
392.7520	532.0000
393.2880	536.0000
393.8240	536.0000
394.3600	536.0000
394.8920	532.0000
395.4240	532.0000
395.9640	540.0000
396.5000	536.0000
397.0320	532.0000
397.5680	536.0000
398.1080	540.0000
398.6400	532.0000
399.1720	532.0000
399.7080	536.0000
400.2480	540.0000
400.7800	532.0000
401.3160	536.0000
401.8520	536.0000
402.3840	532.0000
402.9200	536.0000
403.4560	536.0000
403.9920	536.0000
404.5320	540.0000
405.0680	536.0000
405.6000	532.0000
406.1360	536.0000
406.6760	540.0000
407.2080	532.0000
407.7440	536.0000
408.2800	536.0000
408.8200	540.0000
409.3600	540.0000
409.8920	532.0000
410.4360	544.0000
410.9720	536.0000
411.5120	540.0000
412.0520	540.0000
412.5920	540.0000
413.1320	540.0000
413.6720	540.0000
414.2160	544.0000
414.7480	532.0000
415.2960	548.0000
415.8320	536.0000
416.3680	536.0000
416.9040	536.0000
417.4400	536.0000
417.9800	540.0000
418.5200	540.0000
419.0520	532.0000
419.5920	540.0000
420.1280	536.0000
420.6640	536.0000
421.1960	532.0000
421.7280	532.0000
422.2680	540.0000
422.8000	532.0000
423.3440	544.0000
423.8720	528.0000
424.4040	532.0000
424.9360	532.0000
425.4640	528.0000
425.9960	532.0000
426.5280	532.0000
427.0520	524.0000
427.5760	524.0000
428.1080	532.0000
428.6320	524.0000
429.1600	528.0000
429.6520	492.0000
430.2040	552.0000
430.7240	520.0000
431.2400	516.0000
431.7640	524.0000
432.2840	520.0000
432.8040	520.0000
433.3280	524.0000
433.8520	524.0000
434.3640	512.0000
434.8840	520.0000
435.4120	528.0000
435.9320	520.0000
436.4560	524.0000
436.9800	524.0000
437.4960	516.0000
438.0200	524.0000
438.5400	520.0000
439.0640	524.0000
439.5880	524.0000
440.1040	516.0000
440.6320	528.0000
441.1520	520.0000
441.6720	520.0000
442.1920	520.0000
442.7160	524.0000
443.2400	524.0000
443.7600	520.0000
444.2880	528.0000
444.8120	524.0000
445.3360	524.0000
445.8560	520.0000
446.3800	524.0000
446.9000	520.0000
447.4240	524.0000
447.9520	528.0000
448.4720	520.0000
448.9920	520.0000
449.5240	532.0000
450.0440	520.0000
450.5720	528.0000
451.0960	524.0000
451.6280	532.0000
452.1480	520.0000
452.6760	528.0000
453.2000	524.0000
453.7320	532.0000
454.2560	524.0000
454.7800	524.0000
455.3120	532.0000
455.8360	524.0000
456.3640	528.0000
456.8880	524.0000
457.4200	532.0000
457.9400	520.0000
458.4640	524.0000
458.9920	528.0000
459.5200	528.0000
460.0400	520.0000
460.5640	524.0000
461.0920	528.0000
461.6200	528.0000
462.1480	528.0000
462.6640	516.0000
463.1920	528.0000
463.7160	524.0000
464.2400	524.0000
464.7640	524.0000
465.2960	532.0000
465.8200	524.0000
466.3480	528.0000
466.8720	524.0000
467.4040	532.0000
467.9360	532.0000
468.4680	532.0000
468.9920	524.0000
469.5200	528.0000
470.0520	532.0000
470.5840	532.0000
471.1080	524.0000
471.6360	528.0000
472.1720	536.0000
472.7040	532.0000
473.2320	528.0000
473.7640	532.0000
474.2960	532.0000
474.8280	532.0000
475.3600	532.0000
475.8920	532.0000
476.4240	532.0000
476.9480	524.0000
477.4800	532.0000
478.0080	528.0000
478.5440	536.0000
479.0760	532.0000
479.6040	528.0000
480.1360	532.0000
480.6640	528.0000
481.1920	528.0000
481.7280	536.0000
482.2600	532.0000
482.7960	536.0000
483.3280	532.0000
483.8600	532.0000
484.3960	536.0000
484.9320	536.0000
485.4640	532.0000
486.0000	536.0000
486.5360	536.0000
487.0760	540.0000
487.6080	532.0000
488.1440	536.0000
488.6840	540.0000
489.2200	536.0000
489.7560	536.0000
490.2960	540.0000
490.8320	536.0000
491.3680	536.0000
491.9080	540.0000
492.4400	532.0000
492.9800	540.0000
493.5120	532.0000
494.0480	536.0000
494.5840	536.0000
495.1280	544.0000
495.6560	528.0000
496.1960	540.0000
496.7320	536.0000
497.2680	536.0000
497.8040	536.0000
498.3360	532.0000
498.8760	540.0000
499.4120	536.0000
499.9440	532.0000
500.4800	536.0000
501.0200	540.0000
501.5560	536.0000
502.0920	536.0000
502.6280	536.0000
503.1600	532.0000
503.6960	536.0000
504.2320	536.0000
504.7680	536.0000
505.3040	536.0000
505.8400	536.0000
506.3720	532.0000
506.9040	532.0000
507.4400	536.0000
507.9680	528.0000
508.5000	532.0000
509.0360	536.0000
509.5680	532.0000
510.1040	536.0000
510.6320	528.0000
511.1680	536.0000
511.7040	536.0000
512.2320	528.0000
512.7680	536.0000
513.3000	532.0000
513.8360	536.0000
514.3680	532.0000
514.8960	528.0000
515.4280	532.0000
515.9640	536.0000
516.4960	532.0000
517.0280	532.0000
517.5600	532.0000
518.0880	528.0000
518.6200	532.0000
519.1560	536.0000
519.6880	532.0000
520.2280	540.0000
520.7600	532.0000
521.2920	532.0000
521.8280	536.0000
522.3680	540.0000
522.8960	528.0000
523.4280	532.0000
523.9680	540.0000
524.3600	392.0000
524.9760	616.0000
525.5000	524.0000
526.0400	540.0000
526.5720	532.0000
527.0920	520.0000
527.6200	528.0000
528.1480	528.0000
528.6520	504.0000
529.1720	520.0000
529.6600	488.0000
530.2560	596.0000
530.7720	516.0000
531.2160	444.0000
531.7120	496.0000
532.3360	624.0000
532.8520	516.0000
533.3680	516.0000
533.8920	524.0000
534.4120	520.0000
534.9280	516.0000
535.4360	508.0000
535.8640	428.0000
536.4880	624.0000
537.0080	520.0000
537.5160	508.0000
538.0360	520.0000
538.5640	528.0000
539.0720	508.0000
539.5840	512.0000
540.1000	516.0000
540.6240	524.0000
541.1400	516.0000
541.6360	496.0000
542.0600	424.0000
542.6720	612.0000
543.1600	488.0000
543.5280	368.0000
544.1640	636.0000
544.6800	516.0000
545.1880	508.0000
545.7040	516.0000
546.1880	484.0000
546.7320	544.0000
547.2160	484.0000
547.6480	432.0000
548.2480	600.0000
548.7640	516.0000
549.1600	396.0000
549.7720	612.0000
550.1840	412.0000
550.8040	620.0000
551.3080	504.0000
551.8120	504.0000
552.3200	508.0000
552.8400	520.0000
553.3520	512.0000
553.8560	504.0000
554.3680	512.0000
554.8800	512.0000
555.2840	404.0000
555.9040	620.0000
556.3160	412.0000
556.9280	612.0000
557.4280	500.0000
557.9480	520.0000
558.4600	512.0000
558.9840	524.0000
559.4560	472.0000
559.9880	532.0000
560.5040	516.0000
561.0280	524.0000
561.5040	476.0000
562.0320	528.0000
562.4480	416.0000
563.0680	620.0000
563.5760	508.0000
564.0480	472.0000
564.5840	536.0000
565.1000	516.0000
565.5840	484.0000
566.1000	516.0000
566.6040	504.0000
567.1200	516.0000
567.6160	496.0000
568.1320	516.0000
568.6360	504.0000
569.1560	520.0000
569.6440	488.0000
570.1520	508.0000
570.5720	420.0000
571.1840	612.0000
571.6720	488.0000
572.1800	508.0000
572.6880	508.0000
573.2160	528.0000
573.7200	504.0000
574.2120	492.0000
574.7320	520.0000
575.2480	516.0000
575.7440	496.0000
576.2520	508.0000
576.7640	512.0000
577.2840	520.0000
577.7960	512.0000
578.2920	496.0000
578.7920	500.0000
579.2040	412.0000
579.7120	508.0000
580.3240	612.0000
580.8240	500.0000
581.3320	508.0000
581.8280	496.0000
582.3480	520.0000
582.8520	504.0000
583.3720	520.0000
583.8600	488.0000
584.3800	520.0000
584.8360	456.0000
585.3560	520.0000
585.8840	528.0000
586.4080	524.0000
586.8200	412.0000
587.4360	616.0000
587.9240	488.0000
588.4400	516.0000
588.9560	516.0000
589.4400	484.0000
589.9600	520.0000
590.4880	528.0000
590.9960	508.0000
591.5160	520.0000
592.0240	508.0000
592.4240	400.0000
593.0360	612.0000
593.5480	512.0000
594.0280	480.0000
594.4600	432.0000
594.9680	508.0000
595.5800	612.0000
596.0640	484.0000
596.5840	520.0000
597.0440	460.0000
597.5640	520.0000
598.0680	504.0000
598.6160	548.0000
599.1160	500.0000
599.5800	464.0000
600.0680	488.0000
600.6520	584.0000
601.1480	496.0000
601.6200	472.0000
602.0520	432.0000
602.5680	516.0000
603.0680	500.0000
603.6640	596.0000
604.1720	508.0000
604.6920	520.0000
605.1880	496.0000
605.6880	500.0000
606.1880	500.0000
606.7000	512.0000
607.2000	500.0000
607.7040	504.0000
608.2080	504.0000
608.7240	516.0000
609.2240	500.0000
609.6920	468.0000
610.2040	512.0000
610.7480	544.0000
611.2560	508.0000
611.7760	520.0000
612.2640	488.0000
612.7520	488.0000
613.2920	540.0000
613.8080	516.0000
614.2920	484.0000
614.8040	512.0000
615.3120	508.0000
615.8280	516.0000
616.3160	488.0000
616.8280	512.0000
617.3440	516.0000
617.8600	516.0000
618.3480	488.0000
618.8560	508.0000
619.3640	508.0000
619.8840	520.0000
620.3720	488.0000
620.8800	508.0000
621.3920	512.0000
621.8960	504.0000
622.2920	396.0000
622.9080	616.0000
623.3160	408.0000
623.9280	612.0000
624.4120	484.0000
624.9320	520.0000
625.4360	504.0000
625.9520	516.0000
626.4400	488.0000
626.9640	524.0000
627.4680	504.0000
627.9800	512.0000
628.4720	492.0000
628.9880	516.0000
629.5040	516.0000
630.0200	516.0000
630.5120	492.0000
631.0320	520.0000
631.5360	504.0000
632.0600	524.0000
632.5680	508.0000
633.0360	468.0000
633.5760	540.0000
634.0920	516.0000
634.5880	496.0000
635.1040	516.0000
635.6120	508.0000
636.1320	520.0000
636.6280	496.0000
637.1520	524.0000
637.6600	508.0000
638.0800	420.0000
638.5800	500.0000
639.1960	616.0000
639.6960	500.0000
640.2080	512.0000
640.7240	516.0000
641.2480	524.0000
641.7520	504.0000
642.2760	524.0000
642.7920	516.0000
643.2920	500.0000
643.8000	508.0000
644.3240	524.0000
644.8400	516.0000
645.3440	504.0000
645.8600	516.0000
646.3720	512.0000
646.8680	496.0000
647.3920	524.0000
647.9080	516.0000
648.3960	488.0000
648.8280	432.0000
649.4480	620.0000
649.9560	508.0000
650.4840	528.0000
650.9920	508.0000
651.4960	504.0000
652.0120	516.0000
652.5240	512.0000
653.0240	500.0000
653.5520	528.0000
654.0640	512.0000
654.5800	516.0000
654.9840	404.0000
655.6040	620.0000
656.1120	508.0000
656.6360	524.0000
657.1520	516.0000
657.6560	504.0000
658.1640	508.0000
658.6920	528.0000
659.2040	512.0000
659.7160	512.0000
660.2280	512.0000
660.7440	516.0000
661.1480	404.0000
661.7600	612.0000
662.2760	516.0000
662.7920	516.0000
663.2920	500.0000
663.7840	492.0000
664.3280	544.0000
664.8440	516.0000
665.2480	404.0000
665.8680	620.0000
666.3840	516.0000
666.9120	528.0000
667.4200	508.0000
667.9280	508.0000
668.4440	516.0000
668.9800	536.0000
669.4840	504.0000
669.8960	412.0000
670.5080	612.0000
671.0320	524.0000
671.5400	508.0000
672.0520	512.0000
672.5640	512.0000
673.0880	524.0000
673.6000	512.0000
674.1120	512.0000
674.6280	516.0000
675.1400	512.0000
675.5440	404.0000
676.1560	612.0000
676.6720	516.0000
677.1880	516.0000
677.6880	500.0000
678.2120	524.0000
678.7240	512.0000
679.2440	520.0000
679.7520	508.0000
680.2560	504.0000
680.7360	480.0000
681.2920	556.0000
681.7000	408.0000
682.2080	508.0000
682.8120	604.0000
683.3360	524.0000
683.8440	508.0000
684.3560	512.0000
684.8600	504.0000
685.3840	524.0000
685.9000	516.0000
686.3960	496.0000
686.9120	516.0000
687.4360	524.0000
687.9520	516.0000
688.4600	508.0000
688.9760	516.0000
689.5000	524.0000
690.0200	520.0000
690.5280	508.0000
690.9440	416.0000
691.5720	628.0000
692.0840	512.0000
692.5960	512.0000
693.1080	512.0000
693.6320	524.0000
694.1520	520.0000
694.6720	520.0000
695.1840	512.0000
695.7080	524.0000
696.1360	428.0000
696.7480	612.0000
697.2600	512.0000
697.7880	528.0000
698.3040	516.0000
698.8200	516.0000
699.3360	516.0000
699.8560	520.0000
700.3800	524.0000
700.8960	516.0000
701.4120	516.0000
701.9000	488.0000
702.4480	548.0000
702.9680	520.0000
703.4800	512.0000
704.0120	532.0000
704.5280	516.0000
705.0440	516.0000
705.5600	516.0000
706.0880	528.0000
706.6120	524.0000
707.1160	504.0000
707.5360	420.0000
708.1600	624.0000
708.6760	516.0000
709.1840	508.0000
709.7040	520.0000
710.2000	496.0000
710.7520	552.0000
711.2440	492.0000
711.6800	436.0000
712.3120	632.0000
712.8320	520.0000
713.3520	520.0000
713.8560	504.0000
714.3760	520.0000
714.9040	528.0000
715.4240	520.0000
715.9320	508.0000
716.4560	524.0000
716.8840	428.0000
717.5040	620.0000
718.0080	504.0000
718.5320	524.0000
719.0600	528.0000
719.5840	524.0000
720.1000	516.0000
720.6280	528.0000
721.1440	516.0000
721.6600	516.0000
722.1840	524.0000
722.7160	532.0000
723.2360	520.0000
723.7560	520.0000
724.1720	416.0000
724.8000	628.0000
725.3240	524.0000
725.8480	524.0000
726.3640	516.0000
726.8960	532.0000
727.4200	524.0000
727.9400	520.0000
728.4640	524.0000
728.9880	524.0000
729.5120	524.0000
730.0320	520.0000
730.5480	516.0000
731.0800	532.0000
731.6040	524.0000
732.1360	532.0000
732.6600	524.0000
733.1800	520.0000
733.7040	524.0000
734.1320	428.0000
734.7480	616.0000
735.2720	524.0000
735.8000	528.0000
736.3240	524.0000
736.8440	520.0000
737.3680	524.0000
737.8920	524.0000
738.4200	528.0000
738.9320	512.0000
739.4600	528.0000
739.9800	520.0000
740.4920	512.0000
740.9120	420.0000
741.5400	628.0000
742.0640	524.0000
742.5800	516.0000
743.0960	516.0000
743.6240	528.0000
744.1520	528.0000
744.6760	524.0000
745.1800	504.0000
745.7120	532.0000
746.2280	516.0000
746.7400	512.0000
747.2560	516.0000
747.7840	528.0000
748.3120	528.0000
748.7320	420.0000
749.3440	612.0000
749.8760	532.0000
750.4000	524.0000
750.9200	520.0000
751.3400	420.0000
751.9760	636.0000
752.5080	532.0000
753.0200	512.0000
753.5400	520.0000
754.0800	540.0000
754.6000	520.0000
755.0920	492.0000
755.6400	548.0000
756.1720	532.0000
756.7000	528.0000
757.2240	524.0000
757.6440	420.0000
758.2720	628.0000
758.7960	524.0000
759.3200	524.0000
759.8320	512.0000
760.3760	544.0000
760.9000	524.0000
761.2960	396.0000
761.9360	640.0000
762.4760	540.0000
762.9960	520.0000
763.5280	532.0000
764.0600	532.0000
764.5560	496.0000
765.1080	552.0000
765.6320	524.0000
766.1440	512.0000
766.6760	532.0000
767.2000	524.0000
767.7240	524.0000
768.2200	496.0000
768.7480	528.0000
769.2640	516.0000
769.7800	516.0000
770.2880	508.0000
770.8160	528.0000
771.3280	512.0000
771.8320	504.0000
772.3480	516.0000
772.8640	516.0000
773.3720	508.0000
773.8960	524.0000
774.4120	516.0000
774.9280	516.0000
775.4360	508.0000
775.9680	532.0000
776.4880	520.0000
776.9960	508.0000
777.4080	412.0000
778.0280	620.0000
778.5400	512.0000
779.0680	528.0000
779.5920	524.0000
780.1080	516.0000
780.6200	512.0000
781.1360	516.0000
781.5480	412.0000
782.0720	524.0000
782.6920	620.0000
783.1920	500.0000
783.7360	544.0000
784.2480	512.0000
784.7720	524.0000
785.3000	528.0000
785.8120	512.0000
786.3200	508.0000
786.8400	520.0000
787.3640	524.0000
787.8760	512.0000
788.3960	520.0000
788.8120	416.0000
789.4400	628.0000
789.9560	516.0000
790.4640	508.0000
790.9880	524.0000
791.5200	532.0000
792.0360	516.0000
792.5440	508.0000
793.0640	520.0000
793.5880	524.0000
794.1120	524.0000
794.6280	516.0000
795.1480	520.0000
795.6680	520.0000
796.1920	524.0000
796.7040	512.0000
797.2160	512.0000
797.7440	528.0000
798.2600	516.0000
798.7720	512.0000
799.2920	520.0000
799.8160	524.0000
800.3400	524.0000
800.8520	512.0000
801.3600	508.0000
801.7880	428.0000
802.4120	624.0000
802.9160	504.0000
803.4280	512.0000
803.9480	520.0000
804.4640	516.0000
804.9600	496.0000
805.4480	488.0000
805.9960	548.0000
806.4920	496.0000
806.9920	500.0000
807.5240	532.0000
807.9280	404.0000
808.5360	608.0000
809.0480	512.0000
809.5560	508.0000
810.0720	516.0000
810.5640	492.0000
811.0880	524.0000
811.5920	504.0000
812.1000	508.0000
812.6000	500.0000
813.1200	520.0000
813.6240	504.0000
814.1400	516.0000
814.5360	396.0000
815.1520	616.0000
815.5600	408.0000
816.1840	624.0000
816.6880	504.0000
817.1920	504.0000
817.6960	504.0000
818.2200	524.0000
818.7280	508.0000
819.2240	496.0000
819.7360	512.0000
820.2480	512.0000
820.6560	408.0000
821.2680	612.0000
821.7720	504.0000
822.2920	520.0000
822.6840	392.0000
823.2960	612.0000
823.7960	500.0000
824.2960	500.0000
824.8120	516.0000
825.3200	508.0000
825.8320	512.0000
826.3440	512.0000
826.8360	492.0000
827.3480	512.0000
827.8520	504.0000
828.3520	500.0000
828.8600	508.0000
829.3720	512.0000
829.8600	488.0000
830.3960	536.0000
830.8880	492.0000
831.3080	420.0000
831.8160	508.0000
832.4280	612.0000
832.8240	396.0000
833.4360	612.0000
833.9480	512.0000
834.4600	512.0000
834.9480	488.0000
835.4760	528.0000
835.9840	508.0000
836.5000	516.0000
836.9920	492.0000
837.5080	516.0000
838.0160	508.0000
838.5400	524.0000
839.0440	504.0000
839.5520	508.0000
840.0560	504.0000
840.5720	516.0000
840.9640	392.0000
841.5760	612.0000
842.0960	520.0000
842.6080	512.0000
843.1040	496.0000
843.6240	520.0000
844.1280	504.0000
844.6440	516.0000
845.0480	404.0000
845.6680	620.0000
846.1680	500.0000
846.5800	412.0000
847.1840	604.0000
847.7120	528.0000
848.2120	500.0000
848.7320	520.0000
849.2320	500.0000
849.7560	524.0000
850.2600	504.0000
850.7840	524.0000
851.3040	520.0000
851.7120	408.0000
852.3160	604.0000
852.8320	516.0000
853.3320	500.0000
853.8520	520.0000
854.3640	512.0000
854.8800	516.0000
855.3800	500.0000
855.8920	512.0000
856.4040	512.0000
856.9280	524.0000
857.4320	504.0000
857.9440	512.0000
858.4480	504.0000
858.9560	508.0000
859.4560	500.0000
859.9720	516.0000
860.4920	520.0000
861.0120	520.0000
861.5200	508.0000
862.0200	500.0000
862.4960	476.0000
863.0320	536.0000
863.5480	516.0000
864.0440	496.0000
864.4840	440.0000
865.0960	612.0000
865.4920	396.0000
866.1120	620.0000
866.5880	476.0000
867.1360	548.0000
867.6160	480.0000
868.1480	532.0000
868.6480	500.0000
869.1320	484.0000
869.6440	512.0000
870.1560	512.0000
870.6640	508.0000
871.1800	516.0000
871.5760	396.0000
872.1840	608.0000
872.5840	400.0000
873.1640	580.0000
873.6720	508.0000
874.1840	512.0000
874.6840	500.0000
875.1720	488.0000
875.5840	412.0000
876.0920	508.0000
876.6000	508.0000
877.2080	608.0000
877.7000	492.0000
878.2080	508.0000
878.7120	504.0000
879.2200	508.0000
879.7120	492.0000
880.2280	516.0000
880.7360	508.0000
881.2520	516.0000
881.7440	492.0000
882.2600	516.0000
882.7640	504.0000
883.2840	520.0000
883.7760	492.0000
884.2880	512.0000
884.8040	516.0000
885.3080	504.0000
885.7520	444.0000
886.3480	596.0000
886.8680	520.0000
887.3880	520.0000
887.9000	512.0000
888.4120	512.0000
888.9240	512.0000
889.4440	520.0000
889.9560	512.0000
890.4680	512.0000
890.9840	516.0000
891.5000	516.0000
892.0080	508.0000
892.5160	508.0000
893.0240	508.0000
893.5440	520.0000
894.0560	512.0000
894.5640	508.0000
895.0760	512.0000
895.5920	516.0000
896.1120	520.0000
896.6280	516.0000
897.1400	512.0000
897.6560	516.0000
898.1760	520.0000
898.6880	512.0000
899.2000	512.0000
899.7160	516.0000
900.2360	520.0000
900.7520	516.0000
901.2640	512.0000
901.7840	520.0000
902.3040	520.0000
902.8200	516.0000
903.3320	512.0000
903.8520	520.0000
904.3720	520.0000
904.8840	512.0000
905.4000	516.0000
905.9240	524.0000
906.4360	512.0000
906.9520	516.0000
907.4720	520.0000
907.9920	520.0000
908.5000	508.0000
909.0160	516.0000
909.5320	516.0000
910.0520	520.0000
910.5680	516.0000
911.0840	516.0000
911.6000	516.0000
912.1200	520.0000
912.6360	516.0000
913.1440	508.0000
913.6600	516.0000
914.1760	516.0000
914.6960	520.0000
915.2080	512.0000
915.7280	520.0000
916.2400	512.0000
916.7520	512.0000
917.2680	516.0000
917.7800	512.0000
918.3040	524.0000
918.8160	512.0000
919.3280	512.0000
919.8440	516.0000
920.3640	520.0000
920.8760	512.0000
921.3840	508.0000
921.9000	516.0000
922.4160	516.0000
922.9320	516.0000
923.4440	512.0000
923.9560	512.0000
924.4720	516.0000
924.9880	516.0000
925.5040	516.0000
926.0120	508.0000
926.5240	512.0000
927.0360	512.0000
927.5560	520.0000
928.0680	512.0000
928.5760	508.0000
929.0880	512.0000
929.6040	516.0000
930.1200	516.0000
930.6280	508.0000
931.1400	512.0000
931.6560	516.0000
932.1680	512.0000
932.6720	504.0000
933.1840	512.0000
933.6960	512.0000
934.2120	516.0000
934.7200	508.0000
935.2280	508.0000
935.7480	520.0000
936.2560	508.0000
936.7640	508.0000
937.2760	512.0000
937.7960	520.0000
938.3040	508.0000
938.8120	508.0000
939.3280	516.0000
939.8440	516.0000
940.3480	504.0000
940.8640	516.0000
941.3800	516.0000
941.8880	508.0000
942.4000	512.0000
942.9040	504.0000
943.4160	512.0000
943.9280	512.0000
944.4360	508.0000
944.9400	504.0000
945.4560	516.0000
945.9360	480.0000
946.4680	532.0000
946.9760	508.0000
947.4880	512.0000
947.9960	508.0000
948.5000	504.0000
949.0080	508.0000
949.5240	516.0000
950.0320	508.0000
950.5320	500.0000
951.0400	508.0000
951.5520	512.0000
952.0640	512.0000
952.5680	504.0000
953.0760	508.0000
953.5840	508.0000
954.1000	516.0000
954.6040	504.0000
955.1120	508.0000
955.6160	504.0000
956.1320	516.0000
956.6400	508.0000
957.1480	508.0000
957.6560	508.0000
958.1680	512.0000
958.6680	500.0000
959.1760	508.0000
959.6840	508.0000
960.1960	512.0000
960.6960	500.0000
961.2040	508.0000
961.7080	504.0000
962.2160	508.0000
962.7200	504.0000
963.2320	512.0000
963.7360	504.0000
964.2400	504.0000
964.7440	504.0000
965.2560	512.0000
965.7560	500.0000
966.2600	504.0000
966.7640	504.0000
967.2720	508.0000
967.7720	500.0000
968.2760	504.0000
968.7760	500.0000
969.2840	508.0000
969.7840	500.0000
970.2880	504.0000
970.7920	504.0000
971.2960	504.0000
971.7960	500.0000
972.2920	496.0000
972.7920	500.0000
973.3000	508.0000
973.8000	500.0000
974.3000	500.0000
974.8000	500.0000
975.3080	508.0000
975.8080	500.0000
976.3040	496.0000
976.8080	504.0000
977.3120	504.0000
977.8160	504.0000
978.3200	504.0000
978.8160	496.0000
979.3200	504.0000
979.8280	508.0000
980.3320	504.0000
980.8280	496.0000
981.3320	504.0000
981.8360	504.0000
982.3440	508.0000
982.8480	504.0000
983.3440	496.0000
983.8480	504.0000
984.3480	500.0000
984.8560	508.0000
985.3600	504.0000
985.8560	496.0000
986.3600	504.0000
986.8640	504.0000
987.3720	508.0000
987.8720	500.0000
988.3760	504.0000
988.8800	504.0000
989.3800	500.0000
989.8800	500.0000
990.3760	496.0000
990.8800	504.0000
991.3800	500.0000
991.8760	496.0000
992.3720	496.0000
992.8720	500.0000
993.3720	500.0000
993.8760	504.0000
994.3680	492.0000
994.8640	496.0000
995.3640	500.0000
995.8600	496.0000
996.3600	500.0000
996.8600	500.0000
997.3520	492.0000
997.8480	496.0000
998.3440	496.0000
998.8440	500.0000
999.3360	492.0000
999.8320	496.0000
1000.3280	496.0000
1000.8280	500.0000
1001.3200	492.0000
1001.8120	492.0000
1002.3080	496.0000
1002.8040	496.0000
1003.3040	500.0000
1003.7880	484.0000
1004.2840	496.0000
1004.7800	496.0000
1005.2800	500.0000
1005.7720	492.0000
1006.2640	492.0000
1006.7560	492.0000
1007.2560	500.0000
1007.7480	492.0000
1008.2400	492.0000
1008.7320	492.0000
1009.2320	500.0000
1009.7240	492.0000
1010.2120	488.0000
1010.7080	496.0000
1011.2040	496.0000
1011.6960	492.0000
1012.1920	496.0000
1012.6800	488.0000
1013.1760	496.0000
1013.6680	492.0000
1014.1560	488.0000
1014.6480	492.0000
1015.1400	492.0000
1015.6360	496.0000
1016.1280	492.0000
1016.6120	484.0000
1017.1080	496.0000
1017.5960	488.0000
1018.0880	492.0000
1018.5880	500.0000
1019.0800	492.0000
1019.5640	484.0000
1020.0600	496.0000
1020.5520	492.0000
1021.0440	492.0000
1021.5280	484.0000
1022.0160	488.0000
1022.5080	492.0000
1023.0040	496.0000
1023.4920	488.0000
1023.9760	484.0000
1024.4680	492.0000
1024.9640	496.0000
1025.4520	488.0000
1025.9360	484.0000
1026.4280	492.0000
1026.9200	492.0000
1027.4120	492.0000
1027.8960	484.0000
1028.3840	488.0000
1028.8760	492.0000
1029.3720	496.0000
1029.8640	492.0000
1030.3440	480.0000
1030.8440	500.0000
1031.3320	488.0000
1031.8320	500.0000
1032.3200	488.0000
1032.8040	484.0000
1033.2960	492.0000
1033.7960	500.0000
1034.2840	488.0000
1034.7720	488.0000
1035.2600	488.0000
1035.7480	488.0000
1036.2400	492.0000
1036.7280	488.0000
1037.2200	492.0000
1037.7120	492.0000
1038.1960	484.0000
1038.6840	488.0000
1039.1760	492.0000
1039.6640	488.0000
1040.1600	496.0000
1040.6480	488.0000
1041.1360	488.0000
1041.6240	488.0000
1042.1200	496.0000
1042.6080	488.0000
1043.0920	484.0000
1043.5800	488.0000
1044.0800	500.0000
1044.5600	480.0000
1045.0480	488.0000
1045.5360	488.0000
1046.0280	492.0000
1046.5200	492.0000
1047.0000	480.0000
1047.4880	488.0000
1047.9800	492.0000
1048.4680	488.0000
1048.9480	480.0000
1049.4400	492.0000
1049.9320	492.0000
1050.4160	484.0000
1050.8680	452.0000
1051.3880	520.0000
1051.8800	492.0000
1052.3720	492.0000
1052.8520	480.0000
1053.3440	492.0000
1053.8360	492.0000
1054.3240	488.0000
1054.8120	488.0000
1055.3000	488.0000
1055.7880	488.0000
1056.2840	496.0000
1056.7680	484.0000
1057.2560	488.0000
1057.7440	488.0000
1058.2320	488.0000
1058.7240	492.0000
1059.2120	488.0000
1059.7000	488.0000
1060.1840	484.0000
1060.6760	492.0000
1061.1640	488.0000
1061.6440	480.0000
1062.1320	488.0000
1062.6200	488.0000
1063.1120	492.0000
1063.6000	488.0000
1064.0840	484.0000
1064.5680	484.0000
1065.0560	488.0000
1065.5440	488.0000
1066.0320	488.0000
1066.5280	496.0000
1067.0120	484.0000
1067.5000	488.0000
1067.9920	492.0000
1068.4840	492.0000
1068.9760	492.0000
1069.4600	484.0000
1069.9480	488.0000
1070.4440	496.0000
1070.9320	488.0000
1071.4200	488.0000
1071.9080	488.0000
1072.3960	488.0000
1072.8920	496.0000
1073.3840	492.0000
1073.8680	484.0000
1074.3600	492.0000
1074.8520	492.0000
1075.3480	496.0000
1075.8360	488.0000
1076.3240	488.0000
1076.8160	492.0000
1077.3120	496.0000
1077.8080	496.0000
1078.2920	484.0000
1078.7840	492.0000
1079.2840	500.0000
1079.7720	488.0000
1080.2600	488.0000
1080.7520	492.0000
1081.2400	488.0000
1081.7320	492.0000
1082.2320	500.0000
1082.7240	492.0000
1083.2120	488.0000
1083.7040	492.0000
1084.1960	492.0000
1084.6920	496.0000
1085.1760	484.0000
1085.6680	492.0000
1086.1600	492.0000
1086.6600	500.0000
1087.1520	492.0000
1087.6400	488.0000
1088.1320	492.0000
1088.6280	496.0000
1089.1200	492.0000
1089.6080	488.0000
1090.1000	492.0000
1090.5920	492.0000
1091.0880	496.0000
1091.5840	496.0000
1092.0680	484.0000
1092.5600	492.0000
1093.0600	500.0000
1093.5520	492.0000
1094.0400	488.0000
1094.5320	492.0000
1095.0320	500.0000
1095.5240	492.0000
1096.0080	484.0000
1096.5040	496.0000
1097.0000	496.0000
1097.4920	492.0000
1097.9840	492.0000
1098.4720	488.0000
1098.9640	492.0000
1099.4600	496.0000
1099.9480	488.0000
1100.4360	488.0000
1100.9280	492.0000
1101.4160	488.0000
1101.9160	500.0000
1102.4080	492.0000
1102.8960	488.0000
1103.3880	492.0000
1103.8840	496.0000
1104.3760	492.0000
1104.8640	488.0000
1105.3520	488.0000
1105.8440	492.0000
1106.3320	488.0000
1106.8240	492.0000
1107.3120	488.0000
1107.8040	492.0000
1108.2920	488.0000
1108.7840	492.0000
1109.2760	492.0000
1109.7600	484.0000
1110.2520	492.0000
1110.7440	492.0000
1111.2320	488.0000
1111.7160	484.0000
1112.2040	488.0000
1112.6960	492.0000
1113.1840	488.0000
1113.6680	484.0000
1114.1520	484.0000
1114.6400	488.0000
1115.1320	492.0000
1115.6240	492.0000
1116.1040	480.0000
1116.5920	488.0000
1117.0840	492.0000
1117.5720	488.0000
1118.0560	484.0000
1118.5400	484.0000
1119.0280	488.0000
1119.5120	484.0000
1120.0040	492.0000
1120.4920	488.0000
1120.9760	484.0000
1121.4600	484.0000
1121.9520	492.0000
1122.4400	488.0000
1122.9200	480.0000
1123.4040	484.0000
1123.8960	492.0000
1124.3880	492.0000
1124.8080	420.0000
1125.3560	548.0000
1125.8360	480.0000
1126.3280	492.0000
1126.8200	492.0000
1127.3000	480.0000
1127.7840	484.0000
1128.2800	496.0000
1128.7640	484.0000
1129.2480	484.0000
1129.7320	484.0000
1130.2240	492.0000
1130.7120	488.0000
1131.1960	484.0000
1131.6800	484.0000
1132.1680	488.0000
1132.6560	488.0000
1133.1400	484.0000
1133.6240	484.0000
1134.1120	488.0000
1134.6000	488.0000
1135.0920	492.0000
1135.5760	484.0000
1136.0640	488.0000
1136.5520	488.0000
1137.0480	496.0000
1137.5280	480.0000
1138.0160	488.0000
1138.5040	488.0000
1138.9960	492.0000
1139.4640	468.0000
1139.9680	504.0000
1140.4560	488.0000
1140.9440	488.0000
1141.4360	492.0000
1141.9240	488.0000
1142.4120	488.0000
1142.8960	484.0000
1143.3840	488.0000
1143.8600	476.0000
1144.3520	492.0000
1144.8320	480.0000
1145.3160	484.0000
1145.8040	488.0000
1146.2920	488.0000
1146.7680	476.0000
1147.2560	488.0000
1147.7400	484.0000
1148.2160	476.0000
1148.7000	484.0000
1149.1840	484.0000
1149.6720	488.0000
1150.1560	484.0000
1150.6360	480.0000
1151.1160	480.0000
1151.6000	484.0000
1152.0880	488.0000
1152.5720	484.0000
1153.0520	480.0000
1153.5320	480.0000
1154.0200	488.0000
1154.5000	480.0000
1154.9880	488.0000
1155.4720	484.0000
1155.9480	476.0000
1156.4280	480.0000
1156.9160	488.0000
1157.4000	484.0000
1157.8760	476.0000
1158.3600	484.0000
1158.8400	480.0000
1159.3280	488.0000
1159.8120	484.0000
1160.2880	476.0000
1160.7680	480.0000
1161.2480	480.0000
1161.7360	488.0000
1162.2200	484.0000
1162.6920	472.0000
1163.1760	484.0000
1163.6600	484.0000
1164.1480	488.0000
1164.6280	480.0000
1165.1080	480.0000
1165.5920	484.0000
1166.0720	480.0000
1166.5640	492.0000
1167.0480	484.0000
1167.5240	476.0000
1168.0080	484.0000
1168.4920	484.0000
1168.9840	492.0000
1169.4760	492.0000
1169.9560	480.0000
1170.4400	484.0000
1170.9280	488.0000
1171.4120	484.0000
1171.9040	492.0000
1172.3920	488.0000
1172.8720	480.0000
1173.3560	484.0000
1173.8400	484.0000
1174.3280	488.0000
1174.8200	492.0000
1175.3040	484.0000
1175.7840	480.0000
1176.2720	488.0000
1176.7640	492.0000
1177.2520	488.0000
1177.7320	480.0000
1178.2240	492.0000
1178.7080	484.0000
1179.2040	496.0000
1179.6840	480.0000
1180.1720	488.0000
1180.6600	488.0000
1181.1560	496.0000
1181.6440	488.0000
1182.1240	480.0000
1182.6120	488.0000
1183.1000	488.0000
1183.5960	496.0000
1184.0840	488.0000
1184.5640	480.0000
1185.0560	492.0000
1185.5440	488.0000
1186.0360	492.0000
1186.5280	492.0000
1187.0080	480.0000
1187.4960	488.0000
1187.9880	492.0000
1188.4760	488.0000
1188.9600	484.0000
1189.4440	484.0000
1189.9320	488.0000
1190.4280	496.0000
1190.9120	484.0000
1191.4000	488.0000
1191.8880	488.0000
1192.3840	496.0000
1192.8720	488.0000
1193.3520	480.0000
1193.8400	488.0000
1194.3360	496.0000
1194.8240	488.0000
1195.3040	480.0000
1195.7920	488.0000
1196.2800	488.0000
1196.7760	496.0000
1197.2560	480.0000
1197.7400	484.0000
1198.2280	488.0000
1198.7240	496.0000
1199.2040	480.0000
1199.6880	484.0000
1200.1720	484.0000
1200.6600	488.0000
1201.1520	492.0000
1201.6400	488.0000
1202.1160	476.0000
1202.6040	488.0000
1203.0880	484.0000
1203.5760	488.0000
1204.0600	484.0000
1204.5400	480.0000
1205.0240	484.0000
1205.5160	492.0000
1206.0040	488.0000
1206.4800	476.0000
1206.9640	484.0000
1207.4480	484.0000
1207.9360	488.0000
1208.4160	480.0000
1208.8960	480.0000
1209.3800	484.0000
1209.8680	488.0000
1210.3520	484.0000
1210.8240	472.0000
1211.3080	484.0000
1211.7960	488.0000
1212.2760	480.0000
1212.7520	476.0000
1213.2320	480.0000
1213.7160	484.0000
1214.1960	480.0000
1214.6760	480.0000
1215.1640	488.0000
1215.6480	484.0000
1216.1200	472.0000
1216.6000	480.0000
1217.0840	484.0000
1217.5640	480.0000
1218.0400	476.0000
1218.5160	476.0000
1218.9960	480.0000
1219.4760	480.0000
1219.9600	484.0000
1220.4400	480.0000
1220.9120	472.0000
1221.3920	480.0000
1221.8680	476.0000
1222.3520	484.0000
1222.8320	480.0000
1223.3040	472.0000
1223.7840	480.0000
1224.2640	480.0000
1224.7480	484.0000
1225.2240	476.0000
1225.7040	480.0000
1226.1840	480.0000
1226.6680	484.0000
1227.1480	480.0000
1227.6240	476.0000
1228.1040	480.0000
1228.5840	480.0000
1229.0720	488.0000
1229.5520	480.0000
1230.0280	476.0000
1230.5120	484.0000
1230.9920	480.0000
1231.4800	488.0000
1231.9640	484.0000
1232.4400	476.0000
1232.9240	484.0000
1233.4080	484.0000
1233.8920	484.0000
1234.3720	480.0000
1234.8480	476.0000
1235.3280	480.0000
1235.8160	488.0000
1236.3000	484.0000
1236.7800	480.0000
1237.2560	476.0000
1237.7400	484.0000
1238.2240	484.0000
1238.7080	484.0000
1239.1960	488.0000
1239.6800	484.0000
1240.1600	480.0000
1240.6440	484.0000
1241.1360	492.0000
1241.6200	484.0000
1242.0960	476.0000
1242.5840	488.0000
1243.0720	488.0000
1243.5560	484.0000
1244.0360	480.0000
1244.5160	480.0000
1245.0000	484.0000
1245.4920	492.0000
1245.9800	488.0000
1246.4560	476.0000
1246.9440	488.0000
1247.4320	488.0000
1247.9200	488.0000
1248.4000	480.0000
1248.8840	484.0000
1249.3680	484.0000
1249.8600	492.0000
1250.3480	488.0000
1250.8280	480.0000
1251.3160	488.0000
1251.8000	484.0000
1252.2920	492.0000
1252.7720	480.0000
1253.2560	484.0000
1253.7400	484.0000
1254.2320	492.0000
1254.6720	440.0000
1255.1920	520.0000
1255.6760	484.0000
1256.1640	488.0000
1256.6520	488.0000
1257.1360	484.0000
1257.6200	484.0000
1258.1040	484.0000
1258.5920	488.0000
1259.0800	488.0000
1259.5600	480.0000
1260.0440	484.0000
1260.5320	488.0000
1261.0240	492.0000
1261.5080	484.0000
1261.9920	484.0000
1262.4760	484.0000
1262.9680	492.0000
1263.4520	484.0000
1263.9320	480.0000
1264.4160	484.0000
1264.9000	484.0000
1265.3920	492.0000
1265.8040	412.0000
1266.3560	552.0000
1266.8400	484.0000
1267.3280	488.0000
1267.8160	488.0000
1268.2960	480.0000
1268.7800	484.0000
1269.2680	488.0000
1269.7520	484.0000
1270.2440	492.0000
1270.7240	480.0000
1271.2080	484.0000
1271.6960	488.0000
1272.1880	492.0000
1272.6720	484.0000
1273.1560	484.0000
1273.6320	476.0000
1274.1200	488.0000
1274.6040	484.0000
1275.1000	496.0000
1275.5880	488.0000
1276.0640	476.0000
1276.5520	488.0000
1277.0400	488.0000
1277.5360	496.0000
1278.0200	484.0000
1278.5040	484.0000
1278.9920	488.0000
1279.4880	496.0000
1279.9760	488.0000
1280.4560	480.0000
1280.9400	484.0000
1281.4280	488.0000
1281.9240	496.0000
1282.4120	488.0000
1282.8880	476.0000
1283.3800	492.0000
1283.8720	492.0000
1284.3560	484.0000
1284.8400	484.0000
1285.3200	480.0000
1285.8080	488.0000
1286.3000	492.0000
1286.7880	488.0000
1287.2720	484.0000
1287.7520	480.0000
1288.2400	488.0000
1288.7240	484.0000
1289.2200	496.0000
1289.7080	488.0000
1290.1880	480.0000
1290.6760	488.0000
1291.1640	488.0000
1291.6560	492.0000
1292.1400	484.0000
1292.6280	488.0000
1293.1120	484.0000
1293.6080	496.0000
1294.0960	488.0000
1294.5760	480.0000
1295.0640	488.0000
1295.5520	488.0000
1296.0480	496.0000
1296.5360	488.0000
1297.0160	480.0000
1297.5040	488.0000
1297.9920	488.0000
1298.4840	492.0000
1298.9680	484.0000
1299.4520	484.0000
1299.9400	488.0000
1300.4360	496.0000
1300.9200	484.0000
1301.4000	480.0000
1301.8880	488.0000
1302.3800	492.0000
1302.8520	472.0000
1303.3480	496.0000
1303.8320	484.0000
1304.3200	488.0000
1304.8120	492.0000
1305.3000	488.0000
1305.7800	480.0000
1306.2680	488.0000
1306.7520	484.0000
1307.2480	496.0000
1307.7320	484.0000
1308.2120	480.0000
1308.7000	488.0000
1309.1880	488.0000
1309.6760	488.0000
1310.1560	480.0000
1310.6400	484.0000
1311.1240	484.0000
1311.6160	492.0000
1312.1000	484.0000
1312.5760	476.0000
1313.0600	484.0000
1313.5440	484.0000
1314.0320	488.0000
1314.5160	484.0000
1314.9960	480.0000
1315.4760	480.0000
1315.9600	484.0000
1316.4520	492.0000
1316.9360	484.0000
1317.4160	480.0000
1317.8960	480.0000
1318.3840	488.0000
1318.8720	488.0000
1319.3600	488.0000
1319.8360	476.0000
1320.3200	484.0000
1320.8040	484.0000
1321.2960	492.0000
1321.7800	484.0000
1322.2600	480.0000
1322.7440	484.0000
1323.2280	484.0000
1323.7200	492.0000
1324.2080	488.0000
1324.6840	476.0000
1325.1720	488.0000
1325.6560	484.0000
1326.1480	492.0000
1326.6320	484.0000
1327.1120	480.0000
1327.5960	484.0000
1328.0840	488.0000
1328.5720	488.0000
1329.0480	476.0000
1329.5320	484.0000
1330.0160	484.0000
1330.5040	488.0000
1330.9880	484.0000
1331.4720	484.0000
1331.9520	480.0000
1332.4360	484.0000
1332.9200	484.0000
1333.4040	484.0000
1333.8920	488.0000
1334.3840	492.0000
1334.8640	480.0000
1335.3480	484.0000
1335.8320	484.0000
1336.3240	492.0000
1336.8040	480.0000
1337.2880	484.0000
1337.7760	488.0000
1338.2680	492.0000
1338.7520	484.0000
1339.2320	480.0000
1339.7200	488.0000
1340.2120	492.0000
1340.7000	488.0000
1341.1800	480.0000
1341.6680	488.0000
1342.1520	484.0000
1342.6440	492.0000
1343.1320	488.0000
1343.6160	484.0000
1344.1040	488.0000
1344.5880	484.0000
1345.0880	500.0000
1345.5720	484.0000
1346.0560	484.0000
1346.5440	488.0000
1347.0320	488.0000
1347.5280	496.0000
1348.0160	488.0000
1348.4960	480.0000
1348.9880	492.0000
1349.4800	492.0000
1349.9680	488.0000
1350.4480	480.0000
1350.9360	488.0000
1351.4240	488.0000
1351.9200	496.0000
1352.4000	480.0000
1352.8880	488.0000
1353.3760	488.0000
1353.8680	492.0000
1354.3560	488.0000
1354.8400	484.0000
1355.3240	484.0000
1355.8120	488.0000
1356.3040	492.0000
1356.7920	488.0000
1357.2720	480.0000
1357.7600	488.0000
1358.2480	488.0000
1358.7440	496.0000
1359.2320	488.0000
1359.7120	480.0000
1360.2000	488.0000
1360.6920	492.0000
1361.1840	492.0000
1361.6720	488.0000
1362.1560	484.0000
1362.6440	488.0000
1363.1360	492.0000
1363.6280	492.0000
1364.1160	488.0000
1364.5960	480.0000
1365.0920	496.0000
1365.5800	488.0000
1366.0720	492.0000
1366.5520	480.0000
1367.0440	492.0000
1367.5280	484.0000
1368.0080	480.0000
1368.4960	488.0000
1368.9800	484.0000
1369.4720	492.0000
1369.9560	484.0000
1370.4360	480.0000
1370.9200	484.0000
1371.4040	484.0000
1371.8960	492.0000
1372.3800	484.0000
1372.8560	476.0000
1373.3400	484.0000
1373.8240	484.0000
1374.3200	496.0000
1374.8000	480.0000
1375.2800	480.0000
1375.7640	484.0000
1376.2480	484.0000
1376.7400	492.0000
1377.2200	480.0000
1377.7000	480.0000
1378.1840	484.0000
1378.6760	492.0000
1379.1600	484.0000
1379.6360	476.0000
1380.1200	484.0000
1380.6000	480.0000
1381.0920	492.0000
1381.5760	484.0000
1382.0520	476.0000
1382.5360	484.0000
1383.0200	484.0000
1383.5120	492.0000
1383.9960	484.0000
1384.4720	476.0000
1384.9520	480.0000
1385.4360	484.0000
1385.9240	488.0000
1386.4080	484.0000
1386.8880	480.0000
1387.3680	480.0000
1387.8480	480.0000
1388.3360	488.0000
1388.8160	480.0000
1389.2920	476.0000
1389.7720	480.0000
1390.2560	484.0000
1390.7400	484.0000
1391.2200	480.0000
1391.7000	480.0000
1392.1760	476.0000
1392.6560	480.0000
1393.1360	480.0000
1393.6200	484.0000
1394.1040	484.0000
1394.5840	480.0000
1395.0640	480.0000
1395.5440	480.0000
1396.0320	488.0000
1396.5080	476.0000
1396.9880	480.0000
1397.4680	480.0000
1397.9560	488.0000
1398.4360	480.0000
1398.9120	476.0000
1399.3920	480.0000
1399.8800	488.0000
1400.3600	480.0000
1400.8320	472.0000
1401.3120	480.0000
1401.8000	488.0000
1402.2800	480.0000
1402.7520	472.0000
1403.2320	480.0000
1403.7200	488.0000
1404.2000	480.0000
1404.6720	472.0000
1405.1520	480.0000
1405.6360	484.0000
1406.1160	480.0000
1406.5880	472.0000
1407.0640	476.0000
1407.5440	480.0000
1408.0280	484.0000
1408.5040	476.0000
1408.9800	476.0000
1409.4600	480.0000
1409.9440	484.0000
1410.4240	480.0000
1410.9040	480.0000
1411.3760	472.0000
1411.8600	484.0000
1412.3360	476.0000
1412.8160	480.0000
1413.2960	480.0000
1413.7720	476.0000
1414.2440	472.0000
1414.7280	484.0000
1415.2080	480.0000
1415.6880	480.0000
1416.1680	480.0000
1416.6480	480.0000
1417.1240	476.0000
1417.6040	480.0000
1418.0840	480.0000
1418.5640	480.0000
1419.0440	480.0000
1419.5200	476.0000
1419.9960	476.0000
1420.4720	476.0000
1420.9480	476.0000
1421.4280	480.0000
1421.9080	480.0000
1422.3840	476.0000
1422.8640	480.0000
1423.3440	480.0000
1423.8200	476.0000
1424.2920	472.0000
1424.7720	480.0000
1425.2520	480.0000
1425.7280	476.0000
1426.2120	484.0000
1426.6880	476.0000
1427.1680	480.0000
1427.6480	480.0000
1428.1240	476.0000
1428.6000	476.0000
1429.0880	488.0000
1429.5640	476.0000
1430.0440	480.0000
1430.5320	488.0000
1431.0120	480.0000
1431.4880	476.0000
1431.9640	476.0000
1432.4440	480.0000
1432.9320	488.0000
1433.4040	472.0000
1433.8840	480.0000
1434.3600	476.0000
1434.8400	480.0000
1435.3160	476.0000
1435.8000	484.0000
1436.2840	484.0000
1436.7560	472.0000
1437.2360	480.0000
1437.7200	484.0000
1438.1960	476.0000
1438.6800	484.0000
1439.1600	480.0000
1439.6400	480.0000
1440.1160	476.0000
1440.6040	488.0000
1441.0840	480.0000
1441.5640	480.0000
1442.0400	476.0000
1442.5200	480.0000
1443.0080	488.0000
1443.4880	480.0000
1443.9600	472.0000
1444.4400	480.0000
1444.9240	484.0000
1445.4080	484.0000
1445.8840	476.0000
1446.3600	476.0000
1446.8400	480.0000
1447.3200	480.0000
1447.8080	488.0000
1448.2880	480.0000
1448.7600	472.0000
1449.2400	480.0000
1449.7200	480.0000
1450.2040	484.0000
1450.6880	484.0000
1451.1600	472.0000
1451.6400	480.0000
1452.1280	488.0000
1452.6080	480.0000
1453.0800	472.0000
1453.5640	484.0000
1454.0440	480.0000
1454.5240	480.0000
1455.0120	488.0000
1455.4920	480.0000
1455.9720	480.0000
1456.4480	476.0000
1456.9280	480.0000
1457.4080	480.0000
1457.8960	488.0000
1458.3760	480.0000
1458.8520	476.0000
1459.3320	480.0000
1459.8160	484.0000
1460.3040	488.0000
1460.7800	476.0000
1461.2600	480.0000
1461.7400	480.0000
1462.2280	488.0000
1462.7080	480.0000
1463.1840	476.0000
1463.6640	480.0000
1464.1440	480.0000
1464.6280	484.0000
1465.1120	484.0000
1465.5840	472.0000
1466.0600	476.0000
1466.5400	480.0000
1467.0280	488.0000
1467.5080	480.0000
1467.9840	476.0000
1468.4640	480.0000
1468.9480	484.0000
1469.4320	484.0000
1469.9120	480.0000
1470.3920	480.0000
1470.8720	480.0000
1471.3600	488.0000
1471.8440	484.0000
1472.2880	444.0000
1472.8000	512.0000
1473.2840	484.0000
1473.7640	480.0000
1474.2400	476.0000
1474.7320	492.0000
1475.2120	480.0000
1475.6880	476.0000
1476.1720	484.0000
1476.6560	484.0000
1477.1400	484.0000
1477.6200	480.0000
1478.0960	476.0000
1478.5760	480.0000
1479.0640	488.0000
1479.5440	480.0000
1480.0280	484.0000
1480.5040	476.0000
1480.9840	480.0000
1481.4640	480.0000
1481.9520	488.0000
1482.4320	480.0000
1482.9080	476.0000
1483.3880	480.0000
1483.8680	480.0000
1484.3560	488.0000
1484.8320	476.0000
1485.3080	476.0000
1485.7880	480.0000
1486.2680	480.0000
1486.7560	488.0000
1487.2360	480.0000
1487.7080	472.0000
1488.1920	484.0000
1488.6720	480.0000
1489.1520	480.0000
1489.6360	484.0000
1490.1200	484.0000
1490.5920	472.0000
1491.0760	484.0000
1491.5640	488.0000
1492.0440	480.0000
1492.5000	456.0000
1492.9960	496.0000
1493.4760	480.0000
1493.9640	488.0000
1494.4440	480.0000
1494.9200	476.0000
1495.4040	484.0000
1495.8840	480.0000
1496.3720	488.0000
1496.8560	484.0000
1497.2800	424.0000
1497.8120	532.0000
1498.2920	480.0000
1498.7800	488.0000
1499.2600	480.0000
1499.7400	480.0000
1500.2200	480.0000
1500.7000	480.0000
1501.1840	484.0000
1501.6720	488.0000
1502.1520	480.0000
1502.6280	476.0000
1503.1080	480.0000
1503.5960	488.0000
1504.0760	480.0000
1504.5480	472.0000
1505.0360	488.0000
1505.5160	480.0000
1505.9960	480.0000
1506.4840	488.0000
1506.9600	476.0000
1507.4400	480.0000
1507.9200	480.0000
1508.4040	484.0000
1508.8840	480.0000
1509.3600	476.0000
1509.8400	480.0000
1510.3160	476.0000
1510.8040	488.0000
1511.2880	484.0000
1511.7600	472.0000
1512.2400	480.0000
1512.7240	484.0000
1513.2080	484.0000
1513.6880	480.0000
1514.1600	472.0000
1514.6400	480.0000
1515.1280	488.0000
1515.6080	480.0000
1516.0840	476.0000
1516.5640	480.0000
1517.0480	484.0000
1517.5320	484.0000
1518.0120	480.0000
1518.4880	476.0000
1518.9680	480.0000
1519.4480	480.0000
1519.9320	484.0000
1520.4120	480.0000
1520.8840	472.0000
1521.3640	480.0000
1521.8440	480.0000
1522.3320	488.0000
1522.8120	480.0000
1523.2920	480.0000
1523.7640	472.0000
1524.2480	484.0000
1524.7240	476.0000
1525.2080	484.0000
1525.6920	484.0000
1526.1680	476.0000
1526.6440	476.0000
1527.1240	480.0000
1527.6080	484.0000
1528.0920	484.0000
1528.5600	468.0000
1529.0440	484.0000
1529.5200	476.0000
1530.0080	488.0000
1530.4840	476.0000
1530.9600	476.0000
1531.4400	480.0000
1531.9240	484.0000
1532.4040	480.0000
1532.8760	472.0000
1533.3600	484.0000
1533.8400	480.0000
1534.3200	480.0000
1534.8000	480.0000
1535.2720	472.0000
1535.7480	476.0000
1536.2280	480.0000
1536.7120	484.0000
1537.1880	476.0000
1537.6600	472.0000
1538.1400	480.0000
1538.6200	480.0000
1539.1080	488.0000
1539.5840	476.0000
1540.0560	472.0000
1540.5320	476.0000
1541.0200	488.0000
1541.4960	476.0000
1541.9680	472.0000
1542.4480	480.0000
1542.9240	476.0000
1543.3960	472.0000
1543.8840	488.0000
1544.3600	476.0000
1544.8280	468.0000
1545.3040	476.0000
1545.7800	476.0000
1546.2640	484.0000
1546.7400	476.0000
1547.2080	468.0000
1547.6840	476.0000
1548.1600	476.0000
1548.6440	484.0000
1549.1200	476.0000
1549.5960	476.0000
1550.0680	472.0000
1550.5400	472.0000
1551.0160	476.0000
1551.5000	484.0000
1551.9760	476.0000
1552.4440	468.0000
1552.9240	480.0000
1553.4000	476.0000
1553.8800	480.0000
1554.3560	476.0000
1554.8240	468.0000
1555.3000	476.0000
1555.7760	476.0000
1556.2600	484.0000
1556.7320	472.0000
1557.2040	472.0000
1557.6760	472.0000
1558.1480	472.0000
1558.6320	484.0000
1559.1080	476.0000
1559.5800	472.0000
1560.0520	472.0000
1560.5320	480.0000
1561.0080	476.0000
1561.4760	468.0000
1561.9480	472.0000
1562.4240	476.0000
1562.9040	480.0000
1563.3800	476.0000
1563.8480	468.0000
1564.3200	472.0000
1564.7920	472.0000
1565.2760	484.0000
1565.7480	472.0000
1566.2160	468.0000
1566.6920	476.0000
1567.1720	480.0000
1567.6440	472.0000
1568.1200	476.0000
1568.5880	468.0000
1569.0600	472.0000
1569.5320	472.0000
1570.0120	480.0000
1570.4880	476.0000
1570.9560	468.0000
1571.4280	472.0000
1571.9080	480.0000
1572.3840	476.0000
1572.8520	468.0000
1573.3240	472.0000
1573.8000	476.0000
1574.2800	480.0000
1574.7520	472.0000
1575.2200	468.0000
1575.6960	476.0000
1576.1680	472.0000
1576.6480	480.0000
1577.1200	472.0000
1577.5920	472.0000
1578.0640	472.0000
1578.5440	480.0000
1579.0200	476.0000
1579.4280	408.0000
1579.9560	528.0000
1580.4280	472.0000
1580.9080	480.0000
1581.3840	476.0000
1581.8520	468.0000
1582.3240	472.0000
1582.8000	476.0000
1583.2760	476.0000
1583.7400	464.0000
1584.2120	472.0000
1584.6840	472.0000
1585.1640	480.0000
1585.6360	472.0000
1586.1000	464.0000
1586.5680	468.0000
1587.0400	472.0000
1587.5200	480.0000
1587.9920	472.0000
1588.4640	472.0000
1588.9280	464.0000
1589.4000	472.0000
1589.8720	472.0000
1590.3400	468.0000
1590.8200	480.0000
1591.2880	468.0000
1591.7600	472.0000
1592.2280	468.0000
1592.7080	480.0000
1593.1800	472.0000
1593.6440	464.0000
1594.1160	472.0000
1594.5880	472.0000
1595.0680	480.0000
1595.5360	468.0000
1596.0000	464.0000
1596.4720	472.0000
1596.9440	472.0000
1597.4240	480.0000
1597.8880	464.0000
1598.3600	472.0000
1598.8320	472.0000
1599.3080	476.0000
1599.7800	472.0000
1600.2480	468.0000
1600.7120	464.0000
1601.1840	472.0000
1601.6600	476.0000
1602.1320	472.0000
1602.5960	464.0000
1603.0680	472.0000
1603.5360	468.0000
1604.0120	476.0000
1604.4800	468.0000
1604.9480	468.0000
1605.4160	468.0000
1605.8800	464.0000
1606.3600	480.0000
1606.8280	468.0000
1607.2920	464.0000
1607.7640	472.0000
1608.2320	468.0000
1608.7080	476.0000
1609.1760	468.0000
1609.6400	464.0000
1610.1080	468.0000
1610.5840	476.0000
1611.0520	468.0000
1611.5160	464.0000
1611.9800	464.0000
1612.4480	468.0000
1612.9240	476.0000
1613.3960	472.0000
1613.8600	464.0000
1614.3200	460.0000
1614.7920	472.0000
1615.2560	464.0000
1615.7320	476.0000
1616.2000	468.0000
1616.6600	460.0000
1617.1280	468.0000
1617.5920	464.0000
1618.0680	476.0000
1618.5360	468.0000
1618.9960	460.0000
1619.4640	468.0000
1619.9280	464.0000
1620.4000	472.0000
1620.8680	468.0000
1621.3360	468.0000
1621.7960	460.0000
1622.2680	472.0000
1622.7320	464.0000
1623.2080	476.0000
1623.6720	464.0000
1624.1320	460.0000
1624.6000	468.0000
1625.0720	472.0000
1625.5400	468.0000
1626.0080	468.0000
1626.4680	460.0000
1626.9360	468.0000
1627.4000	464.0000
1627.8760	476.0000
1628.3440	468.0000
1628.8040	460.0000
1629.2720	468.0000
1629.7360	464.0000
1630.2040	468.0000
1630.6800	476.0000
1631.1440	464.0000
1631.6040	460.0000
1632.0720	468.0000
1632.5400	468.0000
1633.0160	476.0000
1633.4840	468.0000
1633.9480	464.0000
1634.4160	468.0000
1634.8840	468.0000
1635.3600	476.0000
1635.8280	468.0000
1636.2920	464.0000
1636.7600	468.0000
1637.2280	468.0000
1637.7000	472.0000
1638.1720	472.0000
1638.6360	464.0000
1639.1000	464.0000
1639.5720	472.0000
1640.0480	476.0000
1640.5120	464.0000
1640.9800	468.0000
1641.4480	468.0000
1641.9160	468.0000
1642.3960	480.0000
1642.8600	464.0000
1643.3320	472.0000
1643.7960	464.0000
1644.2640	468.0000
1644.7360	472.0000
1645.2040	468.0000
1645.6840	480.0000
1646.1560	472.0000
1646.6200	464.0000
1647.0920	472.0000
1647.5680	476.0000
1648.0400	472.0000
1648.5040	464.0000
1648.9760	472.0000
1649.4440	468.0000
1649.9200	476.0000
1650.3920	472.0000
1650.8600	468.0000
1651.3320	472.0000
1651.8000	468.0000
1652.2800	480.0000
1652.7480	468.0000
1653.2160	468.0000
1653.6880	472.0000
1654.1640	476.0000
1654.6320	468.0000
1655.1120	480.0000
1655.5800	468.0000
1656.0480	468.0000
1656.5200	472.0000
1657.0000	480.0000
1657.4720	472.0000
1657.9360	464.0000
1658.4080	472.0000
1658.8800	472.0000
1659.3600	480.0000
1659.8280	468.0000
1660.2960	468.0000
1660.7720	476.0000
1661.2400	468.0000
1661.7200	480.0000
1662.1920	472.0000
1662.6600	468.0000
1663.1280	468.0000
1663.6040	476.0000
1664.0840	480.0000
1664.5520	468.0000
1665.0200	468.0000
1665.4920	472.0000
1665.9720	480.0000
1666.4440	472.0000
1666.9120	468.0000
1667.3840	472.0000
1667.8520	468.0000
1668.3240	472.0000
1668.8080	484.0000
1669.2800	472.0000
1669.7440	464.0000
1670.2200	476.0000
1670.6920	472.0000
1671.1720	480.0000
1671.6440	472.0000
1672.1120	468.0000
1672.5880	476.0000
1673.0600	472.0000
1673.5440	484.0000
1674.0160	472.0000
1674.4800	464.0000
1674.9560	476.0000
1675.4320	476.0000
1675.9120	480.0000
1676.3880	476.0000
1676.8520	464.0000
1677.3320	480.0000
1677.8000	468.0000
1678.2800	480.0000
1678.7560	476.0000
1679.2240	468.0000
1679.7000	476.0000
1680.1720	472.0000
1680.6520	480.0000
1681.1280	476.0000
1681.5960	468.0000
1682.0720	476.0000
1682.5440	472.0000
1683.0280	484.0000
1683.5040	476.0000
1683.9720	468.0000
1684.4440	472.0000
1684.9200	476.0000
1685.3920	472.0000
1685.8760	484.0000
1686.3520	476.0000
1686.8160	464.0000
1687.2920	476.0000
1687.7680	476.0000
1688.2480	480.0000
1688.7240	476.0000
1689.1920	468.0000
1689.6640	472.0000
1690.1360	472.0000
1690.6120	476.0000
1691.0960	484.0000
1691.5680	472.0000
1692.0360	468.0000
1692.5120	476.0000
1692.9840	472.0000
1693.4680	484.0000
1693.9400	472.0000
1694.4120	472.0000
1694.8880	476.0000
1695.3600	472.0000
1695.8440	484.0000
1696.3200	476.0000
1696.7880	468.0000
1697.2640	476.0000
1697.7400	476.0000
1698.2200	480.0000
1698.6960	476.0000
1699.1680	472.0000
1699.6440	476.0000
1700.1240	480.0000
1700.6040	480.0000
1701.0840	480.0000
1701.5520	468.0000
1702.0320	480.0000
1702.5080	476.0000
1702.9960	488.0000
1703.4720	476.0000
1703.9520	480.0000
1704.4200	468.0000
1704.9000	480.0000
1705.3800	480.0000
1705.8600	480.0000
1706.3440	484.0000
1706.8240	480.0000
1707.2960	472.0000
1707.7800	484.0000
1708.2600	480.0000
1708.7400	480.0000
1709.2120	472.0000
1709.6920	480.0000
1710.1760	484.0000
1710.6560	480.0000
1711.1240	468.0000
1711.6040	480.0000
1712.0880	484.0000
1712.5640	476.0000
1713.0360	472.0000
1713.5120	476.0000
1713.9960	484.0000
1714.4760	480.0000
1714.9480	472.0000
1715.4240	476.0000
1715.9000	476.0000
1716.3840	484.0000
1716.8640	480.0000
1717.3360	472.0000
1717.8120	476.0000
1718.3000	488.0000
1718.7760	476.0000
1719.2440	468.0000
1719.7240	480.0000
1720.2080	484.0000
1720.6880	480.0000
1721.1600	472.0000
1721.6360	476.0000
1722.1160	480.0000
1722.6000	484.0000
1723.0760	476.0000
1723.5520	476.0000
1724.0320	480.0000
1724.5160	484.0000
1724.9960	480.0000
1725.4680	472.0000
1725.9160	448.0000
1726.4240	508.0000
1726.9040	480.0000
1727.3920	488.0000
1727.8640	472.0000
1728.3080	444.0000
1728.8280	520.0000
1729.3040	476.0000
1729.7880	484.0000
1730.2600	472.0000
1730.7360	476.0000
1731.2160	480.0000
1731.6920	476.0000
1732.1760	484.0000
1732.6560	480.0000
1733.1280	472.0000
1733.6040	476.0000
1734.0840	480.0000
1734.5720	488.0000
1735.0480	476.0000
1735.5200	472.0000
1735.9920	472.0000
1736.4720	480.0000
1736.9520	480.0000
1737.4360	484.0000
1737.9160	480.0000
1738.3840	468.0000
1738.8600	476.0000
1739.3400	480.0000
1739.8160	476.0000
1740.3040	488.0000
1740.7800	476.0000
1741.2480	468.0000
1741.7280	480.0000
1742.2040	476.0000
1742.6840	480.0000
1743.1680	484.0000
1743.6440	476.0000
1744.1160	472.0000
1744.5920	476.0000
1745.0680	476.0000
1745.5520	484.0000
1746.0320	480.0000
1746.5040	472.0000
1746.9800	476.0000
1747.4560	476.0000
1747.9400	484.0000
1748.4160	476.0000
1748.8880	472.0000
1749.3680	480.0000
1749.8480	480.0000
1750.3280	480.0000
1750.8000	472.0000
1751.2760	476.0000
1751.7520	476.0000
1752.2320	480.0000
1752.7120	480.0000
1753.1880	476.0000
1753.6560	468.0000
1754.1320	476.0000
1754.6080	476.0000
1755.0880	480.0000
1755.5720	484.0000
1756.0440	472.0000
1756.5160	472.0000
1756.9920	476.0000
1757.4720	480.0000
1757.9520	480.0000
1758.4240	472.0000
1758.9000	476.0000
1759.3760	476.0000
1759.8600	484.0000
1760.3360	476.0000
1760.8040	468.0000
1761.2760	472.0000
1761.7520	476.0000
1762.2360	484.0000
1762.7080	472.0000
1763.1760	468.0000
1763.6520	476.0000
1764.1280	476.0000
1764.6080	480.0000
1765.0840	476.0000
1765.5520	468.0000
1766.0280	476.0000
1766.5000	472.0000
1766.9840	484.0000
1767.4600	476.0000
1767.9240	464.0000
1768.4000	476.0000
1768.8760	476.0000
1769.3600	484.0000
1769.8320	472.0000
1770.3000	468.0000
1770.7720	472.0000
1771.2480	476.0000
1771.7240	476.0000
1772.2040	480.0000
1772.6680	464.0000
1773.1440	476.0000
1773.6160	472.0000
1774.0920	476.0000
1774.5720	480.0000
1775.0480	476.0000
1775.5200	472.0000
1775.9880	468.0000
1776.4640	476.0000
1776.9360	472.0000
1777.4120	476.0000
1777.8960	484.0000
1778.3640	468.0000
1778.8360	472.0000
1779.3120	476.0000
1779.7880	476.0000
1780.2680	480.0000
1780.7320	464.0000
1781.2120	480.0000
1781.6800	468.0000
1782.1520	472.0000
1782.6320	480.0000
1783.1040	472.0000
1783.5720	468.0000
1784.0440	472.0000
1784.5160	472.0000
1784.9960	480.0000
1785.4680	472.0000
1785.9360	468.0000
1786.4120	476.0000
1786.8920	480.0000
1787.3640	472.0000
1787.8280	464.0000
1788.3000	472.0000
1788.7720	472.0000
1789.2520	480.0000
1789.7240	472.0000
1790.1880	464.0000
1790.6600	472.0000
1791.1320	472.0000
1791.6120	480.0000
1792.0840	472.0000
1792.5480	464.0000
1793.0200	472.0000
1793.4920	472.0000
1793.9720	480.0000
1794.4400	468.0000
1794.9080	468.0000
1795.3760	468.0000
1795.8480	472.0000
1796.3280	480.0000
1796.7920	464.0000
1797.2600	468.0000
1797.7320	472.0000
1798.2080	476.0000
1798.6760	468.0000
1799.1400	464.0000
1799.6080	468.0000
