  1.9080000e+000  9.3600000e+002
  2.8600000e+000  9.5200000e+002
  3.8200000e+000  9.6000000e+002
  4.7320000e+000  9.1200000e+002
  5.6720000e+000  9.4000000e+002
  6.5720000e+000  9.0000000e+002
  7.5280000e+000  9.5600000e+002
  8.4320000e+000  9.0400000e+002
  9.3720000e+000  9.4000000e+002
  1.0312000e+001  9.4000000e+002
  1.1244000e+001  9.3200000e+002
  1.2140000e+001  8.9600000e+002
  1.3068000e+001  9.2800000e+002
  1.3972000e+001  9.0400000e+002
  1.4884000e+001  9.1200000e+002
  1.5772000e+001  8.8800000e+002
  1.6728000e+001  9.5600000e+002
  1.7672000e+001  9.4400000e+002
  1.8568000e+001  8.9600000e+002
  1.9484000e+001  9.1600000e+002
  2.0412000e+001  9.2800000e+002
  2.1348000e+001  9.3600000e+002
  2.2272000e+001  9.2400000e+002
  2.3172000e+001  9.0000000e+002
  2.4108000e+001  9.3600000e+002
  2.5052000e+001  9.4400000e+002
  2.5952000e+001  9.0000000e+002
  2.6884000e+001  9.3200000e+002
  2.7792000e+001  9.0800000e+002
  2.8712000e+001  9.2000000e+002
  2.9624000e+001  9.1200000e+002
  3.0572000e+001  9.4800000e+002
  3.1492000e+001  9.2000000e+002
  3.2412000e+001  9.2000000e+002
  3.3316000e+001  9.0400000e+002
  3.4232000e+001  9.1600000e+002
  3.5156000e+001  9.2400000e+002
  3.6040000e+001  8.8400000e+002
  3.6932000e+001  8.9200000e+002
  3.7824000e+001  8.9200000e+002
  3.8732000e+001  9.0800000e+002
  3.9584000e+001  8.5200000e+002
  4.0464000e+001  8.8000000e+002
  4.1356000e+001  8.9200000e+002
  4.2276000e+001  9.2000000e+002
  4.3152000e+001  8.7600000e+002
  4.4032000e+001  8.8000000e+002
  4.4960000e+001  9.2800000e+002
  4.5876000e+001  9.1600000e+002
  4.6816000e+001  9.4000000e+002
  4.7720000e+001  9.0400000e+002
  4.8644000e+001  9.2400000e+002
  4.9572000e+001  9.2800000e+002
  5.0492000e+001  9.2000000e+002
  5.1396000e+001  9.0400000e+002
  5.2312000e+001  9.1600000e+002
  5.3224000e+001  9.1200000e+002
  5.4152000e+001  9.2800000e+002
  5.5056000e+001  9.0400000e+002
  5.5976000e+001  9.2000000e+002
  5.6924000e+001  9.4800000e+002
  5.7848000e+001  9.2400000e+002
  5.8752000e+001  9.0400000e+002
  5.9692000e+001  9.4000000e+002
  6.0616000e+001  9.2400000e+002
  6.1536000e+001  9.2000000e+002
  6.2456000e+001  9.2000000e+002
  6.3400000e+001  9.4400000e+002
  6.4344000e+001  9.4400000e+002
  6.5268000e+001  9.2400000e+002
  6.6204000e+001  9.3600000e+002
  6.7164000e+001  9.6000000e+002
  6.8140000e+001  9.7600000e+002
  6.9080000e+001  9.4000000e+002
  7.0032000e+001  9.5200000e+002
  7.0988000e+001  9.5600000e+002
  7.1944000e+001  9.5600000e+002
  7.2848000e+001  9.0400000e+002
  7.3808000e+001  9.6000000e+002
  7.4784000e+001  9.7600000e+002
  7.5708000e+001  9.2400000e+002
  7.6612000e+001  9.0400000e+002
  7.7568000e+001  9.5600000e+002
  7.8532000e+001  9.6400000e+002
  7.9448000e+001  9.1600000e+002
  8.0404000e+001  9.5600000e+002
  8.1348000e+001  9.4400000e+002
  8.2296000e+001  9.4800000e+002
  8.3220000e+001  9.2400000e+002
  8.4176000e+001  9.5600000e+002
  8.5136000e+001  9.6000000e+002
  8.6076000e+001  9.4000000e+002
  8.7012000e+001  9.3600000e+002
  8.7964000e+001  9.5200000e+002
  8.8904000e+001  9.4000000e+002
  8.9836000e+001  9.3200000e+002
  9.0772000e+001  9.3600000e+002
  9.1744000e+001  9.7200000e+002
  9.2644000e+001  9.0000000e+002
  9.3592000e+001  9.4800000e+002
  9.4544000e+001  9.5200000e+002
  9.5464000e+001  9.2000000e+002
  9.6404000e+001  9.4000000e+002
  9.7324000e+001  9.2000000e+002
  9.8304000e+001  9.8000000e+002
  9.9252000e+001  9.4800000e+002
  1.0019200e+002  9.4000000e+002
  1.0114400e+002  9.5200000e+002
  1.0211600e+002  9.7200000e+002
  1.0306800e+002  9.5200000e+002
  1.0398800e+002  9.2000000e+002
  1.0494800e+002  9.6000000e+002
  1.0592000e+002  9.7200000e+002
  1.0689200e+002  9.7200000e+002
  1.0783600e+002  9.4400000e+002
  1.0880000e+002  9.6400000e+002
  1.0976000e+002  9.6000000e+002
  1.1069200e+002  9.3200000e+002
  1.1162000e+002  9.2800000e+002
  1.1259200e+002  9.7200000e+002
  1.1352000e+002  9.2800000e+002
  1.1444800e+002  9.2800000e+002
  1.1542000e+002  9.7200000e+002
  1.1638000e+002  9.6000000e+002
  1.1734000e+002  9.6000000e+002
  1.1826000e+002  9.2000000e+002
  1.1922000e+002  9.6000000e+002
  1.2014000e+002  9.2000000e+002
  1.2104000e+002  9.0000000e+002
  1.2196400e+002  9.2400000e+002
  1.2288800e+002  9.2400000e+002
  1.2377200e+002  8.8400000e+002
  1.2467600e+002  9.0400000e+002
  1.2560400e+002  9.2800000e+002
  1.2653200e+002  9.2800000e+002
  1.2743200e+002  9.0000000e+002
  1.2834400e+002  9.1200000e+002
  1.2929600e+002  9.5200000e+002
  1.3023200e+002  9.3600000e+002
  1.3114000e+002  9.0800000e+002
  1.3209200e+002  9.5200000e+002
  1.3304800e+002  9.5600000e+002
  1.3397200e+002  9.2400000e+002
  1.3489200e+002  9.2000000e+002
  1.3582400e+002  9.3200000e+002
  1.3677600e+002  9.5200000e+002
  1.3771200e+002  9.3600000e+002
  1.3862400e+002  9.1200000e+002
  1.3958000e+002  9.5600000e+002
  1.4054400e+002  9.6400000e+002
  1.4150000e+002  9.5600000e+002
  1.4244800e+002  9.4800000e+002
  1.4340400e+002  9.5600000e+002
  1.4438400e+002  9.8000000e+002
  1.4534400e+002  9.6000000e+002
  1.4631600e+002  9.7200000e+002
  1.4729600e+002  9.8000000e+002
  1.4826000e+002  9.6400000e+002
  1.4923600e+002  9.7600000e+002
  1.5020000e+002  9.6400000e+002
  1.5118800e+002  9.8800000e+002
  1.5215600e+002  9.6800000e+002
  1.5312400e+002  9.6800000e+002
  1.5410400e+002  9.8000000e+002
  1.5506400e+002  9.6000000e+002
  1.5599200e+002  9.2800000e+002
  1.5692800e+002  9.3600000e+002
  1.5789600e+002  9.6800000e+002
  1.5882400e+002  9.2800000e+002
  1.5977200e+002  9.4800000e+002
  1.6072400e+002  9.5200000e+002
  1.6166800e+002  9.4400000e+002
  1.6258000e+002  9.1200000e+002
  1.6352800e+002  9.4800000e+002
  1.6448400e+002  9.5600000e+002
  1.6540000e+002  9.1600000e+002
  1.6632000e+002  9.2000000e+002
  1.6724800e+002  9.2800000e+002
  1.6816800e+002  9.2000000e+002
  1.6907600e+002  9.0800000e+002
  1.7000000e+002  9.2400000e+002
  1.7096400e+002  9.6400000e+002
  1.7188800e+002  9.2400000e+002
  1.7278800e+002  9.0000000e+002
  1.7372000e+002  9.3200000e+002
  1.7466000e+002  9.4000000e+002
  1.7558000e+002  9.2000000e+002
  1.7649200e+002  9.1200000e+002
  1.7744000e+002  9.4800000e+002
  1.7834800e+002  9.0800000e+002
  1.7924800e+002  9.0000000e+002
  1.8018800e+002  9.4000000e+002
  1.8114800e+002  9.6000000e+002
  1.8206800e+002  9.2000000e+002
  1.8296800e+002  9.0000000e+002
  1.8390000e+002  9.3200000e+002
  1.8485600e+002  9.5600000e+002
  1.8576400e+002  9.0800000e+002
  1.8670800e+002  9.4400000e+002
  1.8766000e+002  9.5200000e+002
  1.8862400e+002  9.6400000e+002
  1.8958400e+002  9.6000000e+002
  1.9052800e+002  9.4400000e+002
  1.9149200e+002  9.6400000e+002
  1.9242400e+002  9.3200000e+002
  1.9337200e+002  9.4800000e+002
  1.9427200e+002  9.0000000e+002
  1.9522800e+002  9.5600000e+002
  1.9617200e+002  9.4400000e+002
  1.9706400e+002  8.9200000e+002
  1.9799200e+002  9.2800000e+002
  1.9891600e+002  9.2400000e+002
  1.9986000e+002  9.4400000e+002
  2.0077200e+002  9.1200000e+002
  2.0171200e+002  9.4000000e+002
  2.0264400e+002  9.3200000e+002
  2.0356400e+002  9.2000000e+002
  2.0446400e+002  9.0000000e+002
  2.0540400e+002  9.4000000e+002
  2.0636000e+002  9.5600000e+002
  2.0729600e+002  9.3600000e+002
  2.0820400e+002  9.0800000e+002
  2.0915200e+002  9.4800000e+002
  2.1009600e+002  9.4400000e+002
  2.1102000e+002  9.2400000e+002
  2.1192400e+002  9.0400000e+002
  2.1285200e+002  9.2800000e+002
  2.1378000e+002  9.2800000e+002
  2.1471600e+002  9.3600000e+002
  2.1561200e+002  8.9600000e+002
  2.1657200e+002  9.6000000e+002
  2.1751600e+002  9.4400000e+002
  2.1844400e+002  9.2800000e+002
  2.1936000e+002  9.1600000e+002
  2.2030400e+002  9.4400000e+002
  2.2128400e+002  9.8000000e+002
  2.2222000e+002  9.3600000e+002
  2.2314400e+002  9.2400000e+002
  2.2408400e+002  9.4000000e+002
  2.2505200e+002  9.6800000e+002
  2.2598000e+002  9.2800000e+002
  2.2687600e+002  8.9600000e+002
  2.2780000e+002  9.2400000e+002
  2.2874000e+002  9.4000000e+002
  2.2964400e+002  9.0400000e+002
  2.3055200e+002  9.0800000e+002
  2.3152400e+002  9.7200000e+002
  2.3246000e+002  9.3600000e+002
  2.3336000e+002  9.0000000e+002
  2.3433200e+002  9.7200000e+002
  2.3527200e+002  9.4000000e+002
  2.3625200e+002  9.8000000e+002
  2.3718400e+002  9.3200000e+002
  2.3813600e+002  9.5200000e+002
  2.3912400e+002  9.8800000e+002
  2.4007200e+002  9.4800000e+002
  2.4100400e+002  9.3200000e+002
  2.4196000e+002  9.5600000e+002
  2.4292400e+002  9.6400000e+002
  2.4386000e+002  9.3600000e+002
  2.4478000e+002  9.2000000e+002
  2.4575200e+002  9.7200000e+002
  2.4673200e+002  9.8000000e+002
  2.4766800e+002  9.3600000e+002
  2.4860000e+002  9.3200000e+002
  2.4956800e+002  9.6800000e+002
  2.5054800e+002  9.8000000e+002
  2.5150800e+002  9.6000000e+002
  2.5242400e+002  9.1600000e+002
  2.5342800e+002  1.0040000e+003
  2.5440400e+002  9.7600000e+002
  2.5534400e+002  9.4000000e+002
  2.5626400e+002  9.2000000e+002
  2.5724000e+002  9.7600000e+002
  2.5818800e+002  9.4800000e+002
  2.5910400e+002  9.1600000e+002
  2.6005600e+002  9.4800000e+002
  2.6097600e+002  9.2000000e+002
  2.6188000e+002  9.0400000e+002
  2.6280800e+002  9.2800000e+002
  2.6374400e+002  9.3600000e+002
  2.6464000e+002  8.9600000e+002
  2.6554800e+002  9.0800000e+002
  2.6646800e+002  9.2000000e+002
  2.6738800e+002  9.2000000e+002
  2.6830800e+002  9.2000000e+002
  2.6923600e+002  9.2800000e+002
  2.7016400e+002  9.2800000e+002
  2.7110400e+002  9.4000000e+002
  2.7201600e+002  9.1200000e+002
  2.7294400e+002  9.2800000e+002
  2.7392000e+002  9.7600000e+002
  2.7482800e+002  9.0800000e+002
  2.7578400e+002  9.5600000e+002
  2.7672400e+002  9.4000000e+002
  2.7766800e+002  9.4400000e+002
  2.7860800e+002  9.4000000e+002
  2.7956000e+002  9.5200000e+002
  2.8051600e+002  9.5600000e+002
  2.8146400e+002  9.4800000e+002
  2.8242400e+002  9.6000000e+002
  2.8339600e+002  9.7200000e+002
  2.8432400e+002  9.2800000e+002
  2.8532400e+002  1.0000000e+003
  2.8624400e+002  9.2000000e+002
  2.8718000e+002  9.3600000e+002
  2.8813600e+002  9.5600000e+002
  2.8907600e+002  9.4000000e+002
  2.8998400e+002  9.0800000e+002
  2.9094800e+002  9.6400000e+002
  2.9193600e+002  9.8800000e+002
  2.9289200e+002  9.5600000e+002
  2.9386000e+002  9.6800000e+002
  2.9484400e+002  9.8400000e+002
  2.9582400e+002  9.8000000e+002
  2.9674800e+002  9.2400000e+002
  2.9770800e+002  9.6000000e+002
  2.9867600e+002  9.6800000e+002
  2.9960800e+002  9.3200000e+002
  3.0052800e+002  9.2000000e+002
  3.0147600e+002  9.4800000e+002
  3.0243600e+002  9.6000000e+002
  3.0336400e+002  9.2800000e+002
  3.0431600e+002  9.5200000e+002
  3.0527600e+002  9.6000000e+002
  3.0620800e+002  9.3200000e+002
  3.0716400e+002  9.5600000e+002
  3.0812000e+002  9.5600000e+002
  3.0908800e+002  9.6800000e+002
  3.1002800e+002  9.4000000e+002
  3.1100800e+002  9.8000000e+002
  3.1200800e+002  1.0000000e+003
  3.1295600e+002  9.4800000e+002
  3.1394800e+002  9.9200000e+002
  3.1494000e+002  9.9200000e+002
  3.1590400e+002  9.6400000e+002
  3.1688800e+002  9.8400000e+002
  3.1782800e+002  9.4000000e+002
  3.1884800e+002  1.0200000e+003
  3.1982000e+002  9.7200000e+002
  3.2078000e+002  9.6000000e+002
  3.2178000e+002  1.0000000e+003
  3.2276400e+002  9.8400000e+002
  3.2374800e+002  9.8400000e+002
  3.2472800e+002  9.8000000e+002
  3.2571200e+002  9.8400000e+002
  3.2666800e+002  9.5600000e+002
  3.2766800e+002  1.0000000e+003
  3.2863200e+002  9.6400000e+002
  3.2962800e+002  9.9600000e+002
  3.3058800e+002  9.6000000e+002
  3.3156000e+002  9.7200000e+002
  3.3254800e+002  9.8800000e+002
  3.3352800e+002  9.8000000e+002
  3.3450400e+002  9.7600000e+002
  3.3544800e+002  9.4400000e+002
  3.3642000e+002  9.7200000e+002
  3.3738800e+002  9.6800000e+002
  3.3834800e+002  9.6000000e+002
  3.3930800e+002  9.6000000e+002
  3.4026800e+002  9.6000000e+002
  3.4122800e+002  9.6000000e+002
  3.4220400e+002  9.7600000e+002
  3.4314800e+002  9.4400000e+002
  3.4410800e+002  9.6000000e+002
  3.4508800e+002  9.8000000e+002
  3.4603600e+002  9.4800000e+002
  3.4699600e+002  9.6000000e+002
  3.4795200e+002  9.5600000e+002
  3.4890800e+002  9.5600000e+002
  3.4985200e+002  9.4400000e+002
  3.5080800e+002  9.5600000e+002
  3.5174400e+002  9.3600000e+002
  3.5265200e+002  9.0800000e+002
  3.5359200e+002  9.4000000e+002
  3.5456800e+002  9.7600000e+002
  3.5551200e+002  9.4400000e+002
  3.5644800e+002  9.3600000e+002
  3.5741200e+002  9.6400000e+002
  3.5835200e+002  9.4000000e+002
  3.5930800e+002  9.5600000e+002
  3.6028400e+002  9.7600000e+002
  3.6126400e+002  9.8000000e+002
  3.6221200e+002  9.4800000e+002
  3.6316800e+002  9.5600000e+002
  3.6414000e+002  9.7200000e+002
  3.6511200e+002  9.7200000e+002
  3.6606000e+002  9.4800000e+002
  3.6702000e+002  9.6000000e+002
  3.6799200e+002  9.7200000e+002
  3.6893200e+002  9.4000000e+002
  3.6987200e+002  9.4000000e+002
  3.7085200e+002  9.8000000e+002
  3.7179200e+002  9.4000000e+002
  3.7275200e+002  9.6000000e+002
  3.7371200e+002  9.6000000e+002
  3.7467200e+002  9.6000000e+002
  3.7563200e+002  9.6000000e+002
  3.7657200e+002  9.4000000e+002
  3.7753200e+002  9.6000000e+002
  3.7846800e+002  9.3600000e+002
  3.7937200e+002  9.0400000e+002
  3.8034800e+002  9.7600000e+002
  3.8129200e+002  9.4400000e+002
  3.8222000e+002  9.2800000e+002
  3.8318000e+002  9.6000000e+002
  3.8416800e+002  9.8800000e+002
  3.8513200e+002  9.6400000e+002
  3.8606800e+002  9.3600000e+002
  3.8705600e+002  9.8800000e+002
  3.8805600e+002  1.0000000e+003
  3.8901200e+002  9.5600000e+002
  3.8999200e+002  9.8000000e+002
  3.9098000e+002  9.8800000e+002
  3.9195200e+002  9.7200000e+002
  3.9291600e+002  9.6400000e+002
  3.9389200e+002  9.7600000e+002
  3.9486000e+002  9.6800000e+002
  3.9581600e+002  9.5600000e+002
  3.9675200e+002  9.3600000e+002
  3.9770400e+002  9.5200000e+002
  3.9865200e+002  9.4800000e+002
  3.9962800e+002  9.7600000e+002
  4.0057200e+002  9.4400000e+002
  4.0151200e+002  9.4000000e+002
  4.0247600e+002  9.6400000e+002
  4.0343600e+002  9.6000000e+002
  4.0437600e+002  9.4000000e+002
  4.0533600e+002  9.6000000e+002
  4.0628800e+002  9.5200000e+002
  4.0725600e+002  9.6800000e+002
  4.0820400e+002  9.4800000e+002
  4.0915600e+002  9.5200000e+002
  4.1008800e+002  9.3200000e+002
  4.1104000e+002  9.5200000e+002
  4.1196800e+002  9.2800000e+002
  4.1291200e+002  9.4400000e+002
  4.1386000e+002  9.4800000e+002
  4.1484800e+002  9.8800000e+002
  4.1582800e+002  9.8000000e+002
  4.1676800e+002  9.4000000e+002
  4.1773600e+002  9.6800000e+002
  4.1870800e+002  9.7200000e+002
  4.1962800e+002  9.2000000e+002
  4.2059600e+002  9.6800000e+002
  4.2152000e+002  9.2400000e+002
  4.2245200e+002  9.3200000e+002
  4.2336800e+002  9.1600000e+002
  4.2432800e+002  9.6000000e+002
  4.2530800e+002  9.8000000e+002
  4.2624000e+002  9.3200000e+002
  4.2717600e+002  9.3600000e+002
  4.2810000e+002  9.2400000e+002
  4.2906000e+002  9.6000000e+002
  4.2999600e+002  9.3600000e+002
  4.3092800e+002  9.3200000e+002
  4.3189200e+002  9.6400000e+002
  4.3283600e+002  9.4400000e+002
  4.3372000e+002  8.8400000e+002
  4.3472000e+002  1.0000000e+003
  4.3567200e+002  9.5200000e+002
  4.3660000e+002  9.2800000e+002
  4.3754000e+002  9.4000000e+002
  4.3848000e+002  9.4000000e+002
  4.3942000e+002  9.4000000e+002
  4.4036000e+002  9.4000000e+002
  4.4130000e+002  9.4000000e+002
  4.4225600e+002  9.5600000e+002
  4.4320000e+002  9.4400000e+002
  4.4411600e+002  9.1600000e+002
  4.4506000e+002  9.4400000e+002
  4.4602800e+002  9.6800000e+002
  4.4690000e+002  8.7200000e+002
  4.4784000e+002  9.4000000e+002
  4.4879600e+002  9.5600000e+002
  4.4971200e+002  9.1600000e+002
  4.5060000e+002  8.8800000e+002
  4.5154000e+002  9.4000000e+002
  4.5248000e+002  9.4000000e+002
  4.5340800e+002  9.2800000e+002
  4.5431600e+002  9.0800000e+002
  4.5526000e+002  9.4400000e+002
  4.5622800e+002  9.6800000e+002
  4.5714800e+002  9.2000000e+002
  4.5810400e+002  9.5600000e+002
  4.5906400e+002  9.6000000e+002
  4.6000400e+002  9.4000000e+002
  4.6093600e+002  9.3200000e+002
  4.6189200e+002  9.5600000e+002
  4.6285600e+002  9.6400000e+002
  4.6380400e+002  9.4800000e+002
  4.6472400e+002  9.2000000e+002
  4.6570400e+002  9.8000000e+002
  4.6666000e+002  9.5600000e+002
  4.6762000e+002  9.6000000e+002
  4.6854000e+002  9.2000000e+002
  4.6952400e+002  9.8400000e+002
  4.7048400e+002  9.6000000e+002
  4.7146400e+002  9.8000000e+002
  4.7240400e+002  9.4000000e+002
  4.7340400e+002  1.0000000e+003
  4.7440000e+002  9.9600000e+002
  4.7534400e+002  9.4400000e+002
  4.7628400e+002  9.4000000e+002
  4.7726400e+002  9.8000000e+002
  4.7822000e+002  9.5600000e+002
  4.7918400e+002  9.6400000e+002
  4.8010800e+002  9.2400000e+002
  4.8106400e+002  9.5600000e+002
  4.8202400e+002  9.6000000e+002
  4.8294400e+002  9.2000000e+002
  4.8388400e+002  9.4000000e+002
  4.8486400e+002  9.8000000e+002
  4.8582400e+002  9.6000000e+002
  4.8681200e+002  9.8800000e+002
  4.8778400e+002  9.7200000e+002
  4.8876400e+002  9.8000000e+002
  4.8974400e+002  9.8000000e+002
  4.9071200e+002  9.6800000e+002
  4.9169200e+002  9.8000000e+002
  4.9264400e+002  9.5200000e+002
  4.9355200e+002  9.0800000e+002
  4.9450400e+002  9.5200000e+002
  4.9543200e+002  9.2800000e+002
  4.9635600e+002  9.2400000e+002
  4.9726400e+002  9.0800000e+002
  4.9819200e+002  9.2800000e+002
  4.9908800e+002  8.9600000e+002
  5.0000800e+002  9.2000000e+002
  5.0094400e+002  9.3600000e+002
  5.0190800e+002  9.6400000e+002
  5.0283200e+002  9.2400000e+002
  5.0375600e+002  9.2400000e+002
  5.0469600e+002  9.4000000e+002
  5.0563600e+002  9.4000000e+002
  5.0656400e+002  9.2800000e+002
  5.0750800e+002  9.4400000e+002
  5.0845600e+002  9.4800000e+002
  5.0941600e+002  9.6000000e+002
  5.1032800e+002  9.1200000e+002
  5.1128800e+002  9.6000000e+002
  5.1226400e+002  9.7600000e+002
  5.1322800e+002  9.6400000e+002
  5.1418400e+002  9.5600000e+002
  5.1514800e+002  9.6400000e+002
  5.1611600e+002  9.6800000e+002
  5.1711200e+002  9.9600000e+002
  5.1808000e+002  9.6800000e+002
  5.1902000e+002  9.4000000e+002
  5.1997200e+002  9.5200000e+002
  5.2092800e+002  9.5600000e+002
  5.2188000e+002  9.5200000e+002
  5.2281600e+002  9.3600000e+002
  5.2377200e+002  9.5600000e+002
  5.2472000e+002  9.4800000e+002
  5.2565200e+002  9.3200000e+002
  5.2660800e+002  9.5600000e+002
  5.2754000e+002  9.3200000e+002
  5.2849200e+002  9.5200000e+002
  5.2944000e+002  9.4800000e+002
  5.3039200e+002  9.5200000e+002
  5.3133200e+002  9.4000000e+002
  5.3226800e+002  9.3600000e+002
  5.3324000e+002  9.7200000e+002
  5.3418800e+002  9.4800000e+002
  5.3512000e+002  9.3200000e+002
  5.3606800e+002  9.4800000e+002
  5.3700000e+002  9.3200000e+002
  5.3796400e+002  9.6400000e+002
  5.3891200e+002  9.4800000e+002
  5.3983200e+002  9.2000000e+002
  5.4077200e+002  9.4000000e+002
  5.4174000e+002  9.6800000e+002
  5.4266400e+002  9.2400000e+002
  5.4357600e+002  9.1200000e+002
  5.4453600e+002  9.6000000e+002
  5.4548400e+002  9.4800000e+002
  5.4643200e+002  9.4800000e+002
  5.4735200e+002  9.2000000e+002
  5.4830400e+002  9.5200000e+002
  5.4926800e+002  9.6400000e+002
  5.5020400e+002  9.3600000e+002
  5.5112400e+002  9.2000000e+002
  5.5208400e+002  9.6000000e+002
  5.5303600e+002  9.5200000e+002
  5.5399600e+002  9.6000000e+002
  5.5492400e+002  9.2800000e+002
  5.5587600e+002  9.5200000e+002
  5.5684400e+002  9.6800000e+002
  5.5776400e+002  9.2000000e+002
  5.5868800e+002  9.2400000e+002
  5.5968400e+002  9.9600000e+002
  5.6067600e+002  9.9200000e+002
  5.6164400e+002  9.6800000e+002
  5.6259200e+002  9.4800000e+002
  5.6357200e+002  9.8000000e+002
  5.6453200e+002  9.6000000e+002
  5.6550400e+002  9.7200000e+002
  5.6645200e+002  9.4800000e+002
  5.6744800e+002  9.9600000e+002
  5.6842800e+002  9.8000000e+002
  5.6939600e+002  9.6800000e+002
  5.7036800e+002  9.7200000e+002
  5.7134400e+002  9.7600000e+002
  5.7233600e+002  9.9200000e+002
  5.7328400e+002  9.4800000e+002
  5.7425600e+002  9.7200000e+002
  5.7521200e+002  9.5600000e+002
  5.7617200e+002  9.6000000e+002
  5.7713200e+002  9.6000000e+002
  5.7807600e+002  9.4400000e+002
  5.7902000e+002  9.4400000e+002
  5.7998000e+002  9.6000000e+002
  5.8094000e+002  9.6000000e+002
  5.8186800e+002  9.2800000e+002
  5.8280000e+002  9.3200000e+002
  5.8377600e+002  9.7600000e+002
  5.8473200e+002  9.5600000e+002
  5.8569200e+002  9.6000000e+002
  5.8663600e+002  9.4400000e+002
  5.8759600e+002  9.6000000e+002
  5.8856000e+002  9.6400000e+002
  5.8952000e+002  9.6000000e+002
  5.9045200e+002  9.3200000e+002
  5.9142000e+002  9.6800000e+002
  5.9238800e+002  9.6800000e+002
  5.9332800e+002  9.4000000e+002
  5.9426400e+002  9.3600000e+002
  5.9520800e+002  9.4400000e+002
  5.9615600e+002  9.4800000e+002
  5.9713200e+002  9.7600000e+002
  5.9807200e+002  9.4000000e+002
  5.9902800e+002  9.5600000e+002
  5.9998400e+002  9.5600000e+002
  6.0091600e+002  9.3200000e+002
  6.0185200e+002  9.3600000e+002
  6.0277600e+002  9.2400000e+002
  6.0372800e+002  9.5200000e+002
  6.0467200e+002  9.4400000e+002
  6.0556400e+002  8.9200000e+002
  6.0651600e+002  9.5200000e+002
  6.0747200e+002  9.5600000e+002
  6.0840400e+002  9.3200000e+002
  6.0932000e+002  9.1600000e+002
  6.1026400e+002  9.4400000e+002
  6.1123200e+002  9.6800000e+002
  6.1213600e+002  9.0400000e+002
  6.1307600e+002  9.4000000e+002
  6.1404400e+002  9.6800000e+002
  6.1498400e+002  9.4000000e+002
  6.1590400e+002  9.2000000e+002
  6.1682400e+002  9.2000000e+002
  6.1775600e+002  9.3200000e+002
  6.1866800e+002  9.1200000e+002
  6.1960000e+002  9.3200000e+002
  6.2052400e+002  9.2400000e+002
  6.2145200e+002  9.2800000e+002
  6.2241200e+002  9.6000000e+002
  6.2337200e+002  9.6000000e+002
  6.2429600e+002  9.2400000e+002
  6.2526000e+002  9.6400000e+002
  6.2622400e+002  9.6400000e+002
  6.2717200e+002  9.4800000e+002
  6.2810400e+002  9.3200000e+002
  6.2906800e+002  9.6400000e+002
  6.3002400e+002  9.5600000e+002
  6.3092400e+002  9.0000000e+002
  6.3186000e+002  9.3600000e+002
  6.3279600e+002  9.3600000e+002
  6.3375200e+002  9.5600000e+002
  6.3467600e+002  9.2400000e+002
  6.3557600e+002  9.0000000e+002
  6.3651600e+002  9.4000000e+002
  6.3747600e+002  9.6000000e+002
  6.3844800e+002  9.7200000e+002
  6.3940400e+002  9.5600000e+002
  6.4033600e+002  9.3200000e+002
  6.4129600e+002  9.6000000e+002
  6.4225200e+002  9.5600000e+002
  6.4318800e+002  9.3600000e+002
  6.4409600e+002  9.0800000e+002
  6.4505200e+002  9.5600000e+002
  6.4599200e+002  9.4000000e+002
  6.4694800e+002  9.5600000e+002
  6.4787200e+002  9.2400000e+002
  6.4881200e+002  9.4000000e+002
  6.4977600e+002  9.6400000e+002
  6.5074800e+002  9.7200000e+002
  6.5168800e+002  9.4000000e+002
  6.5264000e+002  9.5200000e+002
  6.5360800e+002  9.6800000e+002
  6.5459600e+002  9.8800000e+002
  6.5556800e+002  9.7200000e+002
  6.5652000e+002  9.5200000e+002
  6.5750800e+002  9.8800000e+002
  6.5850000e+002  9.9200000e+002
  6.5948000e+002  9.8000000e+002
  6.6044000e+002  9.6000000e+002
  6.6142800e+002  9.8800000e+002
  6.6241600e+002  9.8800000e+002
  6.6340800e+002  9.9200000e+002
  6.6437600e+002  9.6800000e+002
  6.6536800e+002  9.9200000e+002
  6.6636000e+002  9.9200000e+002
  6.6735600e+002  9.9600000e+002
  6.6833200e+002  9.7600000e+002
  6.6932800e+002  9.9600000e+002
  6.7030800e+002  9.8000000e+002
  6.7128000e+002  9.7200000e+002
  6.7224800e+002  9.6800000e+002
  6.7323200e+002  9.8400000e+002
  6.7422000e+002  9.8800000e+002
  6.7518800e+002  9.6800000e+002
  6.7613600e+002  9.4800000e+002
  6.7711200e+002  9.7600000e+002
  6.7808800e+002  9.7600000e+002
  6.7908000e+002  9.9200000e+002
  6.8003200e+002  9.5200000e+002
  6.8100000e+002  9.6800000e+002
  6.8197200e+002  9.7200000e+002
  6.8297600e+002  1.0040000e+003
  6.8395200e+002  9.7600000e+002
  6.8495600e+002  1.0040000e+003
  6.8594000e+002  9.8400000e+002
  6.8692800e+002  9.8800000e+002
  6.8791600e+002  9.8800000e+002
  6.8892800e+002  1.0120000e+003
  6.8992000e+002  9.9200000e+002
  6.9089600e+002  9.7600000e+002
  6.9191600e+002  1.0200000e+003
  6.9292800e+002  1.0120000e+003
  6.9391200e+002  9.8400000e+002
  6.9490000e+002  9.8800000e+002
  6.9590000e+002  1.0000000e+003
  6.9688000e+002  9.8000000e+002
  6.9786000e+002  9.8000000e+002
  6.9887200e+002  1.0120000e+003
  6.9987600e+002  1.0040000e+003
  7.0085200e+002  9.7600000e+002
  7.0184000e+002  9.8800000e+002
  7.0281600e+002  9.7600000e+002
  7.0380800e+002  9.9200000e+002
  7.0480000e+002  9.9200000e+002
  7.0579200e+002  9.9200000e+002
  7.0677600e+002  9.8400000e+002
  7.0777200e+002  9.9600000e+002
  7.0876000e+002  9.8800000e+002
  7.0973200e+002  9.7200000e+002
  7.1069200e+002  9.6000000e+002
  7.1168000e+002  9.8800000e+002
  7.1265200e+002  9.7200000e+002
  7.1361600e+002  9.6400000e+002
  7.1454400e+002  9.2800000e+002
  7.1552000e+002  9.7600000e+002
  7.1649200e+002  9.7200000e+002
  7.1745600e+002  9.6400000e+002
  7.1839200e+002  9.3600000e+002
  7.1937200e+002  9.8000000e+002
  7.2037600e+002  1.0040000e+003
  7.2137200e+002  9.9600000e+002
  7.2233200e+002  9.6000000e+002
  7.2332000e+002  9.8800000e+002
  7.2430400e+002  9.8400000e+002
  7.2525600e+002  9.5200000e+002
  7.2619200e+002  9.3600000e+002
  7.2714000e+002  9.4800000e+002
  7.2808000e+002  9.4000000e+002
  7.2906400e+002  9.8400000e+002
  7.2999600e+002  9.3200000e+002
  7.3094400e+002  9.4800000e+002
  7.3189200e+002  9.4800000e+002
  7.3284400e+002  9.5200000e+002
  7.3378400e+002  9.4000000e+002
  7.3472000e+002  9.3600000e+002
  7.3568000e+002  9.6000000e+002
  7.3665200e+002  9.7200000e+002
  7.3758400e+002  9.3200000e+002
  7.3852000e+002  9.3600000e+002
  7.3946000e+002  9.4000000e+002
  7.4040400e+002  9.4400000e+002
  7.4135600e+002  9.5200000e+002
  7.4228000e+002  9.2400000e+002
  7.4322000e+002  9.4000000e+002
  7.4416000e+002  9.4000000e+002
  7.4512400e+002  9.6400000e+002
  7.4604400e+002  9.2000000e+002
  7.4696400e+002  9.2000000e+002
  7.4791200e+002  9.4800000e+002
  7.4889600e+002  9.8400000e+002
  7.4984000e+002  9.4400000e+002
  7.5075600e+002  9.1600000e+002
  7.5174000e+002  9.8400000e+002
  7.5270400e+002  9.6400000e+002
  7.5371600e+002  1.0120000e+003
  7.5468400e+002  9.6800000e+002
  7.5565600e+002  9.7200000e+002
  7.5662800e+002  9.7200000e+002
  7.5760400e+002  9.7600000e+002
  7.5856400e+002  9.6000000e+002
  7.5952400e+002  9.6000000e+002
  7.6049600e+002  9.7200000e+002
  7.6148000e+002  9.8400000e+002
  7.6246000e+002  9.8000000e+002
  7.6341600e+002  9.5600000e+002
  7.6438800e+002  9.7200000e+002
  7.6534000e+002  9.5200000e+002
  7.6628400e+002  9.4400000e+002
  7.6724400e+002  9.6000000e+002
  7.6820400e+002  9.6000000e+002
  7.6919600e+002  9.9200000e+002
  7.7016800e+002  9.7200000e+002
  7.7114800e+002  9.8000000e+002
  7.7213600e+002  9.8800000e+002
  7.7311600e+002  9.8000000e+002
  7.7407600e+002  9.6000000e+002
  7.7503200e+002  9.5600000e+002
  7.7602400e+002  9.9200000e+002
  7.7698400e+002  9.6000000e+002
  7.7796000e+002  9.7600000e+002
  7.7894000e+002  9.8000000e+002
  7.7991600e+002  9.7600000e+002
  7.8086400e+002  9.4800000e+002
  7.8179200e+002  9.2800000e+002
  7.8275200e+002  9.6000000e+002
  7.8371600e+002  9.6400000e+002
  7.8467200e+002  9.5600000e+002
  7.8560000e+002  9.2800000e+002
  7.8655600e+002  9.5600000e+002
  7.8752000e+002  9.6400000e+002
  7.8846400e+002  9.4400000e+002
  7.8942000e+002  9.5600000e+002
  7.9034400e+002  9.2400000e+002
  7.9134000e+002  9.9600000e+002
  7.9232400e+002  9.8400000e+002
  7.9330000e+002  9.7600000e+002
  7.9425200e+002  9.5200000e+002
  7.9523200e+002  9.8000000e+002
  7.9619600e+002  9.6400000e+002
  7.9713200e+002  9.3600000e+002
  7.9813200e+002  1.0000000e+003
  7.9911200e+002  9.8000000e+002
  8.0012000e+002  1.0080000e+003
  8.0107200e+002  9.5200000e+002
  8.0205200e+002  9.8000000e+002
  8.0302800e+002  9.7600000e+002
  8.0398000e+002  9.5200000e+002
  8.0492000e+002  9.4000000e+002
  8.0587600e+002  9.5600000e+002
  8.0681200e+002  9.3600000e+002
  8.0774000e+002  9.2800000e+002
  8.0864800e+002  9.0800000e+002
  8.0956000e+002  9.1200000e+002
  8.1050000e+002  9.4000000e+002
  8.1144800e+002  9.4800000e+002
  8.1239600e+002  9.4800000e+002
  8.1333600e+002  9.4000000e+002
  8.1428000e+002  9.4400000e+002
  8.1530000e+002  1.0200000e+003
  8.1625200e+002  9.5200000e+002
  8.1721600e+002  9.6400000e+002
  8.1820000e+002  9.8400000e+002
  8.1918800e+002  9.8800000e+002
  8.2014000e+002  9.5200000e+002
  8.2112000e+002  9.8000000e+002
  8.2210400e+002  9.8400000e+002
  8.2308400e+002  9.8000000e+002
  8.2403200e+002  9.4800000e+002
  8.2500000e+002  9.6800000e+002
  8.2594000e+002  9.4000000e+002
  8.2693200e+002  9.9200000e+002
  8.2786000e+002  9.2800000e+002
  8.2880000e+002  9.4000000e+002
  8.2975200e+002  9.5200000e+002
  8.3072000e+002  9.6800000e+002
  8.3165600e+002  9.3600000e+002
  8.3258000e+002  9.2400000e+002
  8.3354000e+002  9.6000000e+002
  8.3452800e+002  9.8800000e+002
  8.3548000e+002  9.5200000e+002
  8.3645200e+002  9.7200000e+002
  8.3742800e+002  9.7600000e+002
  8.3840800e+002  9.8000000e+002
  8.3934800e+002  9.4000000e+002
  8.4030400e+002  9.5600000e+002
  8.4126400e+002  9.6000000e+002
  8.4219200e+002  9.2800000e+002
  8.4312400e+002  9.3200000e+002
  8.4408800e+002  9.6400000e+002
  8.4502400e+002  9.3600000e+002
  8.4598000e+002  9.5600000e+002
  8.4691200e+002  9.3200000e+002
  8.4786000e+002  9.4800000e+002
  8.4881600e+002  9.5600000e+002
  8.4976400e+002  9.4800000e+002
  8.5069200e+002  9.2800000e+002
  8.5165200e+002  9.6000000e+002
  8.5263200e+002  9.8000000e+002
  8.5359200e+002  9.6000000e+002
  8.5452400e+002  9.3200000e+002
  8.5550400e+002  9.8000000e+002
  8.5650000e+002  9.9600000e+002
  8.5744400e+002  9.4400000e+002
  8.5840400e+002  9.6000000e+002
  8.5940000e+002  9.9600000e+002
  8.6036400e+002  9.6400000e+002
  8.6134000e+002  9.7600000e+002
  8.6230000e+002  9.6000000e+002
  8.6326400e+002  9.6400000e+002
  8.6424400e+002  9.8000000e+002
  8.6519200e+002  9.4800000e+002
  8.6614800e+002  9.5600000e+002
  8.6709600e+002  9.4800000e+002
  8.6803600e+002  9.4000000e+002
  8.6894800e+002  9.1200000e+002
  8.6988000e+002  9.3200000e+002
  8.7081200e+002  9.3200000e+002
  8.7175600e+002  9.4400000e+002
  8.7268400e+002  9.2800000e+002
  8.7359600e+002  9.1200000e+002
  8.7450400e+002  9.0800000e+002
  8.7544400e+002  9.4000000e+002
  8.7638400e+002  9.4000000e+002
  8.7728400e+002  9.0000000e+002
  8.7818800e+002  9.0400000e+002
  8.7914000e+002  9.5200000e+002
  8.8008400e+002  9.4400000e+002
  8.8102400e+002  9.4000000e+002
  8.8194800e+002  9.2400000e+002
  8.8289600e+002  9.4800000e+002
  8.8385600e+002  9.6000000e+002
  8.8479600e+002  9.4000000e+002
  8.8572800e+002  9.3200000e+002
  8.8668800e+002  9.6000000e+002
  8.8762800e+002  9.4000000e+002
  8.8862400e+002  9.9600000e+002
  8.8959600e+002  9.7200000e+002
  8.9058400e+002  9.8800000e+002
  8.9154800e+002  9.6400000e+002
  8.9255600e+002  1.0080000e+003
  8.9352800e+002  9.7200000e+002
  8.9452400e+002  9.9600000e+002
  8.9552400e+002  1.0000000e+003
  8.9652400e+002  1.0000000e+003
  8.9750800e+002  9.8400000e+002
  8.9854400e+002  1.0360000e+003
  8.9955200e+002  1.0080000e+003
  9.0058000e+002  1.0280000e+003
  9.0159600e+002  1.0160000e+003
  9.0262400e+002  1.0280000e+003
  9.0362800e+002  1.0040000e+003
  9.0466000e+002  1.0320000e+003
  9.0565600e+002  9.9600000e+002
  9.0668800e+002  1.0320000e+003
  9.0771200e+002  1.0240000e+003
  9.0873600e+002  1.0240000e+003
  9.0974800e+002  1.0120000e+003
  9.1077600e+002  1.0280000e+003
  9.1179600e+002  1.0200000e+003
  9.1281200e+002  1.0160000e+003
  9.1382400e+002  1.0120000e+003
  9.1483200e+002  1.0080000e+003
  9.1582800e+002  9.9600000e+002
  9.1685200e+002  1.0240000e+003
  9.1786800e+002  1.0160000e+003
  9.1887600e+002  1.0080000e+003
  9.1989200e+002  1.0160000e+003
  9.2087600e+002  9.8400000e+002
  9.2189200e+002  1.0160000e+003
  9.2287600e+002  9.8400000e+002
  9.2385600e+002  9.8000000e+002
  9.2481200e+002  9.5600000e+002
  9.2573600e+002  9.2400000e+002
  9.2656000e+002  8.2400000e+002
  9.2763600e+002  1.0760000e+003
  9.2858400e+002  9.4800000e+002
  9.2954000e+002  9.5600000e+002
  9.3044800e+002  9.0800000e+002
  9.3138400e+002  9.3600000e+002
  9.3232000e+002  9.3600000e+002
  9.3324400e+002  9.2400000e+002
  9.3416400e+002  9.2000000e+002
  9.3510000e+002  9.3600000e+002
  9.3601600e+002  9.1600000e+002
  9.3694400e+002  9.2800000e+002
  9.3789600e+002  9.5200000e+002
  9.3886400e+002  9.6800000e+002
  9.3984800e+002  9.8400000e+002
  9.4082400e+002  9.7600000e+002
  9.4164000e+002  8.1600000e+002
  9.4277600e+002  1.1360000e+003
  9.4376400e+002  9.8800000e+002
  9.4475600e+002  9.9200000e+002
  9.4574400e+002  9.8800000e+002
  9.4671600e+002  9.7200000e+002
  9.4772400e+002  1.0080000e+003
  9.4871200e+002  9.8800000e+002
  9.4972400e+002  1.0120000e+003
  9.5071600e+002  9.9200000e+002
  9.5158000e+002  8.6400000e+002
  9.5271600e+002  1.1360000e+003
  9.5373600e+002  1.0200000e+003
  9.5474400e+002  1.0080000e+003
  9.5573600e+002  9.9200000e+002
  9.5672400e+002  9.8800000e+002
  9.5775200e+002  1.0280000e+003
  9.5875600e+002  1.0040000e+003
  9.5974400e+002  9.8800000e+002
  9.6074400e+002  1.0000000e+003
  9.6162000e+002  8.7600000e+002
  9.6277200e+002  1.1520000e+003
  9.6373600e+002  9.6400000e+002
  9.6473600e+002  1.0000000e+003
  9.6573200e+002  9.9600000e+002
  9.6673200e+002  1.0000000e+003
  9.6770800e+002  9.7600000e+002
  9.6870800e+002  1.0000000e+003
  9.6971600e+002  1.0080000e+003
  9.7074000e+002  1.0240000e+003
  9.7173600e+002  9.9600000e+002
  9.7274800e+002  1.0120000e+003
  9.7378400e+002  1.0360000e+003
  9.7481200e+002  1.0280000e+003
  9.7581600e+002  1.0040000e+003
  9.7668400e+002  8.6800000e+002
  9.7785600e+002  1.1720000e+003
  9.7886800e+002  1.0120000e+003
  9.7988800e+002  1.0200000e+003
  9.8091600e+002  1.0280000e+003
  9.8192000e+002  1.0040000e+003
  9.8294000e+002  1.0200000e+003
  9.8398400e+002  1.0440000e+003
  9.8501200e+002  1.0280000e+003
  9.8602800e+002  1.0160000e+003
  9.8703600e+002  1.0080000e+003
  9.8804000e+002  1.0040000e+003
  9.8906800e+002  1.0280000e+003
  9.9006800e+002  1.0000000e+003
  9.9109600e+002  1.0280000e+003
  9.9212000e+002  1.0240000e+003
  9.9314000e+002  1.0200000e+003
  9.9417600e+002  1.0360000e+003
  9.9517200e+002  9.9600000e+002
  9.9621200e+002  1.0400000e+003
  9.9723200e+002  1.0200000e+003
  9.9823600e+002  1.0040000e+003
  9.9922000e+002  9.8400000e+002
  1.0002360e+003  1.0160000e+003
  1.0012600e+003  1.0240000e+003
  1.0022800e+003  1.0200000e+003
  1.0032960e+003  1.0160000e+003
  1.0043160e+003  1.0200000e+003
  1.0053280e+003  1.0120000e+003
  1.0063320e+003  1.0040000e+003
  1.0073360e+003  1.0040000e+003
  1.0083280e+003  9.9200000e+002
  1.0093440e+003  1.0160000e+003
  1.0103520e+003  1.0080000e+003
  1.0113640e+003  1.0120000e+003
  1.0123720e+003  1.0080000e+003
  1.0133680e+003  9.9600000e+002
  1.0143840e+003  1.0160000e+003
  1.0153680e+003  9.8400000e+002
  1.0163760e+003  1.0080000e+003
  1.0173720e+003  9.9600000e+002
  1.0182240e+003  8.5200000e+002
  1.0193560e+003  1.1320000e+003
  1.0203440e+003  9.8800000e+002
  1.0213160e+003  9.7200000e+002
  1.0222760e+003  9.6000000e+002
  1.0232680e+003  9.9200000e+002
  1.0242400e+003  9.7200000e+002
  1.0251960e+003  9.5600000e+002
  1.0261440e+003  9.4800000e+002
  1.0271040e+003  9.6000000e+002
  1.0280720e+003  9.6800000e+002
  1.0290120e+003  9.4000000e+002
  1.0299360e+003  9.2400000e+002
  1.0308840e+003  9.4800000e+002
  1.0318600e+003  9.7600000e+002
  1.0327960e+003  9.3600000e+002
  1.0337360e+003  9.4000000e+002
  1.0347240e+003  9.8800000e+002
  1.0357160e+003  9.9200000e+002
  1.0366960e+003  9.8000000e+002
  1.0376840e+003  9.8800000e+002
  1.0386760e+003  9.9200000e+002
  1.0396840e+003  1.0080000e+003
  1.0406960e+003  1.0120000e+003
  1.0416920e+003  9.9600000e+002
  1.0427040e+003  1.0120000e+003
  1.0437040e+003  1.0000000e+003
  1.0447200e+003  1.0160000e+003
  1.0457120e+003  9.9200000e+002
  1.0467120e+003  1.0000000e+003
  1.0477120e+003  1.0000000e+003
  1.0487200e+003  1.0080000e+003
  1.0497000e+003  9.8000000e+002
  1.0506640e+003  9.6400000e+002
  1.0516160e+003  9.5200000e+002
  1.0525680e+003  9.5200000e+002
  1.0535440e+003  9.7600000e+002
  1.0545080e+003  9.6400000e+002
  1.0554520e+003  9.4400000e+002
  1.0563800e+003  9.2800000e+002
  1.0573520e+003  9.7200000e+002
  1.0583000e+003  9.4800000e+002
  1.0592320e+003  9.3200000e+002
  1.0601600e+003  9.2800000e+002
  1.0611400e+003  9.8000000e+002
  1.0621160e+003  9.7600000e+002
  1.0630720e+003  9.5600000e+002
  1.0640520e+003  9.8000000e+002
  1.0650120e+003  9.6000000e+002
  1.0659840e+003  9.7200000e+002
  1.0669360e+003  9.5200000e+002
  1.0678600e+003  9.2400000e+002
  1.0688360e+003  9.7600000e+002
  1.0697800e+003  9.4400000e+002
  1.0707080e+003  9.2800000e+002
  1.0716560e+003  9.4800000e+002
  1.0726280e+003  9.7200000e+002
  1.0736360e+003  1.0080000e+003
  1.0746160e+003  9.8000000e+002
  1.0755880e+003  9.7200000e+002
  1.0765960e+003  1.0080000e+003
  1.0775760e+003  9.8000000e+002
  1.0785280e+003  9.5200000e+002
  1.0794880e+003  9.6000000e+002
  1.0804680e+003  9.8000000e+002
  1.0814320e+003  9.6400000e+002
  1.0823640e+003  9.3200000e+002
  1.0833040e+003  9.4000000e+002
  1.0842440e+003  9.4000000e+002
  1.0852000e+003  9.5600000e+002
  1.0861240e+003  9.2400000e+002
  1.0870440e+003  9.2000000e+002
  1.0879840e+003  9.4000000e+002
  1.0889400e+003  9.5600000e+002
  1.0898840e+003  9.4400000e+002
  1.0908240e+003  9.4000000e+002
  1.0917720e+003  9.4800000e+002
  1.0927240e+003  9.5200000e+002
  1.0936800e+003  9.5600000e+002
  1.0946040e+003  9.2400000e+002
  1.0955840e+003  9.8000000e+002
  1.0965520e+003  9.6800000e+002
  1.0974840e+003  9.3200000e+002
  1.0984240e+003  9.4000000e+002
  1.0993600e+003  9.3600000e+002
  1.1002920e+003  9.3200000e+002
  1.1012040e+003  9.1200000e+002
  1.1021440e+003  9.4000000e+002
  1.1030920e+003  9.4800000e+002
  1.1040680e+003  9.7600000e+002
  1.1050320e+003  9.6400000e+002
  1.1059880e+003  9.5600000e+002
  1.1069520e+003  9.6400000e+002
  1.1079440e+003  9.9200000e+002
  1.1089040e+003  9.6000000e+002
  1.1098520e+003  9.4800000e+002
  1.1108320e+003  9.8000000e+002
  1.1118240e+003  9.9200000e+002
  1.1127920e+003  9.6800000e+002
  1.1137880e+003  9.9600000e+002
  1.1147600e+003  9.7200000e+002
  1.1157680e+003  1.0080000e+003
  1.1167400e+003  9.7200000e+002
  1.1177520e+003  1.0120000e+003
  1.1187400e+003  9.8800000e+002
  1.1197400e+003  1.0000000e+003
  1.1207200e+003  9.8000000e+002
  1.1216800e+003  9.6000000e+002
  1.1226880e+003  1.0080000e+003
  1.1236760e+003  9.8800000e+002
  1.1246360e+003  9.6000000e+002
  1.1255800e+003  9.4400000e+002
  1.1265400e+003  9.6000000e+002
  1.1275080e+003  9.6800000e+002
  1.1284520e+003  9.4400000e+002
  1.1294000e+003  9.4800000e+002
  1.1303600e+003  9.6000000e+002
  1.1313280e+003  9.6800000e+002
  1.1322720e+003  9.4400000e+002
  1.1332080e+003  9.3600000e+002
  1.1341880e+003  9.8000000e+002
  1.1351480e+003  9.6000000e+002
  1.1360960e+003  9.4800000e+002
  1.1370280e+003  9.3200000e+002
  1.1380000e+003  9.7200000e+002
  1.1389640e+003  9.6400000e+002
  1.1399240e+003  9.6000000e+002
  1.1408680e+003  9.4400000e+002
  1.1418520e+003  9.8400000e+002
  1.1428360e+003  9.8400000e+002
  1.1438200e+003  9.8400000e+002
  1.1447560e+003  9.3600000e+002
  1.1456920e+003  9.3600000e+002
  1.1466520e+003  9.6000000e+002
  1.1476320e+003  9.8000000e+002
  1.1485960e+003  9.6400000e+002
  1.1495480e+003  9.5200000e+002
  1.1505320e+003  9.8400000e+002
  1.1515360e+003  1.0040000e+003
  1.1525320e+003  9.9600000e+002
  1.1535160e+003  9.8400000e+002
  1.1545040e+003  9.8800000e+002
  1.1555240e+003  1.0200000e+003
  1.1565120e+003  9.8800000e+002
  1.1575040e+003  9.9200000e+002
  1.1585240e+003  1.0200000e+003
  1.1595240e+003  1.0000000e+003
  1.1605320e+003  1.0080000e+003
  1.1615440e+003  1.0120000e+003
  1.1625520e+003  1.0080000e+003
  1.1635720e+003  1.0200000e+003
  1.1646120e+003  1.0400000e+003
  1.1656120e+003  1.0000000e+003
  1.1666400e+003  1.0280000e+003
  1.1676520e+003  1.0120000e+003
  1.1686720e+003  1.0200000e+003
  1.1696720e+003  1.0000000e+003
  1.1707000e+003  1.0280000e+003
  1.1717120e+003  1.0120000e+003
  1.1727280e+003  1.0160000e+003
  1.1737280e+003  1.0000000e+003
  1.1747480e+003  1.0200000e+003
  1.1757640e+003  1.0160000e+003
  1.1766360e+003  8.7200000e+002
  1.1777960e+003  1.1600000e+003
  1.1788160e+003  1.0200000e+003
  1.1798080e+003  9.9200000e+002
  1.1808280e+003  1.0200000e+003
  1.1818280e+003  1.0000000e+003
  1.1828360e+003  1.0080000e+003
  1.1838480e+003  1.0120000e+003
  1.1848480e+003  1.0000000e+003
  1.1858360e+003  9.8800000e+002
  1.1868560e+003  1.0200000e+003
  1.1878640e+003  1.0080000e+003
  1.1888680e+003  1.0040000e+003
  1.1898680e+003  1.0000000e+003
  1.1908680e+003  1.0000000e+003
  1.1918640e+003  9.9600000e+002
  1.1928760e+003  1.0120000e+003
  1.1938960e+003  1.0200000e+003
  1.1948880e+003  9.9200000e+002
  1.1959040e+003  1.0160000e+003
  1.1969040e+003  1.0000000e+003
  1.1979040e+003  1.0000000e+003
  1.1988840e+003  9.8000000e+002
  1.1998960e+003  1.0120000e+003
  1.2009040e+003  1.0080000e+003
  1.2019000e+003  9.9600000e+002
  1.2028800e+003  9.8000000e+002
  1.2038720e+003  9.9200000e+002
  1.2048440e+003  9.7200000e+002
  1.2058640e+003  1.0200000e+003
  1.2068400e+003  9.7600000e+002
  1.2078240e+003  9.8400000e+002
  1.2088040e+003  9.8000000e+002
  1.2097640e+003  9.6000000e+002
  1.2107440e+003  9.8000000e+002
  1.2116840e+003  9.4000000e+002
  1.2126320e+003  9.4800000e+002
  1.2135880e+003  9.5600000e+002
  1.2145560e+003  9.6800000e+002
  1.2154720e+003  9.1600000e+002
  1.2164320e+003  9.6000000e+002
  1.2173920e+003  9.6000000e+002
  1.2183760e+003  9.8400000e+002
  1.2192040e+003  8.2800000e+002
  1.2203560e+003  1.1520000e+003
  1.2213400e+003  9.8400000e+002
  1.2223280e+003  9.8800000e+002
  1.2233440e+003  1.0160000e+003
  1.2243280e+003  9.8400000e+002
  1.2253080e+003  9.8000000e+002
  1.2262960e+003  9.8800000e+002
  1.2272400e+003  9.4400000e+002
  1.2282240e+003  9.8400000e+002
  1.2291760e+003  9.5200000e+002
  1.2301720e+003  9.9600000e+002
  1.2311160e+003  9.4400000e+002
  1.2320960e+003  9.8000000e+002
  1.2330760e+003  9.8000000e+002
  1.2340560e+003  9.8000000e+002
  1.2350320e+003  9.7600000e+002
  1.2359920e+003  9.6000000e+002
  1.2369760e+003  9.8400000e+002
  1.2379440e+003  9.6800000e+002
  1.2388840e+003  9.4000000e+002
  1.2398760e+003  9.9200000e+002
  1.2408720e+003  9.9600000e+002
  1.2418440e+003  9.7200000e+002
  1.2428280e+003  9.8400000e+002
  1.2438360e+003  1.0080000e+003
  1.2448320e+003  9.9600000e+002
  1.2458320e+003  1.0000000e+003
  1.2468480e+003  1.0160000e+003
  1.2478520e+003  1.0040000e+003
  1.2488760e+003  1.0240000e+003
  1.2498640e+003  9.8800000e+002
  1.2508920e+003  1.0280000e+003
  1.2519080e+003  1.0160000e+003
  1.2529080e+003  1.0000000e+003
  1.2539160e+003  1.0080000e+003
  1.2549320e+003  1.0160000e+003
  1.2559400e+003  1.0080000e+003
  1.2569520e+003  1.0120000e+003
  1.2579800e+003  1.0280000e+003
  1.2589800e+003  1.0000000e+003
  1.2599880e+003  1.0080000e+003
  1.2609960e+003  1.0080000e+003
  1.2620040e+003  1.0080000e+003
  1.2629960e+003  9.9200000e+002
  1.2640080e+003  1.0120000e+003
  1.2650000e+003  9.9200000e+002
  1.2660200e+003  1.0200000e+003
  1.2670280e+003  1.0080000e+003
  1.2680360e+003  1.0080000e+003
  1.2690360e+003  1.0000000e+003
  1.2700360e+003  1.0000000e+003
  1.2710480e+003  1.0120000e+003
  1.2720560e+003  1.0080000e+003
  1.2730480e+003  9.9200000e+002
  1.2740480e+003  1.0000000e+003
  1.2750720e+003  1.0240000e+003
  1.2760920e+003  1.0200000e+003
  1.2770920e+003  1.0000000e+003
  1.2780960e+003  1.0040000e+003
  1.2791240e+003  1.0280000e+003
  1.2801320e+003  1.0080000e+003
  1.2811520e+003  1.0200000e+003
  1.2821600e+003  1.0080000e+003
  1.2831520e+003  9.9200000e+002
  1.2841800e+003  1.0280000e+003
  1.2851840e+003  1.0040000e+003
  1.2862040e+003  1.0200000e+003
  1.2872040e+003  1.0000000e+003
  1.2882200e+003  1.0160000e+003
  1.2892280e+003  1.0080000e+003
  1.2902200e+003  9.9200000e+002
  1.2912320e+003  1.0120000e+003
  1.2920760e+003  8.4400000e+002
  1.2932480e+003  1.1720000e+003
  1.2942400e+003  9.9200000e+002
  1.2952240e+003  9.8400000e+002
  1.2962080e+003  9.8400000e+002
  1.2971680e+003  9.6000000e+002
  1.2981080e+003  9.4000000e+002
  1.2990560e+003  9.4800000e+002
  1.3000120e+003  9.5600000e+002
  1.3009720e+003  9.6000000e+002
  1.3019560e+003  9.8400000e+002
  1.3029200e+003  9.6400000e+002
  1.3038920e+003  9.7200000e+002
  1.3048800e+003  9.8800000e+002
  1.3058600e+003  9.8000000e+002
  1.3068600e+003  1.0000000e+003
  1.3078600e+003  1.0000000e+003
  1.3088400e+003  9.8000000e+002
  1.3098560e+003  1.0160000e+003
  1.3108600e+003  1.0040000e+003
  1.3118560e+003  9.9600000e+002
  1.3128600e+003  1.0040000e+003
  1.3138400e+003  9.8000000e+002
  1.3148200e+003  9.8000000e+002
  1.3157960e+003  9.7600000e+002
  1.3167520e+003  9.5600000e+002
  1.3177000e+003  9.4800000e+002
  1.3186800e+003  9.8000000e+002
  1.3196000e+003  9.2000000e+002
  1.3205400e+003  9.4000000e+002
  1.3215200e+003  9.8000000e+002
  1.3225000e+003  9.8000000e+002
  1.3234880e+003  9.8800000e+002
  1.3244480e+003  9.6000000e+002
  1.3254640e+003  1.0160000e+003
  1.3264560e+003  9.9200000e+002
  1.3274440e+003  9.8800000e+002
  1.3284080e+003  9.6400000e+002
  1.3294360e+003  1.0280000e+003
  1.3304360e+003  1.0000000e+003
  1.3314360e+003  1.0000000e+003
  1.3324560e+003  1.0200000e+003
  1.3334720e+003  1.0160000e+003
  1.3344680e+003  9.9600000e+002
  1.3354720e+003  1.0040000e+003
  1.3364640e+003  9.9200000e+002
  1.3374520e+003  9.8800000e+002
  1.3384320e+003  9.8000000e+002
  1.3393560e+003  9.2400000e+002
  1.3402840e+003  9.2800000e+002
  1.3412320e+003  9.4800000e+002
  1.3422240e+003  9.9200000e+002
  1.3431960e+003  9.7200000e+002
  1.3441440e+003  9.4800000e+002
  1.3451520e+003  1.0080000e+003
  1.3461560e+003  1.0040000e+003
  1.3471640e+003  1.0080000e+003
  1.3481560e+003  9.9200000e+002
  1.3491840e+003  1.0280000e+003
  1.3501760e+003  9.9200000e+002
  1.3511920e+003  1.0160000e+003
  1.3522120e+003  1.0200000e+003
  1.3532120e+003  1.0000000e+003
  1.3542120e+003  1.0000000e+003
  1.3552120e+003  1.0000000e+003
  1.3562200e+003  1.0080000e+003
  1.3572200e+003  1.0000000e+003
  1.3582200e+003  1.0000000e+003
  1.3592080e+003  9.8800000e+002
  1.3602120e+003  1.0040000e+003
  1.3612120e+003  1.0000000e+003
  1.3622080e+003  9.9600000e+002
  1.3631800e+003  9.7200000e+002
  1.3641480e+003  9.6800000e+002
  1.3651040e+003  9.5600000e+002
  1.3660640e+003  9.6000000e+002
  1.3670480e+003  9.8400000e+002
  1.3680440e+003  9.9600000e+002
  1.3690240e+003  9.8000000e+002
  1.3699760e+003  9.5200000e+002
  1.3709760e+003  1.0000000e+003
  1.3719760e+003  1.0000000e+003
  1.3729640e+003  9.8800000e+002
  1.3739360e+003  9.7200000e+002
  1.3749160e+003  9.8000000e+002
  1.3759160e+003  1.0000000e+003
  1.3768840e+003  9.6800000e+002
  1.3778160e+003  9.3200000e+002
  1.3788040e+003  9.8800000e+002
  1.3798040e+003  1.0000000e+003
  1.3807640e+003  9.6000000e+002
  1.3817120e+003  9.4800000e+002
  1.3827080e+003  9.9600000e+002
  1.3836880e+003  9.8000000e+002
  1.3846440e+003  9.5600000e+002
  1.3856200e+003  9.7600000e+002
  1.3866120e+003  9.9200000e+002
  1.3875600e+003  9.4800000e+002
  1.3885320e+003  9.7200000e+002
  1.3895400e+003  1.0080000e+003
  1.3905400e+003  1.0000000e+003
  1.3915320e+003  9.9200000e+002
  1.3925000e+003  9.6800000e+002
  1.3935200e+003  1.0200000e+003
  1.3945200e+003  1.0000000e+003
  1.3955280e+003  1.0080000e+003
  1.3965360e+003  1.0080000e+003
  1.3975560e+003  1.0200000e+003
  1.3985560e+003  1.0000000e+003
  1.3995560e+003  1.0000000e+003
  1.4005360e+003  9.8000000e+002
  1.4015360e+003  1.0000000e+003
  1.4025560e+003  1.0200000e+003
  1.4035680e+003  1.0120000e+003
  1.4045640e+003  9.9600000e+002
  1.4055800e+003  1.0160000e+003
  1.4065840e+003  1.0040000e+003
  1.4075720e+003  9.8800000e+002
  1.4085320e+003  9.6000000e+002
  1.4095280e+003  9.9600000e+002
  1.4105520e+003  1.0240000e+003
  1.4115400e+003  9.8800000e+002
  1.4125200e+003  9.8000000e+002
  1.4135080e+003  9.8800000e+002
  1.4145280e+003  1.0200000e+003
  1.4155280e+003  1.0000000e+003
  1.4163520e+003  8.2400000e+002
  1.4174880e+003  1.1360000e+003
  1.4184680e+003  9.8000000e+002
  1.4194360e+003  9.6800000e+002
  1.4204640e+003  1.0280000e+003
  1.4214760e+003  1.0120000e+003
  1.4224720e+003  9.9600000e+002
  1.4234400e+003  9.6800000e+002
  1.4244320e+003  9.9200000e+002
  1.4254240e+003  9.9200000e+002
  1.4262880e+003  8.6400000e+002
  1.4274040e+003  1.1160000e+003
  1.4283800e+003  9.7600000e+002
  1.4293000e+003  9.2000000e+002
  1.4302400e+003  9.4000000e+002
  1.4312320e+003  9.9200000e+002
  1.4322120e+003  9.8000000e+002
  1.4331720e+003  9.6000000e+002
  1.4341680e+003  9.9600000e+002
  1.4352080e+003  1.0400000e+003
  1.4362280e+003  1.0200000e+003
  1.4372360e+003  1.0080000e+003
  1.4382240e+003  9.8800000e+002
  1.4391720e+003  9.4800000e+002
  1.4401040e+003  9.3200000e+002
  1.4410440e+003  9.4000000e+002
  1.4419360e+003  8.9200000e+002
  1.4428360e+003  9.0000000e+002
  1.4437920e+003  9.5600000e+002
  1.4445680e+003  7.7600000e+002
  1.4456400e+003  1.0720000e+003
  1.4465800e+003  9.4000000e+002
  1.4474960e+003  9.1600000e+002
  1.4484080e+003  9.1200000e+002
  1.4493320e+003  9.2400000e+002
  1.4501200e+003  7.8800000e+002
  1.4512120e+003  1.0920000e+003
  1.4521680e+003  9.5600000e+002
  1.4530040e+003  8.3600000e+002
  1.4541480e+003  1.1440000e+003
  1.4551480e+003  1.0000000e+003
  1.4561240e+003  9.7600000e+002
  1.4571440e+003  1.0200000e+003
  1.4581440e+003  1.0000000e+003
  1.4591640e+003  1.0200000e+003
  1.4600000e+003  8.3600000e+002
  1.4611680e+003  1.1680000e+003
  1.4621640e+003  9.9600000e+002
  1.4631400e+003  9.7600000e+002
  1.4641240e+003  9.8400000e+002
  1.4651400e+003  1.0160000e+003
  1.4661000e+003  9.6000000e+002
  1.4670640e+003  9.6400000e+002
  1.4680400e+003  9.7600000e+002
  1.4690040e+003  9.6400000e+002
  1.4699640e+003  9.6000000e+002
  1.4709120e+003  9.4800000e+002
  1.4719240e+003  1.0120000e+003
  1.4729320e+003  1.0080000e+003
  1.4739120e+003  9.8000000e+002
  1.4748840e+003  9.7200000e+002
  1.4759120e+003  1.0280000e+003
  1.4769200e+003  1.0080000e+003
  1.4778880e+003  9.6800000e+002
  1.4788400e+003  9.5200000e+002
  1.4798520e+003  1.0120000e+003
  1.4808200e+003  9.6800000e+002
  1.4817800e+003  9.6000000e+002
  1.4827800e+003  1.0000000e+003
  1.4837800e+003  1.0000000e+003
  1.4847400e+003  9.6000000e+002
  1.4857080e+003  9.6800000e+002
  1.4867080e+003  1.0000000e+003
  1.4876960e+003  9.8800000e+002
  1.4886560e+003  9.6000000e+002
  1.4896560e+003  1.0000000e+003
  1.4906560e+003  1.0000000e+003
  1.4916560e+003  1.0000000e+003
  1.4926600e+003  1.0040000e+003
  1.4936760e+003  1.0160000e+003
  1.4946760e+003  1.0000000e+003
  1.4956440e+003  9.6800000e+002
  1.4966640e+003  1.0200000e+003
  1.4976960e+003  1.0320000e+003
  1.4986840e+003  9.8800000e+002
  1.4996840e+003  1.0000000e+003
  1.5006760e+003  9.9200000e+002
  1.5017120e+003  1.0360000e+003
  1.5026760e+003  9.6400000e+002
  1.5036640e+003  9.8800000e+002
  1.5046840e+003  1.0200000e+003
  1.5056840e+003  1.0000000e+003
  1.5066720e+003  9.8800000e+002
  1.5076720e+003  1.0000000e+003
  1.5086880e+003  1.0160000e+003
  1.5096640e+003  9.7600000e+002
  1.5106400e+003  9.7600000e+002
  1.5116400e+003  1.0000000e+003
  1.5126360e+003  9.9600000e+002
  1.5135800e+003  9.4400000e+002
  1.5145720e+003  9.9200000e+002
  1.5155520e+003  9.8000000e+002
  1.5165120e+003  9.6000000e+002
  1.5174720e+003  9.6000000e+002
  1.5184520e+003  9.8000000e+002
  1.5194520e+003  1.0000000e+003
  1.5204000e+003  9.4800000e+002
  1.5213840e+003  9.8400000e+002
  1.5223680e+003  9.8400000e+002
  1.5233600e+003  9.9200000e+002
  1.5243200e+003  9.6000000e+002
  1.5253400e+003  1.0200000e+003
  1.5263440e+003  1.0040000e+003
  1.5273080e+003  9.6400000e+002
  1.5282680e+003  9.6000000e+002
  1.5292800e+003  1.0120000e+003
  1.5302800e+003  1.0000000e+003
  1.5312680e+003  9.8800000e+002
  1.5322400e+003  9.7200000e+002
  1.5331120e+003  8.7200000e+002
  1.5342280e+003  1.1160000e+003
  1.5352360e+003  1.0080000e+003
  1.5362280e+003  9.9200000e+002
  1.5372440e+003  1.0160000e+003
  1.5382160e+003  9.7200000e+002
  1.5391920e+003  9.7600000e+002
  1.5402160e+003  1.0240000e+003
  1.5412000e+003  9.8400000e+002
  1.5422080e+003  1.0080000e+003
  1.5432280e+003  1.0200000e+003
  1.5442280e+003  1.0000000e+003
  1.5452360e+003  1.0080000e+003
  1.5462600e+003  1.0240000e+003
  1.5472680e+003  1.0080000e+003
  1.5481720e+003  9.0400000e+002
  1.5493200e+003  1.1480000e+003
  1.5503560e+003  1.0360000e+003
  1.5513480e+003  9.9200000e+002
  1.5523480e+003  1.0000000e+003
  1.5532120e+003  8.6400000e+002
  1.5543280e+003  1.1160000e+003
  1.5553160e+003  9.8800000e+002
  1.5563080e+003  9.9200000e+002
  1.5573200e+003  1.0120000e+003
  1.5582840e+003  9.6400000e+002
  1.5592640e+003  9.8000000e+002
  1.5602360e+003  9.7200000e+002
  1.5612360e+003  1.0000000e+003
  1.5621760e+003  9.4000000e+002
  1.5631640e+003  9.8800000e+002
  1.5641280e+003  9.6400000e+002
  1.5650880e+003  9.6000000e+002
  1.5660640e+003  9.7600000e+002
  1.5670360e+003  9.7200000e+002
  1.5680280e+003  9.9200000e+002
  1.5689760e+003  9.4800000e+002
  1.5699360e+003  9.6000000e+002
  1.5709200e+003  9.8400000e+002
  1.5718360e+003  9.1600000e+002
  1.5728160e+003  9.8000000e+002
  1.5738360e+003  1.0200000e+003
  1.5748120e+003  9.7600000e+002
  1.5757600e+003  9.4800000e+002
  1.5767520e+003  9.9200000e+002
  1.5777640e+003  1.0120000e+003
  1.5787400e+003  9.7600000e+002
  1.5797120e+003  9.7200000e+002
  1.5807040e+003  9.9200000e+002
  1.5816720e+003  9.6800000e+002
  1.5826040e+003  9.3200000e+002
  1.5835960e+003  9.9200000e+002
  1.5845800e+003  9.8400000e+002
  1.5855320e+003  9.5200000e+002
  1.5865200e+003  9.8800000e+002
  1.5875000e+003  9.8000000e+002
  1.5885000e+003  1.0000000e+003
  1.5894720e+003  9.7200000e+002
  1.5904400e+003  9.6800000e+002
  1.5914720e+003  1.0320000e+003
  1.5924720e+003  1.0000000e+003
  1.5934600e+003  9.8800000e+002
  1.5944520e+003  9.9200000e+002
  1.5954600e+003  1.0080000e+003
  1.5964400e+003  9.8000000e+002
  1.5974640e+003  1.0240000e+003
  1.5984640e+003  1.0000000e+003
  1.5994320e+003  9.6800000e+002
  1.6004600e+003  1.0280000e+003
  1.6014520e+003  9.9200000e+002
  1.6024760e+003  1.0240000e+003
  1.6034680e+003  9.9200000e+002
  1.6044840e+003  1.0160000e+003
  1.6055000e+003  1.0160000e+003
  1.6065120e+003  1.0120000e+003
  1.6075240e+003  1.0120000e+003
  1.6085120e+003  9.8800000e+002
  1.6094840e+003  9.7200000e+002
  1.6104640e+003  9.8000000e+002
  1.6114600e+003  9.9600000e+002
  1.6124000e+003  9.4000000e+002
  1.6133320e+003  9.3200000e+002
  1.6142840e+003  9.5200000e+002
  1.6152320e+003  9.4800000e+002
  1.6161920e+003  9.6000000e+002
  1.6171800e+003  9.8800000e+002
  1.6181760e+003  9.9600000e+002
  1.6191520e+003  9.7600000e+002
  1.6201400e+003  9.8800000e+002
  1.6211560e+003  1.0160000e+003
  1.6221440e+003  9.8800000e+002
  1.6229720e+003  8.2800000e+002
  1.6241160e+003  1.1440000e+003
  1.6251240e+003  1.0080000e+003
  1.6260960e+003  9.7200000e+002
  1.6270960e+003  1.0000000e+003
  1.6281160e+003  1.0200000e+003
  1.6291080e+003  9.9200000e+002
  1.6300960e+003  9.8800000e+002
  1.6311080e+003  1.0120000e+003
  1.6320880e+003  9.8000000e+002
  1.6330640e+003  9.7600000e+002
  1.6340840e+003  1.0200000e+003
  1.6350880e+003  1.0040000e+003
  1.6360880e+003  1.0000000e+003
  1.6371080e+003  1.0200000e+003
  1.6381240e+003  1.0160000e+003
  1.6391280e+003  1.0040000e+003
  1.6401400e+003  1.0120000e+003
  1.6411600e+003  1.0200000e+003
  1.6421480e+003  9.8800000e+002
  1.6431600e+003  1.0120000e+003
  1.6441720e+003  1.0120000e+003
  1.6451720e+003  1.0000000e+003
  1.6461720e+003  1.0000000e+003
  1.6471520e+003  9.8000000e+002
  1.6481720e+003  1.0200000e+003
  1.6491880e+003  1.0160000e+003
  1.6501640e+003  9.7600000e+002
  1.6512000e+003  1.0360000e+003
  1.6522280e+003  1.0280000e+003
  1.6532360e+003  1.0080000e+003
  1.6542240e+003  9.8800000e+002
  1.6552320e+003  1.0080000e+003
  1.6562320e+003  1.0000000e+003
  1.6572160e+003  9.8400000e+002
  1.6582240e+003  1.0080000e+003
  1.6592360e+003  1.0120000e+003
  1.6602280e+003  9.9200000e+002
  1.6612160e+003  9.8800000e+002
  1.6622360e+003  1.0200000e+003
  1.6632440e+003  1.0080000e+003
  1.6642160e+003  9.7200000e+002
  1.6650920e+003  8.7600000e+002
  1.6662560e+003  1.1640000e+003
  1.6672640e+003  1.0080000e+003
  1.6682960e+003  1.0320000e+003
  1.6692960e+003  1.0000000e+003
  1.6703120e+003  1.0160000e+003
  1.6713440e+003  1.0320000e+003
  1.6723600e+003  1.0160000e+003
  1.6733880e+003  1.0280000e+003
  1.6742640e+003  8.7600000e+002
  1.6754600e+003  1.1960000e+003
  1.6764880e+003  1.0280000e+003
  1.6775440e+003  1.0560000e+003
  1.6785880e+003  1.0440000e+003
  1.6796080e+003  1.0200000e+003
  1.6806480e+003  1.0400000e+003
  1.6816880e+003  1.0400000e+003
  1.6827120e+003  1.0240000e+003
  1.6837400e+003  1.0280000e+003
  1.6847600e+003  1.0200000e+003
  1.6857720e+003  1.0120000e+003
  1.6867600e+003  9.8800000e+002
  1.6877320e+003  9.7200000e+002
  1.6887160e+003  9.8400000e+002
  1.6896840e+003  9.6800000e+002
  1.6906520e+003  9.6800000e+002
  1.6916600e+003  1.0080000e+003
  1.6926320e+003  9.7200000e+002
  1.6935920e+003  9.6000000e+002
  1.6945920e+003  1.0000000e+003
  1.6956040e+003  1.0120000e+003
  1.6965840e+003  9.8000000e+002
  1.6975640e+003  9.8000000e+002
  1.6985840e+003  1.0200000e+003
  1.6995560e+003  9.7200000e+002
  1.7005160e+003  9.6000000e+002
  1.7015080e+003  9.9200000e+002
  1.7025080e+003  1.0000000e+003
  1.7033520e+003  8.4400000e+002
  1.7044760e+003  1.1240000e+003
  1.7054880e+003  1.0120000e+003
  1.7064680e+003  9.8000000e+002
  1.7073120e+003  8.4400000e+002
  1.7084480e+003  1.1360000e+003
  1.7094760e+003  1.0280000e+003
  1.7104640e+003  9.8800000e+002
  1.7113160e+003  8.5200000e+002
  1.7124400e+003  1.1240000e+003
  1.7134160e+003  9.7600000e+002
  1.7143520e+003  9.3600000e+002
  1.7153360e+003  9.8400000e+002
  1.7162960e+003  9.6000000e+002
  1.7172320e+003  9.3600000e+002
  1.7181920e+003  9.6000000e+002
  1.7191880e+003  9.9600000e+002
  1.7201600e+003  9.7200000e+002
  1.7211080e+003  9.4800000e+002
  1.7221120e+003  1.0040000e+003
  1.7230960e+003  9.8400000e+002
  1.7240760e+003  9.8000000e+002
  1.7250520e+003  9.7600000e+002
  1.7260360e+003  9.8400000e+002
  1.7269960e+003  9.6000000e+002
  1.7279680e+003  9.7200000e+002
  1.7288960e+003  9.2800000e+002
  1.7298640e+003  9.6800000e+002
  1.7308600e+003  9.9600000e+002
  1.7318200e+003  9.6000000e+002
  1.7327680e+003  9.4800000e+002
  1.7337880e+003  1.0200000e+003
  1.7348000e+003  1.0120000e+003
  1.7358200e+003  1.0200000e+003
  1.7368360e+003  1.0160000e+003
  1.7378440e+003  1.0080000e+003
  1.7388480e+003  1.0040000e+003
  1.7398480e+003  1.0000000e+003
  1.7408320e+003  9.8400000e+002
  1.7418520e+003  1.0200000e+003
  1.7428320e+003  9.8000000e+002
  1.7438760e+003  1.0440000e+003
  1.7449000e+003  1.0240000e+003
  1.7458560e+003  9.5600000e+002
  1.7467960e+003  9.4000000e+002
  1.7477800e+003  9.8400000e+002
  1.7487400e+003  9.6000000e+002
  1.7496880e+003  9.4800000e+002
  1.7506640e+003  9.7600000e+002
  1.7516440e+003  9.8000000e+002
  1.7525960e+003  9.5200000e+002
  1.7535480e+003  9.5200000e+002
  1.7545400e+003  9.9200000e+002
  1.7555600e+003  1.0200000e+003
  1.7565480e+003  9.8800000e+002
  1.7575640e+003  1.0160000e+003
  1.7585720e+003  1.0080000e+003
  1.7595720e+003  1.0000000e+003
  1.7604440e+003  8.7200000e+002
  1.7616120e+003  1.1680000e+003
  1.7626280e+003  1.0160000e+003
  1.7636480e+003  1.0200000e+003
  1.7646440e+003  9.9600000e+002
  1.7656520e+003  1.0080000e+003
  1.7666440e+003  9.9200000e+002
  1.7676560e+003  1.0120000e+003
  1.7686600e+003  1.0040000e+003
  1.7696240e+003  9.6400000e+002
  1.7706440e+003  1.0200000e+003
  1.7716680e+003  1.0240000e+003
  1.7726680e+003  1.0000000e+003
  1.7736560e+003  9.8800000e+002
  1.7746840e+003  1.0280000e+003
  1.7756760e+003  9.9200000e+002
  1.7765440e+003  8.6800000e+002
  1.7776680e+003  1.1240000e+003
  1.7786960e+003  1.0280000e+003
  1.7797120e+003  1.0160000e+003
  1.7807360e+003  1.0240000e+003
  1.7817120e+003  9.7600000e+002
  1.7827040e+003  9.9200000e+002
  1.7837240e+003  1.0200000e+003
  1.7846840e+003  9.6000000e+002
  1.7856640e+003  9.8000000e+002
  1.7866440e+003  9.8000000e+002
  1.7876120e+003  9.6800000e+002
  1.7885040e+003  8.9200000e+002
  1.7894480e+003  9.4400000e+002
  1.7903160e+003  8.6800000e+002
  1.7912080e+003  8.9200000e+002
  1.7920880e+003  8.8000000e+002
  1.7929960e+003  9.0800000e+002
  1.7939080e+003  9.1200000e+002
  1.7948200e+003  9.1200000e+002
  1.7955920e+003  7.7200000e+002
  1.7966920e+003  1.1000000e+003
