  1.5480000e+000  9.2000000e+002
  2.4520000e+000  9.0400000e+002
  3.4000000e+000  9.4800000e+002
  4.2880000e+000  8.8800000e+002
  5.2680000e+000  9.8000000e+002
  6.0520000e+000  7.8400000e+002
  7.0120000e+000  9.6000000e+002
  7.8920000e+000  8.8000000e+002
  8.6200000e+000  7.2800000e+002
  9.4640000e+000  8.4400000e+002
  1.0444000e+001  9.8000000e+002
  1.1448000e+001  1.0040000e+003
  1.2364000e+001  9.1600000e+002
  1.3236000e+001  8.7200000e+002
  1.4216000e+001  9.8000000e+002
  1.5080000e+001  8.6400000e+002
  1.5824000e+001  7.4400000e+002
  1.6868000e+001  1.0440000e+003
  1.7712000e+001  8.4400000e+002
  1.8436000e+001  7.2400000e+002
  1.9356000e+001  9.2000000e+002
  2.0308000e+001  9.5200000e+002
  2.1240000e+001  9.3200000e+002
  2.2092000e+001  8.5200000e+002
  2.3000000e+001  9.0800000e+002
  2.3864000e+001  8.6400000e+002
  2.4672000e+001  8.0800000e+002
  2.5656000e+001  9.8400000e+002
  2.6484000e+001  8.2800000e+002
  2.7228000e+001  7.4400000e+002
  2.8224000e+001  9.9600000e+002
  2.8960000e+001  7.3600000e+002
  2.9744000e+001  7.8400000e+002
  3.0760000e+001  1.0160000e+003
  3.1676000e+001  9.1600000e+002
  3.2576000e+001  9.0000000e+002
  3.3516000e+001  9.4000000e+002
  3.4352000e+001  8.3600000e+002
  3.5412000e+001  1.0600000e+003
  3.6240000e+001  8.2800000e+002
  3.7220000e+001  9.8000000e+002
  3.8160000e+001  9.4000000e+002
  3.9116000e+001  9.5600000e+002
  4.0008000e+001  8.9200000e+002
  4.0980000e+001  9.7200000e+002
  4.1836000e+001  8.5600000e+002
  4.2816000e+001  9.8000000e+002
  4.3780000e+001  9.6400000e+002
  4.4760000e+001  9.8000000e+002
  4.5688000e+001  9.2800000e+002
  4.6580000e+001  8.9200000e+002
  4.7520000e+001  9.4000000e+002
  4.8352000e+001  8.3200000e+002
  4.9428000e+001  1.0760000e+003
  5.0244000e+001  8.1600000e+002
  5.1220000e+001  9.7600000e+002
  5.2164000e+001  9.4400000e+002
  5.2964000e+001  8.0000000e+002
  5.4112000e+001  1.1480000e+003
  5.5016000e+001  9.0400000e+002
  5.5988000e+001  9.7200000e+002
  5.6860000e+001  8.7200000e+002
  5.7856000e+001  9.9600000e+002
  5.8828000e+001  9.7200000e+002
  5.9800000e+001  9.7200000e+002
  6.0720000e+001  9.2000000e+002
  6.1672000e+001  9.5200000e+002
  6.2584000e+001  9.1200000e+002
  6.3524000e+001  9.4000000e+002
  6.4484000e+001  9.6000000e+002
  6.5360000e+001  8.7600000e+002
  6.6220000e+001  8.6000000e+002
  6.7228000e+001  1.0080000e+003
  6.8132000e+001  9.0400000e+002
  6.8896000e+001  7.6400000e+002
  6.9664000e+001  7.6800000e+002
  7.0644000e+001  9.8000000e+002
  7.1636000e+001  9.9200000e+002
  7.2652000e+001  1.0160000e+003
  7.3588000e+001  9.3600000e+002
  7.4504000e+001  9.1600000e+002
  7.5472000e+001  9.6800000e+002
  7.6424000e+001  9.5200000e+002
  7.7316000e+001  8.9200000e+002
  7.8296000e+001  9.8000000e+002
  7.9152000e+001  8.5600000e+002
  8.0132000e+001  9.8000000e+002
  8.1128000e+001  9.9600000e+002
  8.2076000e+001  9.4800000e+002
  8.2992000e+001  9.1600000e+002
  8.3940000e+001  9.4800000e+002
  8.4884000e+001  9.4400000e+002
  8.5756000e+001  8.7200000e+002
  8.6692000e+001  9.3600000e+002
  8.7640000e+001  9.4800000e+002
  8.8500000e+001  8.6000000e+002
  8.9488000e+001  9.8800000e+002
  9.0376000e+001  8.8800000e+002
  9.1304000e+001  9.2800000e+002
  9.2088000e+001  7.8400000e+002
  9.3064000e+001  9.7600000e+002
  9.3836000e+001  7.7200000e+002
  9.4824000e+001  9.8800000e+002
  9.5680000e+001  8.5600000e+002
  9.6676000e+001  9.9600000e+002
  9.7544000e+001  8.6800000e+002
  9.8308000e+001  7.6400000e+002
  9.9276000e+001  9.6800000e+002
  1.0023600e+002  9.6000000e+002
  1.0120400e+002  9.6800000e+002
  1.0207600e+002  8.7200000e+002
  1.0306400e+002  9.8800000e+002
  1.0390800e+002  8.4400000e+002
  1.0494400e+002  1.0360000e+003
  1.0572800e+002  7.8400000e+002
  1.0674000e+002  1.0120000e+003
  1.0769600e+002  9.5600000e+002
  1.0864000e+002  9.4400000e+002
  1.0961600e+002  9.7600000e+002
  1.1046800e+002  8.5200000e+002
  1.1149200e+002  1.0240000e+003
  1.1243600e+002  9.4400000e+002
  1.1322800e+002  7.9200000e+002
  1.1420800e+002  9.8000000e+002
  1.1512800e+002  9.2000000e+002
  1.1609200e+002  9.6400000e+002
  1.1704800e+002  9.5600000e+002
  1.1799200e+002  9.4400000e+002
  1.1885600e+002  8.6400000e+002
  1.1988400e+002  1.0280000e+003
  1.2067600e+002  7.9200000e+002
  1.2164000e+002  9.6400000e+002
  1.2260800e+002  9.6800000e+002
  1.2357200e+002  9.6400000e+002
  1.2450800e+002  9.3600000e+002
  1.2545600e+002  9.4800000e+002
  1.2632400e+002  8.6800000e+002
  1.2738400e+002  1.0600000e+003
  1.2823200e+002  8.4800000e+002
  1.2883600e+002  6.0400000e+002
  1.2998800e+002  1.1520000e+003
  1.3097200e+002  9.8400000e+002
  1.3190400e+002  9.3200000e+002
  1.3286400e+002  9.6000000e+002
  1.3381600e+002  9.5200000e+002
  1.3464000e+002  8.2400000e+002
  1.3572000e+002  1.0800000e+003
  1.3647600e+002  7.5600000e+002
  1.3744000e+002  9.6400000e+002
  1.3840400e+002  9.6400000e+002
  1.3935600e+002  9.5200000e+002
  1.4030800e+002  9.5200000e+002
  1.4119200e+002  8.8400000e+002
  1.4221200e+002  1.0200000e+003
  1.4306400e+002  8.5200000e+002
  1.4387200e+002  8.0800000e+002
  1.4483600e+002  9.6400000e+002
  1.4579600e+002  9.6000000e+002
  1.4674000e+002  9.4400000e+002
  1.4766000e+002  9.2000000e+002
  1.4863200e+002  9.7200000e+002
  1.4950800e+002  8.7600000e+002
  1.5049600e+002  9.8800000e+002
  1.5144800e+002  9.5200000e+002
  1.5226800e+002  8.2000000e+002
  1.5318000e+002  9.1200000e+002
  1.5415200e+002  9.7200000e+002
  1.5506800e+002  9.1600000e+002
  1.5601600e+002  9.4800000e+002
  1.5696000e+002  9.4400000e+002
  1.5790400e+002  9.4400000e+002
  1.5882800e+002  9.2400000e+002
  1.5972800e+002  9.0000000e+002
  1.6070400e+002  9.7600000e+002
  1.6160000e+002  8.9600000e+002
  1.6246800e+002  8.6800000e+002
  1.6346800e+002  1.0000000e+003
  1.6432800e+002  8.6000000e+002
  1.6513200e+002  8.0400000e+002
  1.6606400e+002  9.3200000e+002
  1.6700800e+002  9.4400000e+002
  1.6794000e+002  9.3200000e+002
  1.6888400e+002  9.4400000e+002
  1.6984000e+002  9.5600000e+002
  1.7065200e+002  8.1200000e+002
  1.7141600e+002  7.6400000e+002
  1.7236000e+002  9.4400000e+002
  1.7333200e+002  9.7200000e+002
  1.7426800e+002  9.3600000e+002
  1.7515600e+002  8.8800000e+002
  1.7610800e+002  9.5200000e+002
  1.7696000e+002  8.5200000e+002
  1.7798800e+002  1.0280000e+003
  1.7875200e+002  7.6400000e+002
  1.7969600e+002  9.4400000e+002
  1.8064800e+002  9.5200000e+002
  1.8162800e+002  9.8000000e+002
  1.8254800e+002  9.2000000e+002
  1.8344800e+002  9.0000000e+002
  1.8438000e+002  9.3200000e+002
  1.8524000e+002  8.6000000e+002
  1.8620800e+002  9.6800000e+002
  1.8714000e+002  9.3200000e+002
  1.8809600e+002  9.5600000e+002
  1.8904800e+002  9.5200000e+002
  1.8998000e+002  9.3200000e+002
  1.9083600e+002  8.5600000e+002
  1.9183200e+002  9.9600000e+002
  1.9273200e+002  9.0000000e+002
  1.9350800e+002  7.7600000e+002
  1.9447200e+002  9.6400000e+002
  1.9541600e+002  9.4400000e+002
  1.9636800e+002  9.5200000e+002
  1.9731600e+002  9.4800000e+002
  1.9826000e+002  9.4400000e+002
  1.9922400e+002  9.6400000e+002
  2.0006800e+002  8.4400000e+002
  2.0104800e+002  9.8000000e+002
  2.0192800e+002  8.8000000e+002
  2.0270400e+002  7.7600000e+002
  2.0368800e+002  9.8400000e+002
  2.0464000e+002  9.5200000e+002
  2.0559600e+002  9.5600000e+002
  2.0654800e+002  9.5200000e+002
  2.0749200e+002  9.4400000e+002
  2.0831200e+002  8.2000000e+002
  2.0928000e+002  9.6800000e+002
  2.1023200e+002  9.5200000e+002
  2.1117200e+002  9.4000000e+002
  2.1210400e+002  9.3200000e+002
  2.1304800e+002  9.4400000e+002
  2.1402400e+002  9.7600000e+002
  2.1483200e+002  8.0800000e+002
  2.1586400e+002  1.0320000e+003
  2.1670000e+002  8.3600000e+002
  2.1772000e+002  1.0200000e+003
  2.1868000e+002  9.6000000e+002
  2.1964000e+002  9.6000000e+002
  2.2056400e+002  9.2400000e+002
  2.2144400e+002  8.8000000e+002
  2.2242400e+002  9.8000000e+002
  2.2338000e+002  9.5600000e+002
  2.2430800e+002  9.2800000e+002
  2.2528800e+002  9.8000000e+002
  2.2622000e+002  9.3200000e+002
  2.2707600e+002  8.5600000e+002
  2.2807600e+002  1.0000000e+003
  2.2894400e+002  8.6800000e+002
  2.2998800e+002  1.0440000e+003
  2.3097600e+002  9.8800000e+002
  2.3192000e+002  9.4400000e+002
  2.3284000e+002  9.2000000e+002
  2.3371200e+002  8.7200000e+002
  2.3469600e+002  9.8400000e+002
  2.3564000e+002  9.4400000e+002
  2.3658400e+002  9.4400000e+002
  2.3750800e+002  9.2400000e+002
  2.3845600e+002  9.4800000e+002
  2.3939600e+002  9.4000000e+002
  2.4034000e+002  9.4400000e+002
  2.4126400e+002  9.2400000e+002
  2.4216000e+002  8.9600000e+002
  2.4314000e+002  9.8000000e+002
  2.4409600e+002  9.5600000e+002
  2.4500800e+002  9.1200000e+002
  2.4593600e+002  9.2800000e+002
  2.4688000e+002  9.4400000e+002
  2.4780400e+002  9.2400000e+002
  2.4867600e+002  8.7200000e+002
  2.4942800e+002  7.5200000e+002
  2.5030800e+002  8.8000000e+002
  2.5126800e+002  9.6000000e+002
  2.5222400e+002  9.5600000e+002
  2.5317600e+002  9.5200000e+002
  2.5406000e+002  8.8400000e+002
  2.5500000e+002  9.4000000e+002
  2.5586800e+002  8.6800000e+002
  2.5686000e+002  9.9200000e+002
  2.5760800e+002  7.4800000e+002
  2.5838000e+002  7.7200000e+002
  2.5942000e+002  1.0400000e+003
  2.6024800e+002  8.2400000e+002
  2.6114400e+002  8.9600000e+002
  2.6205200e+002  9.0800000e+002
  2.6300000e+002  9.4800000e+002
  2.6393600e+002  9.3600000e+002
  2.6483600e+002  9.0000000e+002
  2.6558400e+002  7.4800000e+002
  2.6650800e+002  9.2400000e+002
  2.6749600e+002  9.8800000e+002
  2.6840800e+002  9.1200000e+002
  2.6934400e+002  9.3600000e+002
  2.7020800e+002  8.6400000e+002
  2.7118800e+002  9.8000000e+002
  2.7206000e+002  8.7200000e+002
  2.7280000e+002  7.4000000e+002
  2.7373200e+002  9.3200000e+002
  2.7466800e+002  9.3600000e+002
  2.7560800e+002  9.4000000e+002
  2.7655200e+002  9.4400000e+002
  2.7744400e+002  8.9200000e+002
  2.7838400e+002  9.4000000e+002
  2.7927600e+002  8.9200000e+002
  2.8021600e+002  9.4000000e+002
  2.8101200e+002  7.9600000e+002
  2.8196800e+002  9.5600000e+002
  2.8275200e+002  7.8400000e+002
  2.8369200e+002  9.4000000e+002
  2.8465600e+002  9.6400000e+002
  2.8558400e+002  9.2800000e+002
  2.8649600e+002  9.1200000e+002
  2.8743200e+002  9.3600000e+002
  2.8829200e+002  8.6000000e+002
  2.8932000e+002  1.0280000e+003
  2.9006800e+002  7.4800000e+002
  2.9103200e+002  9.6400000e+002
  2.9198800e+002  9.5600000e+002
  2.9296400e+002  9.7600000e+002
  2.9393600e+002  9.7200000e+002
  2.9485600e+002  9.2000000e+002
  2.9570400e+002  8.4800000e+002
  2.9649200e+002  7.8800000e+002
  2.9744000e+002  9.4800000e+002
  2.9839200e+002  9.5200000e+002
  2.9932400e+002  9.3200000e+002
  3.0027200e+002  9.4800000e+002
  3.0121200e+002  9.4000000e+002
  3.0215600e+002  9.4400000e+002
  3.0304000e+002  8.8400000e+002
  3.0396800e+002  9.2800000e+002
  3.0490800e+002  9.4000000e+002
  3.0586800e+002  9.6000000e+002
  3.0680800e+002  9.4000000e+002
  3.0776800e+002  9.6000000e+002
  3.0868800e+002  9.2000000e+002
  3.0949200e+002  8.0400000e+002
  3.1054000e+002  1.0480000e+003
  3.1141200e+002  8.7200000e+002
  3.1238000e+002  9.6800000e+002
  3.1325600e+002  8.7600000e+002
  3.1420000e+002  9.4400000e+002
  3.1514400e+002  9.4400000e+002
  3.1601600e+002  8.7200000e+002
  3.1704400e+002  1.0280000e+003
  3.1788400e+002  8.4000000e+002
  3.1883200e+002  9.4800000e+002
  3.1965200e+002  8.2000000e+002
  3.2047200e+002  8.2000000e+002
  3.2142000e+002  9.4800000e+002
  3.2233600e+002  9.1600000e+002
  3.2329600e+002  9.6000000e+002
  3.2423200e+002  9.3600000e+002
  3.2519600e+002  9.6400000e+002
  3.2612000e+002  9.2400000e+002
  3.2696400e+002  8.4400000e+002
  3.2780400e+002  8.4000000e+002
  3.2876800e+002  9.6400000e+002
  3.2970000e+002  9.3200000e+002
  3.3062800e+002  9.2800000e+002
  3.3157200e+002  9.4400000e+002
  3.3251200e+002  9.4000000e+002
  3.3345600e+002  9.4400000e+002
  3.3439600e+002  9.4000000e+002
  3.3530800e+002  9.1200000e+002
  3.3614800e+002  8.4000000e+002
  3.3714400e+002  9.9600000e+002
  3.3797600e+002  8.3200000e+002
  3.3873200e+002  7.5600000e+002
  3.3948000e+002  7.4800000e+002
  3.4037600e+002  8.9600000e+002
  3.4134800e+002  9.7200000e+002
  3.4229200e+002  9.4400000e+002
  3.4320800e+002  9.1600000e+002
  3.4414000e+002  9.3200000e+002
  3.4510400e+002  9.6400000e+002
  3.4599600e+002  8.9200000e+002
  3.4692000e+002  9.2400000e+002
  3.4783600e+002  9.1600000e+002
  3.4880400e+002  9.6800000e+002
  3.4966800e+002  8.6400000e+002
  3.5062000e+002  9.5200000e+002
  3.5152400e+002  9.0400000e+002
  3.5248000e+002  9.5600000e+002
  3.5340000e+002  9.2000000e+002
  3.5430800e+002  9.0800000e+002
  3.5524400e+002  9.3600000e+002
  3.5618400e+002  9.4000000e+002
  3.5706000e+002  8.7600000e+002
  3.5797200e+002  9.1200000e+002
  3.5879600e+002  8.2400000e+002
  3.5976000e+002  9.6400000e+002
  3.6063600e+002  8.7600000e+002
  3.6156400e+002  9.2800000e+002
  3.6248400e+002  9.2000000e+002
  3.6340000e+002  9.1600000e+002
  3.6430000e+002  9.0000000e+002
  3.6516800e+002  8.6800000e+002
  3.6598400e+002  8.1600000e+002
  3.6699600e+002  1.0120000e+003
  3.6774400e+002  7.4800000e+002
  3.6850400e+002  7.6000000e+002
  3.6953200e+002  1.0280000e+003
  3.7036000e+002  8.2800000e+002
  3.7123200e+002  8.7200000e+002
  3.7213200e+002  9.0000000e+002
  3.7305200e+002  9.2000000e+002
  3.7396400e+002  9.1200000e+002
  3.7486000e+002  8.9600000e+002
  3.7576000e+002  9.0000000e+002
  3.7657200e+002  8.1200000e+002
  3.7748400e+002  9.1200000e+002
  3.7834000e+002  8.5600000e+002
  3.7924000e+002  9.0000000e+002
  3.8013600e+002  8.9600000e+002
  3.8102800e+002  8.9200000e+002
  3.8188000e+002  8.5200000e+002
  3.8276000e+002  8.8000000e+002
  3.8358800e+002  8.2800000e+002
  3.8425600e+002  6.6800000e+002
  3.8511600e+002  8.6000000e+002
  3.8600400e+002  8.8800000e+002
  3.8688800e+002  8.8400000e+002
  3.8772800e+002  8.4000000e+002
  3.8860000e+002  8.7200000e+002
  3.8947200e+002  8.7200000e+002
  3.9034800e+002  8.7600000e+002
  3.9118800e+002  8.4000000e+002
  3.9205600e+002  8.6800000e+002
  3.9295200e+002  8.9600000e+002
  3.9381600e+002  8.6400000e+002
  3.9459200e+002  7.7600000e+002
  3.9550400e+002  9.1200000e+002
  3.9640800e+002  9.0400000e+002
  3.9710800e+002  7.0000000e+002
  3.9821200e+002  1.1040000e+003
  3.9911200e+002  9.0000000e+002
  4.0003200e+002  9.2000000e+002
  4.0082800e+002  7.9600000e+002
  4.0177200e+002  9.4400000e+002
  4.0265200e+002  8.8000000e+002
  4.0356800e+002  9.1600000e+002
  4.0444000e+002  8.7200000e+002
  4.0528800e+002  8.4800000e+002
  4.0617600e+002  8.8800000e+002
  4.0696000e+002  7.8400000e+002
  4.0797600e+002  1.0160000e+003
  4.0873200e+002  7.5600000e+002
  4.0951200e+002  7.8000000e+002
  4.1046000e+002  9.4800000e+002
  4.1138800e+002  9.2800000e+002
  4.1226400e+002  8.7600000e+002
  4.1314800e+002  8.8400000e+002
  4.1406400e+002  9.1600000e+002
  4.1492000e+002  8.5600000e+002
  4.1579200e+002  8.7200000e+002
  4.1672000e+002  9.2800000e+002
  4.1762800e+002  9.0800000e+002
  4.1852000e+002  8.9200000e+002
  4.1942800e+002  9.0800000e+002
  4.2036000e+002  9.3200000e+002
  4.2120400e+002  8.4400000e+002
  4.2214000e+002  9.3600000e+002
  4.2308000e+002  9.4000000e+002
  4.2398800e+002  9.0800000e+002
  4.2491200e+002  9.2400000e+002
  4.2584800e+002  9.3600000e+002
  4.2676400e+002  9.1600000e+002
  4.2765600e+002  8.9200000e+002
  4.2848000e+002  8.2400000e+002
  4.2944000e+002  9.6000000e+002
  4.3034800e+002  9.0800000e+002
  4.3125200e+002  9.0400000e+002
  4.3219200e+002  9.4000000e+002
  4.3309200e+002  9.0000000e+002
  4.3400000e+002  9.0800000e+002
  4.3483600e+002  8.3600000e+002
  4.3558000e+002  7.4400000e+002
  4.3621200e+002  6.3200000e+002
  4.3722400e+002  1.0120000e+003
  4.3814800e+002  9.2400000e+002
  4.3910800e+002  9.6000000e+002
  4.4001200e+002  9.0400000e+002
  4.4083200e+002  8.2000000e+002
  4.4159600e+002  7.6400000e+002
  4.4253200e+002  9.3600000e+002
  4.4344000e+002  9.0800000e+002
  4.4437600e+002  9.3600000e+002
  4.4527200e+002  8.9600000e+002
  4.4621600e+002  9.4400000e+002
  4.4710400e+002  8.8800000e+002
  4.4802000e+002  9.1600000e+002
  4.4888400e+002  8.6400000e+002
  4.4981200e+002  9.2800000e+002
  4.5075200e+002  9.4000000e+002
  4.5167200e+002  9.2000000e+002
  4.5260800e+002  9.3600000e+002
  4.5354800e+002  9.4000000e+002
  4.5450400e+002  9.5600000e+002
  4.5537200e+002  8.6800000e+002
  4.5613200e+002  7.6000000e+002
  4.5708400e+002  9.5200000e+002
  4.5803600e+002  9.5200000e+002
  4.5902000e+002  9.8400000e+002
  4.5995200e+002  9.3200000e+002
  4.6082000e+002  8.6800000e+002
  4.6182400e+002  1.0040000e+003
  4.6270800e+002  8.8400000e+002
  4.6371600e+002  1.0080000e+003
  4.6467200e+002  9.5600000e+002
  4.6546000e+002  7.8800000e+002
  4.6642800e+002  9.6800000e+002
  4.6716800e+002  7.4000000e+002
  4.6825600e+002  1.0880000e+003
  4.6904000e+002  7.8400000e+002
  4.7017200e+002  1.1320000e+003
  4.7100400e+002  8.3200000e+002
  4.7190400e+002  9.0000000e+002
  4.7271600e+002  8.1200000e+002
  4.7379200e+002  1.0760000e+003
  4.7458000e+002  7.8800000e+002
  4.7550000e+002  9.2000000e+002
  4.7646000e+002  9.6000000e+002
  4.7744400e+002  9.8400000e+002
  4.7836400e+002  9.2000000e+002
  4.7925600e+002  8.9200000e+002
  4.8010000e+002  8.4400000e+002
  4.8106000e+002  9.6000000e+002
  4.8201200e+002  9.5200000e+002
  4.8292000e+002  9.0800000e+002
  4.8385200e+002  9.3200000e+002
  4.8478000e+002  9.2800000e+002
  4.8572400e+002  9.4400000e+002
  4.8654000e+002  8.1600000e+002
  4.8744000e+002  9.0000000e+002
  4.8836800e+002  9.2800000e+002
  4.8931200e+002  9.4400000e+002
  4.9015600e+002  8.4400000e+002
  4.9110400e+002  9.4800000e+002
  4.9204400e+002  9.4000000e+002
  4.9288000e+002  8.3600000e+002
  4.9362800e+002  7.4800000e+002
  4.9452800e+002  9.0000000e+002
  4.9544400e+002  9.1600000e+002
  4.9637200e+002  9.2800000e+002
  4.9725600e+002  8.8400000e+002
  4.9816000e+002  9.0400000e+002
  4.9909600e+002  9.3600000e+002
  4.9985600e+002  7.6000000e+002
  5.0088000e+002  1.0240000e+003
  5.0166800e+002  7.8800000e+002
  5.0258000e+002  9.1200000e+002
  5.0348800e+002  9.0800000e+002
  5.0439600e+002  9.0800000e+002
  5.0529600e+002  9.0000000e+002
  5.0622400e+002  9.2800000e+002
  5.0703200e+002  8.0800000e+002
  5.0805600e+002  1.0240000e+003
  5.0883600e+002  7.8000000e+002
  5.0976400e+002  9.2800000e+002
  5.1072400e+002  9.6000000e+002
  5.1168400e+002  9.6000000e+002
  5.1264400e+002  9.6000000e+002
  5.1355600e+002  9.1200000e+002
  5.1442000e+002  8.6400000e+002
  5.1546800e+002  1.0480000e+003
  5.1638000e+002  9.1200000e+002
  5.1715600e+002  7.7600000e+002
  5.1806800e+002  9.1200000e+002
  5.1904000e+002  9.7200000e+002
  5.2001600e+002  9.7600000e+002
  5.2097200e+002  9.5600000e+002
  5.2154400e+002  5.7200000e+002
  5.2260400e+002  1.0600000e+003
  5.2356000e+002  9.5600000e+002
  5.2451600e+002  9.5600000e+002
  5.2546400e+002  9.4800000e+002
  5.2634000e+002  8.7600000e+002
  5.2734000e+002  1.0000000e+003
  5.2814000e+002  8.0000000e+002
  5.2908400e+002  9.4400000e+002
  5.3002000e+002  9.3600000e+002
  5.3098800e+002  9.6800000e+002
  5.3186800e+002  8.8000000e+002
  5.3278400e+002  9.1600000e+002
  5.3364000e+002  8.5600000e+002
  5.3464000e+002  1.0000000e+003
  5.3554800e+002  9.0800000e+002
  5.3628800e+002  7.4000000e+002
  5.3718400e+002  8.9600000e+002
  5.3814400e+002  9.6000000e+002
  5.3906800e+002  9.2400000e+002
  5.4001600e+002  9.4800000e+002
  5.4094400e+002  9.2800000e+002
  5.4186000e+002  9.1600000e+002
  5.4283200e+002  9.7200000e+002
  5.4376800e+002  9.3600000e+002
  5.4462800e+002  8.6000000e+002
  5.4558400e+002  9.5600000e+002
  5.4645200e+002  8.6800000e+002
  5.4740800e+002  9.5600000e+002
  5.4840400e+002  9.9600000e+002
  5.4934000e+002  9.3600000e+002
  5.5024800e+002  9.0800000e+002
  5.5119600e+002  9.4800000e+002
  5.5206800e+002  8.7200000e+002
  5.5303200e+002  9.6400000e+002
  5.5393200e+002  9.0000000e+002
  5.5476000e+002  8.2800000e+002
  5.5574800e+002  9.8800000e+002
  5.5669600e+002  9.4800000e+002
  5.5763600e+002  9.4000000e+002
  5.5852400e+002  8.8800000e+002
  5.5951200e+002  9.8800000e+002
  5.6039200e+002  8.8000000e+002
  5.6118400e+002  7.9200000e+002
  5.6215600e+002  9.7200000e+002
  5.6310000e+002  9.4400000e+002
  5.6407200e+002  9.7200000e+002
  5.6503600e+002  9.6400000e+002
  5.6593600e+002  9.0000000e+002
  5.6692400e+002  9.8800000e+002
  5.6784800e+002  9.2400000e+002
  5.6865200e+002  8.0400000e+002
  5.6964400e+002  9.9200000e+002
  5.7057200e+002  9.2800000e+002
  5.7156000e+002  9.8800000e+002
  5.7253200e+002  9.7200000e+002
  5.7347600e+002  9.4400000e+002
  5.7446800e+002  9.9200000e+002
  5.7532800e+002  8.6000000e+002
  5.7612000e+002  7.9200000e+002
  5.7707600e+002  9.5600000e+002
  5.7804400e+002  9.6800000e+002
  5.7897200e+002  9.2800000e+002
  5.7992400e+002  9.5200000e+002
  5.8089200e+002  9.6800000e+002
  5.8182800e+002  9.3600000e+002
  5.8265200e+002  8.2400000e+002
  5.8365600e+002  1.0040000e+003
  5.8450800e+002  8.5200000e+002
  5.8550400e+002  9.9600000e+002
  5.8644400e+002  9.4000000e+002
  5.8739200e+002  9.4800000e+002
  5.8834400e+002  9.5200000e+002
  5.8928000e+002  9.3600000e+002
  5.9014400e+002  8.6400000e+002
  5.9106800e+002  9.2400000e+002
  5.9202400e+002  9.5600000e+002
  5.9298400e+002  9.6000000e+002
  5.9396000e+002  9.7600000e+002
  5.9483200e+002  8.7200000e+002
  5.9579600e+002  9.6400000e+002
  5.9668400e+002  8.8800000e+002
  5.9763200e+002  9.4800000e+002
  5.9860800e+002  9.7600000e+002
  5.9957600e+002  9.6800000e+002
  6.0049600e+002  9.2000000e+002
  6.0144800e+002  9.5200000e+002
  6.0240400e+002  9.5600000e+002
  6.0337200e+002  9.6800000e+002
  6.0432000e+002  9.4800000e+002
  6.0518000e+002  8.6000000e+002
  6.0608800e+002  9.0800000e+002
  6.0712000e+002  1.0320000e+003
  6.0810800e+002  9.8800000e+002
  6.0904000e+002  9.3200000e+002
  6.0996400e+002  9.2400000e+002
  6.1090800e+002  9.4400000e+002
  6.1184800e+002  9.4000000e+002
  6.1271600e+002  8.6800000e+002
  6.1368400e+002  9.6800000e+002
  6.1460800e+002  9.2400000e+002
  6.1539600e+002  7.8800000e+002
  6.1633600e+002  9.4000000e+002
  6.1729600e+002  9.6000000e+002
  6.1821200e+002  9.1600000e+002
  6.1915600e+002  9.4400000e+002
  6.2008400e+002  9.2800000e+002
  6.2094400e+002  8.6000000e+002
  6.2184800e+002  9.0400000e+002
  6.2280800e+002  9.6000000e+002
  6.2374800e+002  9.4000000e+002
  6.2469600e+002  9.4800000e+002
  6.2558000e+002  8.8400000e+002
  6.2651200e+002  9.3200000e+002
  6.2734800e+002  8.3600000e+002
  6.2831200e+002  9.6400000e+002
  6.2926000e+002  9.4800000e+002
  6.3018400e+002  9.2400000e+002
  6.3104800e+002  8.6400000e+002
  6.3200400e+002  9.5600000e+002
  6.3287600e+002  8.7200000e+002
  6.3366000e+002  7.8400000e+002
  6.3465200e+002  9.9200000e+002
  6.3543600e+002  7.8400000e+002
  6.3638400e+002  9.4800000e+002
  6.3730800e+002  9.2400000e+002
  6.3825200e+002  9.4400000e+002
  6.3916800e+002  9.1600000e+002
  6.4007200e+002  9.0400000e+002
  6.4090800e+002  8.3600000e+002
  6.4195200e+002  1.0440000e+003
  6.4276400e+002  8.1200000e+002
  6.4355200e+002  7.8800000e+002
  6.4452000e+002  9.6800000e+002
  6.4547600e+002  9.5600000e+002
  6.4644000e+002  9.6400000e+002
  6.4739600e+002  9.5600000e+002
  6.4832400e+002  9.2800000e+002
  6.4919200e+002  8.6800000e+002
  6.4998800e+002  7.9600000e+002
  6.5094000e+002  9.5200000e+002
  6.5191200e+002  9.7200000e+002
  6.5284400e+002  9.3200000e+002
  6.5379600e+002  9.5200000e+002
  6.5469600e+002  9.0000000e+002
  6.5569200e+002  9.9600000e+002
  6.5657200e+002  8.8000000e+002
  6.5754400e+002  9.7200000e+002
  6.5840400e+002  8.6000000e+002
  6.5936400e+002  9.6000000e+002
  6.6033600e+002  9.7200000e+002
  6.6124400e+002  9.0800000e+002
  6.6218800e+002  9.4400000e+002
  6.6312800e+002  9.4000000e+002
  6.6409600e+002  9.6800000e+002
  6.6494800e+002  8.5200000e+002
  6.6591200e+002  9.6400000e+002
  6.6676000e+002  8.4800000e+002
  6.6772400e+002  9.6400000e+002
  6.6868400e+002  9.6000000e+002
  6.6959600e+002  9.1200000e+002
  6.7053600e+002  9.4000000e+002
  6.7147200e+002  9.3600000e+002
  6.7244400e+002  9.7200000e+002
  6.7329200e+002  8.4800000e+002
  6.7426400e+002  9.7200000e+002
  6.7515200e+002  8.8800000e+002
  6.7610800e+002  9.5600000e+002
  6.7710000e+002  9.9200000e+002
  6.7780400e+002  7.0400000e+002
  6.7884400e+002  1.0400000e+003
  6.7978800e+002  9.4400000e+002
  6.8078400e+002  9.9600000e+002
  6.8173200e+002  9.4800000e+002
  6.8257600e+002  8.4400000e+002
  6.8356000e+002  9.8400000e+002
  6.8451600e+002  9.5600000e+002
  6.8543200e+002  9.1600000e+002
  6.8619200e+002  7.6000000e+002
  6.8711200e+002  9.2000000e+002
  6.8808000e+002  9.6800000e+002
  6.8906000e+002  9.8000000e+002
  6.8999200e+002  9.3200000e+002
  6.9096800e+002  9.7600000e+002
  6.9182000e+002  8.5200000e+002
  6.9282800e+002  1.0080000e+003
  6.9375600e+002  9.2800000e+002
  6.9456400e+002  8.0800000e+002
  6.9553600e+002  9.7200000e+002
  6.9639200e+002  8.5600000e+002
  6.9741200e+002  1.0200000e+003
  6.9828800e+002  8.7600000e+002
  6.9932400e+002  1.0360000e+003
  7.0017200e+002  8.4800000e+002
  7.0102000e+002  8.4800000e+002
  7.0199600e+002  9.7600000e+002
  7.0287600e+002  8.8000000e+002
  7.0383600e+002  9.6000000e+002
  7.0475600e+002  9.2000000e+002
  7.0570800e+002  9.5200000e+002
  7.0666000e+002  9.5200000e+002
  7.0755600e+002  8.9600000e+002
  7.0846400e+002  9.0800000e+002
  7.0938400e+002  9.2000000e+002
  7.1024800e+002  8.6400000e+002
  7.1124800e+002  1.0000000e+003
  7.1194800e+002  7.0000000e+002
  7.1290000e+002  9.5200000e+002
  7.1376400e+002  8.6400000e+002
  7.1453600e+002  7.7200000e+002
  7.1544400e+002  9.0800000e+002
  7.1632800e+002  8.8400000e+002
  7.1725200e+002  9.2400000e+002
  7.1816800e+002  9.1600000e+002
  7.1910800e+002  9.4000000e+002
  7.1992400e+002  8.1600000e+002
  7.2087600e+002  9.5200000e+002
  7.2177200e+002  8.9600000e+002
  7.2263200e+002  8.6000000e+002
  7.2347200e+002  8.4000000e+002
  7.2429600e+002  8.2400000e+002
  7.2518800e+002  8.9200000e+002
  7.2613200e+002  9.4400000e+002
  7.2711200e+002  9.8000000e+002
  7.2803200e+002  9.2000000e+002
  7.2891200e+002  8.8000000e+002
  7.2985600e+002  9.4400000e+002
  7.3072400e+002  8.6800000e+002
  7.3172400e+002  1.0000000e+003
  7.3249200e+002  7.6800000e+002
  7.3345600e+002  9.6400000e+002
  7.3440000e+002  9.4400000e+002
  7.3523200e+002  8.3200000e+002
  7.3617600e+002  9.4400000e+002
  7.3716400e+002  9.8800000e+002
  7.3812400e+002  9.6000000e+002
  7.3905600e+002  9.3200000e+002
  7.3999600e+002  9.4000000e+002
  7.4096800e+002  9.7200000e+002
  7.4183600e+002  8.6800000e+002
  7.4278800e+002  9.5200000e+002
  7.4375600e+002  9.6800000e+002
  7.4472000e+002  9.6400000e+002
  7.4566400e+002  9.4400000e+002
  7.4660800e+002  9.4400000e+002
  7.4744000e+002  8.3200000e+002
  7.4847200e+002  1.0320000e+003
  7.4930400e+002  8.3200000e+002
  7.5027600e+002  9.7200000e+002
  7.5121200e+002  9.3600000e+002
  7.5215600e+002  9.4400000e+002
  7.5306800e+002  9.1200000e+002
  7.5400400e+002  9.3600000e+002
  7.5494000e+002  9.3600000e+002
  7.5586000e+002  9.2000000e+002
  7.5669600e+002  8.3600000e+002
  7.5760000e+002  9.0400000e+002
  7.5855600e+002  9.5600000e+002
  7.5953200e+002  9.7600000e+002
  7.6044400e+002  9.1200000e+002
  7.6138800e+002  9.4400000e+002
  7.6234400e+002  9.5600000e+002
  7.6318400e+002  8.4000000e+002
  7.6417600e+002  9.9200000e+002
  7.6506000e+002  8.8400000e+002
  7.6590800e+002  8.4800000e+002
  7.6676800e+002  8.6000000e+002
  7.6758000e+002  8.1200000e+002
  7.6847200e+002  8.9200000e+002
  7.6932000e+002  8.4800000e+002
  7.7016000e+002  8.4000000e+002
  7.7091600e+002  7.5600000e+002
  7.7184800e+002  9.3200000e+002
  7.7280800e+002  9.6000000e+002
  7.7376800e+002  9.6000000e+002
  7.7466000e+002  8.9200000e+002
  7.7560800e+002  9.4800000e+002
  7.7642800e+002  8.2000000e+002
  7.7737200e+002  9.4400000e+002
  7.7832400e+002  9.5200000e+002
  7.7928800e+002  9.6400000e+002
  7.8023200e+002  9.4400000e+002
  7.8112800e+002  8.9600000e+002
  7.8205600e+002  9.2800000e+002
  7.8291200e+002  8.5600000e+002
  7.8393600e+002  1.0240000e+003
  7.8470800e+002  7.7200000e+002
  7.8568400e+002  9.7600000e+002
  7.8646400e+002  7.8000000e+002
  7.8744400e+002  9.8000000e+002
  7.8842000e+002  9.7600000e+002
  7.8934400e+002  9.2400000e+002
  7.9024400e+002  9.0000000e+002
  7.9118400e+002  9.4000000e+002
  7.9202800e+002  8.4400000e+002
  7.9298400e+002  9.5600000e+002
  7.9391200e+002  9.2800000e+002
  7.9482800e+002  9.1600000e+002
  7.9576000e+002  9.3200000e+002
  7.9668400e+002  9.2400000e+002
  7.9762400e+002  9.4000000e+002
  7.9845600e+002  8.3200000e+002
  7.9939200e+002  9.3600000e+002
  8.0026000e+002  8.6800000e+002
  8.0105200e+002  7.9200000e+002
  8.0202400e+002  9.7200000e+002
  8.0280000e+002  7.7600000e+002
  8.0378400e+002  9.8400000e+002
  8.0467200e+002  8.8800000e+002
  8.0562800e+002  9.5600000e+002
  8.0656800e+002  9.4000000e+002
  8.0747200e+002  9.0400000e+002
  8.0841200e+002  9.4000000e+002
  8.0934800e+002  9.3600000e+002
  8.1027600e+002  9.2800000e+002
  8.1114000e+002  8.6400000e+002
  8.1208800e+002  9.4800000e+002
  8.1290000e+002  8.1200000e+002
  8.1369600e+002  7.9600000e+002
  8.1465600e+002  9.6000000e+002
  8.1554800e+002  8.9200000e+002
  8.1649200e+002  9.4400000e+002
  8.1742800e+002  9.3600000e+002
  8.1836800e+002  9.4000000e+002
  8.1918000e+002  8.1200000e+002
  8.2015600e+002  9.7600000e+002
  8.2098400e+002  8.2800000e+002
  8.2192800e+002  9.4400000e+002
  8.2289600e+002  9.6800000e+002
  8.2381600e+002  9.2000000e+002
  8.2471600e+002  9.0000000e+002
  8.2564400e+002  9.2800000e+002
  8.2650800e+002  8.6400000e+002
  8.2752400e+002  1.0160000e+003
  8.2826000e+002  7.3600000e+002
  8.2921600e+002  9.5600000e+002
  8.3015600e+002  9.4000000e+002
  8.3112800e+002  9.7200000e+002
  8.3204000e+002  9.1200000e+002
  8.3295200e+002  9.1200000e+002
  8.3385600e+002  9.0400000e+002
  8.3469600e+002  8.4000000e+002
  8.3566000e+002  9.6400000e+002
  8.3662400e+002  9.6400000e+002
  8.3756000e+002  9.3600000e+002
  8.3847200e+002  9.1200000e+002
  8.3940400e+002  9.3200000e+002
  8.4034400e+002  9.4000000e+002
  8.4118000e+002  8.3600000e+002
  8.4198800e+002  8.0800000e+002
  8.4301600e+002  1.0280000e+003
  8.4381200e+002  7.9600000e+002
  8.4478400e+002  9.7200000e+002
  8.4572800e+002  9.4400000e+002
  8.4664400e+002  9.1600000e+002
  8.4758400e+002  9.4000000e+002
  8.4851600e+002  9.3200000e+002
  8.4938400e+002  8.6800000e+002
  8.5031200e+002  9.2800000e+002
  8.5122400e+002  9.1200000e+002
  8.5216400e+002  9.4000000e+002
  8.5311200e+002  9.4800000e+002
  8.5405600e+002  9.4400000e+002
  8.5486800e+002  8.1200000e+002
  8.5586000e+002  9.9200000e+002
  8.5665200e+002  7.9200000e+002
  8.5758000e+002  9.2800000e+002
  8.5853200e+002  9.5200000e+002
  8.5943600e+002  9.0400000e+002
  8.6033200e+002  8.9600000e+002
  8.6125200e+002  9.2000000e+002
  8.6218000e+002  9.2800000e+002
  8.6304000e+002  8.6000000e+002
  8.6398400e+002  9.4400000e+002
  8.6489600e+002  9.1200000e+002
  8.6584400e+002  9.4800000e+002
  8.6679600e+002  9.5200000e+002
  8.6764400e+002  8.4800000e+002
  8.6859200e+002  9.4800000e+002
  8.6944000e+002  8.4800000e+002
  8.7040000e+002  9.6000000e+002
  8.7137200e+002  9.7200000e+002
  8.7227600e+002  9.0400000e+002
  8.7321600e+002  9.4000000e+002
  8.7409600e+002  8.8000000e+002
  8.7509200e+002  9.9600000e+002
  8.7598400e+002  8.9200000e+002
  8.7692000e+002  9.3600000e+002
  8.7784000e+002  9.2000000e+002
  8.7880400e+002  9.6400000e+002
  8.7978400e+002  9.8000000e+002
  8.8072800e+002  9.4400000e+002
  8.8163600e+002  9.0800000e+002
  8.8252400e+002  8.8800000e+002
  8.8348800e+002  9.6400000e+002
  8.8437200e+002  8.8400000e+002
  8.8534400e+002  9.7200000e+002
  8.8634400e+002  1.0000000e+003
  8.8730400e+002  9.6000000e+002
  8.8818800e+002  8.8400000e+002
  8.8914000e+002  9.5200000e+002
  8.9003600e+002  8.9600000e+002
  8.9098800e+002  9.5200000e+002
  8.9190800e+002  9.2000000e+002
  8.9284800e+002  9.4000000e+002
  8.9378400e+002  9.3600000e+002
  8.9472400e+002  9.4000000e+002
  8.9560800e+002  8.8400000e+002
  8.9656400e+002  9.5600000e+002
  8.9750000e+002  9.3600000e+002
  8.9843600e+002  9.3600000e+002
  8.9934000e+002  9.0400000e+002
  9.0032800e+002  9.8800000e+002
  9.0121600e+002  8.8800000e+002
  9.0219200e+002  9.7600000e+002
  9.0304400e+002  8.5200000e+002
  9.0390400e+002  8.6000000e+002
  9.0488000e+002  9.7600000e+002
  9.0584800e+002  9.6800000e+002
  9.0681200e+002  9.6400000e+002
  9.0778800e+002  9.7600000e+002
  9.0866800e+002  8.8000000e+002
  9.0946000e+002  7.9200000e+002
  9.1041600e+002  9.5600000e+002
  9.1138400e+002  9.6800000e+002
  9.1230400e+002  9.2000000e+002
  9.1324800e+002  9.4400000e+002
  9.1417200e+002  9.2400000e+002
  9.1512800e+002  9.5600000e+002
  9.1595200e+002  8.2400000e+002
  9.1689200e+002  9.4000000e+002
  9.1783600e+002  9.4400000e+002
  9.1879200e+002  9.5600000e+002
  9.1973600e+002  9.4400000e+002
  9.2062400e+002  8.8800000e+002
  9.2153600e+002  9.1200000e+002
  9.2250000e+002  9.6400000e+002
  9.2334400e+002  8.4400000e+002
  9.2430000e+002  9.5600000e+002
  9.2526000e+002  9.6000000e+002
  9.2616800e+002  9.0800000e+002
  9.2710800e+002  9.4000000e+002
  9.2804800e+002  9.4000000e+002
  9.2893600e+002  8.8800000e+002
  9.2994000e+002  1.0040000e+003
  9.3076800e+002  8.2800000e+002
  9.3171600e+002  9.4800000e+002
  9.3266000e+002  9.4400000e+002
  9.3361600e+002  9.5600000e+002
  9.3453600e+002  9.2000000e+002
  9.3541600e+002  8.8000000e+002
  9.3635200e+002  9.3600000e+002
  9.3728400e+002  9.3200000e+002
  9.3815600e+002  8.7200000e+002
  9.3918000e+002  1.0240000e+003
  9.3964400e+002  4.6400000e+002
  9.4074400e+002  1.1000000e+003
  9.4173600e+002  9.9200000e+002
  9.4255200e+002  8.1600000e+002
  9.4332400e+002  7.7200000e+002
  9.4426400e+002  9.4000000e+002
  9.4518800e+002  9.2400000e+002
  9.4615600e+002  9.6800000e+002
  9.4710000e+002  9.4400000e+002
  9.4802800e+002  9.2800000e+002
  9.4897200e+002  9.4400000e+002
  9.4979200e+002  8.2000000e+002
  9.5072000e+002  9.2800000e+002
  9.5168800e+002  9.6800000e+002
  9.5263200e+002  9.4400000e+002
  9.5354400e+002  9.1200000e+002
  9.5439600e+002  8.5200000e+002
  9.5536400e+002  9.6800000e+002
  9.5618000e+002  8.1600000e+002
  9.5716800e+002  9.8800000e+002
  9.5806400e+002  8.9600000e+002
  9.5899600e+002  9.3200000e+002
  9.5992400e+002  9.2800000e+002
  9.6082000e+002  8.9600000e+002
  9.6177600e+002  9.5600000e+002
  9.6255600e+002  7.8000000e+002
  9.6354000e+002  9.8400000e+002
  9.6446000e+002  9.2000000e+002
  9.6536400e+002  9.0400000e+002
  9.6629200e+002  9.2800000e+002
  9.6708400e+002  7.9200000e+002
  9.6808400e+002  1.0000000e+003
  9.6891200e+002  8.2800000e+002
  9.6984000e+002  9.2800000e+002
  9.7078000e+002  9.4000000e+002
  9.7168800e+002  9.0800000e+002
  9.7260400e+002  9.1600000e+002
  9.7348800e+002  8.8400000e+002
  9.7440400e+002  9.1600000e+002
  9.7522400e+002  8.2000000e+002
  9.7616400e+002  9.4000000e+002
  9.7710000e+002  9.3600000e+002
  9.7805200e+002  9.5200000e+002
  9.7896800e+002  9.1600000e+002
  9.7986000e+002  8.9200000e+002
  9.8074800e+002  8.8800000e+002
  9.8166000e+002  9.1200000e+002
  9.8261600e+002  9.5600000e+002
  9.8342400e+002  8.0800000e+002
  9.8438400e+002  9.6000000e+002
  9.8531200e+002  9.2800000e+002
  9.8623600e+002  9.2400000e+002
  9.8716000e+002  9.2400000e+002
  9.8810400e+002  9.4400000e+002
  9.8898400e+002  8.8000000e+002
  9.8988800e+002  9.0400000e+002
  9.9068800e+002  8.0000000e+002
  9.9142400e+002  7.3600000e+002
  9.9232400e+002  9.0000000e+002
  9.9316800e+002  8.4400000e+002
  9.9408400e+002  9.1600000e+002
  9.9499200e+002  9.0800000e+002
  9.9594000e+002  9.4800000e+002
  9.9687600e+002  9.3600000e+002
  9.9781600e+002  9.4000000e+002
  9.9864000e+002  8.2400000e+002
  9.9962800e+002  9.8800000e+002
  1.0004520e+003  8.2400000e+002
  1.0014040e+003  9.5200000e+002
  1.0023600e+003  9.5600000e+002
  1.0032840e+003  9.2400000e+002
  1.0041480e+003  8.6400000e+002
  1.0051040e+003  9.5600000e+002
  1.0059720e+003  8.6800000e+002
  1.0067400e+003  7.6800000e+002
  1.0076680e+003  9.2800000e+002
  1.0086120e+003  9.4400000e+002
  1.0095360e+003  9.2400000e+002
  1.0104960e+003  9.6000000e+002
  1.0114080e+003  9.1200000e+002
  1.0122360e+003  8.2800000e+002
  1.0131200e+003  8.8400000e+002
  1.0140840e+003  9.6400000e+002
  1.0150600e+003  9.7600000e+002
  1.0159000e+003  8.4000000e+002
  1.0168920e+003  9.9200000e+002
  1.0177400e+003  8.4800000e+002
  1.0187240e+003  9.8400000e+002
  1.0196240e+003  9.0000000e+002
  1.0205760e+003  9.5200000e+002
  1.0215160e+003  9.4000000e+002
  1.0224360e+003  9.2000000e+002
  1.0233560e+003  9.2000000e+002
  1.0242080e+003  8.5200000e+002
  1.0251640e+003  9.5600000e+002
  1.0261120e+003  9.4800000e+002
  1.0270920e+003  9.8000000e+002
  1.0280120e+003  9.2000000e+002
  1.0289160e+003  9.0400000e+002
  1.0298560e+003  9.4000000e+002
  1.0307080e+003  8.5200000e+002
  1.0316960e+003  9.8800000e+002
  1.0326360e+003  9.4000000e+002
  1.0335560e+003  9.2000000e+002
  1.0344960e+003  9.4000000e+002
  1.0354120e+003  9.1600000e+002
  1.0363760e+003  9.6400000e+002
  1.0372080e+003  8.3200000e+002
  1.0381480e+003  9.4000000e+002
  1.0390680e+003  9.2000000e+002
  1.0400200e+003  9.5200000e+002
  1.0409240e+003  9.0400000e+002
  1.0418680e+003  9.4400000e+002
  1.0427200e+003  8.5200000e+002
  1.0435920e+003  8.7200000e+002
  1.0444560e+003  8.6400000e+002
  1.0453920e+003  9.3600000e+002
  1.0463440e+003  9.5200000e+002
  1.0472640e+003  9.2000000e+002
  1.0481920e+003  9.2800000e+002
  1.0491520e+003  9.6000000e+002
  1.0499880e+003  8.3600000e+002
  1.0508920e+003  9.0400000e+002
  1.0518320e+003  9.4000000e+002
  1.0527800e+003  9.4800000e+002
  1.0537480e+003  9.6800000e+002
  1.0546600e+003  9.1200000e+002
  1.0555280e+003  8.6800000e+002
  1.0562840e+003  7.5600000e+002
  1.0572200e+003  9.3600000e+002
  1.0581960e+003  9.7600000e+002
  1.0591360e+003  9.4000000e+002
  1.0600080e+003  8.7200000e+002
  1.0609720e+003  9.6400000e+002
  1.0618360e+003  8.6400000e+002
  1.0628880e+003  1.0520000e+003
  1.0636760e+003  7.8800000e+002
  1.0646520e+003  9.7600000e+002
  1.0654760e+003  8.2400000e+002
  1.0664120e+003  9.3600000e+002
  1.0673640e+003  9.5200000e+002
  1.0683000e+003  9.3600000e+002
  1.0692160e+003  9.1600000e+002
  1.0701560e+003  9.4000000e+002
  1.0710520e+003  8.9600000e+002
  1.0718920e+003  8.4000000e+002
  1.0728400e+003  9.4800000e+002
  1.0738200e+003  9.8000000e+002
  1.0747480e+003  9.2800000e+002
  1.0757040e+003  9.5600000e+002
  1.0765240e+003  8.2000000e+002
  1.0775040e+003  9.8000000e+002
  1.0783120e+003  8.0800000e+002
  1.0792720e+003  9.6000000e+002
  1.0801960e+003  9.2400000e+002
  1.0811000e+003  9.0400000e+002
  1.0820280e+003  9.2800000e+002
  1.0829000e+003  8.7200000e+002
  1.0836720e+003  7.7200000e+002
  1.0846000e+003  9.2800000e+002
  1.0855240e+003  9.2400000e+002
  1.0864520e+003  9.2800000e+002
  1.0873920e+003  9.4000000e+002
  1.0882760e+003  8.8400000e+002
  1.0890280e+003  7.5200000e+002
  1.0900120e+003  9.8400000e+002
  1.0908160e+003  8.0400000e+002
  1.0918080e+003  9.9200000e+002
  1.0927440e+003  9.3600000e+002
  1.0936600e+003  9.1600000e+002
  1.0945560e+003  8.9600000e+002
  1.0954280e+003  8.7200000e+002
  1.0964080e+003  9.8000000e+002
  1.0971920e+003  7.8400000e+002
  1.0981160e+003  9.2400000e+002
  1.0990480e+003  9.3200000e+002
  1.0999920e+003  9.4400000e+002
  1.1009200e+003  9.2800000e+002
  1.1017840e+003  8.6400000e+002
  1.1027360e+003  9.5200000e+002
  1.1035840e+003  8.4800000e+002
  1.1043720e+003  7.8800000e+002
  1.1053680e+003  9.9600000e+002
  1.1062320e+003  8.6400000e+002
  1.1071560e+003  9.2400000e+002
  1.1080800e+003  9.2400000e+002
  1.1090320e+003  9.5200000e+002
  1.1099800e+003  9.4800000e+002
  1.1109200e+003  9.4000000e+002
  1.1114320e+003  5.1200000e+002
  1.1124960e+003  1.0640000e+003
  1.1134640e+003  9.6800000e+002
  1.1143080e+003  8.4400000e+002
  1.1152640e+003  9.5600000e+002
  1.1162040e+003  9.4000000e+002
  1.1171200e+003  9.1600000e+002
  1.1179960e+003  8.7600000e+002
  1.1189680e+003  9.7200000e+002
  1.1198280e+003  8.6000000e+002
  1.1207800e+003  9.5200000e+002
  1.1217120e+003  9.3200000e+002
  1.1226200e+003  9.0800000e+002
  1.1235480e+003  9.2800000e+002
  1.1245000e+003  9.5200000e+002
  1.1253080e+003  8.0800000e+002
  1.1262560e+003  9.4800000e+002
  1.1271560e+003  9.0000000e+002
  1.1281000e+003  9.4400000e+002
  1.1290480e+003  9.4800000e+002
  1.1299400e+003  8.9200000e+002
  1.1307480e+003  8.0800000e+002
  1.1317040e+003  9.5600000e+002
  1.1324880e+003  7.8400000e+002
  1.1334240e+003  9.3600000e+002
  1.1343520e+003  9.2800000e+002
  1.1352640e+003  9.1200000e+002
  1.1362000e+003  9.3600000e+002
  1.1371240e+003  9.2400000e+002
  1.1379960e+003  8.7200000e+002
  1.1389240e+003  9.2800000e+002
  1.1398400e+003  9.1600000e+002
  1.1407920e+003  9.5200000e+002
  1.1417080e+003  9.1600000e+002
  1.1426720e+003  9.6400000e+002
  1.1434840e+003  8.1200000e+002
  1.1444320e+003  9.4800000e+002
  1.1453880e+003  9.5600000e+002
  1.1463440e+003  9.5600000e+002
  1.1472120e+003  8.6800000e+002
  1.1481600e+003  9.4800000e+002
  1.1490000e+003  8.4000000e+002
  1.1499520e+003  9.5200000e+002
  1.1509200e+003  9.6800000e+002
  1.1518400e+003  9.2000000e+002
  1.1527720e+003  9.3200000e+002
  1.1536760e+003  9.0400000e+002
  1.1545480e+003  8.7200000e+002
  1.1555560e+003  1.0080000e+003
  1.1563040e+003  7.4800000e+002
  1.1570880e+003  7.8400000e+002
  1.1580880e+003  1.0000000e+003
  1.1588840e+003  7.9600000e+002
  1.1598680e+003  9.8400000e+002
  1.1608000e+003  9.3200000e+002
  1.1617680e+003  9.6800000e+002
  1.1627160e+003  9.4800000e+002
  1.1635880e+003  8.7200000e+002
  1.1645520e+003  9.6400000e+002
  1.1654640e+003  9.1200000e+002
  1.1662600e+003  7.9600000e+002
  1.1672360e+003  9.7600000e+002
  1.1682120e+003  9.7600000e+002
  1.1691080e+003  8.9600000e+002
  1.1700560e+003  9.4800000e+002
  1.1709320e+003  8.7600000e+002
  1.1718840e+003  9.5200000e+002
  1.1728240e+003  9.4000000e+002
  1.1737320e+003  9.0800000e+002
  1.1746600e+003  9.2800000e+002
  1.1755880e+003  9.2800000e+002
  1.1764720e+003  8.8400000e+002
  1.1772280e+003  7.5600000e+002
  1.1781320e+003  9.0400000e+002
  1.1790600e+003  9.2800000e+002
  1.1800080e+003  9.4800000e+002
  1.1809120e+003  9.0400000e+002
  1.1817840e+003  8.7200000e+002
  1.1826000e+003  8.1600000e+002
  1.1835000e+003  9.0000000e+002
  1.1844200e+003  9.2000000e+002
  1.1852800e+003  8.6000000e+002
  1.1861880e+003  9.0800000e+002
  1.1870520e+003  8.6400000e+002
  1.1879480e+003  8.9600000e+002
  1.1888040e+003  8.5600000e+002
  1.1896600e+003  8.5600000e+002
  1.1905920e+003  9.3200000e+002
  1.1915120e+003  9.2000000e+002
  1.1924280e+003  9.1600000e+002
  1.1933160e+003  8.8800000e+002
  1.1942400e+003  9.2400000e+002
  1.1951440e+003  9.0400000e+002
  1.1959160e+003  7.7200000e+002
  1.1968560e+003  9.4000000e+002
  1.1977960e+003  9.4000000e+002
  1.1987760e+003  9.8000000e+002
  1.1997440e+003  9.6800000e+002
  1.2006200e+003  8.7600000e+002
  1.2013680e+003  7.4800000e+002
  1.2023520e+003  9.8400000e+002
  1.2032960e+003  9.4400000e+002
  1.2042560e+003  9.6000000e+002
  1.2051400e+003  8.8400000e+002
  1.2061000e+003  9.6000000e+002
  1.2069040e+003  8.0400000e+002
  1.2079200e+003  1.0160000e+003
  1.2088640e+003  9.4400000e+002
  1.2098280e+003  9.6400000e+002
  1.2107520e+003  9.2400000e+002
  1.2115560e+003  8.0400000e+002
  1.2125680e+003  1.0120000e+003
  1.2133400e+003  7.7200000e+002
  1.2143040e+003  9.6400000e+002
  1.2152520e+003  9.4800000e+002
  1.2161640e+003  9.1200000e+002
  1.2171000e+003  9.3600000e+002
  1.2179680e+003  8.6800000e+002
  1.2189160e+003  9.4800000e+002
  1.2198560e+003  9.4000000e+002
  1.2207880e+003  9.3200000e+002
  1.2216920e+003  9.0400000e+002
  1.2225520e+003  8.6000000e+002
  1.2235520e+003  1.0000000e+003
  1.2242880e+003  7.3600000e+002
  1.2252560e+003  9.6800000e+002
  1.2261520e+003  8.9600000e+002
  1.2271000e+003  9.4800000e+002
  1.2280400e+003  9.4000000e+002
  1.2288400e+003  8.0000000e+002
  1.2297960e+003  9.5600000e+002
  1.2307240e+003  9.2800000e+002
  1.2316760e+003  9.5200000e+002
  1.2325800e+003  9.0400000e+002
  1.2334600e+003  8.8000000e+002
  1.2343120e+003  8.5200000e+002
  1.2352520e+003  9.4000000e+002
  1.2361880e+003  9.3600000e+002
  1.2371400e+003  9.5200000e+002
  1.2380200e+003  8.8000000e+002
  1.2389400e+003  9.2000000e+002
  1.2398080e+003  8.6800000e+002
  1.2407640e+003  9.5600000e+002
  1.2417000e+003  9.3600000e+002
  1.2426080e+003  9.0800000e+002
  1.2435240e+003  9.1600000e+002
  1.2444600e+003  9.3600000e+002
  1.2453200e+003  8.6000000e+002
  1.2462360e+003  9.1600000e+002
  1.2471400e+003  9.0400000e+002
  1.2480600e+003  9.2000000e+002
  1.2489520e+003  8.9200000e+002
  1.2498960e+003  9.4400000e+002
  1.2506960e+003  8.0000000e+002
  1.2516240e+003  9.2800000e+002
  1.2525520e+003  9.2800000e+002
  1.2534920e+003  9.4000000e+002
  1.2543600e+003  8.6800000e+002
  1.2552920e+003  9.3200000e+002
  1.2561520e+003  8.6000000e+002
  1.2569200e+003  7.6800000e+002
  1.2578080e+003  8.8800000e+002
  1.2587200e+003  9.1200000e+002
  1.2596000e+003  8.8000000e+002
  1.2605160e+003  9.1600000e+002
  1.2614320e+003  9.1600000e+002
  1.2622520e+003  8.2000000e+002
  1.2629400e+003  6.8800000e+002
  1.2639160e+003  9.7600000e+002
  1.2648400e+003  9.2400000e+002
  1.2657480e+003  9.0800000e+002
  1.2666880e+003  9.4000000e+002
  1.2675360e+003  8.4800000e+002
  1.2684320e+003  8.9600000e+002
  1.2693800e+003  9.4800000e+002
  1.2703080e+003  9.2800000e+002
  1.2712320e+003  9.2400000e+002
  1.2721280e+003  8.9600000e+002
  1.2730080e+003  8.8000000e+002
  1.2739160e+003  9.0800000e+002
  1.2747200e+003  8.0400000e+002
  1.2756560e+003  9.3600000e+002
  1.2765760e+003  9.2000000e+002
  1.2774600e+003  8.8400000e+002
  1.2783480e+003  8.8800000e+002
  1.2793480e+003  1.0000000e+003
  1.2801560e+003  8.0800000e+002
  1.2810920e+003  9.3600000e+002
  1.2820240e+003  9.3200000e+002
  1.2829760e+003  9.5200000e+002
  1.2838920e+003  9.1600000e+002
  1.2848240e+003  9.3200000e+002
  1.2856920e+003  8.6800000e+002
  1.2864400e+003  7.4800000e+002
  1.2874280e+003  9.8800000e+002
  1.2882560e+003  8.2800000e+002
  1.2892120e+003  9.5600000e+002
  1.2901280e+003  9.1600000e+002
  1.2910400e+003  9.1200000e+002
  1.2919600e+003  9.2000000e+002
  1.2928080e+003  8.4800000e+002
  1.2936760e+003  8.6800000e+002
  1.2945760e+003  9.0000000e+002
  1.2955320e+003  9.5600000e+002
  1.2964440e+003  9.1200000e+002
  1.2973680e+003  9.2400000e+002
  1.2982160e+003  8.4800000e+002
  1.2991680e+003  9.5200000e+002
  1.3000600e+003  8.9200000e+002
  1.3009920e+003  9.3200000e+002
  1.3019080e+003  9.1600000e+002
  1.3028360e+003  9.2800000e+002
  1.3036680e+003  8.3200000e+002
  1.3045920e+003  9.2400000e+002
  1.3054960e+003  9.0400000e+002
  1.3064200e+003  9.2400000e+002
  1.3073400e+003  9.2000000e+002
  1.3082560e+003  9.1600000e+002
  1.3090640e+003  8.0800000e+002
  1.3099800e+003  9.1600000e+002
  1.3109160e+003  9.3600000e+002
  1.3117800e+003  8.6400000e+002
  1.3126760e+003  8.9600000e+002
  1.3136080e+003  9.3200000e+002
  1.3144280e+003  8.2000000e+002
  1.3151120e+003  6.8400000e+002
  1.3160600e+003  9.4800000e+002
  1.3169800e+003  9.2000000e+002
  1.3179160e+003  9.3600000e+002
  1.3187960e+003  8.8000000e+002
  1.3196000e+003  8.0400000e+002
  1.3205760e+003  9.7600000e+002
  1.3214920e+003  9.1600000e+002
  1.3224520e+003  9.6000000e+002
  1.3233640e+003  9.1200000e+002
  1.3242720e+003  9.0800000e+002
  1.3250920e+003  8.2000000e+002
  1.3258960e+003  8.0400000e+002
  1.3268440e+003  9.4800000e+002
  1.3277760e+003  9.3200000e+002
  1.3286800e+003  9.0400000e+002
  1.3296280e+003  9.4800000e+002
  1.3305240e+003  8.9600000e+002
  1.3313200e+003  7.9600000e+002
  1.3322200e+003  9.0000000e+002
  1.3331280e+003  9.0800000e+002
  1.3340720e+003  9.4400000e+002
  1.3349960e+003  9.2400000e+002
  1.3358400e+003  8.4400000e+002
  1.3368240e+003  9.8400000e+002
  1.3375840e+003  7.6000000e+002
  1.3385160e+003  9.3200000e+002
  1.3394440e+003  9.2800000e+002
  1.3403800e+003  9.3600000e+002
  1.3412640e+003  8.8400000e+002
  1.3421840e+003  9.2000000e+002
  1.3430880e+003  9.0400000e+002
  1.3438600e+003  7.7200000e+002
  1.3447480e+003  8.8800000e+002
  1.3456440e+003  8.9600000e+002
  1.3465960e+003  9.5200000e+002
  1.3475240e+003  9.2800000e+002
  1.3484480e+003  9.2400000e+002
  1.3492560e+003  8.0800000e+002
  1.3501800e+003  9.2400000e+002
  1.3511040e+003  9.2400000e+002
  1.3520240e+003  9.2000000e+002
  1.3529560e+003  9.3200000e+002
  1.3538560e+003  9.0000000e+002
  1.3546960e+003  8.4000000e+002
  1.3556280e+003  9.3200000e+002
  1.3564560e+003  8.2800000e+002
  1.3574560e+003  1.0000000e+003
  1.3582920e+003  8.3600000e+002
  1.3592280e+003  9.3600000e+002
  1.3600640e+003  8.3600000e+002
  1.3609560e+003  8.9200000e+002
  1.3618200e+003  8.6400000e+002
  1.3625600e+003  7.4000000e+002
  1.3633560e+003  7.9600000e+002
  1.3640840e+003  7.2800000e+002
  1.3649760e+003  8.9200000e+002
  1.3657480e+003  7.7200000e+002
  1.3667320e+003  9.8400000e+002
  1.3676320e+003  9.0000000e+002
  1.3685360e+003  9.0400000e+002
  1.3694240e+003  8.8800000e+002
  1.3703800e+003  9.5600000e+002
  1.3713120e+003  9.3200000e+002
  1.3722240e+003  9.1200000e+002
  1.3731560e+003  9.3200000e+002
  1.3740920e+003  9.3600000e+002
  1.3750240e+003  9.3200000e+002
  1.3757520e+003  7.2800000e+002
  1.3767120e+003  9.6000000e+002
  1.3776000e+003  8.8800000e+002
  1.3785760e+003  9.7600000e+002
  1.3792720e+003  6.9600000e+002
  1.3802280e+003  9.5600000e+002
  1.3810840e+003  8.5600000e+002
  1.3820440e+003  9.6000000e+002
  1.3830400e+003  9.9600000e+002
  1.3840080e+003  9.6800000e+002
  1.3849280e+003  9.2000000e+002
  1.3857800e+003  8.5200000e+002
  1.3865680e+003  7.8800000e+002
  1.3875080e+003  9.4000000e+002
  1.3884760e+003  9.6800000e+002
  1.3894080e+003  9.3200000e+002
  1.3903160e+003  9.0800000e+002
  1.3911920e+003  8.7600000e+002
  1.3919640e+003  7.7200000e+002
  1.3928800e+003  9.1600000e+002
  1.3936960e+003  8.1600000e+002
  1.3944080e+003  7.1200000e+002
  1.3952560e+003  8.4800000e+002
  1.3961880e+003  9.3200000e+002
  1.3971520e+003  9.6400000e+002
  1.3979840e+003  8.3200000e+002
  1.3989560e+003  9.7200000e+002
  1.3999320e+003  9.7600000e+002
  1.4008600e+003  9.2800000e+002
  1.4017640e+003  9.0400000e+002
  1.4026600e+003  8.9600000e+002
  1.4036080e+003  9.4800000e+002
  1.4045840e+003  9.7600000e+002
  1.4055560e+003  9.7200000e+002
  1.4064640e+003  9.0800000e+002
  1.4073360e+003  8.7200000e+002
  1.4083200e+003  9.8400000e+002
  1.4092920e+003  9.7200000e+002
  1.4102720e+003  9.8000000e+002
  1.4111800e+003  9.0800000e+002
  1.4120760e+003  8.9600000e+002
  1.4130680e+003  9.9200000e+002
  1.4140320e+003  9.6400000e+002
  1.4149680e+003  9.3600000e+002
  1.4158760e+003  9.0800000e+002
  1.4167400e+003  8.6400000e+002
  1.4177040e+003  9.6400000e+002
  1.4186800e+003  9.7600000e+002
  1.4195880e+003  9.0800000e+002
  1.4205440e+003  9.5600000e+002
  1.4214400e+003  8.9600000e+002
  1.4222880e+003  8.4800000e+002
  1.4232000e+003  9.1200000e+002
  1.4241160e+003  9.1600000e+002
  1.4251000e+003  9.8400000e+002
  1.4260280e+003  9.2800000e+002
  1.4269120e+003  8.8400000e+002
  1.4277200e+003  8.0800000e+002
  1.4286360e+003  9.1600000e+002
  1.4296160e+003  9.8000000e+002
  1.4305840e+003  9.6800000e+002
  1.4315400e+003  9.5600000e+002
  1.4324440e+003  9.0400000e+002
  1.4333640e+003  9.2000000e+002
  1.4343400e+003  9.7600000e+002
  1.4353000e+003  9.6000000e+002
  1.4362480e+003  9.4800000e+002
  1.4371000e+003  8.5200000e+002
  1.4381160e+003  1.0160000e+003
  1.4388960e+003  7.8000000e+002
  1.4398440e+003  9.4800000e+002
  1.4407960e+003  9.5200000e+002
  1.4417600e+003  9.6400000e+002
  1.4426920e+003  9.3200000e+002
  1.4435440e+003  8.5200000e+002
  1.4444760e+003  9.3200000e+002
  1.4454520e+003  9.7600000e+002
  1.4463680e+003  9.1600000e+002
  1.4472880e+003  9.2000000e+002
  1.4482000e+003  9.1200000e+002
  1.4490760e+003  8.7600000e+002
  1.4500080e+003  9.3200000e+002
  1.4509240e+003  9.1600000e+002
  1.4518720e+003  9.4800000e+002
  1.4528280e+003  9.5600000e+002
  1.4536360e+003  8.0800000e+002
  1.4546320e+003  9.9600000e+002
  1.4553920e+003  7.6000000e+002
  1.4563280e+003  9.3600000e+002
  1.4572720e+003  9.4400000e+002
  1.4582400e+003  9.6800000e+002
  1.4591480e+003  9.0800000e+002
  1.4599800e+003  8.3200000e+002
  1.4609120e+003  9.3200000e+002
  1.4618760e+003  9.6400000e+002
  1.4628200e+003  9.4400000e+002
  1.4637560e+003  9.3600000e+002
  1.4646720e+003  9.1600000e+002
  1.4654920e+003  8.2000000e+002
  1.4664520e+003  9.6000000e+002
  1.4674000e+003  9.4800000e+002
  1.4683480e+003  9.4800000e+002
  1.4692880e+003  9.4000000e+002
  1.4701800e+003  8.9200000e+002
  1.4709800e+003  8.0000000e+002
  1.4719360e+003  9.5600000e+002
  1.4729280e+003  9.9200000e+002
  1.4738880e+003  9.6000000e+002
  1.4748200e+003  9.3200000e+002
  1.4757240e+003  9.0400000e+002
  1.4767080e+003  9.8400000e+002
  1.4776760e+003  9.6800000e+002
  1.4786120e+003  9.3600000e+002
  1.4795680e+003  9.5600000e+002
  1.4804440e+003  8.7600000e+002
  1.4814600e+003  1.0160000e+003
  1.4822680e+003  8.0800000e+002
  1.4832080e+003  9.4000000e+002
  1.4841840e+003  9.7600000e+002
  1.4851600e+003  9.7600000e+002
  1.4860840e+003  9.2400000e+002
  1.4869120e+003  8.2800000e+002
  1.4879480e+003  1.0360000e+003
  1.4887760e+003  8.2800000e+002
  1.4897360e+003  9.6000000e+002
  1.4906800e+003  9.4400000e+002
  1.4916320e+003  9.5200000e+002
  1.4925640e+003  9.3200000e+002
  1.4935200e+003  9.5600000e+002
  1.4942160e+003  6.9600000e+002
  1.4951880e+003  9.7200000e+002
  1.4960240e+003  8.3600000e+002
  1.4969840e+003  9.6000000e+002
  1.4979000e+003  9.1600000e+002
  1.4988120e+003  9.1200000e+002
  1.4997520e+003  9.4000000e+002
  1.5005480e+003  7.9600000e+002
  1.5015560e+003  1.0080000e+003
  1.5023680e+003  8.1200000e+002
  1.5032720e+003  9.0400000e+002
  1.5042000e+003  9.2800000e+002
  1.5051480e+003  9.4800000e+002
  1.5060840e+003  9.3600000e+002
  1.5069360e+003  8.5200000e+002
  1.5076920e+003  7.5600000e+002
  1.5085560e+003  8.6400000e+002
  1.5094800e+003  9.2400000e+002
  1.5104040e+003  9.2400000e+002
  1.5112960e+003  8.9200000e+002
  1.5121960e+003  9.0000000e+002
  1.5130800e+003  8.8400000e+002
  1.5139600e+003  8.8000000e+002
  1.5148480e+003  8.8800000e+002
  1.5157680e+003  9.2000000e+002
  1.5166840e+003  9.1600000e+002
  1.5176200e+003  9.3600000e+002
  1.5184600e+003  8.4000000e+002
  1.5192760e+003  8.1600000e+002
  1.5202280e+003  9.5200000e+002
  1.5211560e+003  9.2800000e+002
  1.5221000e+003  9.4400000e+002
  1.5230080e+003  9.0800000e+002
  1.5238080e+003  8.0000000e+002
  1.5246000e+003  7.9200000e+002
  1.5255400e+003  9.4000000e+002
  1.5264880e+003  9.4800000e+002
  1.5274200e+003  9.3200000e+002
  1.5283160e+003  8.9600000e+002
  1.5291880e+003  8.7200000e+002
  1.5301000e+003  9.1200000e+002
  1.5310800e+003  9.8000000e+002
  1.5320080e+003  9.2800000e+002
  1.5329200e+003  9.1200000e+002
  1.5338560e+003  9.3600000e+002
  1.5347240e+003  8.6800000e+002
  1.5356480e+003  9.2400000e+002
  1.5365400e+003  8.9200000e+002
  1.5374880e+003  9.4800000e+002
  1.5384160e+003  9.2800000e+002
  1.5393280e+003  9.1200000e+002
  1.5400760e+003  7.4800000e+002
  1.5409800e+003  9.0400000e+002
  1.5419200e+003  9.4000000e+002
  1.5428720e+003  9.5200000e+002
  1.5438200e+003  9.4800000e+002
  1.5446680e+003  8.4800000e+002
  1.5456480e+003  9.8000000e+002
  1.5466080e+003  9.6000000e+002
  1.5475560e+003  9.4800000e+002
  1.5485000e+003  9.4400000e+002
  1.5493280e+003  8.2800000e+002
  1.5501920e+003  8.6400000e+002
  1.5510560e+003  8.6400000e+002
  1.5519280e+003  8.7200000e+002
  1.5528560e+003  9.2800000e+002
  1.5537480e+003  8.9200000e+002
  1.5546680e+003  9.2000000e+002
  1.5552960e+003  6.2800000e+002
  1.5564040e+003  1.1080000e+003
  1.5573320e+003  9.2800000e+002
  1.5582320e+003  9.0000000e+002
  1.5591840e+003  9.5200000e+002
  1.5600840e+003  9.0000000e+002
  1.5609400e+003  8.5600000e+002
  1.5619200e+003  9.8000000e+002
  1.5627280e+003  8.0800000e+002
  1.5636760e+003  9.4800000e+002
  1.5646360e+003  9.6000000e+002
  1.5655760e+003  9.4000000e+002
  1.5665040e+003  9.2800000e+002
  1.5674520e+003  9.4800000e+002
  1.5683560e+003  9.0400000e+002
  1.5693240e+003  9.6800000e+002
  1.5702640e+003  9.4000000e+002
  1.5712280e+003  9.6400000e+002
  1.5721840e+003  9.5600000e+002
  1.5731560e+003  9.7200000e+002
  1.5739880e+003  8.3200000e+002
  1.5749400e+003  9.5200000e+002
  1.5759080e+003  9.6800000e+002
  1.5768920e+003  9.8400000e+002
  1.5777840e+003  8.9200000e+002
  1.5787320e+003  9.4800000e+002
  1.5795920e+003  8.6000000e+002
  1.5805560e+003  9.6400000e+002
  1.5815440e+003  9.8800000e+002
  1.5824920e+003  9.4800000e+002
  1.5834000e+003  9.0800000e+002
  1.5843640e+003  9.6400000e+002
  1.5853160e+003  9.5200000e+002
  1.5861720e+003  8.5600000e+002
  1.5870760e+003  9.0400000e+002
  1.5880400e+003  9.6400000e+002
  1.5889680e+003  9.2800000e+002
  1.5899320e+003  9.6400000e+002
  1.5908200e+003  8.8800000e+002
  1.5916920e+003  8.7200000e+002
  1.5926200e+003  9.2800000e+002
  1.5935520e+003  9.3200000e+002
  1.5945240e+003  9.7200000e+002
  1.5954280e+003  9.0400000e+002
  1.5963200e+003  8.9200000e+002
  1.5971760e+003  8.5600000e+002
  1.5981320e+003  9.5600000e+002
  1.5990720e+003  9.4000000e+002
  1.6000160e+003  9.4400000e+002
  1.6009320e+003  9.1600000e+002
  1.6018240e+003  8.9200000e+002
  1.6027000e+003  8.7600000e+002
  1.6036440e+003  9.4400000e+002
  1.6045640e+003  9.2000000e+002
  1.6054760e+003  9.1200000e+002
  1.6063760e+003  9.0000000e+002
  1.6071720e+003  7.9600000e+002
  1.6081960e+003  1.0240000e+003
  1.6089520e+003  7.5600000e+002
  1.6099040e+003  9.5200000e+002
  1.6107960e+003  8.9200000e+002
  1.6117280e+003  9.3200000e+002
  1.6126560e+003  9.2800000e+002
  1.6134600e+003  8.0400000e+002
  1.6143760e+003  9.1600000e+002
  1.6153240e+003  9.4800000e+002
  1.6162480e+003  9.2400000e+002
  1.6171880e+003  9.4000000e+002
  1.6180200e+003  8.3200000e+002
  1.6189200e+003  9.0000000e+002
  1.6198400e+003  9.2000000e+002
  1.6207720e+003  9.3200000e+002
  1.6217120e+003  9.4000000e+002
  1.6225320e+003  8.2000000e+002
  1.6234480e+003  9.1600000e+002
  1.6244080e+003  9.6000000e+002
  1.6253160e+003  9.0800000e+002
  1.6262000e+003  8.8400000e+002
  1.6270840e+003  8.8400000e+002
  1.6278840e+003  8.0000000e+002
  1.6286400e+003  7.5600000e+002
  1.6296000e+003  9.6000000e+002
  1.6304960e+003  8.9600000e+002
  1.6313880e+003  8.9200000e+002
  1.6322560e+003  8.6800000e+002
  1.6331800e+003  9.2400000e+002
  1.6340240e+003  8.4400000e+002
  1.6349760e+003  9.5200000e+002
  1.6359080e+003  9.3200000e+002
  1.6367360e+003  8.2800000e+002
  1.6376800e+003  9.4400000e+002
  1.6386200e+003  9.4000000e+002
  1.6395240e+003  9.0400000e+002
  1.6404560e+003  9.3200000e+002
  1.6413480e+003  8.9200000e+002
  1.6421680e+003  8.2000000e+002
  1.6428680e+003  7.0000000e+002
  1.6439320e+003  1.0640000e+003
  1.6448480e+003  9.1600000e+002
  1.6457920e+003  9.4400000e+002
  1.6466600e+003  8.6800000e+002
  1.6475440e+003  8.8400000e+002
  1.6485120e+003  9.6800000e+002
  1.6493680e+003  8.5600000e+002
  1.6502960e+003  9.2800000e+002
  1.6511200e+003  8.2400000e+002
  1.6521320e+003  1.0120000e+003
  1.6528840e+003  7.5200000e+002
  1.6538280e+003  9.4400000e+002
  1.6547640e+003  9.3600000e+002
  1.6557240e+003  9.6000000e+002
  1.6565400e+003  8.1600000e+002
  1.6575080e+003  9.6800000e+002
  1.6582800e+003  7.7200000e+002
  1.6592400e+003  9.6000000e+002
  1.6601480e+003  9.0800000e+002
  1.6611320e+003  9.8400000e+002
  1.6620080e+003  8.7600000e+002
  1.6628680e+003  8.6000000e+002
  1.6637920e+003  9.2400000e+002
  1.6647400e+003  9.4800000e+002
  1.6656800e+003  9.4000000e+002
  1.6665840e+003  9.0400000e+002
  1.6674880e+003  9.0400000e+002
  1.6683680e+003  8.8000000e+002
  1.6691880e+003  8.2000000e+002
  1.6700800e+003  8.9200000e+002
  1.6709560e+003  8.7600000e+002
  1.6719160e+003  9.6000000e+002
  1.6728360e+003  9.2000000e+002
  1.6737200e+003  8.8400000e+002
  1.6744520e+003  7.3200000e+002
  1.6753600e+003  9.0800000e+002
  1.6762760e+003  9.1600000e+002
  1.6772320e+003  9.5600000e+002
  1.6781320e+003  9.0000000e+002
  1.6790040e+003  8.7200000e+002
  1.6798400e+003  8.3600000e+002
  1.6807760e+003  9.3600000e+002
  1.6817120e+003  9.3600000e+002
  1.6826040e+003  8.9200000e+002
  1.6835400e+003  9.3600000e+002
  1.6844200e+003  8.8000000e+002
  1.6852440e+003  8.2400000e+002
  1.6861520e+003  9.0800000e+002
  1.6870840e+003  9.3200000e+002
  1.6880040e+003  9.2000000e+002
  1.6888720e+003  8.6800000e+002
  1.6897680e+003  8.9600000e+002
  1.6905920e+003  8.2400000e+002
  1.6915920e+003  1.0000000e+003
  1.6924320e+003  8.4000000e+002
  1.6933000e+003  8.6800000e+002
  1.6941960e+003  8.9600000e+002
  1.6951080e+003  9.1200000e+002
  1.6959880e+003  8.8000000e+002
  1.6969200e+003  9.3200000e+002
  1.6977360e+003  8.1600000e+002
  1.6986640e+003  9.2800000e+002
  1.6995600e+003  8.9600000e+002
  1.7004640e+003  9.0400000e+002
  1.7013640e+003  9.0000000e+002
  1.7022360e+003  8.7200000e+002
  1.7031560e+003  9.2000000e+002
  1.7039640e+003  8.0800000e+002
  1.7047320e+003  7.6800000e+002
  1.7056360e+003  9.0400000e+002
  1.7065520e+003  9.1600000e+002
  1.7074600e+003  9.0800000e+002
  1.7083480e+003  8.8800000e+002
  1.7092680e+003  9.2000000e+002
  1.7100680e+003  8.0000000e+002
  1.7110440e+003  9.7600000e+002
  1.7117920e+003  7.4800000e+002
  1.7127160e+003  9.2400000e+002
  1.7136800e+003  9.6400000e+002
  1.7145840e+003  9.0400000e+002
  1.7154800e+003  8.9600000e+002
  1.7163960e+003  9.1600000e+002
  1.7172000e+003  8.0400000e+002
  1.7181400e+003  9.4000000e+002
  1.7190400e+003  9.0000000e+002
  1.7199320e+003  8.9200000e+002
  1.7208480e+003  9.1600000e+002
  1.7217720e+003  9.2400000e+002
  1.7226720e+003  9.0000000e+002
  1.7234560e+003  7.8400000e+002
  1.7241800e+003  7.2400000e+002
  1.7250400e+003  8.6000000e+002
  1.7258640e+003  8.2400000e+002
  1.7266120e+003  7.4800000e+002
  1.7273280e+003  7.1600000e+002
  1.7282080e+003  8.8000000e+002
  1.7290160e+003  8.0800000e+002
  1.7299440e+003  9.2800000e+002
  1.7308760e+003  9.3200000e+002
  1.7317760e+003  9.0000000e+002
  1.7326480e+003  8.7200000e+002
  1.7335080e+003  8.6000000e+002
  1.7342680e+003  7.6000000e+002
  1.7351520e+003  8.8400000e+002
  1.7360960e+003  9.4400000e+002
  1.7369120e+003  8.1600000e+002
  1.7377120e+003  8.0000000e+002
  1.7386600e+003  9.4800000e+002
  1.7395960e+003  9.3600000e+002
  1.7405200e+003  9.2400000e+002
  1.7413320e+003  8.1200000e+002
  1.7422960e+003  9.6400000e+002
  1.7430800e+003  7.8400000e+002
  1.7440240e+003  9.4400000e+002
  1.7449520e+003  9.2800000e+002
  1.7459080e+003  9.5600000e+002
  1.7468120e+003  9.0400000e+002
  1.7476120e+003  8.0000000e+002
  1.7486200e+003  1.0080000e+003
  1.7494240e+003  8.0400000e+002
  1.7503440e+003  9.2000000e+002
  1.7512960e+003  9.5200000e+002
  1.7522320e+003  9.3600000e+002
  1.7531400e+003  9.0800000e+002
  1.7540320e+003  8.9200000e+002
  1.7548280e+003  7.9600000e+002
  1.7557360e+003  9.0800000e+002
  1.7566480e+003  9.1200000e+002
  1.7575960e+003  9.4800000e+002
  1.7585560e+003  9.6000000e+002
  1.7594520e+003  8.9600000e+002
  1.7603080e+003  8.5600000e+002
  1.7612400e+003  9.3200000e+002
  1.7621560e+003  9.1600000e+002
  1.7630880e+003  9.3200000e+002
  1.7640400e+003  9.5200000e+002
  1.7649440e+003  9.0400000e+002
  1.7657080e+003  7.6400000e+002
  1.7667240e+003  1.0160000e+003
  1.7675040e+003  7.8000000e+002
  1.7684840e+003  9.8000000e+002
  1.7693760e+003  8.9200000e+002
  1.7703120e+003  9.3600000e+002
  1.7712320e+003  9.2000000e+002
  1.7721160e+003  8.8400000e+002
  1.7730160e+003  9.0000000e+002
  1.7739320e+003  9.1600000e+002
  1.7748640e+003  9.3200000e+002
  1.7757880e+003  9.2400000e+002
  1.7765720e+003  7.8400000e+002
  1.7776000e+003  1.0280000e+003
  1.7783640e+003  7.6400000e+002
  1.7792960e+003  9.3200000e+002
  1.7802440e+003  9.4800000e+002
  1.7812160e+003  9.7200000e+002
  1.7821280e+003  9.1200000e+002
  1.7829760e+003  8.4800000e+002
  1.7839240e+003  9.4800000e+002
  1.7848800e+003  9.5600000e+002
  1.7858520e+003  9.7200000e+002
  1.7867440e+003  8.9200000e+002
  1.7876200e+003  8.7600000e+002
  1.7884040e+003  7.8400000e+002
  1.7893280e+003  9.2400000e+002
  1.7902720e+003  9.4400000e+002
  1.7911920e+003  9.2000000e+002
  1.7920840e+003  8.9200000e+002
  1.7929320e+003  8.4800000e+002
  1.7936920e+003  7.6000000e+002
  1.7946440e+003  9.5200000e+002
  1.7955360e+003  8.9200000e+002
  1.7964560e+003  9.2000000e+002
  1.7973600e+003  9.0400000e+002
