  1.4600000e+000  7.0000000e+002
  2.1560000e+000  6.9600000e+002
  2.8520000e+000  6.9600000e+002
  3.5440000e+000  6.9200000e+002
  4.2400000e+000  6.9600000e+002
  4.9320000e+000  6.9200000e+002
  5.6280000e+000  6.9600000e+002
  6.3240000e+000  6.9600000e+002
  7.5000000e+000  1.1760000e+003
  8.2600000e+000  7.6000000e+002
  8.9680000e+000  7.0800000e+002
  9.6720000e+000  7.0400000e+002
  1.0372000e+001  7.0000000e+002
  1.1072000e+001  7.0000000e+002
  1.1768000e+001  6.9600000e+002
  1.2468000e+001  7.0000000e+002
  1.3164000e+001  6.9600000e+002
  1.3864000e+001  7.0000000e+002
  1.4564000e+001  7.0000000e+002
  1.5268000e+001  7.0400000e+002
  1.5764000e+001  4.9600000e+002
  1.6488000e+001  7.2400000e+002
  1.7220000e+001  7.3200000e+002
  1.7932000e+001  7.1200000e+002
  1.8640000e+001  7.0800000e+002
  1.9348000e+001  7.0800000e+002
  2.0056000e+001  7.0800000e+002
  2.0756000e+001  7.0000000e+002
  2.1460000e+001  7.0400000e+002
  2.2160000e+001  7.0000000e+002
  2.2860000e+001  7.0000000e+002
  2.3560000e+001  7.0000000e+002
  2.4264000e+001  7.0400000e+002
  2.4968000e+001  7.0400000e+002
  2.5668000e+001  7.0000000e+002
  2.6376000e+001  7.0800000e+002
  2.7080000e+001  7.0400000e+002
  2.7784000e+001  7.0400000e+002
  2.8492000e+001  7.0800000e+002
  2.9200000e+001  7.0800000e+002
  2.9900000e+001  7.0000000e+002
  3.0608000e+001  7.0800000e+002
  3.1316000e+001  7.0800000e+002
  3.2016000e+001  7.0000000e+002
  3.2724000e+001  7.0800000e+002
  3.3428000e+001  7.0400000e+002
  3.4132000e+001  7.0400000e+002
  3.4840000e+001  7.0800000e+002
  3.5548000e+001  7.0800000e+002
  3.6252000e+001  7.0400000e+002
  3.6956000e+001  7.0400000e+002
  3.7668000e+001  7.1200000e+002
  3.8368000e+001  7.0000000e+002
  3.9068000e+001  7.0000000e+002
  3.9772000e+001  7.0400000e+002
  4.0472000e+001  7.0000000e+002
  4.1172000e+001  7.0000000e+002
  4.1872000e+001  7.0000000e+002
  4.2580000e+001  7.0800000e+002
  4.3280000e+001  7.0000000e+002
  4.3984000e+001  7.0400000e+002
  4.4684000e+001  7.0000000e+002
  4.5388000e+001  7.0400000e+002
  4.6092000e+001  7.0400000e+002
  4.6796000e+001  7.0400000e+002
  4.7504000e+001  7.0800000e+002
  4.8208000e+001  7.0400000e+002
  4.8912000e+001  7.0400000e+002
  4.9624000e+001  7.1200000e+002
  5.0332000e+001  7.0800000e+002
  5.1044000e+001  7.1200000e+002
  5.1752000e+001  7.0800000e+002
  5.2464000e+001  7.1200000e+002
  5.3172000e+001  7.0800000e+002
  5.3872000e+001  7.0000000e+002
  5.4576000e+001  7.0400000e+002
  5.5280000e+001  7.0400000e+002
  5.5980000e+001  7.0000000e+002
  5.6684000e+001  7.0400000e+002
  5.7388000e+001  7.0400000e+002
  5.8096000e+001  7.0800000e+002
  5.8796000e+001  7.0000000e+002
  5.9508000e+001  7.1200000e+002
  6.0216000e+001  7.0800000e+002
  6.0924000e+001  7.0800000e+002
  6.1424000e+001  5.0000000e+002
  6.2148000e+001  7.2400000e+002
  6.2884000e+001  7.3600000e+002
  6.3604000e+001  7.2000000e+002
  6.4328000e+001  7.2400000e+002
  6.5048000e+001  7.2000000e+002
  6.5544000e+001  4.9600000e+002
  6.6268000e+001  7.2400000e+002
  6.7008000e+001  7.4000000e+002
  6.7736000e+001  7.2800000e+002
  6.8452000e+001  7.1600000e+002
  6.9168000e+001  7.1600000e+002
  6.9880000e+001  7.1200000e+002
  7.0380000e+001  5.0000000e+002
  7.1104000e+001  7.2400000e+002
  7.1836000e+001  7.3200000e+002
  7.2556000e+001  7.2000000e+002
  7.3268000e+001  7.1200000e+002
  7.3976000e+001  7.0800000e+002
  7.4680000e+001  7.0400000e+002
  7.5384000e+001  7.0400000e+002
  7.6092000e+001  7.0800000e+002
  7.6792000e+001  7.0000000e+002
  7.7500000e+001  7.0800000e+002
  7.8212000e+001  7.1200000e+002
  7.8920000e+001  7.0800000e+002
  7.9628000e+001  7.0800000e+002
  8.0336000e+001  7.0800000e+002
  8.1044000e+001  7.0800000e+002
  8.1744000e+001  7.0000000e+002
  8.2456000e+001  7.1200000e+002
  8.3160000e+001  7.0400000e+002
  8.3860000e+001  7.0000000e+002
  8.4564000e+001  7.0400000e+002
  8.5264000e+001  7.0000000e+002
  8.5956000e+001  6.9200000e+002
  8.6656000e+001  7.0000000e+002
  8.7352000e+001  6.9600000e+002
  8.8044000e+001  6.9200000e+002
  8.8740000e+001  6.9600000e+002
  8.9436000e+001  6.9600000e+002
  9.0124000e+001  6.8800000e+002
  9.0816000e+001  6.9200000e+002
  9.1512000e+001  6.9600000e+002
  9.2208000e+001  6.9600000e+002
  9.2900000e+001  6.9200000e+002
  9.3584000e+001  6.8400000e+002
  9.4276000e+001  6.9200000e+002
  9.4760000e+001  4.8400000e+002
  9.5468000e+001  7.0800000e+002
  9.6184000e+001  7.1600000e+002
  9.6896000e+001  7.1200000e+002
  9.7596000e+001  7.0000000e+002
  9.8292000e+001  6.9600000e+002
  9.8988000e+001  6.9600000e+002
  9.9684000e+001  6.9600000e+002
  1.0037600e+002  6.9200000e+002
  1.0107200e+002  6.9600000e+002
  1.0176400e+002  6.9200000e+002
  1.0245600e+002  6.9200000e+002
  1.0294400e+002  4.8800000e+002
  1.0369200e+002  7.4800000e+002
  1.0441600e+002  7.2400000e+002
  1.0512400e+002  7.0800000e+002
  1.0582000e+002  6.9600000e+002
  1.0651200e+002  6.9200000e+002
  1.0720400e+002  6.9200000e+002
  1.0789600e+002  6.9200000e+002
  1.0839200e+002  4.9600000e+002
  1.0912800e+002  7.3600000e+002
  1.0986000e+002  7.3200000e+002
  1.1056400e+002  7.0400000e+002
  1.1126400e+002  7.0000000e+002
  1.1196400e+002  7.0000000e+002
  1.1266400e+002  7.0000000e+002
  1.1336000e+002  6.9600000e+002
  1.1406000e+002  7.0000000e+002
  1.1475600e+002  6.9600000e+002
  1.1545200e+002  6.9600000e+002
  1.1615200e+002  7.0000000e+002
  1.1684800e+002  6.9600000e+002
  1.1754800e+002  7.0000000e+002
  1.1824800e+002  7.0000000e+002
  1.1894800e+002  7.0000000e+002
  1.1964400e+002  6.9600000e+002
  1.2034000e+002  6.9600000e+002
  1.2104000e+002  7.0000000e+002
  1.2173200e+002  6.9200000e+002
  1.2242800e+002  6.9600000e+002
  1.2312800e+002  7.0000000e+002
  1.2382800e+002  7.0000000e+002
  1.2452800e+002  7.0000000e+002
  1.2522800e+002  7.0000000e+002
  1.2593200e+002  7.0400000e+002
  1.2663600e+002  7.0400000e+002
  1.2733600e+002  7.0000000e+002
  1.2804000e+002  7.0400000e+002
  1.2873600e+002  6.9600000e+002
  1.2943200e+002  6.9600000e+002
  1.3013200e+002  7.0000000e+002
  1.3082400e+002  6.9200000e+002
  1.3151600e+002  6.9200000e+002
  1.3220800e+002  6.9200000e+002
  1.3290400e+002  6.9600000e+002
  1.3360000e+002  6.9600000e+002
  1.3429600e+002  6.9600000e+002
  1.3500000e+002  7.0400000e+002
  1.3570000e+002  7.0000000e+002
  1.3639600e+002  6.9600000e+002
  1.3710000e+002  7.0400000e+002
  1.3779600e+002  6.9600000e+002
  1.3849600e+002  7.0000000e+002
  1.3919600e+002  7.0000000e+002
  1.3989600e+002  7.0000000e+002
  1.4060000e+002  7.0400000e+002
  1.4130000e+002  7.0000000e+002
  1.4200800e+002  7.0800000e+002
  1.4271200e+002  7.0400000e+002
  1.4341600e+002  7.0400000e+002
  1.4412000e+002  7.0400000e+002
  1.4482000e+002  7.0000000e+002
  1.4552000e+002  7.0000000e+002
  1.4622800e+002  7.0800000e+002
  1.4692800e+002  7.0000000e+002
  1.4762400e+002  6.9600000e+002
  1.4832000e+002  6.9600000e+002
  1.4900800e+002  6.8800000e+002
  1.4970400e+002  6.9600000e+002
  1.5039600e+002  6.9200000e+002
  1.5108800e+002  6.9200000e+002
  1.5178400e+002  6.9600000e+002
  1.5226800e+002  4.8400000e+002
  1.5297600e+002  7.0800000e+002
  1.5369600e+002  7.2000000e+002
  1.5440000e+002  7.0400000e+002
  1.5490000e+002  5.0000000e+002
  1.5560800e+002  7.0800000e+002
  1.5632000e+002  7.1200000e+002
  1.5702400e+002  7.0400000e+002
  1.5772400e+002  7.0000000e+002
  1.5842400e+002  7.0000000e+002
  1.5912400e+002  7.0000000e+002
  1.5981600e+002  6.9200000e+002
  1.6052000e+002  7.0400000e+002
  1.6121600e+002  6.9600000e+002
  1.6191200e+002  6.9600000e+002
  1.6261200e+002  7.0000000e+002
  1.6330400e+002  6.9200000e+002
  1.6400000e+002  6.9600000e+002
  1.6469600e+002  6.9600000e+002
  1.6539200e+002  6.9600000e+002
  1.6608000e+002  6.8800000e+002
  1.6677200e+002  6.9200000e+002
  1.6746800e+002  6.9600000e+002
  1.6816400e+002  6.9600000e+002
  1.6886000e+002  6.9600000e+002
  1.6956400e+002  7.0400000e+002
  1.7025600e+002  6.9200000e+002
  1.7094800e+002  6.9200000e+002
  1.7164800e+002  7.0000000e+002
  1.7234000e+002  6.9200000e+002
  1.7303200e+002  6.9200000e+002
  1.7372800e+002  6.9600000e+002
  1.7442800e+002  7.0000000e+002
  1.7512400e+002  6.9600000e+002
  1.7582000e+002  6.9600000e+002
  1.7631600e+002  4.9600000e+002
  1.7702400e+002  7.0800000e+002
  1.7774000e+002  7.1600000e+002
  1.7845200e+002  7.1200000e+002
  1.7915600e+002  7.0400000e+002
  1.7985200e+002  6.9600000e+002
  1.8055600e+002  7.0400000e+002
  1.8125200e+002  6.9600000e+002
  1.8194800e+002  6.9600000e+002
  1.8264400e+002  6.9600000e+002
  1.8334400e+002  7.0000000e+002
  1.8404400e+002  7.0000000e+002
  1.8474400e+002  7.0000000e+002
  1.8544800e+002  7.0400000e+002
  1.8614800e+002  7.0000000e+002
  1.8684400e+002  6.9600000e+002
  1.8754400e+002  7.0000000e+002
  1.8824400e+002  7.0000000e+002
  1.8894400e+002  7.0000000e+002
  1.8964800e+002  7.0400000e+002
  1.9084000e+002  1.1920000e+003
  1.9160000e+002  7.6000000e+002
  1.9232000e+002  7.2000000e+002
  1.9302800e+002  7.0800000e+002
  1.9373200e+002  7.0400000e+002
  1.9443600e+002  7.0400000e+002
  1.9514400e+002  7.0800000e+002
  1.9584800e+002  7.0400000e+002
  1.9655200e+002  7.0400000e+002
  1.9726000e+002  7.0800000e+002
  1.9796400e+002  7.0400000e+002
  1.9866400e+002  7.0000000e+002
  1.9936800e+002  7.0400000e+002
  2.0006800e+002  7.0000000e+002
  2.0077200e+002  7.0400000e+002
  2.0148000e+002  7.0800000e+002
  2.0218400e+002  7.0400000e+002
  2.0289200e+002  7.0800000e+002
  2.0359600e+002  7.0400000e+002
  2.0430800e+002  7.1200000e+002
  2.0501600e+002  7.0800000e+002
  2.0572000e+002  7.0400000e+002
  2.0643200e+002  7.1200000e+002
  2.0714400e+002  7.1200000e+002
  2.0784800e+002  7.0400000e+002
  2.0856000e+002  7.1200000e+002
  2.0926800e+002  7.0800000e+002
  2.0997600e+002  7.0800000e+002
  2.1068400e+002  7.0800000e+002
  2.1139600e+002  7.1200000e+002
  2.1210400e+002  7.0800000e+002
  2.1280800e+002  7.0400000e+002
  2.1351200e+002  7.0400000e+002
  2.1421200e+002  7.0000000e+002
  2.1491600e+002  7.0400000e+002
  2.1561600e+002  7.0000000e+002
  2.1631600e+002  7.0000000e+002
  2.1702000e+002  7.0400000e+002
  2.1772800e+002  7.0800000e+002
  2.1843200e+002  7.0400000e+002
  2.1913200e+002  7.0000000e+002
  2.1983600e+002  7.0400000e+002
  2.2053600e+002  7.0000000e+002
  2.2123600e+002  7.0000000e+002
  2.2193600e+002  7.0000000e+002
  2.2263600e+002  7.0000000e+002
  2.2333200e+002  6.9600000e+002
  2.2403600e+002  7.0400000e+002
  2.2473200e+002  6.9600000e+002
  2.2542400e+002  6.9200000e+002
  2.2611600e+002  6.9200000e+002
  2.2681200e+002  6.9600000e+002
  2.2750400e+002  6.9200000e+002
  2.2819600e+002  6.9200000e+002
  2.2889600e+002  7.0000000e+002
  2.2958800e+002  6.9200000e+002
  2.3028400e+002  6.9600000e+002
  2.3097600e+002  6.9200000e+002
  2.3166800e+002  6.9200000e+002
  2.3236000e+002  6.9200000e+002
  2.3305600e+002  6.9600000e+002
  2.3375200e+002  6.9600000e+002
  2.3444800e+002  6.9600000e+002
  2.3514400e+002  6.9600000e+002
  2.3584000e+002  6.9600000e+002
  2.3653600e+002  6.9600000e+002
  2.3723600e+002  7.0000000e+002
  2.3793600e+002  7.0000000e+002
  2.3862800e+002  6.9200000e+002
  2.3932400e+002  6.9600000e+002
  2.4002800e+002  7.0400000e+002
  2.4051200e+002  4.8400000e+002
  2.4122400e+002  7.1200000e+002
  2.4194800e+002  7.2400000e+002
  2.4265600e+002  7.0800000e+002
  2.4335200e+002  6.9600000e+002
  2.4404400e+002  6.9200000e+002
  2.4473600e+002  6.9200000e+002
  2.4542400e+002  6.8800000e+002
  2.4611600e+002  6.9200000e+002
  2.4680800e+002  6.9200000e+002
  2.4750000e+002  6.9200000e+002
  2.4819200e+002  6.9200000e+002
  2.4888400e+002  6.9200000e+002
  2.4957200e+002  6.8800000e+002
  2.5026400e+002  6.9200000e+002
  2.5096000e+002  6.9600000e+002
  2.5165600e+002  6.9600000e+002
  2.5234400e+002  6.8800000e+002
  2.5304000e+002  6.9600000e+002
  2.5373200e+002  6.9200000e+002
  2.5442000e+002  6.8800000e+002
  2.5511600e+002  6.9600000e+002
  2.5580800e+002  6.9200000e+002
  2.5650000e+002  6.9200000e+002
  2.5719600e+002  6.9600000e+002
  2.5788800e+002  6.9200000e+002
  2.5858000e+002  6.9200000e+002
  2.5927200e+002  6.9200000e+002
  2.5996800e+002  6.9600000e+002
  2.6066400e+002  6.9200000e+002
  2.6135200e+002  6.8800000e+002
  2.6204400e+002  6.9200000e+002
  2.6254800e+002  5.0400000e+002
  2.6329600e+002  7.4800000e+002
  2.6402000e+002  7.2400000e+002
  2.6473200e+002  7.1200000e+002
  2.6542800e+002  6.9600000e+002
  2.6612000e+002  6.9200000e+002
  2.6682000e+002  7.0000000e+002
  2.6751200e+002  6.9200000e+002
  2.6820000e+002  6.8800000e+002
  2.6889200e+002  6.9200000e+002
  2.6937200e+002  4.8000000e+002
  2.7008000e+002  7.0800000e+002
  2.7080000e+002  7.2000000e+002
  2.7150800e+002  7.0800000e+002
  2.7220800e+002  7.0000000e+002
  2.7290400e+002  6.9600000e+002
  2.7360000e+002  6.9600000e+002
  2.7429200e+002  6.9200000e+002
  2.7498400e+002  6.9200000e+002
  2.7568000e+002  6.9600000e+002
  2.7637600e+002  6.9600000e+002
  2.7706800e+002  6.9200000e+002
  2.7776400e+002  6.9600000e+002
  2.7846400e+002  7.0000000e+002
  2.7915600e+002  6.9200000e+002
  2.7984800e+002  6.9200000e+002
  2.8054000e+002  6.9200000e+002
  2.8123200e+002  6.9200000e+002
  2.8192800e+002  6.9600000e+002
  2.8262400e+002  6.9600000e+002
  2.8331600e+002  6.9200000e+002
  2.8400800e+002  6.9200000e+002
  2.8470400e+002  6.9600000e+002
  2.8539600e+002  6.9200000e+002
  2.8608400e+002  6.8800000e+002
  2.8677600e+002  6.9200000e+002
  2.8746400e+002  6.8800000e+002
  2.8815200e+002  6.8800000e+002
  2.8884400e+002  6.9200000e+002
  2.8954000e+002  6.9600000e+002
  2.9022800e+002  6.8800000e+002
  2.9092000e+002  6.9200000e+002
  2.9161200e+002  6.9200000e+002
  2.9230000e+002  6.8800000e+002
  2.9299200e+002  6.9200000e+002
  2.9368400e+002  6.9200000e+002
  2.9437200e+002  6.8800000e+002
  2.9506000e+002  6.8800000e+002
  2.9574800e+002  6.8800000e+002
  2.9642800e+002  6.8000000e+002
  2.9711600e+002  6.8800000e+002
  2.9780400e+002  6.8800000e+002
  2.9848400e+002  6.8000000e+002
  2.9917200e+002  6.8800000e+002
  2.9986000e+002  6.8800000e+002
  3.0100000e+002  1.1400000e+003
  3.0176000e+002  7.6000000e+002
  3.0246800e+002  7.0800000e+002
  3.0316000e+002  6.9200000e+002
  3.0374000e+002  5.8000000e+002
  3.0450000e+002  7.6000000e+002
  3.0521200e+002  7.1200000e+002
  3.0590400e+002  6.9200000e+002
  3.0660400e+002  7.0000000e+002
  3.0730000e+002  6.9600000e+002
  3.0798800e+002  6.8800000e+002
  3.0868400e+002  6.9600000e+002
  3.0937600e+002  6.9200000e+002
  3.1006800e+002  6.9200000e+002
  3.1076000e+002  6.9200000e+002
  3.1145600e+002  6.9600000e+002
  3.1215200e+002  6.9600000e+002
  3.1284400e+002  6.9200000e+002
  3.1354400e+002  7.0000000e+002
  3.1423600e+002  6.9200000e+002
  3.1492800e+002  6.9200000e+002
  3.1562400e+002  6.9600000e+002
  3.1631600e+002  6.9200000e+002
  3.1701200e+002  6.9600000e+002
  3.1770400e+002  6.9200000e+002
  3.1840000e+002  6.9600000e+002
  3.1909600e+002  6.9600000e+002
  3.1978800e+002  6.9200000e+002
  3.2048400e+002  6.9600000e+002
  3.2118000e+002  6.9600000e+002
  3.2187200e+002  6.9200000e+002
  3.2256400e+002  6.9200000e+002
  3.2325600e+002  6.9200000e+002
  3.2394800e+002  6.9200000e+002
  3.2464000e+002  6.9200000e+002
  3.2533600e+002  6.9600000e+002
  3.2602800e+002  6.9200000e+002
  3.2672000e+002  6.9200000e+002
  3.2741600e+002  6.9600000e+002
  3.2811600e+002  7.0000000e+002
  3.2881200e+002  6.9600000e+002
  3.2951200e+002  7.0000000e+002
  3.3021200e+002  7.0000000e+002
  3.3090400e+002  6.9200000e+002
  3.3160000e+002  6.9600000e+002
  3.3229600e+002  6.9600000e+002
  3.3298800e+002  6.9200000e+002
  3.3368000e+002  6.9200000e+002
  3.3438400e+002  7.0400000e+002
  3.3508400e+002  7.0000000e+002
  3.3578000e+002  6.9600000e+002
  3.3647200e+002  6.9200000e+002
  3.3716800e+002  6.9600000e+002
  3.3786400e+002  6.9600000e+002
  3.3855600e+002  6.9200000e+002
  3.3925200e+002  6.9600000e+002
  3.3994400e+002  6.9200000e+002
  3.4063600e+002  6.9200000e+002
  3.4133600e+002  7.0000000e+002
  3.4202800e+002  6.9200000e+002
  3.4272400e+002  6.9600000e+002
  3.4342000e+002  6.9600000e+002
  3.4411200e+002  6.9200000e+002
  3.4480400e+002  6.9200000e+002
  3.4550400e+002  7.0000000e+002
  3.4619600e+002  6.9200000e+002
  3.4688800e+002  6.9200000e+002
  3.4758000e+002  6.9200000e+002
  3.4827200e+002  6.9200000e+002
  3.4943200e+002  1.1600000e+003
  3.5018400e+002  7.5200000e+002
  3.5088800e+002  7.0400000e+002
  3.5158400e+002  6.9600000e+002
  3.5228000e+002  6.9600000e+002
  3.5296800e+002  6.8800000e+002
  3.5366000e+002  6.9200000e+002
  3.5435600e+002  6.9600000e+002
  3.5504800e+002  6.9200000e+002
  3.5573200e+002  6.8400000e+002
  3.5642400e+002  6.9200000e+002
  3.5711200e+002  6.8800000e+002
  3.5780000e+002  6.8800000e+002
  3.5848800e+002  6.8800000e+002
  3.5918800e+002  7.0000000e+002
  3.5988000e+002  6.9200000e+002
  3.6056800e+002  6.8800000e+002
  3.6126400e+002  6.9600000e+002
  3.6196000e+002  6.9600000e+002
  3.6264800e+002  6.8800000e+002
  3.6334000e+002  6.9200000e+002
  3.6382800e+002  4.8800000e+002
  3.6454000e+002  7.1200000e+002
  3.6526000e+002  7.2000000e+002
  3.6596400e+002  7.0400000e+002
  3.6665200e+002  6.8800000e+002
  3.6734400e+002  6.9200000e+002
  3.6784000e+002  4.9600000e+002
  3.6856800e+002  7.2800000e+002
  3.6928400e+002  7.1600000e+002
  3.6980400e+002  5.2000000e+002
  3.7055200e+002  7.4800000e+002
  3.7126400e+002  7.1200000e+002
  3.7196000e+002  6.9600000e+002
  3.7265200e+002  6.9200000e+002
  3.7334000e+002  6.8800000e+002
  3.7402800e+002  6.8800000e+002
  3.7472400e+002  6.9600000e+002
  3.7541200e+002  6.8800000e+002
  3.7610000e+002  6.8800000e+002
  3.7679200e+002  6.9200000e+002
  3.7748000e+002  6.8800000e+002
  3.7816800e+002  6.8800000e+002
  3.7885600e+002  6.8800000e+002
  3.7955200e+002  6.9600000e+002
  3.8024000e+002  6.8800000e+002
  3.8093600e+002  6.9600000e+002
  3.8163200e+002  6.9600000e+002
  3.8232800e+002  6.9600000e+002
  3.8302000e+002  6.9200000e+002
  3.8372000e+002  7.0000000e+002
  3.8441600e+002  6.9600000e+002
  3.8510800e+002  6.9200000e+002
  3.8580000e+002  6.9200000e+002
  3.8649600e+002  6.9600000e+002
  3.8718800e+002  6.9200000e+002
  3.8788400e+002  6.9600000e+002
  3.8858000e+002  6.9600000e+002
  3.8927200e+002  6.9200000e+002
  3.8996400e+002  6.9200000e+002
  3.9066000e+002  6.9600000e+002
  3.9135200e+002  6.9200000e+002
  3.9204000e+002  6.8800000e+002
  3.9273200e+002  6.9200000e+002
  3.9342000e+002  6.8800000e+002
  3.9410800e+002  6.8800000e+002
  3.9480000e+002  6.9200000e+002
  3.9548800e+002  6.8800000e+002
  3.9617200e+002  6.8400000e+002
  3.9686400e+002  6.9200000e+002
  3.9755200e+002  6.8800000e+002
  3.9823600e+002  6.8400000e+002
  3.9892800e+002  6.9200000e+002
  3.9961600e+002  6.8800000e+002
  4.0030400e+002  6.8800000e+002
  4.0099200e+002  6.8800000e+002
  4.0168800e+002  6.9600000e+002
  4.0237600e+002  6.8800000e+002
  4.0306400e+002  6.8800000e+002
  4.0376000e+002  6.9600000e+002
  4.0445200e+002  6.9200000e+002
  4.0514000e+002  6.8800000e+002
  4.0582800e+002  6.8800000e+002
  4.0651600e+002  6.8800000e+002
  4.0721200e+002  6.9600000e+002
  4.0789600e+002  6.8400000e+002
  4.0858000e+002  6.8400000e+002
  4.0927200e+002  6.9200000e+002
  4.0995200e+002  6.8000000e+002
  4.1063600e+002  6.8400000e+002
  4.1132400e+002  6.8800000e+002
  4.1201200e+002  6.8800000e+002
  4.1269600e+002  6.8400000e+002
  4.1338400e+002  6.8800000e+002
  4.1407600e+002  6.9200000e+002
  4.1476800e+002  6.9200000e+002
  4.1545600e+002  6.8800000e+002
  4.1614800e+002  6.9200000e+002
  4.1683600e+002  6.8800000e+002
  4.1752400e+002  6.8800000e+002
  4.1821600e+002  6.9200000e+002
  4.1890400e+002  6.8800000e+002
  4.1958800e+002  6.8400000e+002
  4.2028000e+002  6.9200000e+002
  4.2096800e+002  6.8800000e+002
  4.2147200e+002  5.0400000e+002
  4.2221200e+002  7.4000000e+002
  4.2293200e+002  7.2000000e+002
  4.2363200e+002  7.0000000e+002
  4.2432400e+002  6.9200000e+002
  4.2501600e+002  6.9200000e+002
  4.2570000e+002  6.8400000e+002
  4.2638400e+002  6.8400000e+002
  4.2707200e+002  6.8800000e+002
  4.2776000e+002  6.8800000e+002
  4.2844400e+002  6.8400000e+002
  4.2913200e+002  6.8800000e+002
  4.2982000e+002  6.8800000e+002
  4.3050800e+002  6.8800000e+002
  4.3119600e+002  6.8800000e+002
  4.3188800e+002  6.9200000e+002
  4.3257600e+002  6.8800000e+002
  4.3326400e+002  6.8800000e+002
  4.3395600e+002  6.9200000e+002
  4.3464400e+002  6.8800000e+002
  4.3533200e+002  6.8800000e+002
  4.3602000e+002  6.8800000e+002
  4.3670800e+002  6.8800000e+002
  4.3740000e+002  6.9200000e+002
  4.3808800e+002  6.8800000e+002
  4.3878400e+002  6.9600000e+002
  4.3947600e+002  6.9200000e+002
  4.4016400e+002  6.8800000e+002
  4.4085600e+002  6.9200000e+002
  4.4154400e+002  6.8800000e+002
  4.4223200e+002  6.8800000e+002
  4.4292800e+002  6.9600000e+002
  4.4361600e+002  6.8800000e+002
  4.4430000e+002  6.8400000e+002
  4.4498800e+002  6.8800000e+002
  4.4567600e+002  6.8800000e+002
  4.4635600e+002  6.8000000e+002
  4.4704400e+002  6.8800000e+002
  4.4772800e+002  6.8400000e+002
  4.4841200e+002  6.8400000e+002
  4.4909600e+002  6.8400000e+002
  4.4978000e+002  6.8400000e+002
  4.5046400e+002  6.8400000e+002
  4.5114800e+002  6.8400000e+002
  4.5183200e+002  6.8400000e+002
  4.5251600e+002  6.8400000e+002
  4.5320000e+002  6.8400000e+002
  4.5388400e+002  6.8400000e+002
  4.5456800e+002  6.8400000e+002
  4.5525200e+002  6.8400000e+002
  4.5593200e+002  6.8000000e+002
  4.5661600e+002  6.8400000e+002
  4.5730000e+002  6.8400000e+002
  4.5798400e+002  6.8400000e+002
  4.5866800e+002  6.8400000e+002
  4.5935200e+002  6.8400000e+002
  4.6003600e+002  6.8400000e+002
  4.6072000e+002  6.8400000e+002
  4.6121200e+002  4.9200000e+002
  4.6192800e+002  7.1600000e+002
  4.6263600e+002  7.0800000e+002
  4.6333200e+002  6.9600000e+002
  4.6402000e+002  6.8800000e+002
  4.6470400e+002  6.8400000e+002
  4.6538400e+002  6.8000000e+002
  4.6607200e+002  6.8800000e+002
  4.6675600e+002  6.8400000e+002
  4.6743200e+002  6.7600000e+002
  4.6811600e+002  6.8400000e+002
  4.6880000e+002  6.8400000e+002
  4.6947600e+002  6.7600000e+002
  4.7016000e+002  6.8400000e+002
  4.7084000e+002  6.8000000e+002
  4.7151600e+002  6.7600000e+002
  4.7220000e+002  6.8400000e+002
  4.7287600e+002  6.7600000e+002
  4.7355600e+002  6.8000000e+002
  4.7424400e+002  6.8800000e+002
  4.7492400e+002  6.8000000e+002
  4.7560400e+002  6.8000000e+002
  4.7629200e+002  6.8800000e+002
  4.7697600e+002  6.8400000e+002
  4.7765200e+002  6.7600000e+002
  4.7833600e+002  6.8400000e+002
  4.7902000e+002  6.8400000e+002
  4.7969600e+002  6.7600000e+002
  4.8084800e+002  1.1520000e+003
  4.8158800e+002  7.4000000e+002
  4.8228400e+002  6.9600000e+002
  4.8297600e+002  6.9200000e+002
  4.8366000e+002  6.8400000e+002
  4.8434000e+002  6.8000000e+002
  4.8502000e+002  6.8000000e+002
  4.8570400e+002  6.8400000e+002
  4.8638000e+002  6.7600000e+002
  4.8687200e+002  4.9200000e+002
  4.8758800e+002  7.1600000e+002
  4.8829200e+002  7.0400000e+002
  4.8898000e+002  6.8800000e+002
  4.8948800e+002  5.0800000e+002
  4.9022400e+002  7.3600000e+002
  4.9093200e+002  7.0800000e+002
  4.9161600e+002  6.8400000e+002
  4.9230400e+002  6.8800000e+002
  4.9298400e+002  6.8000000e+002
  4.9366400e+002  6.8000000e+002
  4.9434400e+002  6.8000000e+002
  4.9502400e+002  6.8000000e+002
  4.9570400e+002  6.8000000e+002
  4.9639200e+002  6.8800000e+002
  4.9707600e+002  6.8400000e+002
  4.9775600e+002  6.8000000e+002
  4.9844000e+002  6.8400000e+002
  4.9912400e+002  6.8400000e+002
  4.9981200e+002  6.8800000e+002
  5.0049600e+002  6.8400000e+002
  5.0118400e+002  6.8800000e+002
  5.0186800e+002  6.8400000e+002
  5.0255600e+002  6.8800000e+002
  5.0324400e+002  6.8800000e+002
  5.0372400e+002  4.8000000e+002
  5.0445600e+002  7.3200000e+002
  5.0497200e+002  5.1600000e+002
  5.0567600e+002  7.0400000e+002
  5.0638400e+002  7.0800000e+002
  5.0708000e+002  6.9600000e+002
  5.0777200e+002  6.9200000e+002
  5.0846000e+002  6.8800000e+002
  5.0914400e+002  6.8400000e+002
  5.0983200e+002  6.8800000e+002
  5.1051600e+002  6.8400000e+002
  5.1119600e+002  6.8000000e+002
  5.1188000e+002  6.8400000e+002
  5.1256400e+002  6.8400000e+002
  5.1324400e+002  6.8000000e+002
  5.1392800e+002  6.8400000e+002
  5.1460800e+002  6.8000000e+002
  5.1510400e+002  4.9600000e+002
  5.1583200e+002  7.2800000e+002
  5.1655200e+002  7.2000000e+002
  5.1724800e+002  6.9600000e+002
  5.1793600e+002  6.8800000e+002
  5.1862400e+002  6.8800000e+002
  5.1931200e+002  6.8800000e+002
  5.1999600e+002  6.8400000e+002
  5.2068000e+002  6.8400000e+002
  5.2137200e+002  6.9200000e+002
  5.2205600e+002  6.8400000e+002
  5.2274400e+002  6.8800000e+002
  5.2342800e+002  6.8400000e+002
  5.2411200e+002  6.8400000e+002
  5.2480000e+002  6.8800000e+002
  5.2548800e+002  6.8800000e+002
  5.2617200e+002  6.8400000e+002
  5.2685600e+002  6.8400000e+002
  5.2755200e+002  6.9600000e+002
  5.2823600e+002  6.8400000e+002
  5.2891600e+002  6.8000000e+002
  5.2960000e+002  6.8400000e+002
  5.3028400e+002  6.8400000e+002
  5.3096000e+002  6.7600000e+002
  5.3164400e+002  6.8400000e+002
  5.3232800e+002  6.8400000e+002
  5.3300800e+002  6.8000000e+002
  5.3369200e+002  6.8400000e+002
  5.3437600e+002  6.8400000e+002
  5.3506000e+002  6.8400000e+002
  5.3574400e+002  6.8400000e+002
  5.3643200e+002  6.8800000e+002
  5.3712000e+002  6.8800000e+002
  5.3780400e+002  6.8400000e+002
  5.3849600e+002  6.9200000e+002
  5.3918400e+002  6.8800000e+002
  5.3986800e+002  6.8400000e+002
  5.4055200e+002  6.8400000e+002
  5.4124000e+002  6.8800000e+002
  5.4192400e+002  6.8400000e+002
  5.4261200e+002  6.8800000e+002
  5.4329600e+002  6.8400000e+002
  5.4397200e+002  6.7600000e+002
  5.4466000e+002  6.8800000e+002
  5.4534000e+002  6.8000000e+002
  5.4602400e+002  6.8400000e+002
  5.4652000e+002  4.9600000e+002
  5.4724000e+002  7.2000000e+002
  5.4794800e+002  7.0800000e+002
  5.4864000e+002  6.9200000e+002
  5.4916000e+002  5.2000000e+002
  5.4990000e+002  7.4000000e+002
  5.5060400e+002  7.0400000e+002
  5.5129600e+002  6.9200000e+002
  5.5198000e+002  6.8400000e+002
  5.5266400e+002  6.8400000e+002
  5.5334800e+002  6.8400000e+002
  5.5404000e+002  6.9200000e+002
  5.5472400e+002  6.8400000e+002
  5.5540400e+002  6.8000000e+002
  5.5609200e+002  6.8800000e+002
  5.5678000e+002  6.8800000e+002
  5.5746400e+002  6.8400000e+002
  5.5815200e+002  6.8800000e+002
  5.5884000e+002  6.8800000e+002
  5.5952400e+002  6.8400000e+002
  5.6021600e+002  6.9200000e+002
  5.6090800e+002  6.9200000e+002
  5.6159600e+002  6.8800000e+002
  5.6227600e+002  6.8000000e+002
  5.6297200e+002  6.9600000e+002
  5.6366000e+002  6.8800000e+002
  5.6434400e+002  6.8400000e+002
  5.6503600e+002  6.9200000e+002
  5.6572400e+002  6.8800000e+002
  5.6641200e+002  6.8800000e+002
  5.6710400e+002  6.9200000e+002
  5.6779600e+002  6.9200000e+002
  5.6828400e+002  4.8800000e+002
  5.6901600e+002  7.3200000e+002
  5.6974000e+002  7.2400000e+002
  5.7044800e+002  7.0800000e+002
  5.7114400e+002  6.9600000e+002
  5.7184000e+002  6.9600000e+002
  5.7252800e+002  6.8800000e+002
  5.7321600e+002  6.8800000e+002
  5.7390400e+002  6.8800000e+002
  5.7459200e+002  6.8800000e+002
  5.7527600e+002  6.8400000e+002
  5.7578000e+002  5.0400000e+002
  5.7651200e+002  7.3200000e+002
  5.7722800e+002  7.1600000e+002
  5.7793200e+002  7.0400000e+002
  5.7862800e+002  6.9600000e+002
  5.7932400e+002  6.9600000e+002
  5.8001600e+002  6.9200000e+002
  5.8070800e+002  6.9200000e+002
  5.8141200e+002  7.0400000e+002
  5.8211200e+002  7.0000000e+002
  5.8280800e+002  6.9600000e+002
  5.8350400e+002  6.9600000e+002
  5.8421200e+002  7.0800000e+002
  5.8490800e+002  6.9600000e+002
  5.8560400e+002  6.9600000e+002
  5.8630400e+002  7.0000000e+002
  5.8700000e+002  6.9600000e+002
  5.8769200e+002  6.9200000e+002
  5.8838800e+002  6.9600000e+002
  5.8908000e+002  6.9200000e+002
  5.8977200e+002  6.9200000e+002
  5.9046400e+002  6.9200000e+002
  5.9115600e+002  6.9200000e+002
  5.9184400e+002  6.8800000e+002
  5.9253600e+002  6.9200000e+002
  5.9322800e+002  6.9200000e+002
  5.9391200e+002  6.8400000e+002
  5.9460400e+002  6.9200000e+002
  5.9529600e+002  6.9200000e+002
  5.9598400e+002  6.8800000e+002
  5.9667600e+002  6.9200000e+002
  5.9737200e+002  6.9600000e+002
  5.9806800e+002  6.9600000e+002
  5.9856800e+002  5.0000000e+002
  5.9931200e+002  7.4400000e+002
  6.0002800e+002  7.1600000e+002
  6.0072800e+002  7.0000000e+002
  6.0142800e+002  7.0000000e+002
  6.0212000e+002  6.9200000e+002
  6.0281200e+002  6.9200000e+002
  6.0350400e+002  6.9200000e+002
  6.0419600e+002  6.9200000e+002
  6.0488400e+002  6.8800000e+002
  6.0557600e+002  6.9200000e+002
  6.0626800e+002  6.9200000e+002
  6.0696000e+002  6.9200000e+002
  6.0764800e+002  6.8800000e+002
  6.0834400e+002  6.9600000e+002
  6.0903600e+002  6.9200000e+002
  6.0972800e+002  6.9200000e+002
  6.1042000e+002  6.9200000e+002
  6.1111200e+002  6.9200000e+002
  6.1180000e+002  6.8800000e+002
  6.1248800e+002  6.8800000e+002
  6.1317600e+002  6.8800000e+002
  6.1386400e+002  6.8800000e+002
  6.1455600e+002  6.9200000e+002
  6.1524400e+002  6.8800000e+002
  6.1593200e+002  6.8800000e+002
  6.1662000e+002  6.8800000e+002
  6.1730400e+002  6.8400000e+002
  6.1798800e+002  6.8400000e+002
  6.1868000e+002  6.9200000e+002
  6.1936400e+002  6.8400000e+002
  6.2004800e+002  6.8400000e+002
  6.2073200e+002  6.8400000e+002
  6.2142000e+002  6.8800000e+002
  6.2210400e+002  6.8400000e+002
  6.2279200e+002  6.8800000e+002
  6.2348000e+002  6.8800000e+002
  6.2416800e+002  6.8800000e+002
  6.2485600e+002  6.8800000e+002
  6.2555200e+002  6.9600000e+002
  6.2624000e+002  6.8800000e+002
  6.2692400e+002  6.8400000e+002
  6.2761600e+002  6.9200000e+002
  6.2830400e+002  6.8800000e+002
  6.2899200e+002  6.8800000e+002
  6.2968000e+002  6.8800000e+002
  6.3036800e+002  6.8800000e+002
  6.3106000e+002  6.9200000e+002
  6.3174800e+002  6.8800000e+002
  6.3244400e+002  6.9600000e+002
  6.3313600e+002  6.9200000e+002
  6.3362000e+002  4.8400000e+002
  6.3434400e+002  7.2400000e+002
  6.3506800e+002  7.2400000e+002
  6.3576800e+002  7.0000000e+002
  6.3646400e+002  6.9600000e+002
  6.3715200e+002  6.8800000e+002
  6.3784000e+002  6.8800000e+002
  6.3852800e+002  6.8800000e+002
  6.3921600e+002  6.8800000e+002
  6.3990000e+002  6.8400000e+002
  6.4059200e+002  6.9200000e+002
  6.4128000e+002  6.8800000e+002
  6.4196800e+002  6.8800000e+002
  6.4265600e+002  6.8800000e+002
  6.4334800e+002  6.9200000e+002
  6.4403600e+002  6.8800000e+002
  6.4472800e+002  6.9200000e+002
  6.4542000e+002  6.9200000e+002
  6.4610800e+002  6.8800000e+002
  6.4679600e+002  6.8800000e+002
  6.4748800e+002  6.9200000e+002
  6.4817600e+002  6.8800000e+002
  6.4886000e+002  6.8400000e+002
  6.4955200e+002  6.9200000e+002
  6.5005200e+002  5.0000000e+002
  6.5078800e+002  7.3600000e+002
  6.5150400e+002  7.1600000e+002
  6.5220400e+002  7.0000000e+002
  6.5289200e+002  6.8800000e+002
  6.5358000e+002  6.8800000e+002
  6.5427200e+002  6.9200000e+002
  6.5496400e+002  6.9200000e+002
  6.5565200e+002  6.8800000e+002
  6.5634000e+002  6.8800000e+002
  6.5703600e+002  6.9600000e+002
  6.5772800e+002  6.9200000e+002
  6.5842000e+002  6.9200000e+002
  6.5911600e+002  6.9600000e+002
  6.5981200e+002  6.9600000e+002
  6.6050400e+002  6.9200000e+002
  6.6120400e+002  7.0000000e+002
  6.6190000e+002  6.9600000e+002
  6.6259600e+002  6.9600000e+002
  6.6329600e+002  7.0000000e+002
  6.6398800e+002  6.9200000e+002
  6.6468000e+002  6.9200000e+002
  6.6537200e+002  6.9200000e+002
  6.6606400e+002  6.9200000e+002
  6.6675200e+002  6.8800000e+002
  6.6744800e+002  6.9600000e+002
  6.6814000e+002  6.9200000e+002
  6.6882400e+002  6.8400000e+002
  6.6952000e+002  6.9600000e+002
  6.7021200e+002  6.9200000e+002
  6.7090000e+002  6.8800000e+002
  6.7159600e+002  6.9600000e+002
  6.7228800e+002  6.9200000e+002
  6.7297600e+002  6.8800000e+002
  6.7366800e+002  6.9200000e+002
  6.7436000e+002  6.9200000e+002
  6.7505200e+002  6.9200000e+002
  6.7574000e+002  6.8800000e+002
  6.7643200e+002  6.9200000e+002
  6.7712000e+002  6.8800000e+002
  6.7780800e+002  6.8800000e+002
  6.7850400e+002  6.9600000e+002
  6.7919200e+002  6.8800000e+002
  6.7988000e+002  6.8800000e+002
  6.8057200e+002  6.9200000e+002
  6.8126000e+002  6.8800000e+002
  6.8194800e+002  6.8800000e+002
  6.8264000e+002  6.9200000e+002
  6.8333200e+002  6.9200000e+002
  6.8402400e+002  6.9200000e+002
  6.8471600e+002  6.9200000e+002
  6.8541200e+002  6.9600000e+002
  6.8610800e+002  6.9600000e+002
  6.8680400e+002  6.9600000e+002
  6.8749600e+002  6.9200000e+002
  6.8819600e+002  7.0000000e+002
  6.8889200e+002  6.9600000e+002
  6.8958800e+002  6.9600000e+002
  6.9028400e+002  6.9600000e+002
  6.9098400e+002  7.0000000e+002
  6.9168000e+002  6.9600000e+002
  6.9237600e+002  6.9600000e+002
  6.9307600e+002  7.0000000e+002
  6.9377200e+002  6.9600000e+002
  6.9414000e+002  3.6800000e+002
  6.9453600e+002  3.9600000e+002
  6.9493600e+002  4.0000000e+002
  6.9569200e+002  7.5600000e+002
  6.9640000e+002  7.0800000e+002
  6.9710400e+002  7.0400000e+002
  6.9779600e+002  6.9200000e+002
  6.9848800e+002  6.9200000e+002
  6.9918000e+002  6.9200000e+002
  6.9987200e+002  6.9200000e+002
  7.0056400e+002  6.9200000e+002
  7.0125600e+002  6.9200000e+002
  7.0194000e+002  6.8400000e+002
  7.0263200e+002  6.9200000e+002
  7.0332000e+002  6.8800000e+002
  7.0400800e+002  6.8800000e+002
  7.0469600e+002  6.8800000e+002
  7.0538800e+002  6.9200000e+002
  7.0607200e+002  6.8400000e+002
  7.0676400e+002  6.9200000e+002
  7.0745200e+002  6.8800000e+002
  7.0813600e+002  6.8400000e+002
  7.0882400e+002  6.8800000e+002
  7.0951200e+002  6.8800000e+002
  7.1020400e+002  6.9200000e+002
  7.1089200e+002  6.8800000e+002
  7.1158400e+002  6.9200000e+002
  7.1226800e+002  6.8400000e+002
  7.1295200e+002  6.8400000e+002
  7.1364400e+002  6.9200000e+002
  7.1413200e+002  4.8800000e+002
  7.1488000e+002  7.4800000e+002
  7.1560000e+002  7.2000000e+002
  7.1630800e+002  7.0800000e+002
  7.1700000e+002  6.9200000e+002
  7.1769200e+002  6.9200000e+002
  7.1838400e+002  6.9200000e+002
  7.1907600e+002  6.9200000e+002
  7.1976800e+002  6.9200000e+002
  7.2046400e+002  6.9600000e+002
  7.2116000e+002  6.9600000e+002
  7.2185200e+002  6.9200000e+002
  7.2254800e+002  6.9600000e+002
  7.2324000e+002  6.9200000e+002
  7.2393200e+002  6.9200000e+002
  7.2462400e+002  6.9200000e+002
  7.2531600e+002  6.9200000e+002
  7.2600400e+002  6.8800000e+002
  7.2669200e+002  6.8800000e+002
  7.2738400e+002  6.9200000e+002
  7.2807200e+002  6.8800000e+002
  7.2876400e+002  6.9200000e+002
  7.2945200e+002  6.8800000e+002
  7.3014000e+002  6.8800000e+002
  7.3083200e+002  6.9200000e+002
  7.3152000e+002  6.8800000e+002
  7.3220800e+002  6.8800000e+002
  7.3277600e+002  5.6800000e+002
  7.3335200e+002  5.7600000e+002
  7.3388000e+002  5.2800000e+002
  7.3459200e+002  7.1200000e+002
  7.3530800e+002  7.1600000e+002
  7.3600800e+002  7.0000000e+002
  7.3670000e+002  6.9200000e+002
  7.3738800e+002  6.8800000e+002
  7.3807200e+002  6.8400000e+002
  7.3875200e+002  6.8000000e+002
  7.3944000e+002  6.8800000e+002
  7.4012400e+002  6.8400000e+002
  7.4080400e+002  6.8000000e+002
  7.4148800e+002  6.8400000e+002
  7.4217200e+002  6.8400000e+002
  7.4285600e+002  6.8400000e+002
  7.4354400e+002  6.8800000e+002
  7.4404800e+002  5.0400000e+002
  7.4478400e+002  7.3600000e+002
  7.4550000e+002  7.1600000e+002
  7.4621200e+002  7.1200000e+002
  7.4691600e+002  7.0400000e+002
  7.4761600e+002  7.0000000e+002
  7.4831600e+002  7.0000000e+002
  7.4903600e+002  7.2000000e+002
  7.4972000e+002  6.8400000e+002
  7.5045200e+002  7.3200000e+002
  7.5113600e+002  6.8400000e+002
  7.5187600e+002  7.4000000e+002
  7.5260400e+002  7.2800000e+002
  7.5325200e+002  6.4800000e+002
  7.5398400e+002  7.3200000e+002
  7.5462800e+002  6.4400000e+002
  7.5536400e+002  7.3600000e+002
  7.5601600e+002  6.5200000e+002
  7.5678800e+002  7.7200000e+002
  7.5754400e+002  7.5600000e+002
  7.5827600e+002  7.3200000e+002
  7.5910000e+002  8.2400000e+002
  7.6001200e+002  9.1200000e+002
  7.6087200e+002  8.6000000e+002
  7.6175200e+002  8.8000000e+002
  7.6263600e+002  8.8400000e+002
  7.6352400e+002  8.8800000e+002
  7.6428800e+002  7.6400000e+002
  7.6505200e+002  7.6400000e+002
  7.6579200e+002  7.4000000e+002
  7.6652000e+002  7.2800000e+002
  7.6730000e+002  7.8000000e+002
  7.6822000e+002  9.2000000e+002
  7.6908400e+002  8.6400000e+002
  7.6987200e+002  7.8800000e+002
  7.7061600e+002  7.4400000e+002
  7.7158800e+002  9.7200000e+002
  7.7248000e+002  8.9200000e+002
  7.7330800e+002  8.2800000e+002
  7.7407200e+002  7.6400000e+002
  7.7479200e+002  7.2000000e+002
  7.7551600e+002  7.2400000e+002
  7.7677200e+002  1.2560000e+003
  7.7756000e+002  7.8800000e+002
  7.7808400e+002  5.2400000e+002
  7.7892000e+002  8.3600000e+002
  7.7968400e+002  7.6400000e+002
  7.8040400e+002  7.2000000e+002
  7.8107200e+002  6.6800000e+002
  7.8179200e+002  7.2000000e+002
  7.8250000e+002  7.0800000e+002
  7.8320400e+002  7.0400000e+002
  7.8392000e+002  7.1600000e+002
  7.8462800e+002  7.0800000e+002
  7.8532800e+002  7.0000000e+002
  7.8597600e+002  6.4800000e+002
  7.8669200e+002  7.1600000e+002
  7.8733600e+002  6.4400000e+002
  7.8805600e+002  7.2000000e+002
  7.8876000e+002  7.0400000e+002
  7.8946000e+002  7.0000000e+002
  7.9015200e+002  6.9200000e+002
  7.9084400e+002  6.9200000e+002
  7.9153600e+002  6.9200000e+002
  7.9222400e+002  6.8800000e+002
  7.9290800e+002  6.8400000e+002
  7.9360000e+002  6.9200000e+002
  7.9428800e+002  6.8800000e+002
  7.9497600e+002  6.8800000e+002
  7.9566400e+002  6.8800000e+002
  7.9635200e+002  6.8800000e+002
  7.9704000e+002  6.8800000e+002
  7.9772800e+002  6.8800000e+002
  7.9841600e+002  6.8800000e+002
  7.9910400e+002  6.8800000e+002
  7.9978400e+002  6.8000000e+002
  8.0047200e+002  6.8800000e+002
  8.0115600e+002  6.8400000e+002
  8.0184000e+002  6.8400000e+002
  8.0252000e+002  6.8000000e+002
  8.0320400e+002  6.8400000e+002
  8.0388800e+002  6.8400000e+002
  8.0457200e+002  6.8400000e+002
  8.0525600e+002  6.8400000e+002
  8.0593200e+002  6.7600000e+002
  8.0661200e+002  6.8000000e+002
  8.0729200e+002  6.8000000e+002
  8.0796800e+002  6.7600000e+002
  8.0864400e+002  6.7600000e+002
  8.0932400e+002  6.8000000e+002
  8.1000000e+002  6.7600000e+002
  8.1067600e+002  6.7600000e+002
  8.1135600e+002  6.8000000e+002
  8.1203600e+002  6.8000000e+002
  8.1271200e+002  6.7600000e+002
  8.1339200e+002  6.8000000e+002
  8.1407200e+002  6.8000000e+002
  8.1474800e+002  6.7600000e+002
  8.1542400e+002  6.7600000e+002
  8.1610400e+002  6.8000000e+002
  8.1678000e+002  6.7600000e+002
  8.1744800e+002  6.6800000e+002
  8.1812400e+002  6.7600000e+002
  8.1879600e+002  6.7200000e+002
  8.1946400e+002  6.6800000e+002
  8.2013600e+002  6.7200000e+002
  8.2080800e+002  6.7200000e+002
  8.2147600e+002  6.6800000e+002
  8.2214800e+002  6.7200000e+002
  8.2282000e+002  6.7200000e+002
  8.2349200e+002  6.7200000e+002
  8.2416800e+002  6.7600000e+002
  8.2484800e+002  6.8000000e+002
  8.2552400e+002  6.7600000e+002
  8.2620000e+002  6.7600000e+002
  8.2687600e+002  6.7600000e+002
  8.2755600e+002  6.8000000e+002
  8.2823200e+002  6.7600000e+002
  8.2890800e+002  6.7600000e+002
  8.2958000e+002  6.7200000e+002
  8.3025600e+002  6.7600000e+002
  8.3093200e+002  6.7600000e+002
  8.3160800e+002  6.7600000e+002
  8.3228000e+002  6.7200000e+002
  8.3295600e+002  6.7600000e+002
  8.3363600e+002  6.8000000e+002
  8.3430800e+002  6.7200000e+002
  8.3498400e+002  6.7600000e+002
  8.3566000e+002  6.7600000e+002
  8.3633600e+002  6.7600000e+002
  8.3701200e+002  6.7600000e+002
  8.3768800e+002  6.7600000e+002
  8.3836000e+002  6.7200000e+002
  8.3904000e+002  6.8000000e+002
  8.3971200e+002  6.7200000e+002
  8.4039200e+002  6.8000000e+002
  8.4106800e+002  6.7600000e+002
  8.4174800e+002  6.8000000e+002
  8.4242800e+002  6.8000000e+002
  8.4310800e+002  6.8000000e+002
  8.4378800e+002  6.8000000e+002
  8.4447200e+002  6.8400000e+002
  8.4516000e+002  6.8800000e+002
  8.4584400e+002  6.8400000e+002
  8.4633200e+002  4.8800000e+002
  8.4706000e+002  7.2800000e+002
  8.4777600e+002  7.1600000e+002
  8.4847200e+002  6.9600000e+002
  8.4915600e+002  6.8400000e+002
  8.4984400e+002  6.8800000e+002
  8.5053200e+002  6.8800000e+002
  8.5122000e+002  6.8800000e+002
  8.5190800e+002  6.8800000e+002
  8.5258800e+002  6.8000000e+002
  8.5326800e+002  6.8000000e+002
  8.5395200e+002  6.8400000e+002
  8.5442800e+002  4.7600000e+002
  8.5512800e+002  7.0000000e+002
  8.5583200e+002  7.0400000e+002
  8.5652000e+002  6.8800000e+002
  8.5720000e+002  6.8000000e+002
  8.5788000e+002  6.8000000e+002
  8.5856000e+002  6.8000000e+002
  8.5923600e+002  6.7600000e+002
  8.5991600e+002  6.8000000e+002
  8.6059200e+002  6.7600000e+002
  8.6126800e+002  6.7600000e+002
  8.6194800e+002  6.8000000e+002
  8.6262800e+002  6.8000000e+002
  8.6330400e+002  6.7600000e+002
  8.6398000e+002  6.7600000e+002
  8.6465600e+002  6.7600000e+002
  8.6532800e+002  6.7200000e+002
  8.6600800e+002  6.8000000e+002
  8.6668000e+002  6.7200000e+002
  8.6734800e+002  6.6800000e+002
  8.6802800e+002  6.8000000e+002
  8.6870000e+002  6.7200000e+002
  8.6936800e+002  6.6800000e+002
  8.7004400e+002  6.7600000e+002
  8.7071200e+002  6.6800000e+002
  8.7138000e+002  6.6800000e+002
  8.7205200e+002  6.7200000e+002
  8.7272400e+002  6.7200000e+002
  8.7339600e+002  6.7200000e+002
  8.7407200e+002  6.7600000e+002
  8.7474400e+002  6.7200000e+002
  8.7541200e+002  6.6800000e+002
  8.7608400e+002  6.7200000e+002
  8.7676000e+002  6.7600000e+002
  8.7743200e+002  6.7200000e+002
  8.7810400e+002  6.7200000e+002
  8.7877600e+002  6.7200000e+002
  8.7944800e+002  6.7200000e+002
  8.8011600e+002  6.6800000e+002
  8.8079200e+002  6.7600000e+002
  8.8146800e+002  6.7600000e+002
  8.8213600e+002  6.6800000e+002
  8.8281200e+002  6.7600000e+002
  8.8330000e+002  4.8800000e+002
  8.8402000e+002  7.2000000e+002
  8.8472400e+002  7.0400000e+002
  8.8540800e+002  6.8400000e+002
  8.8608000e+002  6.7200000e+002
  8.8675600e+002  6.7600000e+002
  8.8743200e+002  6.7600000e+002
  8.8810400e+002  6.7200000e+002
  8.8878000e+002  6.7600000e+002
  8.8945600e+002  6.7600000e+002
  8.9013200e+002  6.7600000e+002
  8.9080400e+002  6.7200000e+002
  8.9148000e+002  6.7600000e+002
  8.9215600e+002  6.7600000e+002
  8.9282800e+002  6.7200000e+002
  8.9350400e+002  6.7600000e+002
  8.9417600e+002  6.7200000e+002
  8.9485200e+002  6.7600000e+002
  8.9553200e+002  6.8000000e+002
  8.9620800e+002  6.7600000e+002
  8.9688400e+002  6.7600000e+002
  8.9756400e+002  6.8000000e+002
  8.9824400e+002  6.8000000e+002
  8.9892400e+002  6.8000000e+002
  8.9960400e+002  6.8000000e+002
  9.0028800e+002  6.8400000e+002
  9.0096400e+002  6.7600000e+002
  9.0164000e+002  6.7600000e+002
  9.0232000e+002  6.8000000e+002
  9.0299600e+002  6.7600000e+002
  9.0367200e+002  6.7600000e+002
  9.0435200e+002  6.8000000e+002
  9.0502800e+002  6.7600000e+002
  9.0570400e+002  6.7600000e+002
  9.0638000e+002  6.7600000e+002
  9.0705600e+002  6.7600000e+002
  9.0772800e+002  6.7200000e+002
  9.0840800e+002  6.8000000e+002
  9.0908400e+002  6.7600000e+002
  9.0958000e+002  4.9600000e+002
  9.1031200e+002  7.3200000e+002
  9.1102000e+002  7.0800000e+002
  9.1170800e+002  6.8800000e+002
  9.1238400e+002  6.7600000e+002
  9.1306800e+002  6.8400000e+002
  9.1374800e+002  6.8000000e+002
  9.1443200e+002  6.8400000e+002
  9.1511600e+002  6.8400000e+002
  9.1580000e+002  6.8400000e+002
  9.1648800e+002  6.8800000e+002
  9.1717200e+002  6.8400000e+002
  9.1786400e+002  6.9200000e+002
  9.1855600e+002  6.9200000e+002
  9.1924000e+002  6.8400000e+002
  9.1993600e+002  6.9600000e+002
  9.2062400e+002  6.8800000e+002
  9.2130800e+002  6.8400000e+002
  9.2200000e+002  6.9200000e+002
  9.2268800e+002  6.8800000e+002
  9.2337200e+002  6.8400000e+002
  9.2406000e+002  6.8800000e+002
  9.2474800e+002  6.8800000e+002
  9.2543600e+002  6.8800000e+002
  9.2662000e+002  1.1840000e+003
  9.2737600e+002  7.5600000e+002
  9.2808000e+002  7.0400000e+002
  9.2926000e+002  1.1800000e+003
  9.3001200e+002  7.5200000e+002
  9.3072400e+002  7.1200000e+002
  9.3142800e+002  7.0400000e+002
  9.3212000e+002  6.9200000e+002
  9.3281600e+002  6.9600000e+002
  9.3351200e+002  6.9600000e+002
  9.3420400e+002  6.9200000e+002
  9.3491200e+002  7.0800000e+002
  9.3561200e+002  7.0000000e+002
  9.3630400e+002  6.9200000e+002
  9.3700000e+002  6.9600000e+002
  9.3769600e+002  6.9600000e+002
  9.3838800e+002  6.9200000e+002
  9.3908000e+002  6.9200000e+002
  9.3977600e+002  6.9600000e+002
  9.4046000e+002  6.8400000e+002
  9.4115600e+002  6.9600000e+002
  9.4184400e+002  6.8800000e+002
  9.4253600e+002  6.9200000e+002
  9.4372000e+002  1.1840000e+003
  9.4446400e+002  7.4400000e+002
  9.4517200e+002  7.0800000e+002
  9.4586800e+002  6.9600000e+002
  9.4656000e+002  6.9200000e+002
  9.4724400e+002  6.8400000e+002
  9.4792400e+002  6.8000000e+002
  9.4861200e+002  6.8800000e+002
  9.4929200e+002  6.8000000e+002
  9.4996800e+002  6.7600000e+002
  9.5064800e+002  6.8000000e+002
  9.5132800e+002  6.8000000e+002
  9.5200400e+002  6.7600000e+002
  9.5268800e+002  6.8400000e+002
  9.5337200e+002  6.8400000e+002
  9.5405200e+002  6.8000000e+002
  9.5473600e+002  6.8400000e+002
  9.5542000e+002  6.8400000e+002
  9.5610400e+002  6.8400000e+002
  9.5678400e+002  6.8000000e+002
  9.5747600e+002  6.9200000e+002
  9.5816400e+002  6.8800000e+002
  9.5885200e+002  6.8800000e+002
  9.5954400e+002  6.9200000e+002
  9.6023200e+002  6.8800000e+002
  9.6091600e+002  6.8400000e+002
  9.6160800e+002  6.9200000e+002
  9.6229600e+002  6.8800000e+002
  9.6298000e+002  6.8400000e+002
  9.6367200e+002  6.9200000e+002
  9.6436000e+002  6.8800000e+002
  9.6504800e+002  6.8800000e+002
  9.6573600e+002  6.8800000e+002
  9.6642400e+002  6.8800000e+002
  9.6710800e+002  6.8400000e+002
  9.6779600e+002  6.8800000e+002
  9.6848400e+002  6.8800000e+002
  9.6916400e+002  6.8000000e+002
  9.6985600e+002  6.9200000e+002
  9.7054000e+002  6.8400000e+002
  9.7122000e+002  6.8000000e+002
  9.7190800e+002  6.8800000e+002
  9.7259600e+002  6.8800000e+002
  9.7311200e+002  5.1600000e+002
  9.7384400e+002  7.3200000e+002
  9.7455600e+002  7.1200000e+002
  9.7524800e+002  6.9200000e+002
  9.7593200e+002  6.8400000e+002
  9.7662400e+002  6.9200000e+002
  9.7731200e+002  6.8800000e+002
  9.7799600e+002  6.8400000e+002
  9.7869200e+002  6.9600000e+002
  9.7938000e+002  6.8800000e+002
  9.8006400e+002  6.8400000e+002
  9.8075600e+002  6.9200000e+002
  9.8144400e+002  6.8800000e+002
  9.8212400e+002  6.8000000e+002
  9.8281600e+002  6.9200000e+002
  9.8350000e+002  6.8400000e+002
  9.8418000e+002  6.8000000e+002
  9.8486400e+002  6.8400000e+002
  9.8554800e+002  6.8400000e+002
  9.8622800e+002  6.8000000e+002
  9.8691200e+002  6.8400000e+002
  9.8760000e+002  6.8800000e+002
  9.8828400e+002  6.8400000e+002
  9.8896800e+002  6.8400000e+002
  9.8966000e+002  6.9200000e+002
  9.9016000e+002  5.0000000e+002
  9.9090400e+002  7.4400000e+002
  9.9162000e+002  7.1600000e+002
  9.9232000e+002  7.0000000e+002
  9.9301200e+002  6.9200000e+002
  9.9370000e+002  6.8800000e+002
  9.9439600e+002  6.9600000e+002
  9.9508400e+002  6.8800000e+002
  9.9577600e+002  6.9200000e+002
  9.9646800e+002  6.9200000e+002
  9.9716000e+002  6.9200000e+002
  9.9784400e+002  6.8400000e+002
  9.9853200e+002  6.8800000e+002
  9.9922000e+002  6.8800000e+002
  9.9990000e+002  6.8000000e+002
  1.0005880e+003  6.8800000e+002
  1.0012720e+003  6.8400000e+002
  1.0019560e+003  6.8400000e+002
  1.0026400e+003  6.8400000e+002
  1.0033280e+003  6.8800000e+002
  1.0040120e+003  6.8400000e+002
  1.0047000e+003  6.8800000e+002
  1.0053960e+003  6.9600000e+002
  1.0060880e+003  6.9200000e+002
  1.0067760e+003  6.8800000e+002
  1.0074760e+003  7.0000000e+002
  1.0081680e+003  6.9200000e+002
  1.0088600e+003  6.9200000e+002
  1.0095560e+003  6.9600000e+002
  1.0102480e+003  6.9200000e+002
  1.0109400e+003  6.9200000e+002
  1.0116280e+003  6.8800000e+002
  1.0123200e+003  6.9200000e+002
  1.0130040e+003  6.8400000e+002
  1.0136920e+003  6.8800000e+002
  1.0143800e+003  6.8800000e+002
  1.0150680e+003  6.8800000e+002
  1.0157560e+003  6.8800000e+002
  1.0164480e+003  6.9200000e+002
  1.0171360e+003  6.8800000e+002
  1.0178280e+003  6.9200000e+002
  1.0185200e+003  6.9200000e+002
  1.0192120e+003  6.9200000e+002
  1.0199040e+003  6.9200000e+002
  1.0206000e+003  6.9600000e+002
  1.0212920e+003  6.9200000e+002
  1.0219840e+003  6.9200000e+002
  1.0226800e+003  6.9600000e+002
  1.0233720e+003  6.9200000e+002
  1.0240600e+003  6.8800000e+002
  1.0247520e+003  6.9200000e+002
  1.0254520e+003  7.0000000e+002
  1.0261440e+003  6.9200000e+002
  1.0268320e+003  6.8800000e+002
  1.0275240e+003  6.9200000e+002
  1.0282160e+003  6.9200000e+002
  1.0289080e+003  6.9200000e+002
  1.0295960e+003  6.8800000e+002
  1.0302920e+003  6.9600000e+002
  1.0309840e+003  6.9200000e+002
  1.0316760e+003  6.9200000e+002
  1.0323720e+003  6.9600000e+002
  1.0330680e+003  6.9600000e+002
  1.0337600e+003  6.9200000e+002
  1.0344560e+003  6.9600000e+002
  1.0351520e+003  6.9600000e+002
  1.0358400e+003  6.8800000e+002
  1.0365320e+003  6.9200000e+002
  1.0370320e+003  5.0000000e+002
  1.0377720e+003  7.4000000e+002
  1.0384920e+003  7.2000000e+002
  1.0390120e+003  5.2000000e+002
  1.0397680e+003  7.5600000e+002
  1.0404920e+003  7.2400000e+002
  1.0412000e+003  7.0800000e+002
  1.0418960e+003  6.9600000e+002
  1.0425880e+003  6.9200000e+002
  1.0432800e+003  6.9200000e+002
  1.0439720e+003  6.9200000e+002
  1.0446600e+003  6.8800000e+002
  1.0453560e+003  6.9600000e+002
  1.0460480e+003  6.9200000e+002
  1.0467400e+003  6.9200000e+002
  1.0474360e+003  6.9600000e+002
  1.0481320e+003  6.9600000e+002
  1.0488280e+003  6.9600000e+002
  1.0495200e+003  6.9200000e+002
  1.0502200e+003  7.0000000e+002
  1.0509160e+003  6.9600000e+002
  1.0516120e+003  6.9600000e+002
  1.0523080e+003  6.9600000e+002
  1.0530040e+003  6.9600000e+002
  1.0536920e+003  6.8800000e+002
  1.0543840e+003  6.9200000e+002
  1.0550760e+003  6.9200000e+002
  1.0557600e+003  6.8400000e+002
  1.0564480e+003  6.8800000e+002
  1.0571360e+003  6.8800000e+002
  1.0578200e+003  6.8400000e+002
  1.0585080e+003  6.8800000e+002
  1.0591960e+003  6.8800000e+002
  1.0598800e+003  6.8400000e+002
  1.0605680e+003  6.8800000e+002
  1.0612560e+003  6.8800000e+002
  1.0619400e+003  6.8400000e+002
  1.0626280e+003  6.8800000e+002
  1.0633160e+003  6.8800000e+002
  1.0640000e+003  6.8400000e+002
  1.0646880e+003  6.8800000e+002
  1.0653800e+003  6.9200000e+002
  1.0660720e+003  6.9200000e+002
  1.0667600e+003  6.8800000e+002
  1.0674520e+003  6.9200000e+002
  1.0681400e+003  6.8800000e+002
  1.0688280e+003  6.8800000e+002
  1.0695200e+003  6.9200000e+002
  1.0702080e+003  6.8800000e+002
  1.0708920e+003  6.8400000e+002
  1.0713880e+003  4.9600000e+002
  1.0721200e+003  7.3200000e+002
  1.0728320e+003  7.1200000e+002
  1.0735320e+003  7.0000000e+002
  1.0742320e+003  7.0000000e+002
  1.0749240e+003  6.9200000e+002
  1.0756200e+003  6.9600000e+002
  1.0763200e+003  7.0000000e+002
  1.0770120e+003  6.9200000e+002
  1.0775120e+003  5.0000000e+002
  1.0782360e+003  7.2400000e+002
  1.0789560e+003  7.2000000e+002
  1.0796640e+003  7.0800000e+002
  1.0803640e+003  7.0000000e+002
  1.0810640e+003  7.0000000e+002
  1.0817600e+003  6.9600000e+002
  1.0824560e+003  6.9600000e+002
  1.0831520e+003  6.9600000e+002
  1.0838520e+003  7.0000000e+002
  1.0845520e+003  7.0000000e+002
  1.0852560e+003  7.0400000e+002
  1.0859640e+003  7.0800000e+002
  1.0866720e+003  7.0800000e+002
  1.0873800e+003  7.0800000e+002
  1.0880880e+003  7.0800000e+002
  1.0887880e+003  7.0000000e+002
  1.0894840e+003  6.9600000e+002
  1.0901880e+003  7.0400000e+002
  1.0908880e+003  7.0000000e+002
  1.0915880e+003  7.0000000e+002
  1.0922840e+003  6.9600000e+002
  1.0929800e+003  6.9600000e+002
  1.0936720e+003  6.9200000e+002
  1.0943760e+003  7.0400000e+002
  1.0950720e+003  6.9600000e+002
  1.0957640e+003  6.9200000e+002
  1.0964640e+003  7.0000000e+002
  1.0971640e+003  7.0000000e+002
  1.0978640e+003  7.0000000e+002
  1.0985640e+003  7.0000000e+002
  1.0992720e+003  7.0800000e+002
  1.0999720e+003  7.0000000e+002
  1.1006720e+003  7.0000000e+002
  1.1013720e+003  7.0000000e+002
  1.1020720e+003  7.0000000e+002
  1.1027720e+003  7.0000000e+002
  1.1034680e+003  6.9600000e+002
  1.1041640e+003  6.9600000e+002
  1.1048640e+003  7.0000000e+002
  1.1055600e+003  6.9600000e+002
  1.1062520e+003  6.9200000e+002
  1.1069480e+003  6.9600000e+002
  1.1076400e+003  6.9200000e+002
  1.1083240e+003  6.8400000e+002
  1.1090160e+003  6.9200000e+002
  1.1097080e+003  6.9200000e+002
  1.1104000e+003  6.9200000e+002
  1.1110920e+003  6.9200000e+002
  1.1117880e+003  6.9600000e+002
  1.1124800e+003  6.9200000e+002
  1.1131720e+003  6.9200000e+002
  1.1138640e+003  6.9200000e+002
  1.1145640e+003  7.0000000e+002
  1.1152560e+003  6.9200000e+002
  1.1159560e+003  7.0000000e+002
  1.1164560e+003  5.0000000e+002
  1.1172040e+003  7.4800000e+002
  1.1179360e+003  7.3200000e+002
  1.1186400e+003  7.0400000e+002
  1.1193400e+003  7.0000000e+002
  1.1200320e+003  6.9200000e+002
  1.1207280e+003  6.9600000e+002
  1.1214200e+003  6.9200000e+002
  1.1221120e+003  6.9200000e+002
  1.1228080e+003  6.9600000e+002
  1.1235000e+003  6.9200000e+002
  1.1246760e+003  1.1760000e+003
  1.1254280e+003  7.5200000e+002
  1.1261320e+003  7.0400000e+002
  1.1268320e+003  7.0000000e+002
  1.1275280e+003  6.9600000e+002
  1.1282200e+003  6.9200000e+002
  1.1289120e+003  6.9200000e+002
  1.1296040e+003  6.9200000e+002
  1.1302960e+003  6.9200000e+002
  1.1309960e+003  7.0000000e+002
  1.1316920e+003  6.9600000e+002
  1.1323840e+003  6.9200000e+002
  1.1330840e+003  7.0000000e+002
  1.1337800e+003  6.9600000e+002
  1.1344760e+003  6.9600000e+002
  1.1351760e+003  7.0000000e+002
  1.1358760e+003  7.0000000e+002
  1.1365680e+003  6.9200000e+002
  1.1372680e+003  7.0000000e+002
  1.1379600e+003  6.9200000e+002
  1.1386520e+003  6.9200000e+002
  1.1393440e+003  6.9200000e+002
  1.1400360e+003  6.9200000e+002
  1.1407280e+003  6.9200000e+002
  1.1414280e+003  7.0000000e+002
  1.1421200e+003  6.9200000e+002
  1.1428120e+003  6.9200000e+002
  1.1435120e+003  7.0000000e+002
  1.1442120e+003  7.0000000e+002
  1.1449080e+003  6.9600000e+002
  1.1456080e+003  7.0000000e+002
  1.1463120e+003  7.0400000e+002
  1.1470200e+003  7.0800000e+002
  1.1477200e+003  7.0000000e+002
  1.1484240e+003  7.0400000e+002
  1.1491240e+003  7.0000000e+002
  1.1498240e+003  7.0000000e+002
  1.1505280e+003  7.0400000e+002
  1.1512320e+003  7.0400000e+002
  1.1519240e+003  6.9200000e+002
  1.1526160e+003  6.9200000e+002
  1.1533120e+003  6.9600000e+002
  1.1540000e+003  6.8800000e+002
  1.1546960e+003  6.9600000e+002
  1.1553960e+003  7.0000000e+002
  1.1560920e+003  6.9600000e+002
  1.1567880e+003  6.9600000e+002
  1.1574880e+003  7.0000000e+002
  1.1581800e+003  6.9200000e+002
  1.1588760e+003  6.9600000e+002
  1.1595720e+003  6.9600000e+002
  1.1602680e+003  6.9600000e+002
  1.1609600e+003  6.9200000e+002
  1.1616520e+003  6.9200000e+002
  1.1623440e+003  6.9200000e+002
  1.1630320e+003  6.8800000e+002
  1.1637200e+003  6.8800000e+002
  1.1644000e+003  6.8000000e+002
  1.1650840e+003  6.8400000e+002
  1.1657760e+003  6.9200000e+002
  1.1664600e+003  6.8400000e+002
  1.1671440e+003  6.8400000e+002
  1.1676520e+003  5.0800000e+002
  1.1683960e+003  7.4400000e+002
  1.1691040e+003  7.0800000e+002
  1.1698040e+003  7.0000000e+002
  1.1704960e+003  6.9200000e+002
  1.1711840e+003  6.8800000e+002
  1.1718720e+003  6.8800000e+002
  1.1725680e+003  6.9600000e+002
  1.1732560e+003  6.8800000e+002
  1.1739480e+003  6.9200000e+002
  1.1746440e+003  6.9600000e+002
  1.1753320e+003  6.8800000e+002
  1.1760240e+003  6.9200000e+002
  1.1767200e+003  6.9600000e+002
  1.1774080e+003  6.8800000e+002
  1.1781000e+003  6.9200000e+002
  1.1787920e+003  6.9200000e+002
  1.1794800e+003  6.8800000e+002
  1.1801720e+003  6.9200000e+002
  1.1808640e+003  6.9200000e+002
  1.1815560e+003  6.9200000e+002
  1.1822440e+003  6.8800000e+002
  1.1829320e+003  6.8800000e+002
  1.1836200e+003  6.8800000e+002
  1.1843160e+003  6.9600000e+002
  1.1850040e+003  6.8800000e+002
  1.1856960e+003  6.9200000e+002
  1.1863960e+003  7.0000000e+002
  1.1870960e+003  7.0000000e+002
  1.1877880e+003  6.9200000e+002
  1.1884800e+003  6.9200000e+002
  1.1891800e+003  7.0000000e+002
  1.1898680e+003  6.8800000e+002
  1.1905680e+003  7.0000000e+002
  1.1912640e+003  6.9600000e+002
  1.1919560e+003  6.9200000e+002
  1.1926560e+003  7.0000000e+002
  1.1933560e+003  7.0000000e+002
  1.1940520e+003  6.9600000e+002
  1.1947440e+003  6.9200000e+002
  1.1954400e+003  6.9600000e+002
  1.1961360e+003  6.9600000e+002
  1.1968280e+003  6.9200000e+002
  1.1975280e+003  7.0000000e+002
  1.1982280e+003  7.0000000e+002
  1.1989160e+003  6.8800000e+002
  1.1996160e+003  7.0000000e+002
  1.2003080e+003  6.9200000e+002
  1.2010040e+003  6.9600000e+002
  1.2016960e+003  6.9200000e+002
  1.2024000e+003  7.0400000e+002
  1.2031000e+003  7.0000000e+002
  1.2037960e+003  6.9600000e+002
  1.2045000e+003  7.0400000e+002
  1.2052080e+003  7.0800000e+002
  1.2059080e+003  7.0000000e+002
  1.2066160e+003  7.0800000e+002
  1.2073160e+003  7.0000000e+002
  1.2080200e+003  7.0400000e+002
  1.2087200e+003  7.0000000e+002
  1.2094200e+003  7.0000000e+002
  1.2101160e+003  6.9600000e+002
  1.2108160e+003  7.0000000e+002
  1.2115200e+003  7.0400000e+002
  1.2122200e+003  7.0000000e+002
  1.2129240e+003  7.0400000e+002
  1.2136280e+003  7.0400000e+002
  1.2143280e+003  7.0000000e+002
  1.2150280e+003  7.0000000e+002
  1.2157320e+003  7.0400000e+002
  1.2164240e+003  6.9200000e+002
  1.2171240e+003  7.0000000e+002
  1.2178200e+003  6.9600000e+002
  1.2185160e+003  6.9600000e+002
  1.2192120e+003  6.9600000e+002
  1.2199080e+003  6.9600000e+002
  1.2206000e+003  6.9200000e+002
  1.2212920e+003  6.9200000e+002
  1.2219840e+003  6.9200000e+002
  1.2226800e+003  6.9600000e+002
  1.2233720e+003  6.9200000e+002
  1.2240720e+003  7.0000000e+002
  1.2247680e+003  6.9600000e+002
  1.2254640e+003  6.9600000e+002
  1.2261600e+003  6.9600000e+002
  1.2268560e+003  6.9600000e+002
  1.2275480e+003  6.9200000e+002
  1.2282440e+003  6.9600000e+002
  1.2287720e+003  5.2800000e+002
  1.2295240e+003  7.5200000e+002
  1.2302480e+003  7.2400000e+002
  1.2309480e+003  7.0000000e+002
  1.2316360e+003  6.8800000e+002
  1.2323240e+003  6.8800000e+002
  1.2330120e+003  6.8800000e+002
  1.2337000e+003  6.8800000e+002
  1.2343880e+003  6.8800000e+002
  1.2355680e+003  1.1800000e+003
  1.2363160e+003  7.4800000e+002
  1.2370240e+003  7.0800000e+002
  1.2377200e+003  6.9600000e+002
  1.2384160e+003  6.9600000e+002
  1.2391080e+003  6.9200000e+002
  1.2398040e+003  6.9600000e+002
  1.2404960e+003  6.9200000e+002
  1.2411880e+003  6.9200000e+002
  1.2418840e+003  6.9600000e+002
  1.2425760e+003  6.9200000e+002
  1.2432640e+003  6.8800000e+002
  1.2439520e+003  6.8800000e+002
  1.2446400e+003  6.8800000e+002
  1.2453280e+003  6.8800000e+002
  1.2460160e+003  6.8800000e+002
  1.2467080e+003  6.9200000e+002
  1.2473960e+003  6.8800000e+002
  1.2480840e+003  6.8800000e+002
  1.2487760e+003  6.9200000e+002
  1.2494680e+003  6.9200000e+002
  1.2501560e+003  6.8800000e+002
  1.2508520e+003  6.9600000e+002
  1.2515400e+003  6.8800000e+002
  1.2522240e+003  6.8400000e+002
  1.2529160e+003  6.9200000e+002
  1.2536040e+003  6.8800000e+002
  1.2542880e+003  6.8400000e+002
  1.2549840e+003  6.9600000e+002
  1.2556720e+003  6.8800000e+002
  1.2563640e+003  6.9200000e+002
  1.2570560e+003  6.9200000e+002
  1.2577360e+003  6.8000000e+002
  1.2584360e+003  7.0000000e+002
  1.2591320e+003  6.9600000e+002
  1.2598240e+003  6.9200000e+002
  1.2605120e+003  6.8800000e+002
  1.2612080e+003  6.9600000e+002
  1.2619040e+003  6.9600000e+002
  1.2626000e+003  6.9600000e+002
  1.2633040e+003  7.0400000e+002
  1.2640000e+003  6.9600000e+002
  1.2647000e+003  7.0000000e+002
  1.2653960e+003  6.9600000e+002
  1.2660920e+003  6.9600000e+002
  1.2667840e+003  6.9200000e+002
  1.2674800e+003  6.9600000e+002
  1.2681720e+003  6.9200000e+002
  1.2688640e+003  6.9200000e+002
  1.2695560e+003  6.9200000e+002
  1.2702520e+003  6.9600000e+002
  1.2709440e+003  6.9200000e+002
  1.2716400e+003  6.9600000e+002
  1.2723360e+003  6.9600000e+002
  1.2730240e+003  6.8800000e+002
  1.2737200e+003  6.9600000e+002
  1.2744120e+003  6.9200000e+002
  1.2749280e+003  5.1600000e+002
  1.2756480e+003  7.2000000e+002
  1.2763680e+003  7.2000000e+002
  1.2770720e+003  7.0400000e+002
  1.2777680e+003  6.9600000e+002
  1.2784600e+003  6.9200000e+002
  1.2791520e+003  6.9200000e+002
  1.2798480e+003  6.9600000e+002
  1.2805400e+003  6.9200000e+002
  1.2817040e+003  1.1640000e+003
  1.2824640e+003  7.6000000e+002
  1.2831720e+003  7.0800000e+002
  1.2838680e+003  6.9600000e+002
  1.2845680e+003  7.0000000e+002
  1.2852680e+003  7.0000000e+002
  1.2859680e+003  7.0000000e+002
  1.2866560e+003  6.8800000e+002
  1.2873600e+003  7.0400000e+002
  1.2880720e+003  7.1200000e+002
  1.2887840e+003  7.1200000e+002
  1.2894760e+003  6.9200000e+002
  1.2901840e+003  7.0800000e+002
  1.2908880e+003  7.0400000e+002
  1.2915920e+003  7.0400000e+002
  1.2922920e+003  7.0000000e+002
  1.2929960e+003  7.0400000e+002
  1.2937040e+003  7.0800000e+002
  1.2944040e+003  7.0000000e+002
  1.2950920e+003  6.8800000e+002
  1.2958080e+003  7.1600000e+002
  1.2965160e+003  7.0800000e+002
  1.2972200e+003  7.0400000e+002
  1.2983800e+003  1.1600000e+003
  1.2991360e+003  7.5600000e+002
  1.2998520e+003  7.1600000e+002
  1.3005520e+003  7.0000000e+002
  1.3012480e+003  6.9600000e+002
  1.3019440e+003  6.9600000e+002
  1.3026360e+003  6.9200000e+002
  1.3033240e+003  6.8800000e+002
  1.3040200e+003  6.9600000e+002
  1.3047120e+003  6.9200000e+002
  1.3053960e+003  6.8400000e+002
  1.3060840e+003  6.8800000e+002
  1.3067680e+003  6.8400000e+002
  1.3074520e+003  6.8400000e+002
  1.3081360e+003  6.8400000e+002
  1.3088240e+003  6.8800000e+002
  1.3095160e+003  6.9200000e+002
  1.3102040e+003  6.8800000e+002
  1.3109000e+003  6.9600000e+002
  1.3115920e+003  6.9200000e+002
  1.3122800e+003  6.8800000e+002
  1.3129720e+003  6.9200000e+002
  1.3136600e+003  6.8800000e+002
  1.3143480e+003  6.8800000e+002
  1.3150360e+003  6.8800000e+002
  1.3155280e+003  4.9200000e+002
  1.3162520e+003  7.2400000e+002
  1.3169640e+003  7.1200000e+002
  1.3176640e+003  7.0000000e+002
  1.3183560e+003  6.9200000e+002
  1.3190400e+003  6.8400000e+002
  1.3197280e+003  6.8800000e+002
  1.3204120e+003  6.8400000e+002
  1.3210920e+003  6.8000000e+002
  1.3217800e+003  6.8800000e+002
  1.3224560e+003  6.7600000e+002
  1.3231320e+003  6.7600000e+002
  1.3238160e+003  6.8400000e+002
  1.3244920e+003  6.7600000e+002
  1.3251680e+003  6.7600000e+002
  1.3258480e+003  6.8000000e+002
  1.3265320e+003  6.8400000e+002
  1.3270120e+003  4.8000000e+002
  1.3277400e+003  7.2800000e+002
  1.3284560e+003  7.1600000e+002
  1.3291480e+003  6.9200000e+002
  1.3298360e+003  6.8800000e+002
  1.3305240e+003  6.8800000e+002
  1.3312080e+003  6.8400000e+002
  1.3318920e+003  6.8400000e+002
  1.3325760e+003  6.8400000e+002
  1.3332640e+003  6.8800000e+002
  1.3339480e+003  6.8400000e+002
  1.3346280e+003  6.8000000e+002
  1.3353160e+003  6.8800000e+002
  1.3359960e+003  6.8000000e+002
  1.3366720e+003  6.7600000e+002
  1.3373560e+003  6.8400000e+002
  1.3380400e+003  6.8400000e+002
  1.3387200e+003  6.8000000e+002
  1.3394040e+003  6.8400000e+002
  1.3400960e+003  6.9200000e+002
  1.3407800e+003  6.8400000e+002
  1.3414680e+003  6.8800000e+002
  1.3421600e+003  6.9200000e+002
  1.3428480e+003  6.8800000e+002
  1.3435320e+003  6.8400000e+002
  1.3442200e+003  6.8800000e+002
  1.3449120e+003  6.9200000e+002
  1.3455960e+003  6.8400000e+002
  1.3462800e+003  6.8400000e+002
  1.3469720e+003  6.9200000e+002
  1.3476600e+003  6.8800000e+002
  1.3483480e+003  6.8800000e+002
  1.3490360e+003  6.8800000e+002
  1.3497160e+003  6.8000000e+002
  1.3503960e+003  6.8000000e+002
  1.3510760e+003  6.8000000e+002
  1.3517560e+003  6.8000000e+002
  1.3524400e+003  6.8400000e+002
  1.3531280e+003  6.8800000e+002
  1.3538160e+003  6.8800000e+002
  1.3545040e+003  6.8800000e+002
  1.3551880e+003  6.8400000e+002
  1.3558840e+003  6.9600000e+002
  1.3565680e+003  6.8400000e+002
  1.3572560e+003  6.8800000e+002
  1.3579440e+003  6.8800000e+002
  1.3586320e+003  6.8800000e+002
  1.3593120e+003  6.8000000e+002
  1.3599960e+003  6.8400000e+002
  1.3606760e+003  6.8000000e+002
  1.3613560e+003  6.8000000e+002
  1.3620360e+003  6.8000000e+002
  1.3627160e+003  6.8000000e+002
  1.3633960e+003  6.8000000e+002
  1.3640800e+003  6.8400000e+002
  1.3647680e+003  6.8800000e+002
  1.3654480e+003  6.8000000e+002
  1.3661280e+003  6.8000000e+002
  1.3668160e+003  6.8800000e+002
  1.3675000e+003  6.8400000e+002
  1.3681880e+003  6.8800000e+002
  1.3688800e+003  6.9200000e+002
  1.3695720e+003  6.9200000e+002
  1.3702640e+003  6.9200000e+002
  1.3709520e+003  6.8800000e+002
  1.3716440e+003  6.9200000e+002
  1.3723360e+003  6.9200000e+002
  1.3730280e+003  6.9200000e+002
  1.3737160e+003  6.8800000e+002
  1.3744160e+003  7.0000000e+002
  1.3751080e+003  6.9200000e+002
  1.3757920e+003  6.8400000e+002
  1.3764840e+003  6.9200000e+002
  1.3771720e+003  6.8800000e+002
  1.3778560e+003  6.8400000e+002
  1.3785440e+003  6.8800000e+002
  1.3792360e+003  6.9200000e+002
  1.3799280e+003  6.9200000e+002
  1.3806160e+003  6.8800000e+002
  1.3813040e+003  6.8800000e+002
  1.3819960e+003  6.9200000e+002
  1.3826840e+003  6.8800000e+002
  1.3833680e+003  6.8400000e+002
  1.3840640e+003  6.9600000e+002
  1.3847560e+003  6.9200000e+002
  1.3854400e+003  6.8400000e+002
  1.3861320e+003  6.9200000e+002
  1.3868160e+003  6.8400000e+002
  1.3875000e+003  6.8400000e+002
  1.3881840e+003  6.8400000e+002
  1.3888720e+003  6.8800000e+002
  1.3895600e+003  6.8800000e+002
  1.3902480e+003  6.8800000e+002
  1.3909280e+003  6.8000000e+002
  1.3914360e+003  5.0800000e+002
  1.3921480e+003  7.1200000e+002
  1.3928520e+003  7.0400000e+002
  1.3935440e+003  6.9200000e+002
  1.3942360e+003  6.9200000e+002
  1.3949200e+003  6.8400000e+002
  1.3956000e+003  6.8000000e+002
  1.3962840e+003  6.8400000e+002
  1.3969680e+003  6.8400000e+002
  1.3974560e+003  4.8800000e+002
  1.3981680e+003  7.1200000e+002
  1.3988800e+003  7.1200000e+002
  1.3995720e+003  6.9200000e+002
  1.4002520e+003  6.8000000e+002
  1.4009320e+003  6.8000000e+002
  1.4016080e+003  6.7600000e+002
  1.4022800e+003  6.7200000e+002
  1.4029560e+003  6.7600000e+002
  1.4036320e+003  6.7600000e+002
  1.4043040e+003  6.7200000e+002
  1.4049840e+003  6.8000000e+002
  1.4056640e+003  6.8000000e+002
  1.4063400e+003  6.7600000e+002
  1.4070200e+003  6.8000000e+002
  1.4077040e+003  6.8400000e+002
  1.4081720e+003  4.6800000e+002
  1.4088920e+003  7.2000000e+002
  1.4096000e+003  7.0800000e+002
  1.4102960e+003  6.9600000e+002
  1.4109800e+003  6.8400000e+002
  1.4116680e+003  6.8800000e+002
  1.4123560e+003  6.8800000e+002
  1.4130360e+003  6.8000000e+002
  1.4137200e+003  6.8400000e+002
  1.4142000e+003  4.8000000e+002
  1.4149280e+003  7.2800000e+002
  1.4156320e+003  7.0400000e+002
  1.4163280e+003  6.9600000e+002
  1.4170160e+003  6.8800000e+002
  1.4176960e+003  6.8000000e+002
  1.4183760e+003  6.8000000e+002
  1.4190520e+003  6.7600000e+002
  1.4197280e+003  6.7600000e+002
  1.4202200e+003  4.9200000e+002
  1.4209280e+003  7.0800000e+002
  1.4216240e+003  6.9600000e+002
  1.4223120e+003  6.8800000e+002
  1.4229920e+003  6.8000000e+002
  1.4236640e+003  6.7200000e+002
  1.4243400e+003  6.7600000e+002
  1.4250160e+003  6.7600000e+002
  1.4256920e+003  6.7600000e+002
  1.4263640e+003  6.7200000e+002
  1.4270480e+003  6.8400000e+002
  1.4277240e+003  6.7600000e+002
  1.4284000e+003  6.7600000e+002
  1.4290800e+003  6.8000000e+002
  1.4297600e+003  6.8000000e+002
  1.4304360e+003  6.7600000e+002
  1.4311160e+003  6.8000000e+002
  1.4317920e+003  6.7600000e+002
  1.4324720e+003  6.8000000e+002
  1.4331520e+003  6.8000000e+002
  1.4338320e+003  6.8000000e+002
  1.4345080e+003  6.7600000e+002
  1.4351880e+003  6.8000000e+002
  1.4358680e+003  6.8000000e+002
  1.4365440e+003  6.7600000e+002
  1.4372200e+003  6.7600000e+002
  1.4378920e+003  6.7200000e+002
  1.4385640e+003  6.7200000e+002
  1.4392400e+003  6.7600000e+002
  1.4399160e+003  6.7600000e+002
  1.4405920e+003  6.7600000e+002
  1.4412640e+003  6.7200000e+002
  1.4419440e+003  6.8000000e+002
  1.4424280e+003  4.8400000e+002
  1.4431360e+003  7.0800000e+002
  1.4438440e+003  7.0800000e+002
  1.4443560e+003  5.1200000e+002
  1.4450960e+003  7.4000000e+002
  1.4458000e+003  7.0400000e+002
  1.4464840e+003  6.8400000e+002
  1.4471600e+003  6.7600000e+002
  1.4478320e+003  6.7200000e+002
  1.4485080e+003  6.7600000e+002
  1.4491760e+003  6.6800000e+002
  1.4498480e+003  6.7200000e+002
  1.4505240e+003  6.7600000e+002
  1.4511960e+003  6.7200000e+002
  1.4518680e+003  6.7200000e+002
  1.4525400e+003  6.7200000e+002
  1.4532080e+003  6.6800000e+002
  1.4538760e+003  6.6800000e+002
  1.4545520e+003  6.7600000e+002
  1.4552240e+003  6.7200000e+002
  1.4558960e+003  6.7200000e+002
  1.4565680e+003  6.7200000e+002
  1.4572400e+003  6.7200000e+002
  1.4579120e+003  6.7200000e+002
  1.4585840e+003  6.7200000e+002
  1.4592560e+003  6.7200000e+002
  1.4599280e+003  6.7200000e+002
  1.4606040e+003  6.7600000e+002
  1.4612840e+003  6.8000000e+002
  1.4619600e+003  6.7600000e+002
  1.4626360e+003  6.7600000e+002
  1.4633120e+003  6.7600000e+002
  1.4639880e+003  6.7600000e+002
  1.4646600e+003  6.7200000e+002
  1.4653360e+003  6.7600000e+002
  1.4660080e+003  6.7200000e+002
  1.4666840e+003  6.7600000e+002
  1.4673560e+003  6.7200000e+002
  1.4680400e+003  6.8400000e+002
  1.4687120e+003  6.7200000e+002
  1.4693840e+003  6.7200000e+002
  1.4700640e+003  6.8000000e+002
  1.4707400e+003  6.7600000e+002
  1.4714120e+003  6.7200000e+002
  1.4720840e+003  6.7200000e+002
  1.4727640e+003  6.8000000e+002
  1.4734440e+003  6.8000000e+002
  1.4741160e+003  6.7200000e+002
  1.4747960e+003  6.8000000e+002
  1.4754720e+003  6.7600000e+002
  1.4761480e+003  6.7600000e+002
  1.4768200e+003  6.7200000e+002
  1.4775000e+003  6.8000000e+002
  1.4781800e+003  6.8000000e+002
  1.4788600e+003  6.8000000e+002
  1.4795440e+003  6.8400000e+002
  1.4802240e+003  6.8000000e+002
  1.4809000e+003  6.7600000e+002
  1.4815760e+003  6.7600000e+002
  1.4822600e+003  6.8400000e+002
  1.4829360e+003  6.7600000e+002
  1.4836160e+003  6.8000000e+002
  1.4843000e+003  6.8400000e+002
  1.4849760e+003  6.7600000e+002
  1.4856480e+003  6.7200000e+002
  1.4863320e+003  6.8400000e+002
  1.4870080e+003  6.7600000e+002
  1.4876800e+003  6.7200000e+002
  1.4888280e+003  1.1480000e+003
  1.4895640e+003  7.3600000e+002
  1.4902560e+003  6.9200000e+002
  1.4909360e+003  6.8000000e+002
  1.4916080e+003  6.7200000e+002
  1.4922840e+003  6.7600000e+002
  1.4929560e+003  6.7200000e+002
  1.4936240e+003  6.6800000e+002
  1.4941160e+003  4.9200000e+002
  1.4948240e+003  7.0800000e+002
  1.4955160e+003  6.9200000e+002
  1.4961960e+003  6.8000000e+002
  1.4968720e+003  6.7600000e+002
  1.4975400e+003  6.6800000e+002
  1.4986760e+003  1.1360000e+003
  1.4994040e+003  7.2800000e+002
  1.5000840e+003  6.8000000e+002
  1.5007600e+003  6.7600000e+002
  1.5014320e+003  6.7200000e+002
  1.5021000e+003  6.6800000e+002
  1.5027680e+003  6.6800000e+002
  1.5034360e+003  6.6800000e+002
  1.5041000e+003  6.6400000e+002
  1.5045920e+003  4.9200000e+002
  1.5053080e+003  7.1600000e+002
  1.5060080e+003  7.0000000e+002
  1.5066880e+003  6.8000000e+002
  1.5073640e+003  6.7600000e+002
  1.5080400e+003  6.7600000e+002
  1.5085320e+003  4.9200000e+002
  1.5092600e+003  7.2800000e+002
  1.5099640e+003  7.0400000e+002
  1.5106480e+003  6.8400000e+002
  1.5113240e+003  6.7600000e+002
  1.5120000e+003  6.7600000e+002
  1.5126760e+003  6.7600000e+002
  1.5133480e+003  6.7200000e+002
  1.5140280e+003  6.8000000e+002
  1.5147040e+003  6.7600000e+002
  1.5153800e+003  6.7600000e+002
  1.5158760e+003  4.9600000e+002
  1.5165960e+003  7.2000000e+002
  1.5173000e+003  7.0400000e+002
  1.5179840e+003  6.8400000e+002
  1.5186640e+003  6.8000000e+002
  1.5193400e+003  6.7600000e+002
  1.5200120e+003  6.7200000e+002
  1.5206880e+003  6.7600000e+002
  1.5213640e+003  6.7600000e+002
  1.5220400e+003  6.7600000e+002
  1.5227200e+003  6.8000000e+002
  1.5234000e+003  6.8000000e+002
  1.5240840e+003  6.8400000e+002
  1.5247640e+003  6.8000000e+002
  1.5254520e+003  6.8800000e+002
  1.5261400e+003  6.8800000e+002
  1.5268240e+003  6.8400000e+002
  1.5275040e+003  6.8000000e+002
  1.5281880e+003  6.8400000e+002
  1.5288720e+003  6.8400000e+002
  1.5295480e+003  6.7600000e+002
  1.5302240e+003  6.7600000e+002
  1.5309040e+003  6.8000000e+002
  1.5315840e+003  6.8000000e+002
  1.5322680e+003  6.8400000e+002
  1.5329480e+003  6.8000000e+002
  1.5336200e+003  6.7200000e+002
  1.5343000e+003  6.8000000e+002
  1.5349720e+003  6.7200000e+002
  1.5356440e+003  6.7200000e+002
  1.5361440e+003  5.0000000e+002
  1.5368680e+003  7.2400000e+002
  1.5375720e+003  7.0400000e+002
  1.5382600e+003  6.8800000e+002
  1.5389440e+003  6.8400000e+002
  1.5396240e+003  6.8000000e+002
  1.5403000e+003  6.7600000e+002
  1.5409800e+003  6.8000000e+002
  1.5416560e+003  6.7600000e+002
  1.5423320e+003  6.7600000e+002
  1.5430160e+003  6.8400000e+002
  1.5436960e+003  6.8000000e+002
  1.5443680e+003  6.7200000e+002
  1.5450520e+003  6.8400000e+002
  1.5457280e+003  6.7600000e+002
  1.5463960e+003  6.6800000e+002
  1.5470760e+003  6.8000000e+002
  1.5477520e+003  6.7600000e+002
  1.5484240e+003  6.7200000e+002
  1.5491000e+003  6.7600000e+002
  1.5497840e+003  6.8400000e+002
  1.5504560e+003  6.7200000e+002
  1.5511440e+003  6.8800000e+002
  1.5518320e+003  6.8800000e+002
  1.5525200e+003  6.8800000e+002
  1.5531960e+003  6.7600000e+002
  1.5538880e+003  6.9200000e+002
  1.5545800e+003  6.9200000e+002
  1.5552640e+003  6.8400000e+002
  1.5559440e+003  6.8000000e+002
  1.5566320e+003  6.8800000e+002
  1.5573200e+003  6.8800000e+002
  1.5580080e+003  6.8800000e+002
  1.5587040e+003  6.9600000e+002
  1.5594040e+003  7.0000000e+002
  1.5601080e+003  7.0400000e+002
  1.5608160e+003  7.0800000e+002
  1.5615280e+003  7.1200000e+002
  1.5622320e+003  7.0400000e+002
  1.5628840e+003  6.5200000e+002
  1.5635960e+003  7.1200000e+002
  1.5642360e+003  6.4000000e+002
  1.5649520e+003  7.1600000e+002
  1.5656680e+003  7.1600000e+002
  1.5663600e+003  6.9200000e+002
  1.5671160e+003  7.5600000e+002
  1.5679120e+003  7.9600000e+002
  1.5687240e+003  8.1200000e+002
  1.5694840e+003  7.6000000e+002
  1.5700480e+003  5.6400000e+002
  1.5709520e+003  9.0400000e+002
  1.5718520e+003  9.0000000e+002
  1.5727200e+003  8.6800000e+002
  1.5735960e+003  8.7600000e+002
  1.5744680e+003  8.7200000e+002
  1.5750280e+003  5.6000000e+002
  1.5759800e+003  9.5200000e+002
  1.5767440e+003  7.6400000e+002
  1.5772680e+003  5.2400000e+002
  1.5781520e+003  8.8400000e+002
  1.5788560e+003  7.0400000e+002
  1.5796160e+003  7.6000000e+002
  1.5803320e+003  7.1600000e+002
  1.5810520e+003  7.2000000e+002
  1.5817520e+003  7.0000000e+002
  1.5824520e+003  7.0000000e+002
  1.5831600e+003  7.0800000e+002
  1.5838720e+003  7.1200000e+002
  1.5846000e+003  7.2800000e+002
  1.5853800e+003  7.8000000e+002
  1.5861080e+003  7.2800000e+002
  1.5868320e+003  7.2400000e+002
  1.5875400e+003  7.0800000e+002
  1.5882680e+003  7.2800000e+002
  1.5889720e+003  7.0400000e+002
  1.5897120e+003  7.4000000e+002
  1.5904600e+003  7.4800000e+002
  1.5912000e+003  7.4000000e+002
  1.5919280e+003  7.2800000e+002
  1.5926480e+003  7.2000000e+002
  1.5933600e+003  7.1200000e+002
  1.5940600e+003  7.0000000e+002
  1.5947680e+003  7.0800000e+002
  1.5954640e+003  6.9600000e+002
  1.5961480e+003  6.8400000e+002
  1.5968400e+003  6.9200000e+002
  1.5975280e+003  6.8800000e+002
  1.5982120e+003  6.8400000e+002
  1.5989000e+003  6.8800000e+002
  1.5995840e+003  6.8400000e+002
  1.6002680e+003  6.8400000e+002
  1.6009480e+003  6.8000000e+002
  1.6016320e+003  6.8400000e+002
  1.6023120e+003  6.8000000e+002
  1.6029920e+003  6.8000000e+002
  1.6036760e+003  6.8400000e+002
  1.6043520e+003  6.7600000e+002
  1.6050280e+003  6.7600000e+002
  1.6057000e+003  6.7200000e+002
  1.6063720e+003  6.7200000e+002
  1.6070480e+003  6.7600000e+002
  1.6077160e+003  6.6800000e+002
  1.6083960e+003  6.8000000e+002
  1.6090680e+003  6.7200000e+002
  1.6097400e+003  6.7200000e+002
  1.6104160e+003  6.7600000e+002
  1.6110840e+003  6.6800000e+002
  1.6117560e+003  6.7200000e+002
  1.6124320e+003  6.7600000e+002
  1.6131040e+003  6.7200000e+002
  1.6137720e+003  6.6800000e+002
  1.6144440e+003  6.7200000e+002
  1.6151120e+003  6.6800000e+002
  1.6157800e+003  6.6800000e+002
  1.6164520e+003  6.7200000e+002
  1.6171240e+003  6.7200000e+002
  1.6177920e+003  6.6800000e+002
  1.6184600e+003  6.6800000e+002
  1.6191360e+003  6.7600000e+002
  1.6198040e+003  6.6800000e+002
  1.6204720e+003  6.6800000e+002
  1.6211440e+003  6.7200000e+002
  1.6218120e+003  6.6800000e+002
  1.6224880e+003  6.7600000e+002
  1.6231600e+003  6.7200000e+002
  1.6238360e+003  6.7600000e+002
  1.6245120e+003  6.7600000e+002
  1.6251920e+003  6.8000000e+002
  1.6258720e+003  6.8000000e+002
  1.6265520e+003  6.8000000e+002
  1.6272360e+003  6.8400000e+002
  1.6279160e+003  6.8000000e+002
  1.6285960e+003  6.8000000e+002
  1.6291160e+003  5.2000000e+002
  1.6298360e+003  7.2000000e+002
  1.6305360e+003  7.0000000e+002
  1.6312240e+003  6.8800000e+002
  1.6319160e+003  6.9200000e+002
  1.6326000e+003  6.8400000e+002
  1.6330960e+003  4.9600000e+002
  1.6338320e+003  7.3600000e+002
  1.6345560e+003  7.2400000e+002
  1.6352920e+003  7.3600000e+002
  1.6360160e+003  7.2400000e+002
  1.6367360e+003  7.2000000e+002
  1.6374520e+003  7.1600000e+002
  1.6381640e+003  7.1200000e+002
  1.6388840e+003  7.2000000e+002
  1.6396160e+003  7.3200000e+002
  1.6403440e+003  7.2800000e+002
  1.6410520e+003  7.0800000e+002
  1.6417560e+003  7.0400000e+002
  1.6424760e+003  7.2000000e+002
  1.6432080e+003  7.3200000e+002
  1.6439320e+003  7.2400000e+002
  1.6446560e+003  7.2400000e+002
  1.6453640e+003  7.0800000e+002
  1.6460800e+003  7.1600000e+002
  1.6467840e+003  7.0400000e+002
  1.6474920e+003  7.0800000e+002
  1.6481880e+003  6.9600000e+002
  1.6488840e+003  6.9600000e+002
  1.6495800e+003  6.9600000e+002
  1.6502640e+003  6.8400000e+002
  1.6509560e+003  6.9200000e+002
  1.6521280e+003  1.1720000e+003
  1.6528840e+003  7.5600000e+002
  1.6535880e+003  7.0400000e+002
  1.6542720e+003  6.8400000e+002
  1.6548320e+003  5.6000000e+002
  1.6555800e+003  7.4800000e+002
  1.6562760e+003  6.9600000e+002
  1.6569520e+003  6.7600000e+002
  1.6576240e+003  6.7200000e+002
  1.6582960e+003  6.7200000e+002
  1.6589560e+003  6.6000000e+002
  1.6594880e+003  5.3200000e+002
  1.6602200e+003  7.3200000e+002
  1.6609200e+003  7.0000000e+002
  1.6614600e+003  5.4000000e+002
  1.6621960e+003  7.3600000e+002
  1.6628960e+003  7.0000000e+002
  1.6635760e+003  6.8000000e+002
  1.6642400e+003  6.6400000e+002
  1.6649040e+003  6.6400000e+002
  1.6655720e+003  6.6800000e+002
  1.6662360e+003  6.6400000e+002
  1.6669000e+003  6.6400000e+002
  1.6675640e+003  6.6400000e+002
  1.6682200e+003  6.5600000e+002
  1.6688800e+003  6.6000000e+002
  1.6695400e+003  6.6000000e+002
  1.6702000e+003  6.6000000e+002
  1.6706600e+003  4.6000000e+002
  1.6713720e+003  7.1200000e+002
  1.6720720e+003  7.0000000e+002
  1.6727480e+003  6.7600000e+002
  1.6734080e+003  6.6000000e+002
  1.6740720e+003  6.6400000e+002
  1.6747320e+003  6.6000000e+002
  1.6753880e+003  6.5600000e+002
  1.6760520e+003  6.6400000e+002
  1.6767120e+003  6.6000000e+002
  1.6773640e+003  6.5200000e+002
  1.6780200e+003  6.5600000e+002
  1.6786760e+003  6.5600000e+002
  1.6793320e+003  6.5600000e+002
  1.6798120e+003  4.8000000e+002
  1.6805280e+003  7.1600000e+002
  1.6812200e+003  6.9200000e+002
  1.6818840e+003  6.6400000e+002
  1.6825480e+003  6.6400000e+002
  1.6832040e+003  6.5600000e+002
  1.6838600e+003  6.5600000e+002
  1.6845160e+003  6.5600000e+002
  1.6851720e+003  6.5600000e+002
  1.6858280e+003  6.5600000e+002
  1.6864840e+003  6.5600000e+002
  1.6871440e+003  6.6000000e+002
  1.6878000e+003  6.5600000e+002
  1.6884520e+003  6.5200000e+002
  1.6889360e+003  4.8400000e+002
  1.6896440e+003  7.0800000e+002
  1.6903240e+003  6.8000000e+002
  1.6909920e+003  6.6800000e+002
  1.6912960e+003  3.0400000e+002
  1.6916480e+003  3.5200000e+002
  1.6920000e+003  3.5200000e+002
  1.6923040e+003  3.0400000e+002
  1.6927760e+003  4.7200000e+002
  1.6934760e+003  7.0000000e+002
  1.6941600e+003  6.8400000e+002
  1.6948280e+003  6.6800000e+002
  1.6954880e+003  6.6000000e+002
  1.6961440e+003  6.5600000e+002
  1.6968000e+003  6.5600000e+002
  1.6974560e+003  6.5600000e+002
  1.6981120e+003  6.5600000e+002
  1.6987640e+003  6.5200000e+002
  1.6994240e+003  6.6000000e+002
  1.7000800e+003  6.5600000e+002
  1.7007320e+003  6.5200000e+002
  1.7013920e+003  6.6000000e+002
  1.7020480e+003  6.5600000e+002
  1.7027040e+003  6.5600000e+002
  1.7033640e+003  6.6000000e+002
  1.7040280e+003  6.6400000e+002
  1.7046880e+003  6.6000000e+002
  1.7051600e+003  4.7200000e+002
  1.7058600e+003  7.0000000e+002
  1.7065480e+003  6.8800000e+002
  1.7072160e+003  6.6800000e+002
  1.7078840e+003  6.6800000e+002
  1.7085480e+003  6.6400000e+002
  1.7092080e+003  6.6000000e+002
  1.7098720e+003  6.6400000e+002
  1.7105320e+003  6.6000000e+002
  1.7111920e+003  6.6000000e+002
  1.7118520e+003  6.6000000e+002
  1.7125200e+003  6.6800000e+002
  1.7131840e+003  6.6400000e+002
  1.7138440e+003  6.6000000e+002
  1.7145120e+003  6.6800000e+002
  1.7151720e+003  6.6000000e+002
  1.7158360e+003  6.6400000e+002
  1.7165040e+003  6.6800000e+002
  1.7171680e+003  6.6400000e+002
  1.7178320e+003  6.6400000e+002
  1.7184960e+003  6.6400000e+002
  1.7191640e+003  6.6800000e+002
  1.7198320e+003  6.6800000e+002
  1.7205000e+003  6.6800000e+002
  1.7211640e+003  6.6400000e+002
  1.7218320e+003  6.6800000e+002
  1.7224960e+003  6.6400000e+002
  1.7231680e+003  6.7200000e+002
  1.7238280e+003  6.6000000e+002
  1.7244920e+003  6.6400000e+002
  1.7251560e+003  6.6400000e+002
  1.7258160e+003  6.6000000e+002
  1.7264800e+003  6.6400000e+002
  1.7271400e+003  6.6000000e+002
  1.7278080e+003  6.6800000e+002
  1.7284720e+003  6.6400000e+002
  1.7291400e+003  6.6800000e+002
  1.7298080e+003  6.6800000e+002
  1.7304720e+003  6.6400000e+002
  1.7311400e+003  6.6800000e+002
  1.7318120e+003  6.7200000e+002
  1.7324800e+003  6.6800000e+002
  1.7331480e+003  6.6800000e+002
  1.7338200e+003  6.7200000e+002
  1.7344880e+003  6.6800000e+002
  1.7351520e+003  6.6400000e+002
  1.7358240e+003  6.7200000e+002
  1.7364920e+003  6.6800000e+002
  1.7371560e+003  6.6400000e+002
  1.7378240e+003  6.6800000e+002
  1.7384920e+003  6.6800000e+002
  1.7391520e+003  6.6000000e+002
  1.7398240e+003  6.7200000e+002
  1.7403040e+003  4.8000000e+002
  1.7410280e+003  7.2400000e+002
  1.7417240e+003  6.9600000e+002
  1.7424000e+003  6.7600000e+002
  1.7430720e+003  6.7200000e+002
  1.7437360e+003  6.6400000e+002
  1.7444080e+003  6.7200000e+002
  1.7450800e+003  6.7200000e+002
  1.7457480e+003  6.6800000e+002
  1.7464160e+003  6.6800000e+002
  1.7470840e+003  6.6800000e+002
  1.7477520e+003  6.6800000e+002
  1.7484280e+003  6.7600000e+002
  1.7490960e+003  6.6800000e+002
  1.7497640e+003  6.6800000e+002
  1.7504360e+003  6.7200000e+002
  1.7511040e+003  6.6800000e+002
  1.7517680e+003  6.6400000e+002
  1.7524360e+003  6.6800000e+002
  1.7531040e+003  6.6800000e+002
  1.7537680e+003  6.6400000e+002
  1.7544360e+003  6.6800000e+002
  1.7551120e+003  6.7600000e+002
  1.7557800e+003  6.6800000e+002
  1.7564480e+003  6.6800000e+002
  1.7571240e+003  6.7600000e+002
  1.7577920e+003  6.6800000e+002
  1.7588880e+003  1.0960000e+003
  1.7596240e+003  7.3600000e+002
  1.7601160e+003  4.9200000e+002
  1.7608320e+003  7.1600000e+002
  1.7615400e+003  7.0800000e+002
  1.7622320e+003  6.9200000e+002
  1.7629040e+003  6.7200000e+002
  1.7635920e+003  6.8800000e+002
  1.7642680e+003  6.7600000e+002
  1.7649360e+003  6.6800000e+002
  1.7656160e+003  6.8000000e+002
  1.7662880e+003  6.7200000e+002
  1.7669600e+003  6.7200000e+002
  1.7676320e+003  6.7200000e+002
  1.7683080e+003  6.7600000e+002
  1.7689840e+003  6.7600000e+002
  1.7696520e+003  6.6800000e+002
  1.7703320e+003  6.8000000e+002
  1.7710120e+003  6.8000000e+002
  1.7716840e+003  6.7200000e+002
  1.7723720e+003  6.8800000e+002
  1.7730560e+003  6.8400000e+002
  1.7737360e+003  6.8000000e+002
  1.7744200e+003  6.8400000e+002
  1.7750960e+003  6.7600000e+002
  1.7757680e+003  6.7200000e+002
  1.7764520e+003  6.8400000e+002
  1.7771320e+003  6.8000000e+002
  1.7778080e+003  6.7600000e+002
  1.7784960e+003  6.8800000e+002
  1.7791720e+003  6.7600000e+002
  1.7798520e+003  6.8000000e+002
  1.7805360e+003  6.8400000e+002
  1.7812120e+003  6.7600000e+002
  1.7818840e+003  6.7200000e+002
  1.7825680e+003  6.8400000e+002
  1.7832480e+003  6.8000000e+002
  1.7839240e+003  6.7600000e+002
  1.7846080e+003  6.8400000e+002
  1.7852880e+003  6.8000000e+002
  1.7859600e+003  6.7200000e+002
  1.7866440e+003  6.8400000e+002
  1.7873240e+003  6.8000000e+002
  1.7880040e+003  6.8000000e+002
  1.7886760e+003  6.7200000e+002
  1.7893600e+003  6.8400000e+002
  1.7900360e+003  6.7600000e+002
  1.7907080e+003  6.7200000e+002
  1.7913920e+003  6.8400000e+002
  1.7920720e+003  6.8000000e+002
  1.7927480e+003  6.7600000e+002
  1.7932360e+003  4.8800000e+002
  1.7939480e+003  7.1200000e+002
  1.7946520e+003  7.0400000e+002
  1.7953440e+003  6.9200000e+002
  1.7960280e+003  6.8400000e+002
  1.7967000e+003  6.7200000e+002
  1.7973800e+003  6.8000000e+002
  1.7980640e+003  6.8400000e+002
