  1.3400000e+000  6.7200000e+002
  1.9520000e+000  6.1200000e+002
  2.4680000e+000  5.1600000e+002
  3.0840000e+000  6.1600000e+002
  3.6560000e+000  5.7200000e+002
  4.3520000e+000  6.9600000e+002
  5.0880000e+000  7.3600000e+002
  5.7760000e+000  6.8800000e+002
  6.2440000e+000  4.6800000e+002
  6.8880000e+000  6.4400000e+002
  7.3640000e+000  4.7600000e+002
  8.0440000e+000  6.8000000e+002
  8.5160000e+000  4.7200000e+002
  9.1600000e+000  6.4400000e+002
  9.6480000e+000  4.8800000e+002
  1.0544000e+001  8.9600000e+002
  1.0988000e+001  4.4400000e+002
  1.1756000e+001  7.6800000e+002
  1.2328000e+001  5.7200000e+002
  1.2968000e+001  6.4000000e+002
  1.3420000e+001  4.5200000e+002
  1.4268000e+001  8.4800000e+002
  1.4760000e+001  4.9200000e+002
  1.5580000e+001  8.2000000e+002
  1.6176000e+001  5.9600000e+002
  1.6772000e+001  5.9600000e+002
  1.7232000e+001  4.6000000e+002
  1.8084000e+001  8.5200000e+002
  1.8694000e+001  6.1000000e+002
  1.9304000e+001  6.1000000e+002
  1.9888000e+001  5.8400000e+002
  2.0472000e+001  5.8400000e+002
  2.0952000e+001  4.8000000e+002
  2.1724000e+001  7.7200000e+002
  2.2208000e+001  4.8400000e+002
  2.2960000e+001  7.5200000e+002
  2.3428000e+001  4.6800000e+002
  2.4052000e+001  6.2400000e+002
  2.4820000e+001  7.6800000e+002
  2.5472000e+001  6.5200000e+002
  2.6116000e+001  6.4400000e+002
  2.6752000e+001  6.3600000e+002
  2.7268000e+001  5.1600000e+002
  2.7784000e+001  5.1600000e+002
  2.8456000e+001  6.7200000e+002
  2.9116000e+001  6.6000000e+002
  2.9808000e+001  6.9200000e+002
  3.0424000e+001  6.1600000e+002
  3.1088000e+001  6.6400000e+002
  3.1716000e+001  6.2800000e+002
  3.2308000e+001  5.9200000e+002
  3.2992000e+001  6.8400000e+002
  3.3504000e+001  5.1200000e+002
  3.4212000e+001  7.0800000e+002
  3.4716000e+001  5.0400000e+002
  3.5480000e+001  7.6400000e+002
  3.5932000e+001  4.5200000e+002
  3.6716000e+001  7.8400000e+002
  3.7176000e+001  4.6000000e+002
  3.7904000e+001  7.2800000e+002
  3.9296000e+001  1.3920000e+003
  4.0372000e+001  1.0760000e+003
  4.1064000e+001  6.9200000e+002
  4.1660000e+001  5.9600000e+002
  4.2332000e+001  6.7200000e+002
  4.2936000e+001  6.0400000e+002
  4.3568000e+001  6.3200000e+002
  4.4292000e+001  7.2400000e+002
  4.4920000e+001  6.2800000e+002
  4.5628000e+001  7.0800000e+002
  4.6104000e+001  4.7600000e+002
  4.6716000e+001  6.1200000e+002
  4.7476000e+001  7.6000000e+002
  4.8272000e+001  7.9600000e+002
  4.8908000e+001  6.3600000e+002
  4.9576000e+001  6.6800000e+002
  5.0388000e+001  8.1200000e+002
  5.0920000e+001  5.3200000e+002
  5.1576000e+001  6.5600000e+002
  5.2248000e+001  6.7200000e+002
  5.2916000e+001  6.6800000e+002
  5.3492000e+001  5.7600000e+002
  5.4136000e+001  6.4400000e+002
  5.4728000e+001  5.9200000e+002
  5.5176000e+001  4.4800000e+002
  5.5728000e+001  5.5200000e+002
  5.6216000e+001  4.8800000e+002
  5.6880000e+001  6.6400000e+002
  5.7344000e+001  4.6400000e+002
  5.8092000e+001  7.4800000e+002
  5.8544000e+001  4.5200000e+002
  5.9408000e+001  8.6400000e+002
  6.0540000e+001  1.1320000e+003
  6.1284000e+001  7.4400000e+002
  6.2056000e+001  7.7200000e+002
  6.2700000e+001  6.4400000e+002
  6.3288000e+001  5.8800000e+002
  6.3936000e+001  6.4800000e+002
  6.4740000e+001  8.0400000e+002
  6.5384000e+001  6.4400000e+002
  6.6052000e+001  6.6800000e+002
  6.6668000e+001  6.1600000e+002
  6.7412000e+001  7.4400000e+002
  6.7912000e+001  5.0000000e+002
  6.8592000e+001  6.8000000e+002
  6.9416000e+001  8.2400000e+002
  7.0116000e+001  7.0000000e+002
  7.0872000e+001  7.5600000e+002
  7.1452000e+001  5.8000000e+002
  7.2132000e+001  6.8000000e+002
  7.2712000e+001  5.8000000e+002
  7.3404000e+001  6.9200000e+002
  7.4048000e+001  6.4400000e+002
  7.4756000e+001  7.0800000e+002
  7.5504000e+001  7.4800000e+002
  7.6116000e+001  6.1200000e+002
  7.6712000e+001  5.9600000e+002
  7.7436000e+001  7.2400000e+002
  7.7984000e+001  5.4800000e+002
  7.8640000e+001  6.5600000e+002
  7.9096000e+001  4.5600000e+002
  7.9696000e+001  6.0000000e+002
  8.0308000e+001  6.1200000e+002
  8.0852000e+001  5.4400000e+002
  8.1456000e+001  6.0400000e+002
  8.2144000e+001  6.8800000e+002
  8.2608000e+001  4.6400000e+002
  8.2976000e+001  3.6800000e+002
  8.3824000e+001  8.4800000e+002
  8.4244000e+001  4.2000000e+002
  8.5144000e+001  9.0000000e+002
  8.5608000e+001  4.6400000e+002
  8.6144000e+001  5.3600000e+002
  8.6880000e+001  7.3600000e+002
  8.7528000e+001  6.4800000e+002
  8.8216000e+001  6.8800000e+002
  8.8768000e+001  5.5200000e+002
  8.9332000e+001  5.6400000e+002
  8.9952000e+001  6.2000000e+002
  9.0500000e+001  5.4800000e+002
  9.1028000e+001  5.2800000e+002
  9.1676000e+001  6.4800000e+002
  9.2128000e+001  4.5200000e+002
  9.2536000e+001  4.0800000e+002
  9.3236000e+001  7.0000000e+002
  9.3960000e+001  7.2400000e+002
  9.4600000e+001  6.4000000e+002
  9.5124000e+001  5.2400000e+002
  9.5740000e+001  6.1600000e+002
  9.6268000e+001  5.2800000e+002
  9.6916000e+001  6.4800000e+002
  9.7536000e+001  6.2000000e+002
  9.8156000e+001  6.2000000e+002
  9.8828000e+001  6.7200000e+002
  9.9504000e+001  6.7600000e+002
  1.0019600e+002  6.9200000e+002
  1.0086000e+002  6.6400000e+002
  1.0141600e+002  5.5600000e+002
  1.0222000e+002  8.0400000e+002
  1.0270000e+002  4.8000000e+002
  1.0346800e+002  7.6800000e+002
  1.0455200e+002  1.0840000e+003
  1.0506800e+002  5.1600000e+002
  1.0590800e+002  8.4000000e+002
  1.0711200e+002  1.2040000e+003
  1.0756800e+002  4.5600000e+002
  1.0835200e+002  7.8400000e+002
  1.0877600e+002  4.2400000e+002
  1.0964000e+002  8.6400000e+002
  1.1007200e+002  4.3200000e+002
  1.1088000e+002  8.0800000e+002
  1.1220800e+002  1.3280000e+003
  1.1349600e+002  1.2880000e+003
  1.1460400e+002  1.1080000e+003
  1.1520800e+002  6.0400000e+002
  1.1576000e+002  5.5200000e+002
  1.1650800e+002  7.4800000e+002
  1.1718800e+002  6.8000000e+002
  1.1784400e+002  6.5600000e+002
  1.1852400e+002  6.8000000e+002
  1.1925200e+002  7.2800000e+002
  1.2001200e+002  7.6000000e+002
  1.2066400e+002  6.5200000e+002
  1.2130800e+002  6.4400000e+002
  1.2194400e+002  6.3600000e+002
  1.2262800e+002  6.8400000e+002
  1.2316800e+002  5.4000000e+002
  1.2370400e+002  5.3600000e+002
  1.2435600e+002  6.5200000e+002
  1.2502800e+002  6.7200000e+002
  1.2555600e+002  5.2800000e+002
  1.2624400e+002  6.8800000e+002
  1.2686800e+002  6.2400000e+002
  1.2745200e+002  5.8400000e+002
  1.2845200e+002  1.0000000e+003
  1.2907600e+002  6.2400000e+002
  1.2977600e+002  7.0000000e+002
  1.3042800e+002  6.5200000e+002
  1.3104400e+002  6.1600000e+002
  1.3169600e+002  6.5200000e+002
  1.3231200e+002  6.1600000e+002
  1.3296000e+002  6.4800000e+002
  1.3348800e+002  5.2800000e+002
  1.3425200e+002  7.6400000e+002
  1.3496400e+002  7.1200000e+002
  1.3571600e+002  7.5200000e+002
  1.3642400e+002  7.0800000e+002
  1.3712800e+002  7.0400000e+002
  1.3777200e+002  6.4400000e+002
  1.3848800e+002  7.1600000e+002
  1.3900800e+002  5.2000000e+002
  1.3971200e+002  7.0400000e+002
  1.4050400e+002  7.9200000e+002
  1.4121600e+002  7.1200000e+002
  1.4184400e+002  6.2800000e+002
  1.4249600e+002  6.5200000e+002
  1.4296800e+002  4.7200000e+002
  1.4348800e+002  5.2000000e+002
  1.4387600e+002  3.8800000e+002
  1.4466400e+002  7.8800000e+002
  1.4512000e+002  4.5600000e+002
  1.4567200e+002  5.5200000e+002
  1.4637600e+002  7.0400000e+002
  1.4718000e+002  8.0400000e+002
  1.4766000e+002  4.8000000e+002
  1.4819200e+002  5.3200000e+002
  1.4902400e+002  8.3200000e+002
  1.4939600e+002  3.7200000e+002
  1.4990000e+002  5.0400000e+002
  1.5047200e+002  5.7200000e+002
  1.5112400e+002  6.5200000e+002
  1.5175600e+002  6.3200000e+002
  1.5245200e+002  6.9600000e+002
  1.5304400e+002  5.9200000e+002
  1.5374000e+002  6.9600000e+002
  1.5435200e+002  6.1200000e+002
  1.5504800e+002  6.9600000e+002
  1.5560400e+002  5.5600000e+002
  1.5624800e+002  6.4400000e+002
  1.5693600e+002  6.8800000e+002
  1.5757600e+002  6.4000000e+002
  1.5819200e+002  6.1600000e+002
  1.5876000e+002  5.6800000e+002
  1.5955200e+002  7.9200000e+002
  1.6017200e+002  6.2000000e+002
  1.6063600e+002  4.6400000e+002
  1.6135200e+002  7.1600000e+002
  1.6182000e+002  4.6800000e+002
  1.6253200e+002  7.1200000e+002
  1.6299200e+002  4.6000000e+002
  1.6372400e+002  7.3200000e+002
  1.6420400e+002  4.8000000e+002
  1.6504400e+002  8.4000000e+002
  1.6551600e+002  4.7200000e+002
  1.6640000e+002  8.8400000e+002
  1.6765200e+002  1.2520000e+003
  1.6842800e+002  7.7600000e+002
  1.6938400e+002  9.5600000e+002
  1.6999000e+002  6.0600000e+002
  1.7059600e+002  6.0600000e+002
  1.7109600e+002  5.0000000e+002
  1.7174400e+002  6.4800000e+002
  1.7234000e+002  5.9600000e+002
  1.7305200e+002  7.1200000e+002
  1.7363200e+002  5.8000000e+002
  1.7448400e+002  8.5200000e+002
  1.7498800e+002  5.0400000e+002
  1.7552800e+002  5.4000000e+002
  1.7606000e+002  5.3200000e+002
  1.7671200e+002  6.5200000e+002
  1.7733200e+002  6.2000000e+002
  1.7804400e+002  7.1200000e+002
  1.7874400e+002  7.0000000e+002
  1.7941200e+002  6.6800000e+002
  1.7995600e+002  5.4400000e+002
  1.8072400e+002  7.6800000e+002
  1.8138000e+002  6.5600000e+002
  1.8206400e+002  6.8400000e+002
  1.8276400e+002  7.0000000e+002
  1.8334400e+002  5.8000000e+002
  1.8404800e+002  7.0400000e+002
  1.8465600e+002  6.0800000e+002
  1.8531600e+002  6.6000000e+002
  1.8590000e+002  5.8400000e+002
  1.8650800e+002  6.0800000e+002
  1.8716400e+002  6.5600000e+002
  1.8773600e+002  5.7200000e+002
  1.8823200e+002  4.9600000e+002
  1.8894400e+002  7.1200000e+002
  1.8943200e+002  4.8800000e+002
  1.9028400e+002  8.5200000e+002
  1.9135200e+002  1.0680000e+003
  1.9195600e+002  6.0400000e+002
  1.9257200e+002  6.1600000e+002
  1.9331200e+002  7.4000000e+002
  1.9394800e+002  6.3600000e+002
  1.9450800e+002  5.6000000e+002
  1.9515600e+002  6.4800000e+002
  1.9563200e+002  4.7600000e+002
  1.9612400e+002  4.9200000e+002
  1.9685600e+002  7.3200000e+002
  1.9746000e+002  6.0400000e+002
  1.9832000e+002  8.6000000e+002
  1.9903200e+002  7.1200000e+002
  1.9964400e+002  6.1200000e+002
  2.0025200e+002  6.0800000e+002
  2.0096000e+002  7.0800000e+002
  2.0167600e+002  7.1600000e+002
  2.0226000e+002  5.8400000e+002
  2.0289200e+002  6.3200000e+002
  2.0359600e+002  7.0400000e+002
  2.0415200e+002  5.5600000e+002
  2.0479600e+002  6.4400000e+002
  2.0546000e+002  6.6400000e+002
  2.0609600e+002  6.3600000e+002
  2.0649200e+002  3.9600000e+002
  2.0734800e+002  8.5600000e+002
  2.0780400e+002  4.5600000e+002
  2.0856800e+002  7.6400000e+002
  2.0928400e+002  7.1600000e+002
  2.0984000e+002  5.5600000e+002
  2.1036400e+002  5.2400000e+002
  2.1092400e+002  5.6000000e+002
  2.1169600e+002  7.7200000e+002
  2.1231600e+002  6.2000000e+002
  2.1300000e+002  6.8400000e+002
  2.1351600e+002  5.1600000e+002
  2.1405200e+002  5.3600000e+002
  2.1474800e+002  6.9600000e+002
  2.1526800e+002  5.2000000e+002
  2.1595600e+002  6.8800000e+002
  2.1668800e+002  7.3200000e+002
  2.1747600e+002  7.8800000e+002
  2.1815200e+002  6.7600000e+002
  2.1866400e+002  5.1200000e+002
  2.1938000e+002  7.1600000e+002
  2.2004400e+002  6.6400000e+002
  2.2064800e+002  6.0400000e+002
  2.2135600e+002  7.0800000e+002
  2.2190000e+002  5.4400000e+002
  2.2250400e+002  6.0400000e+002
  2.2313200e+002  6.2800000e+002
  2.2375600e+002  6.2400000e+002
  2.2456000e+002  8.0400000e+002
  2.2514000e+002  5.8000000e+002
  2.2570800e+002  5.6800000e+002
  2.2641200e+002  7.0400000e+002
  2.2720000e+002  7.8800000e+002
  2.2792800e+002  7.2800000e+002
  2.2858800e+002  6.6000000e+002
  2.2926400e+002  6.7600000e+002
  2.2995200e+002  6.8800000e+002
  2.3043600e+002  4.8400000e+002
  2.3097200e+002  5.3600000e+002
  2.3163600e+002  6.6400000e+002
  2.3229200e+002  6.5600000e+002
  2.3285200e+002  5.6000000e+002
  2.3360800e+002  7.5600000e+002
  2.3430000e+002  6.9200000e+002
  2.3498000e+002  6.8000000e+002
  2.3564800e+002  6.6800000e+002
  2.3629600e+002  6.4800000e+002
  2.3687600e+002  5.8000000e+002
  2.3749600e+002  6.2000000e+002
  2.3811200e+002  6.1600000e+002
  2.3886800e+002  7.5600000e+002
  2.3959200e+002  7.2400000e+002
  2.4014000e+002  5.4800000e+002
  2.4076400e+002  6.2400000e+002
  2.4138400e+002  6.2000000e+002
  2.4208400e+002  7.0000000e+002
  2.4290800e+002  8.2400000e+002
  2.4360800e+002  7.0000000e+002
  2.4424000e+002  6.3200000e+002
  2.4488000e+002  6.4000000e+002
  2.4570800e+002  8.2800000e+002
  2.4636400e+002  6.5600000e+002
  2.4702000e+002  6.5600000e+002
  2.4770400e+002  6.8400000e+002
  2.4836000e+002  6.5600000e+002
  2.4899600e+002  6.3600000e+002
  2.4958800e+002  5.9200000e+002
  2.5024400e+002  6.5600000e+002
  2.5084400e+002  6.0000000e+002
  2.5155600e+002  7.1200000e+002
  2.5238800e+002  8.3200000e+002
  2.5312400e+002  7.3600000e+002
  2.5376400e+002  6.4000000e+002
  2.5428400e+002  5.2000000e+002
  2.5493200e+002  6.4800000e+002
  2.5542800e+002  4.9600000e+002
  2.5616000e+002  7.3200000e+002
  2.5689600e+002  7.3600000e+002
  2.5748000e+002  5.8400000e+002
  2.5803600e+002  5.5600000e+002
  2.5866000e+002  6.2400000e+002
  2.5930000e+002  6.4000000e+002
  2.6011200e+002  8.1200000e+002
  2.6068400e+002  5.6800000e+002
  2.6128400e+002  6.0000000e+002
  2.6178000e+002  4.9600000e+002
  2.6232400e+002  5.4400000e+002
  2.6298000e+002  6.5600000e+002
  2.6354800e+002  5.6800000e+002
  2.6444800e+002  9.0000000e+002
  2.6492400e+002  4.7600000e+002
  2.6568000e+002  7.5600000e+002
  2.6618800e+002  5.0800000e+002
  2.6702400e+002  8.3600000e+002
  2.6750400e+002  4.8000000e+002
  2.6831600e+002  8.1200000e+002
  2.6903600e+002  7.2000000e+002
  2.6979600e+002  7.6000000e+002
  2.7057600e+002  7.8000000e+002
  2.7114800e+002  5.7200000e+002
  2.7189200e+002  7.4400000e+002
  2.7259200e+002  7.0000000e+002
  2.7322000e+002  6.2800000e+002
  2.7396000e+002  7.4000000e+002
  2.7472800e+002  7.6800000e+002
  2.7533200e+002  6.0400000e+002
  2.7602000e+002  6.8800000e+002
  2.7684400e+002  8.2400000e+002
  2.7750000e+002  6.5600000e+002
  2.7815600e+002  6.5600000e+002
  2.7880800e+002  6.5200000e+002
  2.7940800e+002  6.0000000e+002
  2.8006800e+002  6.6000000e+002
  2.8076400e+002  6.9600000e+002
  2.8142800e+002  6.6400000e+002
  2.8195200e+002  5.2400000e+002
  2.8252400e+002  5.7200000e+002
  2.8306400e+002  5.4000000e+002
  2.8376400e+002  7.0000000e+002
  2.8434000e+002  5.7600000e+002
  2.8492000e+002  5.8000000e+002
  2.8536800e+002  4.4800000e+002
  2.8614800e+002  7.8000000e+002
  2.8658400e+002  4.3600000e+002
  2.8731200e+002  7.2800000e+002
  2.8858800e+002  1.2760000e+003
  2.8905600e+002  4.6800000e+002
  2.8972000e+002  6.6400000e+002
  2.9043600e+002  7.1600000e+002
  2.9110400e+002  6.6800000e+002
  2.9156400e+002  4.6000000e+002
  2.9218000e+002  6.1600000e+002
  2.9277600e+002  5.9600000e+002
  2.9336800e+002  5.9200000e+002
  2.9406800e+002  7.0000000e+002
  2.9475200e+002  6.8400000e+002
  2.9533600e+002  5.8400000e+002
  2.9601200e+002  6.7600000e+002
  2.9673600e+002  7.2400000e+002
  2.9739600e+002  6.6000000e+002
  2.9806800e+002  6.7200000e+002
  2.9872400e+002  6.5600000e+002
  2.9933600e+002  6.1200000e+002
  2.9985600e+002  5.2000000e+002
  3.0052400e+002  6.6800000e+002
  3.0111600e+002  5.9200000e+002
  3.0164400e+002  5.2800000e+002
  3.0237200e+002  7.2800000e+002
  3.0300000e+002  6.2800000e+002
  3.0361200e+002  6.1200000e+002
  3.0428800e+002  6.7600000e+002
  3.0496000e+002  6.7200000e+002
  3.0568800e+002  7.2800000e+002
  3.0631200e+002  6.2400000e+002
  3.0706400e+002  7.5200000e+002
  3.0765600e+002  5.9200000e+002
  3.0820000e+002  5.4400000e+002
  3.0876400e+002  5.6400000e+002
  3.0925200e+002  4.8800000e+002
  3.0983600e+002  5.8400000e+002
  3.1028000e+002  4.4400000e+002
  3.1094800e+002  6.6800000e+002
  3.1141200e+002  4.6400000e+002
  3.1199600e+002  5.8400000e+002
  3.1270000e+002  7.0400000e+002
  3.1334400e+002  6.4400000e+002
  3.1412000e+002  7.7600000e+002
  3.1477200e+002  6.5200000e+002
  3.1541200e+002  6.4000000e+002
  3.1604000e+002  6.2800000e+002
  3.1670800e+002  6.6800000e+002
  3.1722800e+002  5.2000000e+002
  3.1786800e+002  6.4000000e+002
  3.1855600e+002  6.8800000e+002
  3.1922400e+002  6.6800000e+002
  3.2006000e+002  8.3600000e+002
  3.2056800e+002  5.0800000e+002
  3.2132800e+002  7.6000000e+002
  3.2180800e+002  4.8000000e+002
  3.2260400e+002  7.9600000e+002
  3.2310000e+002  4.9600000e+002
  3.2388000e+002  7.8000000e+002
  3.2494400e+002  1.0640000e+003
  3.2553200e+002  5.8800000e+002
  3.2618000e+002  6.4800000e+002
  3.2666400e+002  4.8400000e+002
  3.2720800e+002  5.4400000e+002
  3.2798400e+002  7.7600000e+002
  3.2854800e+002  5.6400000e+002
  3.2901200e+002  4.6400000e+002
  3.2964000e+002  6.2800000e+002
  3.3030800e+002  6.6800000e+002
  3.3106400e+002  7.5600000e+002
  3.3153600e+002  4.7200000e+002
  3.3209200e+002  5.5600000e+002
  3.3276000e+002  6.6800000e+002
  3.3338000e+002  6.2000000e+002
  3.3411600e+002  7.3600000e+002
  3.3476000e+002  6.4400000e+002
  3.3543600e+002  6.7600000e+002
  3.3609600e+002  6.6000000e+002
  3.3673600e+002  6.4000000e+002
  3.3729200e+002  5.5600000e+002
  3.3794400e+002  6.5200000e+002
  3.3840400e+002  4.6000000e+002
  3.3905200e+002  6.4800000e+002
  3.3963600e+002  5.8400000e+002
  3.4033200e+002  6.9600000e+002
  3.4092800e+002  5.9600000e+002
  3.4167600e+002  7.4800000e+002
  3.4217200e+002  4.9600000e+002
  3.4281600e+002  6.4400000e+002
  3.4331600e+002  5.0000000e+002
  3.4394400e+002  6.2800000e+002
  3.4444000e+002  4.9600000e+002
  3.4506000e+002  6.2000000e+002
  3.4571600e+002  6.5600000e+002
  3.4635200e+002  6.3600000e+002
  3.4699200e+002  6.4000000e+002
  3.4757200e+002  5.8000000e+002
  3.4818000e+002  6.0800000e+002
  3.4890400e+002  7.2400000e+002
  3.4958800e+002  6.8400000e+002
  3.5022400e+002  6.3600000e+002
  3.5080800e+002  5.8400000e+002
  3.5144400e+002  6.3600000e+002
  3.5208400e+002  6.4000000e+002
  3.5285600e+002  7.7200000e+002
  3.5377200e+002  9.1600000e+002
  3.5437200e+002  6.0000000e+002
  3.5510800e+002  7.3600000e+002
  3.5560800e+002  5.0000000e+002
  3.5620400e+002  5.9600000e+002
  3.5687200e+002  6.6800000e+002
  3.5754800e+002  6.7600000e+002
  3.5815600e+002  6.0800000e+002
  3.5881600e+002  6.6000000e+002
  3.5946000e+002  6.4400000e+002
  3.6017200e+002  7.1200000e+002
  3.6084000e+002  6.6800000e+002
  3.6148400e+002  6.4400000e+002
  3.6220800e+002  7.2400000e+002
  3.6303600e+002  8.2800000e+002
  3.6353200e+002  4.9600000e+002
  3.6420800e+002  6.7600000e+002
  3.6489200e+002  6.8400000e+002
  3.6564400e+002  7.5200000e+002
  3.6633200e+002  6.8800000e+002
  3.6702400e+002  6.9200000e+002
  3.6772800e+002  7.0400000e+002
  3.6834000e+002  6.1200000e+002
  3.6916400e+002  8.2400000e+002
  3.6979200e+002  6.2800000e+002
  3.7055600e+002  7.6400000e+002
  3.7135200e+002  7.9600000e+002
  3.7206000e+002  7.0800000e+002
  3.7278400e+002  7.2400000e+002
  3.7350400e+002  7.2000000e+002
  3.7412000e+002  6.1600000e+002
  3.7467600e+002  5.5600000e+002
  3.7514000e+002  4.6400000e+002
  3.7571600e+002  5.7600000e+002
  3.7640800e+002  6.9200000e+002
  3.7698800e+002  5.8000000e+002
  3.7774800e+002  7.6000000e+002
  3.7828000e+002  5.3200000e+002
  3.7895600e+002  6.7600000e+002
  3.7958800e+002  6.3200000e+002
  3.8022000e+002  6.3200000e+002
  3.8089600e+002  6.7600000e+002
  3.8147600e+002  5.8000000e+002
  3.8209600e+002  6.2000000e+002
  3.8271200e+002  6.1600000e+002
  3.8350000e+002  7.8800000e+002
  3.8417200e+002  6.7200000e+002
  3.8480400e+002  6.3200000e+002
  3.8544800e+002  6.4400000e+002
  3.8629200e+002  8.4400000e+002
  3.8687600e+002  5.8400000e+002
  3.8739200e+002  5.1600000e+002
  3.8801200e+002  6.2000000e+002
  3.8861200e+002  6.0000000e+002
  3.8912800e+002  5.1600000e+002
  3.8967600e+002  5.4800000e+002
  3.9033200e+002  6.5600000e+002
  3.9102000e+002  6.8800000e+002
  3.9164800e+002  6.2800000e+002
  3.9234400e+002  6.9600000e+002
  3.9290400e+002  5.6000000e+002
  3.9336800e+002  4.6400000e+002
  3.9403200e+002  6.6400000e+002
  3.9467600e+002  6.4400000e+002
  3.9531200e+002  6.3600000e+002
  3.9586800e+002  5.5600000e+002
  3.9654000e+002  6.7200000e+002
  3.9725600e+002  7.1600000e+002
  3.9813200e+002  8.7600000e+002
  3.9873600e+002  6.0400000e+002
  3.9940800e+002  6.7200000e+002
  4.0007600e+002  6.6800000e+002
  4.0081600e+002  7.4000000e+002
  4.0155600e+002  7.4000000e+002
  4.0211200e+002  5.5600000e+002
  4.0257600e+002  4.6400000e+002
  4.0327600e+002  7.0000000e+002
  4.0384800e+002  5.7200000e+002
  4.0433200e+002  4.8400000e+002
  4.0492400e+002  5.9200000e+002
  4.0547600e+002  5.5200000e+002
  4.0611200e+002  6.3600000e+002
  4.0680000e+002  6.8800000e+002
  4.0754400e+002  7.4400000e+002
  4.0806800e+002  5.2400000e+002
  4.0877600e+002  7.0800000e+002
  4.0957600e+002  8.0000000e+002
  4.1024000e+002  6.6400000e+002
  4.1095600e+002  7.1600000e+002
  4.1155200e+002  5.9600000e+002
  4.1216000e+002  6.0800000e+002
  4.1276000e+002  6.0000000e+002
  4.1342400e+002  6.6400000e+002
  4.1413600e+002  7.1200000e+002
  4.1484000e+002  7.0400000e+002
  4.1580000e+002  9.6000000e+002
  4.1652800e+002  7.2800000e+002
  4.1718400e+002  6.5600000e+002
  4.1787200e+002  6.8800000e+002
  4.1853200e+002  6.6000000e+002
  4.1926800e+002  7.3600000e+002
  4.1993200e+002  6.6400000e+002
  4.2058800e+002  6.5600000e+002
  4.2125600e+002  6.6800000e+002
  4.2187200e+002  6.1600000e+002
  4.2239600e+002  5.2400000e+002
  4.2309200e+002  6.9600000e+002
  4.2356400e+002  4.7200000e+002
  4.2404400e+002  4.8000000e+002
  4.2487600e+002  8.3200000e+002
  4.2546000e+002  5.8400000e+002
  4.2611600e+002  6.5600000e+002
  4.2678400e+002  6.6800000e+002
  4.2732800e+002  5.4400000e+002
  4.2795200e+002  6.2400000e+002
  4.2856400e+002  6.1200000e+002
  4.2905200e+002  4.8800000e+002
  4.2972800e+002  6.7600000e+002
  4.3021200e+002  4.8400000e+002
  4.3081600e+002  6.0400000e+002
  4.3151200e+002  6.9600000e+002
  4.3204400e+002  5.3200000e+002
  4.3266800e+002  6.2400000e+002
  4.3330800e+002  6.4000000e+002
  4.3424000e+002  9.3200000e+002
  4.3465600e+002  4.1600000e+002
  4.3529600e+002  6.4000000e+002
  4.3577600e+002  4.8000000e+002
  4.3642400e+002  6.4800000e+002
  4.3701600e+002  5.9200000e+002
  4.3758400e+002  5.6800000e+002
  4.3817600e+002  5.9200000e+002
  4.3866800e+002  4.9200000e+002
  4.3930800e+002  6.4000000e+002
  4.3995200e+002  6.4400000e+002
  4.4054000e+002  5.8800000e+002
  4.4112400e+002  5.8400000e+002
  4.4174000e+002  6.1600000e+002
  4.4234000e+002  6.0000000e+002
  4.4298000e+002  6.4000000e+002
  4.4354400e+002  5.6400000e+002
  4.4413600e+002  5.9200000e+002
  4.4484800e+002  7.1200000e+002
  4.4555200e+002  7.0400000e+002
  4.4626400e+002  7.1200000e+002
  4.4688400e+002  6.2000000e+002
  4.4754000e+002  6.5600000e+002
  4.4816400e+002  6.2400000e+002
  4.4883600e+002  6.7200000e+002
  4.4944000e+002  6.0400000e+002
  4.5004800e+002  6.0800000e+002
  4.5078400e+002  7.3600000e+002
  4.5153600e+002  7.5200000e+002
  4.5212800e+002  5.9200000e+002
  4.5280800e+002  6.8000000e+002
  4.5348400e+002  6.7600000e+002
  4.5416800e+002  6.8400000e+002
  4.5482000e+002  6.5200000e+002
  4.5565200e+002  8.3200000e+002
  4.5630000e+002  6.4800000e+002
  4.5692000e+002  6.2000000e+002
  4.5746800e+002  5.4800000e+002
  4.5792800e+002  4.6000000e+002
  4.5861600e+002  6.8800000e+002
  4.5922000e+002  6.0400000e+002
  4.5991600e+002  6.9600000e+002
  4.6042400e+002  5.0800000e+002
  4.6109200e+002  6.6800000e+002
  4.6174400e+002  6.5200000e+002
  4.6241200e+002  6.6800000e+002
  4.6286400e+002  4.5200000e+002
  4.6351200e+002  6.4800000e+002
  4.6420800e+002  6.9600000e+002
  4.6492400e+002  7.1600000e+002
  4.6543600e+002  5.1200000e+002
  4.6614000e+002  7.0400000e+002
  4.6660800e+002  4.6800000e+002
  4.6729600e+002  6.8800000e+002
  4.6775200e+002  4.5600000e+002
  4.6859600e+002  8.4400000e+002
  4.6900800e+002  4.1200000e+002
  4.6982000e+002  8.1200000e+002
  4.7032800e+002  5.0800000e+002
  4.7099600e+002  6.6800000e+002
  4.7142800e+002  4.3200000e+002
  4.7225200e+002  8.2400000e+002
  4.7267200e+002  4.2000000e+002
  4.7334000e+002  6.6800000e+002
  4.7406000e+002  7.2000000e+002
  4.7458000e+002  5.2000000e+002
  4.7512000e+002  5.4000000e+002
  4.7573600e+002  6.1600000e+002
  4.7640000e+002  6.6400000e+002
  4.7705200e+002  6.5200000e+002
  4.7774000e+002  6.8800000e+002
  4.7838400e+002  6.4400000e+002
  4.7916800e+002  7.8400000e+002
  4.7981600e+002  6.4800000e+002
  4.8048800e+002  6.7200000e+002
  4.8109200e+002  6.0400000e+002
  4.8177200e+002  6.8000000e+002
  4.8243200e+002  6.6000000e+002
  4.8303600e+002  6.0400000e+002
  4.8355200e+002  5.1600000e+002
  4.8418800e+002  6.3600000e+002
  4.8491200e+002  7.2400000e+002
  4.8554400e+002  6.3200000e+002
  4.8606400e+002  5.2000000e+002
  4.8653600e+002  4.7200000e+002
  4.8749600e+002  9.6000000e+002
  4.8863600e+002  1.1400000e+003
  4.8925600e+002  6.2000000e+002
  4.8979200e+002  5.3600000e+002
  4.9038800e+002  5.9600000e+002
  4.9102400e+002  6.3600000e+002
  4.9150800e+002  4.8400000e+002
  4.9209200e+002  5.8400000e+002
  4.9262800e+002  5.3600000e+002
  4.9319600e+002  5.6800000e+002
  4.9392400e+002  7.2800000e+002
  4.9459600e+002  6.7200000e+002
  4.9536800e+002  7.7200000e+002
  4.9598000e+002  6.1200000e+002
  4.9678800e+002  8.0800000e+002
  4.9728000e+002  4.9200000e+002
  4.9784400e+002  5.6400000e+002
  4.9846000e+002  6.1600000e+002
  4.9913600e+002  6.7600000e+002
  4.9986400e+002  7.2800000e+002
  5.0053600e+002  6.7200000e+002
  5.0105200e+002  5.1600000e+002
  5.0170400e+002  6.5200000e+002
  5.0241600e+002  7.1200000e+002
  5.0288800e+002  4.7200000e+002
  5.0347200e+002  5.8400000e+002
  5.0406400e+002  5.9200000e+002
  5.0463200e+002  5.6800000e+002
  5.0526400e+002  6.3200000e+002
  5.0574400e+002  4.8000000e+002
  5.0635600e+002  6.1200000e+002
  5.0687600e+002  5.2000000e+002
  5.0762800e+002  7.5200000e+002
  5.0809200e+002  4.6400000e+002
  5.0898000e+002  8.8800000e+002
  5.0946800e+002  4.8800000e+002
  5.1014000e+002  6.7200000e+002
  5.1072000e+002  5.8000000e+002
  5.1131200e+002  5.9200000e+002
  5.1194000e+002  6.2800000e+002
  5.1264800e+002  7.0800000e+002
  5.1339200e+002  7.4400000e+002
  5.1399600e+002  6.0400000e+002
  5.1460400e+002  6.0800000e+002
  5.1509200e+002  4.8800000e+002
  5.1574000e+002  6.4800000e+002
  5.1646400e+002  7.2400000e+002
  5.1703600e+002  5.7200000e+002
  5.1761200e+002  5.7600000e+002
  5.1838000e+002  7.6800000e+002
  5.1902400e+002  6.4400000e+002
  5.1952400e+002  5.0000000e+002
  5.2002000e+002  4.9600000e+002
  5.2072800e+002  7.0800000e+002
  5.2122000e+002  4.9200000e+002
  5.2196800e+002  7.4800000e+002
  5.2242400e+002  4.5600000e+002
  5.2312000e+002  6.9600000e+002
  5.2450800e+002  1.3880000e+003
  5.2561600e+002  1.1080000e+003
  5.2616000e+002  5.4400000e+002
  5.2678000e+002  6.2000000e+002
  5.2746400e+002  6.8400000e+002
  5.2814400e+002  6.8000000e+002
  5.2874400e+002  6.0000000e+002
  5.2931600e+002  5.7200000e+002
  5.3007600e+002  7.6000000e+002
  5.3065200e+002  5.7600000e+002
  5.3131200e+002  6.6000000e+002
  5.3194800e+002  6.3600000e+002
  5.3265200e+002  7.0400000e+002
  5.3328800e+002  6.3600000e+002
  5.3390000e+002  6.1200000e+002
  5.3443600e+002  5.3600000e+002
  5.3504400e+002  6.0800000e+002
  5.3561200e+002  5.6800000e+002
  5.3620800e+002  5.9600000e+002
  5.3682400e+002  6.1600000e+002
  5.3738000e+002  5.5600000e+002
  5.3808400e+002  7.0400000e+002
  5.3871200e+002  6.2800000e+002
  5.3934000e+002  6.2800000e+002
  5.3990800e+002  5.6800000e+002
  5.4053200e+002  6.2400000e+002
  5.4107600e+002  5.4400000e+002
  5.4162400e+002  5.4800000e+002
  5.4212000e+002  4.9600000e+002
  5.4268800e+002  5.6800000e+002
  5.4328800e+002  6.0000000e+002
  5.4394800e+002  6.6000000e+002
  5.4457600e+002  6.2800000e+002
  5.4523200e+002  6.5600000e+002
  5.4573200e+002  5.0000000e+002
  5.4636800e+002  6.3600000e+002
  5.4696000e+002  5.9200000e+002
  5.4760000e+002  6.4000000e+002
  5.4838000e+002  7.8000000e+002
  5.4901200e+002  6.3200000e+002
  5.4962000e+002  6.0800000e+002
  5.5015600e+002  5.3600000e+002
  5.5075200e+002  5.9600000e+002
  5.5138800e+002  6.3600000e+002
  5.5203600e+002  6.4800000e+002
  5.5273200e+002  6.9600000e+002
  5.5334400e+002  6.1200000e+002
  5.5405200e+002  7.0800000e+002
  5.5476000e+002  7.0800000e+002
  5.5549600e+002  7.3600000e+002
  5.5609200e+002  5.9600000e+002
  5.5667200e+002  5.8000000e+002
  5.5741600e+002  7.4400000e+002
  5.5793600e+002  5.2000000e+002
  5.5856800e+002  6.3200000e+002
  5.5920800e+002  6.4000000e+002
  5.5973200e+002  5.2400000e+002
  5.6040800e+002  6.7600000e+002
  5.6112400e+002  7.1600000e+002
  5.6179200e+002  6.6800000e+002
  5.6248800e+002  6.9600000e+002
  5.6309600e+002  6.0800000e+002
  5.6384800e+002  7.5200000e+002
  5.6445200e+002  6.0400000e+002
  5.6500800e+002  5.5600000e+002
  5.6558800e+002  5.8000000e+002
  5.6615600e+002  5.6800000e+002
  5.6682000e+002  6.6400000e+002
  5.6754800e+002  7.2800000e+002
  5.6809600e+002  5.4800000e+002
  5.6882000e+002  7.2400000e+002
  5.6949200e+002  6.7200000e+002
  5.7012800e+002  6.3600000e+002
  5.7071200e+002  5.8400000e+002
  5.7130800e+002  5.9600000e+002
  5.7197600e+002  6.6800000e+002
  5.7258400e+002  6.0800000e+002
  5.7329200e+002  7.0800000e+002
  5.7383200e+002  5.4000000e+002
  5.7460000e+002  7.6800000e+002
  5.7522000e+002  6.2000000e+002
  5.7585200e+002  6.3200000e+002
  5.7650000e+002  6.4800000e+002
  5.7704000e+002  5.4000000e+002
  5.7769600e+002  6.5600000e+002
  5.7839200e+002  6.9600000e+002
  5.7907600e+002  6.8400000e+002
  5.7974000e+002  6.6400000e+002
  5.8040000e+002  6.6000000e+002
  5.8091600e+002  5.1600000e+002
  5.8152000e+002  6.0400000e+002
  5.8223200e+002  7.1200000e+002
  5.8286400e+002  6.3200000e+002
  5.8367200e+002  8.0800000e+002
  5.8443600e+002  7.6400000e+002
  5.8505600e+002  6.2000000e+002
  5.8572000e+002  6.6400000e+002
  5.8646400e+002  7.4400000e+002
  5.8713200e+002  6.6800000e+002
  5.8783200e+002  7.0000000e+002
  5.8836400e+002  5.3200000e+002
  5.8910800e+002  7.4400000e+002
  5.8975600e+002  6.4800000e+002
  5.9050800e+002  7.5200000e+002
  5.9115200e+002  6.4400000e+002
  5.9182400e+002  6.7200000e+002
  5.9246400e+002  6.4000000e+002
  5.9312000e+002  6.5600000e+002
  5.9387600e+002  7.5600000e+002
  5.9452000e+002  6.4400000e+002
  5.9498800e+002  4.6800000e+002
  5.9576400e+002  7.7600000e+002
  5.9620800e+002  4.4400000e+002
  5.9734400e+002  1.1360000e+003
  5.9776400e+002  4.2000000e+002
  5.9855600e+002  7.9200000e+002
  5.9919600e+002  6.4000000e+002
  5.9988800e+002  6.9200000e+002
  6.0058800e+002  7.0000000e+002
  6.0120800e+002  6.2000000e+002
  6.0184800e+002  6.4000000e+002
  6.0241600e+002  5.6800000e+002
  6.0298800e+002  5.7200000e+002
  6.0386000e+002  8.7200000e+002
  6.0450000e+002  6.4000000e+002
  6.0516400e+002  6.6400000e+002
  6.0575200e+002  5.8800000e+002
  6.0639600e+002  6.4400000e+002
  6.0700800e+002  6.1200000e+002
  6.0764000e+002  6.3200000e+002
  6.0834000e+002  7.0000000e+002
  6.0898400e+002  6.4400000e+002
  6.0961600e+002  6.3200000e+002
  6.1023200e+002  6.1600000e+002
  6.1095600e+002  7.2400000e+002
  6.1161200e+002  6.5600000e+002
  6.1224800e+002  6.3600000e+002
  6.1285200e+002  6.0400000e+002
  6.1349200e+002  6.4000000e+002
  6.1397200e+002  4.8000000e+002
  6.1470800e+002  7.3600000e+002
  6.1540800e+002  7.0000000e+002
  6.1604000e+002  6.3200000e+002
  6.1665600e+002  6.1600000e+002
  6.1741600e+002  7.6000000e+002
  6.1821600e+002  8.0000000e+002
  6.1879600e+002  5.8000000e+002
  6.1962800e+002  8.3200000e+002
  6.2032800e+002  7.0000000e+002
  6.2087200e+002  5.4400000e+002
  6.2155200e+002  6.8000000e+002
  6.2224800e+002  6.9600000e+002
  6.2276000e+002  5.1200000e+002
  6.2326000e+002  5.0000000e+002
  6.2390800e+002  6.4800000e+002
  6.2467600e+002  7.6800000e+002
  6.2520000e+002  5.2400000e+002
  6.2580000e+002  6.0000000e+002
  6.2640000e+002  6.0000000e+002
  6.2715200e+002  7.5200000e+002
  6.2773600e+002  5.8400000e+002
  6.2845200e+002  7.1600000e+002
  6.2898400e+002  5.3200000e+002
  6.2964800e+002  6.6400000e+002
  6.3012000e+002  4.7200000e+002
  6.3069600e+002  5.7600000e+002
  6.3137600e+002  6.8000000e+002
  6.3210400e+002  7.2800000e+002
  6.3260400e+002  5.0000000e+002
  6.3332800e+002  7.2400000e+002
  6.3385600e+002  5.2800000e+002
  6.3443600e+002  5.8000000e+002
  6.3496800e+002  5.3200000e+002
  6.3558800e+002  6.2000000e+002
  6.3629200e+002  7.0400000e+002
  6.3700000e+002  7.0800000e+002
  6.3752400e+002  5.2400000e+002
  6.3820400e+002  6.8000000e+002
  6.3889200e+002  6.8800000e+002
  6.3966000e+002  7.6800000e+002
  6.4020000e+002  5.4000000e+002
  6.4086400e+002  6.6400000e+002
  6.4148000e+002  6.1600000e+002
  6.4225600e+002  7.7600000e+002
  6.4294800e+002  6.9200000e+002
  6.4353600e+002  5.8800000e+002
  6.4414000e+002  6.0400000e+002
  6.4490400e+002  7.6400000e+002
  6.4562400e+002  7.2000000e+002
  6.4630400e+002  6.8000000e+002
  6.4698400e+002  6.8000000e+002
  6.4770000e+002  7.1600000e+002
  6.4832400e+002  6.2400000e+002
  6.4885200e+002  5.2800000e+002
  6.4943200e+002  5.8000000e+002
  6.5005200e+002  6.2000000e+002
  6.5074400e+002  6.9200000e+002
  6.5143600e+002  6.9200000e+002
  6.5209200e+002  6.5600000e+002
  6.5276400e+002  6.7200000e+002
  6.5344800e+002  6.8400000e+002
  6.5409200e+002  6.4400000e+002
  6.5469200e+002  6.0000000e+002
  6.5544800e+002  7.5600000e+002
  6.5620000e+002  7.5200000e+002
  6.5682800e+002  6.2800000e+002
  6.5755200e+002  7.2400000e+002
  6.5816000e+002  6.0800000e+002
  6.5881600e+002  6.5600000e+002
  6.5943200e+002  6.1600000e+002
  6.5998800e+002  5.5600000e+002
  6.6082000e+002  8.3200000e+002
  6.6135200e+002  5.3200000e+002
  6.6193600e+002  5.8400000e+002
  6.6255600e+002  6.2000000e+002
  6.6325200e+002  6.9600000e+002
  6.6402000e+002  7.6800000e+002
  6.6458400e+002  5.6400000e+002
  6.6523600e+002  6.5200000e+002
  6.6603600e+002  8.0000000e+002
  6.6668400e+002  6.4800000e+002
  6.6732800e+002  6.4400000e+002
  6.6798800e+002  6.6000000e+002
  6.6851600e+002  5.2800000e+002
  6.6909600e+002  5.8000000e+002
  6.6963200e+002  5.3600000e+002
  6.7020400e+002  5.7200000e+002
  6.7090800e+002  7.0400000e+002
  6.7153200e+002  6.2400000e+002
  6.7198800e+002  4.5600000e+002
  6.7258400e+002  5.9600000e+002
  6.7322800e+002  6.4400000e+002
  6.7387200e+002  6.4400000e+002
  6.7438000e+002  5.0800000e+002
  6.7505600e+002  6.7600000e+002
  6.7553200e+002  4.7600000e+002
  6.7625200e+002  7.2000000e+002
  6.7730400e+002  1.0520000e+003
  6.7803200e+002  7.2800000e+002
  6.7877200e+002  7.4000000e+002
  6.7938800e+002  6.1600000e+002
  6.8013600e+002  7.4800000e+002
  6.8090400e+002  7.6800000e+002
  6.8149200e+002  5.8800000e+002
  6.8204400e+002  5.5200000e+002
  6.8262800e+002  5.8400000e+002
  6.8320800e+002  5.8000000e+002
  6.8385600e+002  6.4800000e+002
  6.8454000e+002  6.8400000e+002
  6.8511600e+002  5.7600000e+002
  6.8584400e+002  7.2800000e+002
  6.8646000e+002  6.1600000e+002
  6.8714000e+002  6.8000000e+002
  6.8773600e+002  5.9600000e+002
  6.8847200e+002  7.3600000e+002
  6.8908400e+002  6.1200000e+002
  6.8973600e+002  6.5200000e+002
  6.9042400e+002  6.8800000e+002
  6.9125600e+002  8.3200000e+002
  6.9179200e+002  5.3600000e+002
  6.9237600e+002  5.8400000e+002
  6.9310400e+002  7.2800000e+002
  6.9377600e+002  6.7200000e+002
  6.9438400e+002  6.0800000e+002
  6.9502800e+002  6.4400000e+002
  6.9566400e+002  6.3600000e+002
  6.9629200e+002  6.2800000e+002
  6.9689200e+002  6.0000000e+002
  6.9742000e+002  5.2800000e+002
  6.9808000e+002  6.6000000e+002
  6.9874400e+002  6.6400000e+002
  6.9938400e+002  6.4000000e+002
  7.0014400e+002  7.6000000e+002
  7.0076800e+002  6.2400000e+002
  7.0148400e+002  7.1600000e+002
  7.0226000e+002  7.7600000e+002
  7.0296400e+002  7.0400000e+002
  7.0359600e+002  6.3200000e+002
  7.0427600e+002  6.8000000e+002
  7.0499200e+002  7.1600000e+002
  7.0557600e+002  5.8400000e+002
  7.0628000e+002  7.0400000e+002
  7.0691600e+002  6.3600000e+002
  7.0773200e+002  8.1600000e+002
  7.0840800e+002  6.7600000e+002
  7.0937600e+002  9.6800000e+002
  7.1018000e+002  8.0400000e+002
  7.1066400e+002  4.8400000e+002
  7.1131200e+002  6.4800000e+002
  7.1195200e+002  6.4000000e+002
  7.1263200e+002  6.8000000e+002
  7.1325200e+002  6.2000000e+002
  7.1384800e+002  5.9600000e+002
  7.1460000e+002  7.5200000e+002
  7.1526400e+002  6.6400000e+002
  7.1594800e+002  6.8400000e+002
  7.1668000e+002  7.3200000e+002
  7.1732800e+002  6.4800000e+002
  7.1809200e+002  7.6400000e+002
  7.1858000e+002  4.8800000e+002
  7.1924000e+002  6.6000000e+002
  7.1985600e+002  6.1600000e+002
  7.2050400e+002  6.4800000e+002
  7.2128800e+002  7.8400000e+002
  7.2196800e+002  6.8000000e+002
  7.2286400e+002  8.9600000e+002
  7.2340400e+002  5.4000000e+002
  7.2410800e+002  7.0400000e+002
  7.2481200e+002  7.0400000e+002
  7.2539200e+002  5.8000000e+002
  7.2608400e+002  6.9200000e+002
  7.2673600e+002  6.5200000e+002
  7.2736400e+002  6.2800000e+002
  7.2803200e+002  6.6800000e+002
  7.2891200e+002  8.8000000e+002
  7.2972000e+002  8.0800000e+002
  7.3032800e+002  6.0800000e+002
  7.3100400e+002  6.7600000e+002
  7.3166000e+002  6.5600000e+002
  7.3232400e+002  6.6400000e+002
  7.3307600e+002  7.5200000e+002
  7.3374000e+002  6.6400000e+002
  7.3440400e+002  6.6400000e+002
  7.3533600e+002  9.3200000e+002
  7.3582400e+002  4.8800000e+002
  7.3647200e+002  6.4800000e+002
  7.3719200e+002  7.2000000e+002
  7.3786800e+002  6.7600000e+002
  7.3863600e+002  7.6800000e+002
  7.3932400e+002  6.8800000e+002
  7.4006400e+002  7.4000000e+002
  7.4075600e+002  6.9200000e+002
  7.4148000e+002  7.2400000e+002
  7.4210400e+002  6.2400000e+002
  7.4273600e+002  6.3200000e+002
  7.4334400e+002  6.0800000e+002
  7.4408800e+002  7.4400000e+002
  7.4476400e+002  6.7600000e+002
  7.4526000e+002  4.9600000e+002
  7.4604000e+002  7.8000000e+002
  7.4655200e+002  5.1200000e+002
  7.4720000e+002  6.4800000e+002
  7.4788400e+002  6.8400000e+002
  7.4850800e+002  6.2400000e+002
  7.4912400e+002  6.1600000e+002
  7.4981200e+002  6.8800000e+002
  7.5042400e+002  6.1200000e+002
  7.5107200e+002  6.4800000e+002
  7.5175600e+002  6.8400000e+002
  7.5270400e+002  9.4800000e+002
  7.5336800e+002  6.6400000e+002
  7.5390400e+002  5.3600000e+002
  7.5442400e+002  5.2000000e+002
  7.5511600e+002  6.9200000e+002
  7.5576400e+002  6.4800000e+002
  7.5644800e+002  6.8400000e+002
  7.5729200e+002  8.4400000e+002
  7.5789600e+002  6.0400000e+002
  7.5880000e+002  9.0400000e+002
  7.5942000e+002  6.2000000e+002
  7.6025200e+002  8.3200000e+002
  7.6092800e+002  6.7600000e+002
  7.6146800e+002  5.4000000e+002
  7.6210000e+002  6.3200000e+002
  7.6275600e+002  6.5600000e+002
  7.6343200e+002  6.7600000e+002
  7.6405200e+002  6.2000000e+002
  7.6474800e+002  6.9600000e+002
  7.6547600e+002  7.2800000e+002
  7.6610000e+002  6.2400000e+002
  7.6677200e+002  6.7200000e+002
  7.6734000e+002  5.6800000e+002
  7.6792800e+002  5.8800000e+002
  7.6867600e+002  7.4800000e+002
  7.6920800e+002  5.3200000e+002
  7.6988800e+002  6.8000000e+002
  7.7056000e+002  6.7200000e+002
  7.7129200e+002  7.3200000e+002
  7.7198800e+002  6.9600000e+002
  7.7258000e+002  5.9200000e+002
  7.7327200e+002  6.9200000e+002
  7.7386400e+002  5.9200000e+002
  7.7456400e+002  7.0000000e+002
  7.7522400e+002  6.6000000e+002
  7.7588000e+002  6.5600000e+002
  7.7644400e+002  5.6400000e+002
  7.7704000e+002  5.9600000e+002
  7.7775200e+002  7.1200000e+002
  7.7834800e+002  5.9600000e+002
  7.7899200e+002  6.4400000e+002
  7.7966000e+002  6.6800000e+002
  7.8012000e+002  4.6000000e+002
  7.8084400e+002  7.2400000e+002
  7.8142800e+002  5.8400000e+002
  7.8212400e+002  6.9600000e+002
  7.8259200e+002  4.6800000e+002
  7.8337600e+002  7.8400000e+002
  7.8383600e+002  4.6000000e+002
  7.8496000e+002  1.1240000e+003
  7.8540000e+002  4.4000000e+002
  7.8592400e+002  5.2400000e+002
  7.8629200e+002  3.6800000e+002
  7.8744000e+002  1.1480000e+003
  7.8813200e+002  6.9200000e+002
  7.8877200e+002  6.4000000e+002
  7.8946400e+002  6.9200000e+002
  7.9013600e+002  6.7200000e+002
  7.9090000e+002  7.6400000e+002
  7.9161200e+002  7.1200000e+002
  7.9230000e+002  6.8800000e+002
  7.9297600e+002  6.7600000e+002
  7.9371200e+002  7.3600000e+002
  7.9439600e+002  6.8400000e+002
  7.9516000e+002  7.6400000e+002
  7.9574000e+002  5.8000000e+002
  7.9637200e+002  6.3200000e+002
  7.9678000e+002  4.0800000e+002
  7.9762400e+002  8.4400000e+002
  7.9808000e+002  4.5600000e+002
  7.9896000e+002  8.8000000e+002
  7.9940000e+002  4.4000000e+002
  8.0028800e+002  8.8800000e+002
  8.0088800e+002  6.0000000e+002
  8.0153600e+002  6.4800000e+002
  8.0212000e+002  5.8400000e+002
  8.0277600e+002  6.5600000e+002
  8.0325600e+002  4.8000000e+002
  8.0415200e+002  8.9600000e+002
  8.0461200e+002  4.6000000e+002
  8.0534000e+002  7.2800000e+002
  8.0589600e+002  5.5600000e+002
  8.0663200e+002  7.3600000e+002
  8.0734800e+002  7.1600000e+002
  8.0801200e+002  6.6400000e+002
  8.0866800e+002  6.5600000e+002
  8.0948800e+002  8.2000000e+002
  8.1002800e+002  5.4000000e+002
  8.1071200e+002  6.8400000e+002
  8.1135200e+002  6.4000000e+002
  8.1201200e+002  6.6000000e+002
  8.1268400e+002  6.7200000e+002
  8.1350800e+002  8.2400000e+002
  8.1448800e+002  9.8000000e+002
  8.1517200e+002  6.8400000e+002
  8.1576400e+002  5.9200000e+002
  8.1645200e+002  6.8800000e+002
  8.1712400e+002  6.7200000e+002
  8.1783200e+002  7.0800000e+002
  8.1854800e+002  7.1600000e+002
  8.1928800e+002  7.4000000e+002
  8.1992400e+002  6.3600000e+002
  8.2060400e+002  6.8000000e+002
  8.2123200e+002  6.2800000e+002
  8.2189200e+002  6.6000000e+002
  8.2254800e+002  6.5600000e+002
  8.2312800e+002  5.8000000e+002
  8.2392800e+002  8.0000000e+002
  8.2456000e+002  6.3200000e+002
  8.2519200e+002  6.3200000e+002
  8.2586800e+002  6.7600000e+002
  8.2658400e+002  7.1600000e+002
  8.2746800e+002  8.8400000e+002
  8.2810000e+002  6.3200000e+002
  8.2891200e+002  8.1200000e+002
  8.2953600e+002  6.2400000e+002
  8.3024000e+002  7.0400000e+002
  8.3095600e+002  7.1600000e+002
  8.3148800e+002  5.3200000e+002
  8.3218000e+002  6.9200000e+002
  8.3286000e+002  6.8000000e+002
  8.3345200e+002  5.9200000e+002
  8.3395600e+002  5.0400000e+002
  8.3454800e+002  5.9200000e+002
  8.3521600e+002  6.6800000e+002
  8.3583200e+002  6.1600000e+002
  8.3664000e+002  8.0800000e+002
  8.3737200e+002  7.3200000e+002
  8.3799200e+002  6.2000000e+002
  8.3870000e+002  7.0800000e+002
  8.3949200e+002  7.9200000e+002
  8.4013600e+002  6.4400000e+002
  8.4070000e+002  5.6400000e+002
  8.4132800e+002  6.2800000e+002
  8.4205600e+002  7.2800000e+002
  8.4262800e+002  5.7200000e+002
  8.4334000e+002  7.1200000e+002
  8.4397200e+002  6.3200000e+002
  8.4465200e+002  6.8000000e+002
  8.4542000e+002  7.6800000e+002
  8.4608000e+002  6.6000000e+002
  8.4679200e+002  7.1200000e+002
  8.4759200e+002  8.0000000e+002
  8.4823600e+002  6.4400000e+002
  8.4888400e+002  6.4800000e+002
  8.4938400e+002  5.0000000e+002
  8.5008000e+002  6.9600000e+002
  8.5067600e+002  5.9600000e+002
  8.5116000e+002  4.8400000e+002
  8.5181200e+002  6.5200000e+002
  8.5244000e+002  6.2800000e+002
  8.5322400e+002  7.8400000e+002
  8.5389600e+002  6.7200000e+002
  8.5447200e+002  5.7600000e+002
  8.5515200e+002  6.8000000e+002
  8.5597200e+002  8.2000000e+002
  8.5663600e+002  6.6400000e+002
  8.5722800e+002  5.9200000e+002
  8.5784000e+002  6.1200000e+002
  8.5843200e+002  5.9200000e+002
  8.5898800e+002  5.5600000e+002
  8.5962800e+002  6.4000000e+002
  8.6010800e+002  4.8000000e+002
  8.6072400e+002  6.1600000e+002
  8.6140000e+002  6.7600000e+002
  8.6207200e+002  6.7200000e+002
  8.6280400e+002  7.3200000e+002
  8.6340400e+002  6.0000000e+002
  8.6434400e+002  9.4000000e+002
  8.6510400e+002  7.6000000e+002
  8.6574400e+002  6.4000000e+002
  8.6635600e+002  6.1200000e+002
  8.6701600e+002  6.6000000e+002
  8.6774000e+002  7.2400000e+002
  8.6829200e+002  5.5200000e+002
  8.6896000e+002  6.6800000e+002
  8.6971200e+002  7.5200000e+002
  8.7036800e+002  6.5600000e+002
  8.7104800e+002  6.8000000e+002
  8.7160000e+002  5.5200000e+002
  8.7234400e+002  7.4400000e+002
  8.7303200e+002  6.8800000e+002
  8.7360400e+002  5.7200000e+002
  8.7420400e+002  6.0000000e+002
  8.7485200e+002  6.4800000e+002
  8.7545600e+002  6.0400000e+002
  8.7608800e+002  6.3200000e+002
  8.7670400e+002  6.1600000e+002
  8.7731200e+002  6.0800000e+002
  8.7783600e+002  5.2400000e+002
  8.7855600e+002  7.2000000e+002
  8.7903600e+002  4.8000000e+002
  8.7977200e+002  7.3600000e+002
  8.8021600e+002  4.4400000e+002
  8.8095200e+002  7.3600000e+002
  8.8166800e+002  7.1600000e+002
  8.8231600e+002  6.4800000e+002
  8.8300800e+002  6.9200000e+002
  8.8366400e+002  6.5600000e+002
  8.8430800e+002  6.4400000e+002
  8.8513600e+002  8.2800000e+002
  8.8562000e+002  4.8400000e+002
  8.8644400e+002  8.2400000e+002
  8.8702800e+002  5.8400000e+002
  8.8761200e+002  5.8400000e+002
  8.8892000e+002  1.3080000e+003
  8.8937600e+002  4.5600000e+002
  8.9007600e+002  7.0000000e+002
  8.9099200e+002  9.1600000e+002
  8.9170000e+002  7.0800000e+002
  8.9236400e+002  6.6400000e+002
  8.9312800e+002  7.6400000e+002
  8.9366800e+002  5.4000000e+002
  8.9437600e+002  7.0800000e+002
  8.9506800e+002  6.9200000e+002
  8.9563600e+002  5.6800000e+002
  8.9629600e+002  6.6000000e+002
  8.9696400e+002  6.6800000e+002
  8.9761600e+002  6.5200000e+002
  8.9832000e+002  7.0400000e+002
  8.9888800e+002  5.6800000e+002
  8.9952400e+002  6.3600000e+002
  9.0028800e+002  7.6400000e+002
  9.0102400e+002  7.3600000e+002
  9.0172000e+002  6.9600000e+002
  9.0237600e+002  6.5600000e+002
  9.0297600e+002  6.0000000e+002
  9.0365600e+002  6.8000000e+002
  9.0439600e+002  7.4000000e+002
  9.0508000e+002  6.8400000e+002
  9.0568400e+002  6.0400000e+002
  9.0628400e+002  6.0000000e+002
  9.0686000e+002  5.7600000e+002
  9.0748800e+002  6.2800000e+002
  9.0814800e+002  6.6000000e+002
  9.0871200e+002  5.6400000e+002
  9.0932800e+002  6.1600000e+002
  9.0997600e+002  6.4800000e+002
  9.1054000e+002  5.6400000e+002
  9.1131200e+002  7.7200000e+002
  9.1181600e+002  5.0400000e+002
  9.1254800e+002  7.3200000e+002
  9.1304000e+002  4.9200000e+002
  9.1383600e+002  7.9600000e+002
  9.1429200e+002  4.5600000e+002
  9.1508800e+002  7.9600000e+002
  9.1621200e+002  1.1240000e+003
  9.1687600e+002  6.6400000e+002
  9.1749200e+002  6.1600000e+002
  9.1815600e+002  6.6400000e+002
  9.1892000e+002  7.6400000e+002
  9.1948800e+002  5.6800000e+002
  9.2009200e+002  6.0400000e+002
  9.2072800e+002  6.3600000e+002
  9.2140000e+002  6.7200000e+002
  9.2215600e+002  7.5600000e+002
  9.2290800e+002  7.5200000e+002
  9.2360800e+002  7.0000000e+002
  9.2425600e+002  6.4800000e+002
  9.2494400e+002  6.8800000e+002
  9.2561200e+002  6.6800000e+002
  9.2629200e+002  6.8000000e+002
  9.2707200e+002  7.8000000e+002
  9.2770000e+002  6.2800000e+002
  9.2828000e+002  5.8000000e+002
  9.2894800e+002  6.6800000e+002
  9.2972800e+002  7.8000000e+002
  9.3054800e+002  8.2000000e+002
  9.3114400e+002  5.9600000e+002
  9.3186000e+002  7.1600000e+002
  9.3257600e+002  7.1600000e+002
  9.3334000e+002  7.6400000e+002
  9.3385600e+002  5.1600000e+002
  9.3458000e+002  7.2400000e+002
  9.3532800e+002  7.4800000e+002
  9.3592400e+002  5.9600000e+002
  9.3643600e+002  5.1200000e+002
  9.3714000e+002  7.0400000e+002
  9.3780800e+002  6.6800000e+002
  9.3855600e+002  7.4800000e+002
  9.3918000e+002  6.2400000e+002
  9.3985200e+002  6.7200000e+002
  9.4050000e+002  6.4800000e+002
  9.4116000e+002  6.6000000e+002
  9.4177600e+002  6.1600000e+002
  9.4250400e+002  7.2800000e+002
  9.4322000e+002  7.1600000e+002
  9.4381600e+002  5.9600000e+002
  9.4448400e+002  6.6800000e+002
  9.4512000e+002  6.3600000e+002
  9.4581600e+002  6.9600000e+002
  9.4648400e+002  6.6800000e+002
  9.4706000e+002  5.7600000e+002
  9.4768400e+002  6.2400000e+002
  9.4833600e+002  6.5200000e+002
  9.4883200e+002  4.9600000e+002
  9.4950400e+002  6.7200000e+002
  9.5007200e+002  5.6800000e+002
  9.5076800e+002  6.9600000e+002
  9.5149200e+002  7.2400000e+002
  9.5234400e+002  8.5200000e+002
  9.5300000e+002  6.5600000e+002
  9.5363200e+002  6.3200000e+002
  9.5433200e+002  7.0000000e+002
  9.5487600e+002  5.4400000e+002
  9.5574400e+002  8.6800000e+002
  9.5623600e+002  4.9200000e+002
  9.5707200e+002  8.3600000e+002
  9.5753200e+002  4.6000000e+002
  9.5835200e+002  8.2000000e+002
  9.5958800e+002  1.2360000e+003
  9.6098000e+002  1.3920000e+003
  9.6142400e+002  4.4400000e+002
  9.6227200e+002  8.4800000e+002
  9.6278000e+002  5.0800000e+002
  9.6348400e+002  7.0400000e+002
  9.6396400e+002  4.8000000e+002
  9.6471200e+002  7.4800000e+002
  9.6517600e+002  4.6400000e+002
  9.6604000e+002  8.6400000e+002
  9.6648800e+002  4.4800000e+002
  9.6732400e+002  8.3600000e+002
  9.6852400e+002  1.2000000e+003
  9.6908400e+002  5.6000000e+002
  9.6980400e+002  7.2000000e+002
  9.7026800e+002  4.6400000e+002
  9.7115200e+002  8.8400000e+002
  9.7161200e+002  4.6000000e+002
  9.7214400e+002  5.3200000e+002
  9.7251200e+002  3.6800000e+002
  9.7383200e+002  1.3200000e+003
  9.7507200e+002  1.2400000e+003
  9.7642400e+002  1.3520000e+003
  9.7773200e+002  1.3080000e+003
  9.7880000e+002  1.0680000e+003
  9.7943600e+002  6.3600000e+002
  9.8017200e+002  7.3600000e+002
  9.8074800e+002  5.7600000e+002
  9.8132800e+002  5.8000000e+002
  9.8199200e+002  6.6400000e+002
  9.8262000e+002  6.2800000e+002
  9.8307200e+002  4.5200000e+002
  9.8373600e+002  6.6400000e+002
  9.8432800e+002  5.9200000e+002
  9.8509600e+002  7.6800000e+002
  9.8555600e+002  4.6000000e+002
  9.8628400e+002  7.2800000e+002
  9.8675200e+002  4.6800000e+002
  9.8764000e+002  8.8800000e+002
  9.8811600e+002  4.7600000e+002
  9.8899200e+002  8.7600000e+002
  9.9029600e+002  1.3040000e+003
  9.9122400e+002  9.2800000e+002
  9.9195200e+002  7.2800000e+002
  9.9262400e+002  6.7200000e+002
  9.9326000e+002  6.3600000e+002
  9.9399200e+002  7.3200000e+002
  9.9456400e+002  5.7200000e+002
  9.9525200e+002  6.8800000e+002
  9.9595600e+002  7.0400000e+002
  9.9654400e+002  5.8800000e+002
  9.9707200e+002  5.2800000e+002
  9.9764000e+002  5.6800000e+002
  9.9831200e+002  6.7200000e+002
  9.9896400e+002  6.5200000e+002
  9.9965600e+002  6.9200000e+002
  1.0002680e+003  6.1200000e+002
  1.0006960e+003  4.2800000e+002
  1.0014080e+003  7.1200000e+002
  1.0018720e+003  4.6400000e+002
  1.0026000e+003  7.2800000e+002
  1.0030760e+003  4.7600000e+002
  1.0041160e+003  1.0400000e+003
  1.0045640e+003  4.4800000e+002
  1.0052680e+003  7.0400000e+002
  1.0058040e+003  5.3600000e+002
  1.0066400e+003  8.3600000e+002
  1.0073080e+003  6.6800000e+002
  1.0081160e+003  8.0800000e+002
  1.0088520e+003  7.3600000e+002
  1.0094520e+003  6.0000000e+002
  1.0103360e+003  8.8400000e+002
  1.0109920e+003  6.5600000e+002
  1.0117160e+003  7.2400000e+002
  1.0122680e+003  5.5200000e+002
  1.0129520e+003  6.8400000e+002
  1.0135320e+003  5.8000000e+002
  1.0141680e+003  6.3600000e+002
  1.0148520e+003  6.8400000e+002
  1.0156120e+003  7.6000000e+002
  1.0163480e+003  7.3600000e+002
  1.0170200e+003  6.7200000e+002
  1.0177520e+003  7.3200000e+002
  1.0184680e+003  7.1600000e+002
  1.0190560e+003  5.8800000e+002
  1.0198640e+003  8.0800000e+002
  1.0205760e+003  7.1200000e+002
  1.0213720e+003  7.9600000e+002
  1.0218760e+003  5.0400000e+002
  1.0227800e+003  9.0400000e+002
  1.0232360e+003  4.5600000e+002
  1.0241360e+003  9.0000000e+002
  1.0246240e+003  4.8800000e+002
  1.0255440e+003  9.2000000e+002
  1.0267720e+003  1.2280000e+003
  1.0274040e+003  6.3200000e+002
  1.0279600e+003  5.5600000e+002
  1.0287280e+003  7.6800000e+002
  1.0294040e+003  6.7600000e+002
  1.0300720e+003  6.6800000e+002
  1.0307960e+003  7.2400000e+002
  1.0315320e+003  7.3600000e+002
  1.0321400e+003  6.0800000e+002
  1.0327800e+003  6.4000000e+002
  1.0333360e+003  5.5600000e+002
  1.0340560e+003  7.2000000e+002
  1.0347440e+003  6.8800000e+002
  1.0354320e+003  6.8800000e+002
  1.0361280e+003  6.9600000e+002
  1.0367800e+003  6.5200000e+002
  1.0373760e+003  5.9600000e+002
  1.0379080e+003  5.3200000e+002
  1.0385440e+003  6.3600000e+002
  1.0393360e+003  7.9200000e+002
  1.0399680e+003  6.3200000e+002
  1.0406760e+003  7.0800000e+002
  1.0413760e+003  7.0000000e+002
  1.0419720e+003  5.9600000e+002
  1.0426360e+003  6.6400000e+002
  1.0434120e+003  7.7600000e+002
  1.0441440e+003  7.3200000e+002
  1.0446240e+003  4.8000000e+002
  1.0453880e+003  7.6400000e+002
  1.0459240e+003  5.3600000e+002
  1.0465800e+003  6.5600000e+002
  1.0470800e+003  5.0000000e+002
  1.0478520e+003  7.7200000e+002
  1.0483560e+003  5.0400000e+002
  1.0491240e+003  7.6800000e+002
  1.0496400e+003  5.1600000e+002
  1.0503760e+003  7.3600000e+002
  1.0508280e+003  4.5200000e+002
  1.0515320e+003  7.0400000e+002
  1.0523120e+003  7.8000000e+002
  1.0530120e+003  7.0000000e+002
  1.0537040e+003  6.9200000e+002
  1.0543960e+003  6.9200000e+002
  1.0552480e+003  8.5200000e+002
  1.0560040e+003  7.5600000e+002
  1.0567200e+003  7.1600000e+002
  1.0573600e+003  6.4000000e+002
  1.0580800e+003  7.2000000e+002
  1.0587200e+003  6.4000000e+002
  1.0595040e+003  7.8400000e+002
  1.0601720e+003  6.6800000e+002
  1.0608560e+003  6.8400000e+002
  1.0614960e+003  6.4000000e+002
  1.0621840e+003  6.8800000e+002
  1.0628120e+003  6.2800000e+002
  1.0633600e+003  5.4800000e+002
  1.0640000e+003  6.4000000e+002
  1.0646040e+003  6.0400000e+002
  1.0650800e+003  4.7600000e+002
  1.0657560e+003  6.7600000e+002
  1.0662640e+003  5.0800000e+002
  1.0671240e+003  8.6000000e+002
  1.0676120e+003  4.8800000e+002
  1.0685320e+003  9.2000000e+002
  1.0690160e+003  4.8400000e+002
  1.0696160e+003  6.0000000e+002
  1.0701960e+003  5.8000000e+002
  1.0706640e+003  4.6800000e+002
  1.0712360e+003  5.7200000e+002
  1.0718920e+003  6.5600000e+002
  1.0725240e+003  6.3200000e+002
  1.0733360e+003  8.1200000e+002
  1.0740160e+003  6.8000000e+002
  1.0745880e+003  5.7200000e+002
  1.0752360e+003  6.4800000e+002
  1.0758600e+003  6.2400000e+002
  1.0766200e+003  7.6000000e+002
  1.0772320e+003  6.1200000e+002
  1.0777480e+003  5.1600000e+002
  1.0783040e+003  5.5600000e+002
  1.0793520e+003  1.0480000e+003
  1.0798080e+003  4.5600000e+002
  1.0804400e+003  6.3200000e+002
  1.0810000e+003  5.6000000e+002
  1.0815640e+003  5.6400000e+002
  1.0823120e+003  7.4800000e+002
  1.0831000e+003  7.8800000e+002
  1.0837800e+003  6.8000000e+002
  1.0845680e+003  7.8800000e+002
  1.0852280e+003  6.6000000e+002
  1.0857800e+003  5.5200000e+002
  1.0864760e+003  6.9600000e+002
  1.0871120e+003  6.3600000e+002
  1.0877240e+003  6.1200000e+002
  1.0881520e+003  4.2800000e+002
  1.0887680e+003  6.1600000e+002
  1.0892320e+003  4.6400000e+002
  1.0900760e+003  8.4400000e+002
  1.0905520e+003  4.7600000e+002
  1.0912720e+003  7.2000000e+002
  1.0918440e+003  5.7200000e+002
  1.0926520e+003  8.0800000e+002
  1.0938240e+003  1.1720000e+003
  1.0943040e+003  4.8000000e+002
  1.0949520e+003  6.4800000e+002
  1.0954360e+003  4.8400000e+002
  1.0961880e+003  7.5200000e+002
  1.0966360e+003  4.4800000e+002
  1.0972720e+003  6.3600000e+002
  1.0980040e+003  7.3200000e+002
  1.0986120e+003  6.0800000e+002
  1.0991880e+003  5.7600000e+002
  1.0998680e+003  6.8000000e+002
  1.1005440e+003  6.7600000e+002
  1.1013360e+003  7.9200000e+002
  1.1019160e+003  5.8000000e+002
  1.1026200e+003  7.0400000e+002
  1.1030640e+003  4.4400000e+002
  1.1037160e+003  6.5200000e+002
  1.1042080e+003  4.9200000e+002
  1.1049880e+003  7.8000000e+002
  1.1054280e+003  4.4000000e+002
  1.1062680e+003  8.4000000e+002
  1.1067480e+003  4.8000000e+002
  1.1073520e+003  6.0400000e+002
  1.1079720e+003  6.2000000e+002
  1.1086680e+003  6.9600000e+002
  1.1094800e+003  8.1200000e+002
  1.1101240e+003  6.4400000e+002
  1.1108240e+003  7.0000000e+002
  1.1115160e+003  6.9200000e+002
  1.1122840e+003  7.6800000e+002
  1.1128480e+003  5.6400000e+002
  1.1135000e+003  6.5200000e+002
  1.1140880e+003  5.8800000e+002
  1.1147720e+003  6.8400000e+002
  1.1154320e+003  6.6000000e+002
  1.1161320e+003  7.0000000e+002
  1.1168360e+003  7.0400000e+002
  1.1174560e+003  6.2000000e+002
  1.1180880e+003  6.3200000e+002
  1.1186360e+003  5.4800000e+002
  1.1192600e+003  6.2400000e+002
  1.1199520e+003  6.9200000e+002
  1.1206680e+003  7.1600000e+002
  1.1214200e+003  7.5200000e+002
  1.1221240e+003  7.0400000e+002
  1.1226360e+003  5.1200000e+002
  1.1232240e+003  5.8800000e+002
  1.1238600e+003  6.3600000e+002
  1.1244960e+003  6.3600000e+002
  1.1250760e+003  5.8000000e+002
  1.1257160e+003  6.4000000e+002
  1.1261720e+003  4.5600000e+002
  1.1267400e+003  5.6800000e+002
  1.1273560e+003  6.1600000e+002
  1.1279840e+003  6.2800000e+002
  1.1286440e+003  6.6000000e+002
  1.1292720e+003  6.2800000e+002
  1.1299200e+003  6.4800000e+002
  1.1306480e+003  7.2800000e+002
  1.1315360e+003  8.8800000e+002
  1.1322240e+003  6.8800000e+002
  1.1328720e+003  6.4800000e+002
  1.1334240e+003  5.5200000e+002
  1.1340000e+003  5.7600000e+002
  1.1345720e+003  5.7200000e+002
  1.1351960e+003  6.2400000e+002
  1.1358080e+003  6.1200000e+002
  1.1365720e+003  7.6400000e+002
  1.1372240e+003  6.5200000e+002
  1.1379120e+003  6.8800000e+002
  1.1385720e+003  6.6000000e+002
  1.1393280e+003  7.5600000e+002
  1.1400040e+003  6.7600000e+002
  1.1407240e+003  7.2000000e+002
  1.1414360e+003  7.1200000e+002
  1.1421320e+003  6.9600000e+002
  1.1431360e+003  1.0040000e+003
  1.1437680e+003  6.3200000e+002
  1.1445240e+003  7.5600000e+002
  1.1452720e+003  7.4800000e+002
  1.1458960e+003  6.2400000e+002
  1.1465360e+003  6.4000000e+002
  1.1472280e+003  6.9200000e+002
  1.1476480e+003  4.2000000e+002
  1.1484000e+003  7.5200000e+002
  1.1488640e+003  4.6400000e+002
  1.1496760e+003  8.1200000e+002
  1.1501240e+003  4.4800000e+002
  1.1509280e+003  8.0400000e+002
  1.1514040e+003  4.7600000e+002
  1.1522120e+003  8.0800000e+002
  1.1526640e+003  4.5200000e+002
  1.1532880e+003  6.2400000e+002
  1.1539160e+003  6.2800000e+002
  1.1546680e+003  7.5200000e+002
  1.1550840e+003  4.1600000e+002
  1.1556880e+003  6.0400000e+002
  1.1563760e+003  6.8800000e+002
  1.1571080e+003  7.3200000e+002
  1.1575840e+003  4.7600000e+002
  1.1581960e+003  6.1200000e+002
  1.1588440e+003  6.4800000e+002
  1.1594280e+003  5.8400000e+002
  1.1600480e+003  6.2000000e+002
  1.1605160e+003  4.6800000e+002
  1.1610680e+003  5.5200000e+002
  1.1617400e+003  6.7200000e+002
  1.1624360e+003  6.9600000e+002
  1.1629520e+003  5.1600000e+002
  1.1635440e+003  5.9200000e+002
  1.1640120e+003  4.6800000e+002
  1.1645400e+003  5.2800000e+002
  1.1652520e+003  7.1200000e+002
  1.1658560e+003  6.0400000e+002
  1.1667000e+003  8.4400000e+002
  1.1672880e+003  5.8800000e+002
  1.1680560e+003  7.6800000e+002
  1.1686360e+003  5.8000000e+002
  1.1691400e+003  5.0400000e+002
  1.1697480e+003  6.0800000e+002
  1.1703600e+003  6.1200000e+002
  1.1708840e+003  5.2400000e+002
  1.1715320e+003  6.4800000e+002
  1.1722760e+003  7.4400000e+002
  1.1729120e+003  6.3600000e+002
  1.1735160e+003  6.0400000e+002
  1.1743480e+003  8.3200000e+002
  1.1751600e+003  8.1200000e+002
  1.1758320e+003  6.7200000e+002
  1.1763800e+003  5.4800000e+002
  1.1768640e+003  4.8400000e+002
  1.1774760e+003  6.1200000e+002
  1.1782080e+003  7.3200000e+002
  1.1790440e+003  8.3600000e+002
  1.1794840e+003  4.4000000e+002
  1.1800960e+003  6.1200000e+002
  1.1807160e+003  6.2000000e+002
  1.1814560e+003  7.4000000e+002
  1.1820840e+003  6.2800000e+002
  1.1827280e+003  6.4400000e+002
  1.1833720e+003  6.4400000e+002
  1.1840960e+003  7.2400000e+002
  1.1847800e+003  6.8400000e+002
  1.1854560e+003  6.7600000e+002
  1.1860760e+003  6.2000000e+002
  1.1866760e+003  6.0000000e+002
  1.1873400e+003  6.6400000e+002
  1.1880560e+003  7.1600000e+002
  1.1887800e+003  7.2400000e+002
  1.1892960e+003  5.1600000e+002
  1.1900160e+003  7.2000000e+002
  1.1907920e+003  7.7600000e+002
  1.1915080e+003  7.1600000e+002
  1.1922040e+003  6.9600000e+002
  1.1928600e+003  6.5600000e+002
  1.1935120e+003  6.5200000e+002
  1.1942000e+003  6.8800000e+002
  1.1948880e+003  6.8800000e+002
  1.1955400e+003  6.5200000e+002
  1.1961480e+003  6.0800000e+002
  1.1968640e+003  7.1600000e+002
  1.1975080e+003  6.4400000e+002
  1.1981480e+003  6.4000000e+002
  1.1987960e+003  6.4800000e+002
  1.1993880e+003  5.9200000e+002
  1.1999920e+003  6.0400000e+002
  1.2007920e+003  8.0000000e+002
  1.2014120e+003  6.2000000e+002
  1.2020400e+003  6.2800000e+002
  1.2026360e+003  5.9600000e+002
  1.2032640e+003  6.2800000e+002
  1.2037880e+003  5.2400000e+002
  1.2044720e+003  6.8400000e+002
  1.2051680e+003  6.9600000e+002
  1.2058560e+003  6.8800000e+002
  1.2065160e+003  6.6000000e+002
  1.2072440e+003  7.2800000e+002
  1.2079640e+003  7.2000000e+002
  1.2087240e+003  7.6000000e+002
  1.2093520e+003  6.2800000e+002
  1.2100600e+003  7.0800000e+002
  1.2106360e+003  5.7600000e+002
  1.2113480e+003  7.1200000e+002
  1.2120400e+003  6.9200000e+002
  1.2127280e+003  6.8800000e+002
  1.2133120e+003  5.8400000e+002
  1.2138840e+003  5.7200000e+002
  1.2144800e+003  5.9600000e+002
  1.2151600e+003  6.8000000e+002
  1.2155800e+003  4.2000000e+002
  1.2162480e+003  6.6800000e+002
  1.2167120e+003  4.6400000e+002
  1.2176160e+003  9.0400000e+002
  1.2180600e+003  4.4400000e+002
  1.2187120e+003  6.5200000e+002
  1.2193240e+003  6.1200000e+002
  1.2199320e+003  6.0800000e+002
  1.2205920e+003  6.6000000e+002
  1.2212240e+003  6.3200000e+002
  1.2218080e+003  5.8400000e+002
  1.2225200e+003  7.1200000e+002
  1.2230720e+003  5.5200000e+002
  1.2237280e+003  6.5600000e+002
  1.2244240e+003  6.9600000e+002
  1.2251240e+003  7.0000000e+002
  1.2259000e+003  7.7600000e+002
  1.2265320e+003  6.3200000e+002
  1.2271280e+003  5.9600000e+002
  1.2276440e+003  5.1600000e+002
  1.2283000e+003  6.5600000e+002
  1.2288320e+003  5.3200000e+002
  1.2293960e+003  5.6400000e+002
  1.2299880e+003  5.9200000e+002
  1.2305680e+003  5.8000000e+002
  1.2313320e+003  7.6400000e+002
  1.2319240e+003  5.9200000e+002
  1.2325080e+003  5.8400000e+002
  1.2330920e+003  5.8400000e+002
  1.2336560e+003  5.6400000e+002
  1.2343840e+003  7.2800000e+002
  1.2349160e+003  5.3200000e+002
  1.2355920e+003  6.7600000e+002
  1.2360480e+003  4.5600000e+002
  1.2366240e+003  5.7600000e+002
  1.2373640e+003  7.4000000e+002
  1.2381080e+003  7.4400000e+002
  1.2387960e+003  6.8800000e+002
  1.2395080e+003  7.1200000e+002
  1.2401400e+003  6.3200000e+002
  1.2407000e+003  5.6000000e+002
  1.2413200e+003  6.2000000e+002
  1.2420240e+003  7.0400000e+002
  1.2426400e+003  6.1600000e+002
  1.2432680e+003  6.2800000e+002
  1.2439720e+003  7.0400000e+002
  1.2445760e+003  6.0400000e+002
  1.2453520e+003  7.7600000e+002
  1.2460520e+003  7.0000000e+002
  1.2466920e+003  6.4000000e+002
  1.2473440e+003  6.5200000e+002
  1.2480200e+003  6.7600000e+002
  1.2488000e+003  7.8000000e+002
  1.2494800e+003  6.8000000e+002
  1.2500480e+003  5.6800000e+002
  1.2505040e+003  4.5600000e+002
  1.2510320e+003  5.2800000e+002
  1.2516400e+003  6.0800000e+002
  1.2521600e+003  5.2000000e+002
  1.2528840e+003  7.2400000e+002
  1.2535560e+003  6.7200000e+002
  1.2541680e+003  6.1200000e+002
  1.2548480e+003  6.8000000e+002
  1.2554040e+003  5.5600000e+002
  1.2559680e+003  5.6400000e+002
  1.2565640e+003  5.9600000e+002
  1.2571680e+003  6.0400000e+002
  1.2578600e+003  6.9200000e+002
  1.2586560e+003  7.9600000e+002
  1.2592680e+003  6.1200000e+002
  1.2600360e+003  7.6800000e+002
  1.2606200e+003  5.8400000e+002
  1.2611760e+003  5.5600000e+002
  1.2617040e+003  5.2800000e+002
  1.2622840e+003  5.8000000e+002
  1.2630000e+003  7.1600000e+002
  1.2637760e+003  7.7600000e+002
  1.2644120e+003  6.3600000e+002
  1.2650600e+003  6.4800000e+002
  1.2661200e+003  1.0600000e+003
  1.2667440e+003  6.2400000e+002
  1.2674000e+003  6.5600000e+002
  1.2681200e+003  7.2000000e+002
  1.2688560e+003  7.3600000e+002
  1.2696520e+003  7.9600000e+002
  1.2702360e+003  5.8400000e+002
  1.2709200e+003  6.8400000e+002
  1.2716720e+003  7.5200000e+002
  1.2722800e+003  6.0800000e+002
  1.2727920e+003  5.1200000e+002
  1.2732480e+003  4.5600000e+002
  1.2738600e+003  6.1200000e+002
  1.2744280e+003  5.6800000e+002
  1.2749960e+003  5.6800000e+002
  1.2756320e+003  6.3600000e+002
  1.2762120e+003  5.8000000e+002
  1.2770080e+003  7.9600000e+002
  1.2775840e+003  5.7600000e+002
  1.2782560e+003  6.7200000e+002
  1.2789520e+003  6.9600000e+002
  1.2795360e+003  5.8400000e+002
  1.2801600e+003  6.2400000e+002
  1.2808280e+003  6.6800000e+002
  1.2815160e+003  6.8800000e+002
  1.2821680e+003  6.5200000e+002
  1.2827640e+003  5.9600000e+002
  1.2834040e+003  6.4000000e+002
  1.2839200e+003  5.1600000e+002
  1.2846160e+003  6.9600000e+002
  1.2851160e+003  5.0000000e+002
  1.2859000e+003  7.8400000e+002
  1.2863200e+003  4.2000000e+002
  1.2871040e+003  7.8400000e+002
  1.2878200e+003  7.1600000e+002
  1.2885000e+003  6.8000000e+002
  1.2892240e+003  7.2400000e+002
  1.2899120e+003  6.8800000e+002
  1.2905160e+003  6.0400000e+002
  1.2911240e+003  6.0800000e+002
  1.2918520e+003  7.2800000e+002
  1.2924880e+003  6.3600000e+002
  1.2931880e+003  7.0000000e+002
  1.2937840e+003  5.9600000e+002
  1.2944960e+003  7.1200000e+002
  1.2952120e+003  7.1600000e+002
  1.2956920e+003  4.8000000e+002
  1.2963360e+003  6.4400000e+002
  1.2967520e+003  4.1600000e+002
  1.2972280e+003  4.7600000e+002
  1.2977720e+003  5.4400000e+002
  1.2984120e+003  6.4000000e+002
  1.2990480e+003  6.3600000e+002
  1.2995600e+003  5.1200000e+002
  1.3001160e+003  5.5600000e+002
  1.3006160e+003  5.0000000e+002
  1.3013040e+003  6.8800000e+002
  1.3017640e+003  4.6000000e+002
  1.3024200e+003  6.5600000e+002
  1.3028760e+003  4.5600000e+002
  1.3036160e+003  1.1960000e+003
  1.3048000e+003  1.1840000e+003
  1.3052680e+003  4.6800000e+002
  1.3060600e+003  7.9200000e+002
  1.3066880e+003  6.2800000e+002
  1.3072880e+003  6.0000000e+002
  1.3081040e+003  8.1600000e+002
  1.3087240e+003  6.2000000e+002
  1.3094320e+003  7.0800000e+002
  1.3099560e+003  5.2400000e+002
  1.3105720e+003  6.1600000e+002
  1.3112080e+003  6.3600000e+002
  1.3117160e+003  5.0800000e+002
  1.3123160e+003  6.0000000e+002
  1.3129600e+003  6.4400000e+002
  1.3136120e+003  6.5200000e+002
  1.3142560e+003  6.4400000e+002
  1.3149520e+003  6.9600000e+002
  1.3155440e+003  5.9200000e+002
  1.3162080e+003  6.6400000e+002
  1.3169360e+003  7.2800000e+002
  1.3175920e+003  6.5600000e+002
  1.3182120e+003  6.2000000e+002
  1.3188600e+003  6.4800000e+002
  1.3195640e+003  7.0400000e+002
  1.3201320e+003  5.6800000e+002
  1.3206640e+003  5.3200000e+002
  1.3213360e+003  6.7200000e+002
  1.3219920e+003  6.5600000e+002
  1.3226560e+003  6.6400000e+002
  1.3232280e+003  5.7200000e+002
  1.3238480e+003  6.2000000e+002
  1.3245200e+003  6.7200000e+002
  1.3252280e+003  7.0800000e+002
  1.3257800e+003  5.5200000e+002
  1.3264480e+003  6.6800000e+002
  1.3270720e+003  6.2400000e+002
  1.3278000e+003  7.2800000e+002
  1.3283360e+003  5.3600000e+002
  1.3291000e+003  7.6400000e+002
  1.3297760e+003  6.7600000e+002
  1.3303160e+003  5.4000000e+002
  1.3310160e+003  7.0000000e+002
  1.3316480e+003  6.3200000e+002
  1.3322960e+003  6.4800000e+002
  1.3330320e+003  7.3600000e+002
  1.3338240e+003  7.9200000e+002
  1.3344520e+003  6.2800000e+002
  1.3351240e+003  6.7200000e+002
  1.3357640e+003  6.4000000e+002
  1.3364960e+003  7.3200000e+002
  1.3371120e+003  6.1600000e+002
  1.3376480e+003  5.3600000e+002
  1.3381000e+003  4.5200000e+002
  1.3387880e+003  6.8800000e+002
  1.3392760e+003  4.8800000e+002
  1.3398840e+003  6.0800000e+002
  1.3403400e+003  4.5600000e+002
  1.3412800e+003  9.4000000e+002
  1.3417240e+003  4.4400000e+002
  1.3425080e+003  7.8400000e+002
  1.3429880e+003  4.8000000e+002
  1.3436080e+003  6.2000000e+002
  1.3441120e+003  5.0400000e+002
  1.3449160e+003  8.0400000e+002
  1.3454000e+003  4.8400000e+002
  1.3461160e+003  7.1600000e+002
  1.3469800e+003  8.6400000e+002
  1.3479520e+003  9.7200000e+002
  1.3486160e+003  6.6400000e+002
  1.3492680e+003  6.5200000e+002
  1.3500800e+003  8.1200000e+002
  1.3507800e+003  7.0000000e+002
  1.3513160e+003  5.3600000e+002
  1.3520880e+003  7.7200000e+002
  1.3527160e+003  6.2800000e+002
  1.3532640e+003  5.4800000e+002
  1.3538360e+003  5.7200000e+002
  1.3544520e+003  6.1600000e+002
  1.3551920e+003  7.4000000e+002
  1.3558720e+003  6.8000000e+002
  1.3564840e+003  6.1200000e+002
  1.3571960e+003  7.1200000e+002
  1.3578720e+003  6.7600000e+002
  1.3585080e+003  6.3600000e+002
  1.3590840e+003  5.7600000e+002
  1.3595400e+003  4.5600000e+002
  1.3601360e+003  5.9600000e+002
  1.3605800e+003  4.4400000e+002
  1.3614480e+003  8.6800000e+002
  1.3618840e+003  4.3600000e+002
  1.3626760e+003  7.9200000e+002
  1.3639760e+003  1.3000000e+003
  1.3650800e+003  1.1040000e+003
  1.3659680e+003  8.8800000e+002
  1.3666360e+003  6.6800000e+002
  1.3673320e+003  6.9600000e+002
  1.3680320e+003  7.0000000e+002
  1.3685600e+003  5.2800000e+002
  1.3690960e+003  5.3600000e+002
  1.3697120e+003  6.1600000e+002
  1.3703880e+003  6.7600000e+002
  1.3711040e+003  7.1600000e+002
  1.3716880e+003  5.8400000e+002
  1.3722480e+003  5.6000000e+002
  1.3728720e+003  6.2400000e+002
  1.3735960e+003  7.2400000e+002
  1.3742560e+003  6.6000000e+002
  1.3748680e+003  6.1200000e+002
  1.3754440e+003  5.7600000e+002
  1.3762120e+003  7.6800000e+002
  1.3768320e+003  6.2000000e+002
  1.3772200e+003  3.8800000e+002
  1.3778880e+003  6.6800000e+002
  1.3783800e+003  4.9200000e+002
  1.3791320e+003  7.5200000e+002
  1.3795920e+003  4.6000000e+002
  1.3802000e+003  6.0800000e+002
  1.3808560e+003  6.5600000e+002
  1.3816840e+003  8.2800000e+002
  1.3822440e+003  5.6000000e+002
  1.3829280e+003  6.8400000e+002
  1.3836040e+003  6.7600000e+002
  1.3841800e+003  5.7600000e+002
  1.3851800e+003  1.0000000e+003
  1.3856520e+003  4.7200000e+002
  1.3865120e+003  8.6000000e+002
  1.3878560e+003  1.3440000e+003
  1.3890120e+003  1.1560000e+003
  1.3897520e+003  7.4000000e+002
  1.3903920e+003  6.4000000e+002
  1.3911120e+003  7.2000000e+002
  1.3916320e+003  5.2000000e+002
  1.3922160e+003  5.8400000e+002
  1.3929440e+003  7.2800000e+002
  1.3936480e+003  7.0400000e+002
  1.3942840e+003  6.3600000e+002
  1.3949240e+003  6.4000000e+002
  1.3955520e+003  6.2800000e+002
  1.3961760e+003  6.2400000e+002
  1.3965960e+003  4.2000000e+002
  1.3974320e+003  8.3600000e+002
  1.3978480e+003  4.1600000e+002
  1.3987600e+003  9.1200000e+002
  1.3992040e+003  4.4400000e+002
  1.4000880e+003  8.8400000e+002
  1.4013880e+003  1.3000000e+003
  1.4025120e+003  1.1240000e+003
  1.4031320e+003  6.2000000e+002
  1.4037640e+003  6.3200000e+002
  1.4044520e+003  6.8800000e+002
  1.4049480e+003  4.9600000e+002
  1.4056680e+003  7.2000000e+002
  1.4063680e+003  7.0000000e+002
  1.4069920e+003  6.2400000e+002
  1.4076600e+003  6.6800000e+002
  1.4084440e+003  7.8400000e+002
  1.4090640e+003  6.2000000e+002
  1.4097400e+003  6.7600000e+002
  1.4104640e+003  7.2400000e+002
  1.4112280e+003  7.6400000e+002
  1.4118680e+003  6.4000000e+002
  1.4123760e+003  5.0800000e+002
  1.4129280e+003  5.5200000e+002
  1.4136000e+003  6.7200000e+002
  1.4141600e+003  5.6000000e+002
  1.4147440e+003  5.8400000e+002
  1.4154200e+003  6.7600000e+002
  1.4159200e+003  5.0000000e+002
  1.4165360e+003  6.1600000e+002
  1.4173560e+003  8.2000000e+002
  1.4181000e+003  7.4400000e+002
  1.4187320e+003  6.3200000e+002
  1.4193800e+003  6.4800000e+002
  1.4200040e+003  6.2400000e+002
  1.4207080e+003  7.0400000e+002
  1.4215080e+003  8.0000000e+002
  1.4221240e+003  6.1600000e+002
  1.4228040e+003  6.8000000e+002
  1.4234400e+003  6.3600000e+002
  1.4241000e+003  6.6000000e+002
  1.4246720e+003  5.7200000e+002
  1.4253600e+003  6.8800000e+002
  1.4260200e+003  6.6000000e+002
  1.4265000e+003  4.8000000e+002
  1.4270560e+003  5.5600000e+002
  1.4278480e+003  7.9200000e+002
  1.4284040e+003  5.5600000e+002
  1.4289480e+003  5.4400000e+002
  1.4295240e+003  5.7600000e+002
  1.4300920e+003  5.6800000e+002
  1.4307680e+003  6.7600000e+002
  1.4315000e+003  7.3200000e+002
  1.4321920e+003  6.9200000e+002
  1.4326560e+003  4.6400000e+002
  1.4332800e+003  6.2400000e+002
  1.4340000e+003  7.2000000e+002
  1.4345720e+003  5.7200000e+002
  1.4353080e+003  7.3600000e+002
  1.4358920e+003  5.8400000e+002
  1.4365400e+003  6.4800000e+002
  1.4371760e+003  6.3600000e+002
  1.4379720e+003  7.9600000e+002
  1.4387400e+003  7.6800000e+002
  1.4394800e+003  7.4000000e+002
  1.4400720e+003  5.9200000e+002
  1.4405760e+003  5.0400000e+002
  1.4412120e+003  6.3600000e+002
  1.4419560e+003  7.4400000e+002
  1.4426760e+003  7.2000000e+002
  1.4434760e+003  8.0000000e+002
  1.4440760e+003  6.0000000e+002
  1.4445680e+003  4.9200000e+002
  1.4450960e+003  5.2800000e+002
  1.4456680e+003  5.7200000e+002
  1.4463480e+003  6.8000000e+002
  1.4470920e+003  7.4400000e+002
  1.4477240e+003  6.3200000e+002
  1.4484280e+003  7.0400000e+002
  1.4491360e+003  7.0800000e+002
  1.4496560e+003  5.2000000e+002
  1.4503680e+003  7.1200000e+002
  1.4509640e+003  5.9600000e+002
  1.4515800e+003  6.1600000e+002
  1.4521960e+003  6.1600000e+002
  1.4528680e+003  6.7200000e+002
  1.4535720e+003  7.0400000e+002
  1.4542280e+003  6.5600000e+002
  1.4548120e+003  5.8400000e+002
  1.4554680e+003  6.5600000e+002
  1.4560400e+003  5.7200000e+002
  1.4566800e+003  6.4000000e+002
  1.4572240e+003  5.4400000e+002
  1.4579400e+003  7.1600000e+002
  1.4586680e+003  7.2800000e+002
  1.4593560e+003  6.8800000e+002
  1.4598080e+003  4.5200000e+002
  1.4604760e+003  6.6800000e+002
  1.4609480e+003  4.7200000e+002
  1.4615880e+003  6.4000000e+002
  1.4620280e+003  4.4000000e+002
  1.4630280e+003  1.0000000e+003
  1.4642040e+003  1.1760000e+003
  1.4648160e+003  6.1200000e+002
  1.4655320e+003  7.1600000e+002
  1.4662160e+003  6.8400000e+002
  1.4668800e+003  6.6400000e+002
  1.4675440e+003  6.6400000e+002
  1.4681040e+003  5.6000000e+002
  1.4687360e+003  6.3200000e+002
  1.4696160e+003  8.8000000e+002
  1.4702360e+003  6.2000000e+002
  1.4709440e+003  7.0800000e+002
  1.4715960e+003  6.5200000e+002
  1.4721760e+003  5.8000000e+002
  1.4728040e+003  6.2800000e+002
  1.4733360e+003  5.3200000e+002
  1.4739480e+003  6.1200000e+002
  1.4746080e+003  6.6000000e+002
  1.4751160e+003  5.0800000e+002
  1.4756240e+003  5.0800000e+002
  1.4762520e+003  6.2800000e+002
  1.4769320e+003  6.8000000e+002
  1.4776360e+003  7.0400000e+002
  1.4783040e+003  6.6800000e+002
  1.4790360e+003  7.3200000e+002
  1.4795440e+003  5.0800000e+002
  1.4801720e+003  6.2800000e+002
  1.4807640e+003  5.9200000e+002
  1.4813760e+003  6.1200000e+002
  1.4820520e+003  6.7600000e+002
  1.4826800e+003  6.2800000e+002
  1.4833080e+003  6.2800000e+002
  1.4839120e+003  6.0400000e+002
  1.4845200e+003  6.0800000e+002
  1.4851760e+003  6.5600000e+002
  1.4858800e+003  7.0400000e+002
  1.4864560e+003  5.7600000e+002
  1.4873040e+003  8.4800000e+002
  1.4878440e+003  5.4000000e+002
  1.4885240e+003  6.8000000e+002
  1.4890680e+003  5.4400000e+002
  1.4897560e+003  6.8800000e+002
  1.4904520e+003  6.9600000e+002
  1.4912000e+003  7.4800000e+002
  1.4918960e+003  6.9600000e+002
  1.4925320e+003  6.3600000e+002
  1.4932400e+003  7.0800000e+002
  1.4938320e+003  5.9200000e+002
  1.4945360e+003  7.0400000e+002
  1.4952960e+003  7.6000000e+002
  1.4959800e+003  6.8400000e+002
  1.4967840e+003  8.0400000e+002
  1.4974360e+003  6.5200000e+002
  1.4981200e+003  6.8400000e+002
  1.4987440e+003  6.2400000e+002
  1.4993800e+003  6.3600000e+002
  1.4998520e+003  4.7200000e+002
  1.5004000e+003  5.4800000e+002
  1.5009520e+003  5.5200000e+002
  1.5014680e+003  5.1600000e+002
  1.5020800e+003  6.1200000e+002
  1.5026600e+003  5.8000000e+002
  1.5033320e+003  6.7200000e+002
  1.5039480e+003  6.1600000e+002
  1.5046280e+003  6.8000000e+002
  1.5052800e+003  6.5200000e+002
  1.5059800e+003  7.0000000e+002
  1.5065840e+003  6.0400000e+002
  1.5072840e+003  7.0000000e+002
  1.5077920e+003  5.0800000e+002
  1.5083880e+003  5.9600000e+002
  1.5089760e+003  5.8800000e+002
  1.5095600e+003  5.8400000e+002
  1.5101680e+003  6.0800000e+002
  1.5107800e+003  6.1200000e+002
  1.5113520e+003  5.7200000e+002
  1.5119720e+003  6.2000000e+002
  1.5126000e+003  6.2800000e+002
  1.5131760e+003  5.7600000e+002
  1.5138320e+003  6.5600000e+002
  1.5146160e+003  7.8400000e+002
  1.5152560e+003  6.4000000e+002
  1.5159280e+003  6.7200000e+002
  1.5165560e+003  6.2800000e+002
  1.5172320e+003  6.7600000e+002
  1.5178200e+003  5.8800000e+002
  1.5185440e+003  7.2400000e+002
  1.5192720e+003  7.2800000e+002
  1.5200320e+003  7.6000000e+002
  1.5205640e+003  5.3200000e+002
  1.5211720e+003  6.0800000e+002
  1.5217880e+003  6.1600000e+002
  1.5223880e+003  6.0000000e+002
  1.5231520e+003  7.6400000e+002
  1.5239600e+003  8.0800000e+002
  1.5246560e+003  6.9600000e+002
  1.5255080e+003  8.5200000e+002
  1.5262440e+003  7.3600000e+002
  1.5270520e+003  8.0800000e+002
  1.5276440e+003  5.9200000e+002
  1.5282560e+003  6.1200000e+002
  1.5289520e+003  6.9600000e+002
  1.5293960e+003  4.4400000e+002
  1.5300400e+003  6.4400000e+002
  1.5305280e+003  4.8800000e+002
  1.5311040e+003  5.7600000e+002
  1.5315600e+003  4.5600000e+002
  1.5321560e+003  5.9600000e+002
  1.5326200e+003  4.6400000e+002
  1.5333800e+003  7.6000000e+002
  1.5338080e+003  4.2800000e+002
  1.5342440e+003  4.3600000e+002
  1.5350600e+003  8.1600000e+002
  1.5362280e+003  1.1680000e+003
  1.5374320e+003  1.2040000e+003
  1.5384720e+003  1.0400000e+003
  1.5390800e+003  6.0800000e+002
  1.5397160e+003  6.3600000e+002
  1.5403520e+003  6.3600000e+002
  1.5408240e+003  4.7200000e+002
  1.5414400e+003  6.1600000e+002
  1.5420600e+003  6.2000000e+002
  1.5426240e+003  5.6400000e+002
  1.5432280e+003  6.0400000e+002
  1.5439560e+003  7.2800000e+002
  1.5446040e+003  6.4800000e+002
  1.5453400e+003  7.3600000e+002
  1.5460080e+003  6.6800000e+002
  1.5465000e+003  4.9200000e+002
  1.5471280e+003  6.2800000e+002
  1.5476920e+003  5.6400000e+002
  1.5482840e+003  5.9200000e+002
  1.5488640e+003  5.8000000e+002
  1.5495320e+003  6.6800000e+002
  1.5501560e+003  6.2400000e+002
  1.5507800e+003  6.2400000e+002
  1.5514240e+003  6.4400000e+002
  1.5520960e+003  6.7200000e+002
  1.5526360e+003  5.4000000e+002
  1.5530720e+003  4.3600000e+002
  1.5535720e+003  5.0000000e+002
  1.5543440e+003  7.7200000e+002
  1.5549040e+003  5.6000000e+002
  1.5555040e+003  6.0000000e+002
  1.5561360e+003  6.3200000e+002
  1.5568880e+003  7.5200000e+002
  1.5575120e+003  6.2400000e+002
  1.5581840e+003  6.7200000e+002
  1.5589040e+003  7.2000000e+002
  1.5595920e+003  6.8800000e+002
  1.5602920e+003  7.0000000e+002
  1.5610240e+003  7.3200000e+002
  1.5616800e+003  6.5600000e+002
  1.5623320e+003  6.5200000e+002
  1.5628520e+003  5.2000000e+002
  1.5634720e+003  6.2000000e+002
  1.5642400e+003  7.6800000e+002
  1.5648880e+003  6.4800000e+002
  1.5654040e+003  5.1600000e+002
  1.5660080e+003  6.0400000e+002
  1.5667520e+003  7.4400000e+002
  1.5674200e+003  6.6800000e+002
  1.5680440e+003  6.2400000e+002
  1.5687960e+003  7.5200000e+002
  1.5695240e+003  7.2800000e+002
  1.5701080e+003  5.8400000e+002
  1.5708080e+003  7.0000000e+002
  1.5714200e+003  6.1200000e+002
  1.5721600e+003  7.4000000e+002
  1.5728840e+003  7.2400000e+002
  1.5735960e+003  7.1200000e+002
  1.5742440e+003  6.4800000e+002
  1.5748480e+003  6.0400000e+002
  1.5756000e+003  7.5200000e+002
  1.5763600e+003  7.6000000e+002
  1.5770600e+003  7.0000000e+002
  1.5777480e+003  6.8800000e+002
  1.5783960e+003  6.4800000e+002
  1.5789680e+003  5.7200000e+002
  1.5796240e+003  6.5600000e+002
  1.5802440e+003  6.2000000e+002
  1.5809200e+003  6.7600000e+002
  1.5814840e+003  5.6400000e+002
  1.5822440e+003  7.6000000e+002
  1.5829600e+003  7.1600000e+002
  1.5835520e+003  5.9200000e+002
  1.5842240e+003  6.7200000e+002
  1.5848120e+003  5.8800000e+002
  1.5853760e+003  5.6400000e+002
  1.5860040e+003  6.2800000e+002
  1.5865680e+003  5.6400000e+002
  1.5871600e+003  5.9200000e+002
  1.5877400e+003  5.8000000e+002
  1.5883120e+003  5.7200000e+002
  1.5888960e+003  5.8400000e+002
  1.5894960e+003  6.0000000e+002
  1.5901840e+003  6.8800000e+002
  1.5907720e+003  5.8800000e+002
  1.5913840e+003  6.1200000e+002
  1.5920520e+003  6.6800000e+002
  1.5927320e+003  6.8000000e+002
  1.5933600e+003  6.2800000e+002
  1.5939720e+003  6.1200000e+002
  1.5946160e+003  6.4400000e+002
  1.5952800e+003  6.6400000e+002
  1.5958000e+003  5.2000000e+002
  1.5963720e+003  5.7200000e+002
  1.5970280e+003  6.5600000e+002
  1.5975480e+003  5.2000000e+002
  1.5981800e+003  6.3200000e+002
  1.5986960e+003  5.1600000e+002
  1.5992760e+003  5.8000000e+002
  1.5997760e+003  5.0000000e+002
  1.6002920e+003  5.1600000e+002
  1.6009320e+003  6.4000000e+002
  1.6017520e+003  8.2000000e+002
  1.6022240e+003  4.7200000e+002
  1.6029640e+003  7.4000000e+002
  1.6034240e+003  4.6000000e+002
  1.6041760e+003  7.5200000e+002
  1.6052440e+003  1.0680000e+003
  1.6059400e+003  6.9600000e+002
  1.6066200e+003  6.8000000e+002
  1.6072160e+003  5.9600000e+002
  1.6078240e+003  6.0800000e+002
  1.6084320e+003  6.0800000e+002
  1.6090960e+003  6.6400000e+002
  1.6096920e+003  5.9600000e+002
  1.6103840e+003  6.9200000e+002
  1.6108720e+003  4.8800000e+002
  1.6115640e+003  6.9200000e+002
  1.6120280e+003  4.6400000e+002
  1.6127240e+003  6.9600000e+002
  1.6131320e+003  4.0800000e+002
  1.6137400e+003  6.0800000e+002
  1.6144080e+003  6.6800000e+002
  1.6150480e+003  6.4000000e+002
  1.6157720e+003  7.2400000e+002
  1.6163800e+003  6.0800000e+002
  1.6171160e+003  7.3600000e+002
  1.6175840e+003  4.6800000e+002
  1.6182240e+003  6.4000000e+002
  1.6188440e+003  6.2000000e+002
  1.6195520e+003  7.0800000e+002
  1.6201640e+003  6.1200000e+002
  1.6207960e+003  6.3200000e+002
  1.6214520e+003  6.5600000e+002
  1.6220400e+003  5.8800000e+002
  1.6225720e+003  5.3200000e+002
  1.6232000e+003  6.2800000e+002
  1.6238520e+003  6.5200000e+002
  1.6246000e+003  7.4800000e+002
  1.6253320e+003  7.3200000e+002
  1.6259120e+003  5.8000000e+002
  1.6265960e+003  6.8400000e+002
  1.6273720e+003  7.7600000e+002
  1.6277720e+003  4.0000000e+002
  1.6286400e+003  8.6800000e+002
  1.6290560e+003  4.1600000e+002
  1.6297080e+003  6.5200000e+002
  1.6302520e+003  5.4400000e+002
  1.6308720e+003  6.2000000e+002
  1.6314680e+003  5.9600000e+002
  1.6321440e+003  6.7600000e+002
  1.6327440e+003  6.0000000e+002
  1.6333360e+003  5.9200000e+002
  1.6338880e+003  5.5200000e+002
  1.6345880e+003  7.0000000e+002
  1.6352800e+003  6.9200000e+002
  1.6358560e+003  5.7600000e+002
  1.6364920e+003  6.3600000e+002
  1.6371680e+003  6.7600000e+002
  1.6379200e+003  7.5200000e+002
  1.6385880e+003  6.6800000e+002
  1.6391560e+003  5.6800000e+002
  1.6400000e+003  8.4400000e+002
  1.6406760e+003  6.7600000e+002
  1.6412560e+003  5.8000000e+002
  1.6417720e+003  5.1600000e+002
  1.6425040e+003  7.3200000e+002
  1.6431480e+003  6.4400000e+002
  1.6438160e+003  6.6800000e+002
  1.6444680e+003  6.5200000e+002
  1.6451720e+003  7.0400000e+002
  1.6457920e+003  6.2000000e+002
  1.6464560e+003  6.6400000e+002
  1.6471240e+003  6.6800000e+002
  1.6478160e+003  6.9200000e+002
  1.6483800e+003  5.6400000e+002
  1.6490640e+003  6.8400000e+002
  1.6497040e+003  6.4000000e+002
  1.6504320e+003  7.2800000e+002
  1.6511040e+003  6.7200000e+002
  1.6517920e+003  6.8800000e+002
  1.6525720e+003  7.8000000e+002
  1.6530440e+003  4.7200000e+002
  1.6537040e+003  6.6000000e+002
  1.6544160e+003  7.1200000e+002
  1.6550880e+003  6.7200000e+002
  1.6557680e+003  6.8000000e+002
  1.6564040e+003  6.3600000e+002
  1.6570200e+003  6.1600000e+002
  1.6574800e+003  4.6000000e+002
  1.6580400e+003  5.6000000e+002
  1.6587200e+003  6.8000000e+002
  1.6593280e+003  6.0800000e+002
  1.6598800e+003  5.5200000e+002
  1.6605240e+003  6.4400000e+002
  1.6612040e+003  6.8000000e+002
  1.6618320e+003  6.2800000e+002
  1.6625240e+003  6.9200000e+002
  1.6632080e+003  6.8400000e+002
  1.6637600e+003  5.5200000e+002
  1.6643320e+003  5.7200000e+002
  1.6649040e+003  5.7200000e+002
  1.6654680e+003  5.6400000e+002
  1.6661920e+003  7.2400000e+002
  1.6669040e+003  7.1200000e+002
  1.6675240e+003  6.2000000e+002
  1.6682440e+003  7.2000000e+002
  1.6688280e+003  5.8400000e+002
  1.6694880e+003  6.6000000e+002
  1.6700480e+003  5.6000000e+002
  1.6706560e+003  6.0800000e+002
  1.6713880e+003  7.3200000e+002
  1.6719840e+003  5.9600000e+002
  1.6726840e+003  7.0000000e+002
  1.6733560e+003  6.7200000e+002
  1.6741760e+003  8.2000000e+002
  1.6747440e+003  5.6800000e+002
  1.6754760e+003  7.3200000e+002
  1.6760720e+003  5.9600000e+002
  1.6766680e+003  5.9600000e+002
  1.6772680e+003  6.0000000e+002
  1.6779560e+003  6.8800000e+002
  1.6785800e+003  6.2400000e+002
  1.6792520e+003  6.7200000e+002
  1.6799120e+003  6.6000000e+002
  1.6805960e+003  6.8400000e+002
  1.6811680e+003  5.7200000e+002
  1.6818840e+003  7.1600000e+002
  1.6825360e+003  6.5200000e+002
  1.6832120e+003  6.7600000e+002
  1.6839200e+003  7.0800000e+002
  1.6845920e+003  6.7200000e+002
  1.6853360e+003  7.4400000e+002
  1.6861080e+003  7.7200000e+002
  1.6867080e+003  6.0000000e+002
  1.6873000e+003  5.9200000e+002
  1.6879120e+003  6.1200000e+002
  1.6887080e+003  7.9600000e+002
  1.6893080e+003  6.0000000e+002
  1.6898200e+003  5.1200000e+002
  1.6903320e+003  5.1200000e+002
  1.6910680e+003  7.3600000e+002
  1.6916120e+003  5.4400000e+002
  1.6922160e+003  6.0400000e+002
  1.6929280e+003  7.1200000e+002
  1.6935920e+003  6.6400000e+002
  1.6943120e+003  7.2000000e+002
  1.6949480e+003  6.3600000e+002
  1.6954400e+003  4.9200000e+002
  1.6961920e+003  7.5200000e+002
  1.6966680e+003  4.7600000e+002
  1.6975640e+003  8.9600000e+002
  1.6980440e+003  4.8000000e+002
  1.6987360e+003  6.9200000e+002
  1.6994800e+003  7.4400000e+002
  1.7001200e+003  6.4000000e+002
  1.7009080e+003  7.8800000e+002
  1.7015200e+003  6.1200000e+002
  1.7022360e+003  7.1600000e+002
  1.7029160e+003  6.8000000e+002
  1.7035480e+003  6.3200000e+002
  1.7042360e+003  6.8800000e+002
  1.7049280e+003  6.9200000e+002
  1.7056560e+003  7.2800000e+002
  1.7063200e+003  6.6400000e+002
  1.7070240e+003  7.0400000e+002
  1.7076760e+003  6.5200000e+002
  1.7084920e+003  8.1600000e+002
  1.7091520e+003  6.6000000e+002
  1.7097480e+003  5.9600000e+002
  1.7104440e+003  6.9600000e+002
  1.7110800e+003  6.3600000e+002
  1.7116160e+003  5.3600000e+002
  1.7123320e+003  7.1600000e+002
  1.7132000e+003  8.6800000e+002
  1.7138440e+003  6.4400000e+002
  1.7144440e+003  6.0000000e+002
  1.7153480e+003  9.0400000e+002
  1.7160360e+003  6.8800000e+002
  1.7165960e+003  5.6000000e+002
  1.7172760e+003  6.8000000e+002
  1.7178920e+003  6.1600000e+002
  1.7186200e+003  7.2800000e+002
  1.7192880e+003  6.6800000e+002
  1.7197920e+003  5.0400000e+002
  1.7205760e+003  7.8400000e+002
  1.7213040e+003  7.2800000e+002
  1.7217360e+003  4.3200000e+002
  1.7225520e+003  8.1600000e+002
  1.7230160e+003  4.6400000e+002
  1.7237400e+003  7.2400000e+002
  1.7244200e+003  6.8000000e+002
  1.7251280e+003  7.0800000e+002
  1.7257160e+003  5.8800000e+002
  1.7263880e+003  6.7200000e+002
  1.7275960e+003  1.2080000e+003
  1.7280760e+003  4.8000000e+002
  1.7288360e+003  7.6000000e+002
  1.7293120e+003  4.7600000e+002
  1.7302280e+003  9.1600000e+002
  1.7313440e+003  1.1160000e+003
  1.7321480e+003  8.0400000e+002
  1.7327680e+003  6.2000000e+002
  1.7335400e+003  7.7200000e+002
  1.7342760e+003  7.3600000e+002
  1.7348680e+003  5.9200000e+002
  1.7355520e+003  6.8400000e+002
  1.7360920e+003  5.4000000e+002
  1.7368640e+003  7.7200000e+002
  1.7376360e+003  7.7200000e+002
  1.7382480e+003  6.1200000e+002
  1.7387400e+003  4.9200000e+002
  1.7393680e+003  6.2800000e+002
  1.7400000e+003  6.3200000e+002
  1.7406000e+003  6.0000000e+002
  1.7411480e+003  5.4800000e+002
  1.7417280e+003  5.8000000e+002
  1.7423920e+003  6.6400000e+002
  1.7430680e+003  6.7600000e+002
  1.7438160e+003  7.4800000e+002
  1.7443760e+003  5.6000000e+002
  1.7449240e+003  5.4800000e+002
  1.7456120e+003  6.8800000e+002
  1.7463280e+003  7.1600000e+002
  1.7470120e+003  6.8400000e+002
  1.7477640e+003  7.5200000e+002
  1.7483600e+003  5.9600000e+002
  1.7490720e+003  7.1200000e+002
  1.7496200e+003  5.4800000e+002
  1.7502200e+003  6.0000000e+002
  1.7509640e+003  7.4400000e+002
  1.7515400e+003  5.7600000e+002
  1.7521880e+003  6.4800000e+002
  1.7528520e+003  6.6400000e+002
  1.7536600e+003  8.0800000e+002
  1.7543480e+003  6.8800000e+002
  1.7549760e+003  6.2800000e+002
  1.7556520e+003  6.7600000e+002
  1.7561320e+003  4.8000000e+002
  1.7568480e+003  7.1600000e+002
  1.7573800e+003  5.3200000e+002
  1.7579280e+003  5.4800000e+002
  1.7585120e+003  5.8400000e+002
  1.7591480e+003  6.3600000e+002
  1.7598120e+003  6.6400000e+002
  1.7604720e+003  6.6000000e+002
  1.7610880e+003  6.1600000e+002
  1.7617680e+003  6.8000000e+002
  1.7624160e+003  6.4800000e+002
  1.7630520e+003  6.3600000e+002
  1.7636320e+003  5.8000000e+002
  1.7643120e+003  6.8000000e+002
  1.7649120e+003  6.0000000e+002
  1.7655640e+003  6.5200000e+002
  1.7661480e+003  5.8400000e+002
  1.7668120e+003  6.6400000e+002
  1.7675040e+003  6.9200000e+002
  1.7681520e+003  6.4800000e+002
  1.7688520e+003  7.0000000e+002
  1.7695720e+003  7.2000000e+002
  1.7703360e+003  7.6400000e+002
  1.7710800e+003  7.4400000e+002
  1.7716280e+003  5.4800000e+002
  1.7723080e+003  6.8000000e+002
  1.7729080e+003  6.0000000e+002
  1.7735360e+003  6.2800000e+002
  1.7739120e+003  3.7600000e+002
  1.7743840e+003  4.7200000e+002
  1.7751920e+003  8.0800000e+002
  1.7756840e+003  4.9200000e+002
  1.7765320e+003  8.4800000e+002
  1.7777080e+003  1.1760000e+003
  1.7784360e+003  7.2800000e+002
  1.7790480e+003  6.1200000e+002
  1.7796760e+003  6.2800000e+002
  1.7802040e+003  5.2800000e+002
  1.7806400e+003  4.3600000e+002
  1.7812080e+003  5.6800000e+002
  1.7818160e+003  6.0800000e+002
  1.7823480e+003  5.3200000e+002
  1.7833480e+003  1.0000000e+003
  1.7838120e+003  4.6400000e+002
  1.7847600e+003  9.4800000e+002
  1.7860120e+003  1.2520000e+003
  1.7866360e+003  6.2400000e+002
  1.7872640e+003  6.2800000e+002
  1.7880080e+003  7.4400000e+002
  1.7886760e+003  6.6800000e+002
  1.7892840e+003  6.0800000e+002
  1.7899960e+003  7.1200000e+002
  1.7906880e+003  6.9200000e+002
  1.7913000e+003  6.1200000e+002
  1.7919400e+003  6.4000000e+002
  1.7926880e+003  7.4800000e+002
  1.7933280e+003  6.4000000e+002
  1.7940200e+003  6.9200000e+002
  1.7946240e+003  6.0400000e+002
  1.7953120e+003  6.8800000e+002
  1.7959880e+003  6.7600000e+002
  1.7966360e+003  6.4800000e+002
  1.7973440e+003  7.0800000e+002
  1.7979080e+003  5.6400000e+002
