  1.5400000e+000  6.6800000e+002
  2.2120000e+000  6.7200000e+002
  2.8920000e+000  6.8000000e+002
  3.5760000e+000  6.8400000e+002
  4.2560000e+000  6.8000000e+002
  4.9160000e+000  6.6000000e+002
  5.5640000e+000  6.4800000e+002
  6.2480000e+000  6.8400000e+002
  6.9080000e+000  6.6000000e+002
  7.5720000e+000  6.6400000e+002
  8.2360000e+000  6.6400000e+002
  8.9120000e+000  6.7600000e+002
  9.5960000e+000  6.8400000e+002
  1.0260000e+001  6.6400000e+002
  1.0928000e+001  6.6800000e+002
  1.1596000e+001  6.6800000e+002
  1.2248000e+001  6.5200000e+002
  1.2896000e+001  6.4800000e+002
  1.3532000e+001  6.3600000e+002
  1.4184000e+001  6.5200000e+002
  1.4836000e+001  6.5200000e+002
  1.5484000e+001  6.4800000e+002
  1.6136000e+001  6.5200000e+002
  1.6796000e+001  6.6000000e+002
  1.7488000e+001  6.9200000e+002
  1.8200000e+001  7.1200000e+002
  1.8864000e+001  6.6400000e+002
  1.9540000e+001  6.7600000e+002
  2.0224000e+001  6.8400000e+002
  2.0892000e+001  6.6800000e+002
  2.1592000e+001  7.0000000e+002
  2.2216000e+001  6.2400000e+002
  2.2888000e+001  6.7200000e+002
  2.3532000e+001  6.4400000e+002
  2.4172000e+001  6.4000000e+002
  2.4832000e+001  6.6000000e+002
  2.5252000e+001  4.2000000e+002
  2.6104000e+001  8.5200000e+002
  2.6736000e+001  6.3200000e+002
  2.7368000e+001  6.3200000e+002
  2.8000000e+001  6.3200000e+002
  2.8648000e+001  6.4800000e+002
  2.9304000e+001  6.5600000e+002
  2.9988000e+001  6.8400000e+002
  3.0692000e+001  7.0400000e+002
  3.1392000e+001  7.0000000e+002
  3.2092000e+001  7.0000000e+002
  3.2804000e+001  7.1200000e+002
  3.3528000e+001  7.2400000e+002
  3.4192000e+001  6.6400000e+002
  3.4872000e+001  6.8000000e+002
  3.5532000e+001  6.6000000e+002
  3.6204000e+001  6.7200000e+002
  3.6852000e+001  6.4800000e+002
  3.7480000e+001  6.2800000e+002
  3.8172000e+001  6.9200000e+002
  3.8856000e+001  6.8400000e+002
  3.9508000e+001  6.5200000e+002
  4.0192000e+001  6.8400000e+002
  4.0872000e+001  6.8000000e+002
  4.1552000e+001  6.8000000e+002
  4.2236000e+001  6.8400000e+002
  4.2940000e+001  7.0400000e+002
  4.3648000e+001  7.0800000e+002
  4.4344000e+001  6.9600000e+002
  4.5044000e+001  7.0000000e+002
  4.5748000e+001  7.0400000e+002
  4.6452000e+001  7.0400000e+002
  4.7140000e+001  6.8800000e+002
  4.7824000e+001  6.8400000e+002
  4.8500000e+001  6.7600000e+002
  4.9136000e+001  6.3600000e+002
  4.9832000e+001  6.9600000e+002
  5.0500000e+001  6.6800000e+002
  5.1188000e+001  6.8800000e+002
  5.1896000e+001  7.0800000e+002
  5.2548000e+001  6.5200000e+002
  5.3272000e+001  7.2400000e+002
  5.3992000e+001  7.2000000e+002
  5.4712000e+001  7.2000000e+002
  5.5420000e+001  7.0800000e+002
  5.6136000e+001  7.1600000e+002
  5.6848000e+001  7.1200000e+002
  5.7544000e+001  6.9600000e+002
  5.8244000e+001  7.0000000e+002
  5.8944000e+001  7.0000000e+002
  5.9644000e+001  7.0000000e+002
  6.0332000e+001  6.8800000e+002
  6.1020000e+001  6.8800000e+002
  6.1724000e+001  7.0400000e+002
  6.2424000e+001  7.0000000e+002
  6.3120000e+001  6.9600000e+002
  6.3820000e+001  7.0000000e+002
  6.4548000e+001  7.2800000e+002
  6.5264000e+001  7.1600000e+002
  6.5964000e+001  7.0000000e+002
  6.6672000e+001  7.0800000e+002
  6.7396000e+001  7.2400000e+002
  6.8100000e+001  7.0400000e+002
  6.8808000e+001  7.0800000e+002
  6.9512000e+001  7.0400000e+002
  7.0228000e+001  7.1600000e+002
  7.0940000e+001  7.1200000e+002
  7.1648000e+001  7.0800000e+002
  7.2360000e+001  7.1200000e+002
  7.3068000e+001  7.0800000e+002
  7.3772000e+001  7.0400000e+002
  7.4480000e+001  7.0800000e+002
  7.5216000e+001  7.3600000e+002
  7.5888000e+001  6.7200000e+002
  7.6580000e+001  6.9200000e+002
  7.7288000e+001  7.0800000e+002
  7.7996000e+001  7.0800000e+002
  7.8688000e+001  6.9200000e+002
  7.9376000e+001  6.8800000e+002
  8.0068000e+001  6.9200000e+002
  8.0764000e+001  6.9600000e+002
  8.1456000e+001  6.9200000e+002
  8.2152000e+001  6.9600000e+002
  8.2856000e+001  7.0400000e+002
  8.3564000e+001  7.0800000e+002
  8.4272000e+001  7.0800000e+002
  8.4984000e+001  7.1200000e+002
  8.5708000e+001  7.2400000e+002
  8.6436000e+001  7.2800000e+002
  8.7144000e+001  7.0800000e+002
  8.7860000e+001  7.1600000e+002
  8.8580000e+001  7.2000000e+002
  8.9292000e+001  7.1200000e+002
  8.9992000e+001  7.0000000e+002
  9.0692000e+001  7.0000000e+002
  9.1404000e+001  7.1200000e+002
  9.2100000e+001  6.9600000e+002
  9.2796000e+001  6.9600000e+002
  9.3508000e+001  7.1200000e+002
  9.4220000e+001  7.1200000e+002
  9.4928000e+001  7.0800000e+002
  9.5632000e+001  7.0400000e+002
  9.6360000e+001  7.2800000e+002
  9.7080000e+001  7.2000000e+002
  9.7796000e+001  7.1600000e+002
  9.8520000e+001  7.2400000e+002
  9.9252000e+001  7.3200000e+002
  9.9964000e+001  7.1200000e+002
  1.0067200e+002  7.0800000e+002
  1.0138800e+002  7.1600000e+002
  1.0208400e+002  6.9600000e+002
  1.0278800e+002  7.0400000e+002
  1.0349600e+002  7.0800000e+002
  1.0424000e+002  7.4400000e+002
  1.0492000e+002  6.8000000e+002
  1.0562800e+002  7.0800000e+002
  1.0634400e+002  7.1600000e+002
  1.0706800e+002  7.2400000e+002
  1.0778800e+002  7.2000000e+002
  1.0849600e+002  7.0800000e+002
  1.0922000e+002  7.2400000e+002
  1.0992800e+002  7.0800000e+002
  1.1064400e+002  7.1600000e+002
  1.1135600e+002  7.1200000e+002
  1.1207600e+002  7.2000000e+002
  1.1277600e+002  7.0000000e+002
  1.1348400e+002  7.0800000e+002
  1.1420000e+002  7.1600000e+002
  1.1490800e+002  7.0800000e+002
  1.1560000e+002  6.9200000e+002
  1.1630800e+002  7.0800000e+002
  1.1701600e+002  7.0800000e+002
  1.1771200e+002  6.9600000e+002
  1.1840400e+002  6.9200000e+002
  1.1911600e+002  7.1200000e+002
  1.1984000e+002  7.2400000e+002
  1.2054400e+002  7.0400000e+002
  1.2125200e+002  7.0800000e+002
  1.2196400e+002  7.1200000e+002
  1.2267600e+002  7.1200000e+002
  1.2337600e+002  7.0000000e+002
  1.2408400e+002  7.0800000e+002
  1.2480400e+002  7.2000000e+002
  1.2551600e+002  7.1200000e+002
  1.2623600e+002  7.2000000e+002
  1.2695600e+002  7.2000000e+002
  1.2767600e+002  7.2000000e+002
  1.2838800e+002  7.1200000e+002
  1.2910400e+002  7.1600000e+002
  1.2982400e+002  7.2000000e+002
  1.3053600e+002  7.1200000e+002
  1.3123600e+002  7.0000000e+002
  1.3194800e+002  7.1200000e+002
  1.3266000e+002  7.1200000e+002
  1.3336800e+002  7.0800000e+002
  1.3408400e+002  7.1600000e+002
  1.3480400e+002  7.2000000e+002
  1.3551600e+002  7.1200000e+002
  1.3622800e+002  7.1200000e+002
  1.3694400e+002  7.1600000e+002
  1.3765200e+002  7.0800000e+002
  1.3834800e+002  6.9600000e+002
  1.3904000e+002  6.9200000e+002
  1.3974400e+002  7.0400000e+002
  1.4045200e+002  7.0800000e+002
  1.4114800e+002  6.9600000e+002
  1.4185200e+002  7.0400000e+002
  1.4257200e+002  7.2000000e+002
  1.4328000e+002  7.0800000e+002
  1.4399200e+002  7.1200000e+002
  1.4471600e+002  7.2400000e+002
  1.4544000e+002  7.2400000e+002
  1.4613200e+002  6.9200000e+002
  1.4685200e+002  7.2000000e+002
  1.4758000e+002  7.2800000e+002
  1.4829200e+002  7.1200000e+002
  1.4899200e+002  7.0000000e+002
  1.4970800e+002  7.1600000e+002
  1.5041200e+002  7.0400000e+002
  1.5111600e+002  7.0400000e+002
  1.5182000e+002  7.0400000e+002
  1.5256000e+002  7.4000000e+002
  1.5325200e+002  6.9200000e+002
  1.5396000e+002  7.0800000e+002
  1.5468400e+002  7.2400000e+002
  1.5540800e+002  7.2400000e+002
  1.5612800e+002  7.2000000e+002
  1.5685200e+002  7.2400000e+002
  1.5756800e+002  7.1600000e+002
  1.5828800e+002  7.2000000e+002
  1.5900000e+002  7.1200000e+002
  1.5970400e+002  7.0400000e+002
  1.6046000e+002  7.5600000e+002
  1.6114000e+002  6.8000000e+002
  1.6184800e+002  7.0800000e+002
  1.6256400e+002  7.1600000e+002
  1.6328400e+002  7.2000000e+002
  1.6398800e+002  7.0400000e+002
  1.6471600e+002  7.2800000e+002
  1.6546000e+002  7.4400000e+002
  1.6620800e+002  7.4800000e+002
  1.6690000e+002  6.9200000e+002
  1.6762400e+002  7.2400000e+002
  1.6834800e+002  7.2400000e+002
  1.6904400e+002  6.9600000e+002
  1.6975600e+002  7.1200000e+002
  1.7026000e+002  5.0400000e+002
  1.7071600e+002  4.5600000e+002
  1.7117200e+002  4.5600000e+002
  1.7188000e+002  7.0800000e+002
  1.7260800e+002  7.2800000e+002
  1.7332400e+002  7.1600000e+002
  1.7404000e+002  7.1600000e+002
  1.7477200e+002  7.3200000e+002
  1.7550800e+002  7.3600000e+002
  1.7622400e+002  7.1600000e+002
  1.7694000e+002  7.1600000e+002
  1.7767200e+002  7.3200000e+002
  1.7840000e+002  7.2800000e+002
  1.7911600e+002  7.1600000e+002
  1.7984000e+002  7.2400000e+002
  1.8057600e+002  7.3600000e+002
  1.8130800e+002  7.3200000e+002
  1.8203200e+002  7.2400000e+002
  1.8276800e+002  7.3600000e+002
  1.8349600e+002  7.2800000e+002
  1.8421200e+002  7.1600000e+002
  1.8493600e+002  7.2400000e+002
  1.8564400e+002  7.0800000e+002
  1.8638400e+002  7.4000000e+002
  1.8711600e+002  7.3200000e+002
  1.8786000e+002  7.4400000e+002
  1.8858400e+002  7.2400000e+002
  1.8930800e+002  7.2400000e+002
  1.9004400e+002  7.3600000e+002
  1.9078400e+002  7.4000000e+002
  1.9150800e+002  7.2400000e+002
  1.9222800e+002  7.2000000e+002
  1.9297200e+002  7.4400000e+002
  1.9369200e+002  7.2000000e+002
  1.9441600e+002  7.2400000e+002
  1.9514400e+002  7.2800000e+002
  1.9586000e+002  7.1600000e+002
  1.9657200e+002  7.1200000e+002
  1.9728800e+002  7.1600000e+002
  1.9802400e+002  7.3600000e+002
  1.9875600e+002  7.3200000e+002
  1.9947200e+002  7.1600000e+002
  2.0020000e+002  7.2800000e+002
  2.0092000e+002  7.2000000e+002
  2.0163600e+002  7.1600000e+002
  2.0235200e+002  7.1600000e+002
  2.0308400e+002  7.3200000e+002
  2.0380800e+002  7.2400000e+002
  2.0452400e+002  7.1600000e+002
  2.0525200e+002  7.2800000e+002
  2.0598000e+002  7.2800000e+002
  2.0670000e+002  7.2000000e+002
  2.0743600e+002  7.3600000e+002
  2.0816000e+002  7.2400000e+002
  2.0891600e+002  7.5600000e+002
  2.0965200e+002  7.3600000e+002
  2.1039200e+002  7.4000000e+002
  2.1113200e+002  7.4000000e+002
  2.1186000e+002  7.2800000e+002
  2.1259600e+002  7.3600000e+002
  2.1333600e+002  7.4000000e+002
  2.1404000e+002  7.0400000e+002
  2.1478400e+002  7.4400000e+002
  2.1550400e+002  7.2000000e+002
  2.1621600e+002  7.1200000e+002
  2.1690800e+002  6.9200000e+002
  2.1760400e+002  6.9600000e+002
  2.1836400e+002  7.6000000e+002
  2.1906800e+002  7.0400000e+002
  2.1980000e+002  7.3200000e+002
  2.2055600e+002  7.5600000e+002
  2.2131600e+002  7.6000000e+002
  2.2206000e+002  7.4400000e+002
  2.2280800e+002  7.4800000e+002
  2.2356000e+002  7.5200000e+002
  2.2430000e+002  7.4000000e+002
  2.2503600e+002  7.3600000e+002
  2.2578000e+002  7.4400000e+002
  2.2651600e+002  7.3600000e+002
  2.2724400e+002  7.2800000e+002
  2.2797600e+002  7.3200000e+002
  2.2870400e+002  7.2800000e+002
  2.2943600e+002  7.3200000e+002
  2.3016000e+002  7.2400000e+002
  2.3089600e+002  7.3600000e+002
  2.3162400e+002  7.2800000e+002
  2.3234400e+002  7.2000000e+002
  2.3309600e+002  7.5200000e+002
  2.3382800e+002  7.3200000e+002
  2.3456400e+002  7.3600000e+002
  2.3528800e+002  7.2400000e+002
  2.3604400e+002  7.5600000e+002
  2.3678400e+002  7.4000000e+002
  2.3750400e+002  7.2000000e+002
  2.3823600e+002  7.3200000e+002
  2.3896400e+002  7.2800000e+002
  2.3966800e+002  7.0400000e+002
  2.4038400e+002  7.1600000e+002
  2.4110400e+002  7.2000000e+002
  2.4181600e+002  7.1200000e+002
  2.4252400e+002  7.0800000e+002
  2.4324000e+002  7.1600000e+002
  2.4395600e+002  7.1600000e+002
  2.4467600e+002  7.2000000e+002
  2.4538800e+002  7.1200000e+002
  2.4610400e+002  7.1600000e+002
  2.4682400e+002  7.2000000e+002
  2.4753600e+002  7.1200000e+002
  2.4825200e+002  7.1600000e+002
  2.4897600e+002  7.2400000e+002
  2.4968800e+002  7.1200000e+002
  2.5040000e+002  7.1200000e+002
  2.5112400e+002  7.2400000e+002
  2.5184800e+002  7.2400000e+002
  2.5254800e+002  7.0000000e+002
  2.5326800e+002  7.2000000e+002
  2.5399600e+002  7.2800000e+002
  2.5470800e+002  7.1200000e+002
  2.5541200e+002  7.0400000e+002
  2.5612800e+002  7.1600000e+002
  2.5683600e+002  7.0800000e+002
  2.5753600e+002  7.0000000e+002
  2.5826000e+002  7.2400000e+002
  2.5898000e+002  7.2000000e+002
  2.5969600e+002  7.1600000e+002
  2.6042400e+002  7.2800000e+002
  2.6116800e+002  7.4400000e+002
  2.6189600e+002  7.2800000e+002
  2.6261600e+002  7.2000000e+002
  2.6335600e+002  7.4000000e+002
  2.6408000e+002  7.2400000e+002
  2.6480400e+002  7.2400000e+002
  2.6551600e+002  7.1200000e+002
  2.6624400e+002  7.2800000e+002
  2.6696800e+002  7.2400000e+002
  2.6767600e+002  7.0800000e+002
  2.6839200e+002  7.1600000e+002
  2.6911200e+002  7.2000000e+002
  2.6981600e+002  7.0400000e+002
  2.7052800e+002  7.1200000e+002
  2.7126400e+002  7.3600000e+002
  2.7199600e+002  7.3200000e+002
  2.7271600e+002  7.2000000e+002
  2.7344800e+002  7.3200000e+002
  2.7417200e+002  7.2400000e+002
  2.7489200e+002  7.2000000e+002
  2.7561600e+002  7.2400000e+002
  2.7634400e+002  7.2800000e+002
  2.7704800e+002  7.0400000e+002
  2.7775600e+002  7.0800000e+002
  2.7847200e+002  7.1600000e+002
  2.7919200e+002  7.2000000e+002
  2.7990000e+002  7.0800000e+002
  2.8061200e+002  7.1200000e+002
  2.8132400e+002  7.1200000e+002
  2.8203600e+002  7.1200000e+002
  2.8274400e+002  7.0800000e+002
  2.8345200e+002  7.0800000e+002
  2.8417200e+002  7.2000000e+002
  2.8488800e+002  7.1600000e+002
  2.8559600e+002  7.0800000e+002
  2.8631600e+002  7.2000000e+002
  2.8703200e+002  7.1600000e+002
  2.8774400e+002  7.1200000e+002
  2.8847200e+002  7.2800000e+002
  2.8920000e+002  7.2800000e+002
  2.8991200e+002  7.1200000e+002
  2.9063600e+002  7.2400000e+002
  2.9136400e+002  7.2800000e+002
  2.9209600e+002  7.3200000e+002
  2.9280000e+002  7.0400000e+002
  2.9352400e+002  7.2400000e+002
  2.9423600e+002  7.1200000e+002
  2.9496400e+002  7.2800000e+002
  2.9568000e+002  7.1600000e+002
  2.9641200e+002  7.3200000e+002
  2.9713600e+002  7.2400000e+002
  2.9784800e+002  7.1200000e+002
  2.9856400e+002  7.1600000e+002
  2.9929600e+002  7.3200000e+002
  3.0001600e+002  7.2000000e+002
  3.0072400e+002  7.0800000e+002
  3.0145200e+002  7.2800000e+002
  3.0218400e+002  7.3200000e+002
  3.0287200e+002  6.8800000e+002
  3.0362000e+002  7.4800000e+002
  3.0435200e+002  7.3200000e+002
  3.0508400e+002  7.3200000e+002
  3.0581200e+002  7.2800000e+002
  3.0655200e+002  7.4000000e+002
  3.0727600e+002  7.2400000e+002
  3.0800400e+002  7.2800000e+002
  3.0872800e+002  7.2400000e+002
  3.0946400e+002  7.3600000e+002
  3.1019200e+002  7.2800000e+002
  3.1091200e+002  7.2000000e+002
  3.1165200e+002  7.4000000e+002
  3.1238800e+002  7.3600000e+002
  3.1310000e+002  7.1200000e+002
  3.1382400e+002  7.2400000e+002
  3.1454800e+002  7.2400000e+002
  3.1526400e+002  7.1600000e+002
  3.1597200e+002  7.0800000e+002
  3.1669600e+002  7.2400000e+002
  3.1742000e+002  7.2400000e+002
  3.1816400e+002  7.4400000e+002
  3.1889200e+002  7.2800000e+002
  3.1965200e+002  7.6000000e+002
  3.2039200e+002  7.4000000e+002
  3.2111200e+002  7.2000000e+002
  3.2183600e+002  7.2400000e+002
  3.2258400e+002  7.4800000e+002
  3.2331200e+002  7.2800000e+002
  3.2402000e+002  7.0800000e+002
  3.2474400e+002  7.2400000e+002
  3.2546400e+002  7.2000000e+002
  3.2617200e+002  7.0800000e+002
  3.2688000e+002  7.0800000e+002
  3.2759600e+002  7.1600000e+002
  3.2829600e+002  7.0000000e+002
  3.2901200e+002  7.1600000e+002
  3.2969600e+002  6.8400000e+002
  3.3045200e+002  7.5600000e+002
  3.3119200e+002  7.4000000e+002
  3.3192000e+002  7.2800000e+002
  3.3265200e+002  7.3200000e+002
  3.3340400e+002  7.5200000e+002
  3.3414000e+002  7.3600000e+002
  3.3486400e+002  7.2400000e+002
  3.3561200e+002  7.4800000e+002
  3.3635200e+002  7.4000000e+002
  3.3708000e+002  7.2800000e+002
  3.3780400e+002  7.2400000e+002
  3.3853600e+002  7.3200000e+002
  3.3926800e+002  7.3200000e+002
  3.3998400e+002  7.1600000e+002
  3.4070800e+002  7.2400000e+002
  3.4145600e+002  7.4800000e+002
  3.4218400e+002  7.2800000e+002
  3.4290400e+002  7.2000000e+002
  3.4363200e+002  7.2800000e+002
  3.4438000e+002  7.4800000e+002
  3.4511200e+002  7.3200000e+002
  3.4584800e+002  7.3600000e+002
  3.4660800e+002  7.6000000e+002
  3.4736000e+002  7.5200000e+002
  3.4810800e+002  7.4800000e+002
  3.4886400e+002  7.5600000e+002
  3.4961600e+002  7.5200000e+002
  3.5034000e+002  7.2400000e+002
  3.5106800e+002  7.2800000e+002
  3.5180400e+002  7.3600000e+002
  3.5251600e+002  7.1200000e+002
  3.5322800e+002  7.1200000e+002
  3.5395200e+002  7.2400000e+002
  3.5468000e+002  7.2800000e+002
  3.5540800e+002  7.2800000e+002
  3.5613600e+002  7.2800000e+002
  3.5687200e+002  7.3600000e+002
  3.5760800e+002  7.3600000e+002
  3.5833600e+002  7.2800000e+002
  3.5906400e+002  7.2800000e+002
  3.5978000e+002  7.1600000e+002
  3.6052800e+002  7.4800000e+002
  3.6124800e+002  7.2000000e+002
  3.6198000e+002  7.3200000e+002
  3.6270800e+002  7.2800000e+002
  3.6342400e+002  7.1600000e+002
  3.6415200e+002  7.2800000e+002
  3.6488800e+002  7.3600000e+002
  3.6562400e+002  7.3600000e+002
  3.6634400e+002  7.2000000e+002
  3.6706800e+002  7.2400000e+002
  3.6778800e+002  7.2000000e+002
  3.6850800e+002  7.2000000e+002
  3.6922000e+002  7.1200000e+002
  3.6994400e+002  7.2400000e+002
  3.7066000e+002  7.1600000e+002
  3.7137600e+002  7.1600000e+002
  3.7208800e+002  7.1200000e+002
  3.7282800e+002  7.4000000e+002
  3.7356400e+002  7.3600000e+002
  3.7428400e+002  7.2000000e+002
  3.7499600e+002  7.1200000e+002
  3.7575600e+002  7.6000000e+002
  3.7648000e+002  7.2400000e+002
  3.7722400e+002  7.4400000e+002
  3.7796800e+002  7.4400000e+002
  3.7869200e+002  7.2400000e+002
  3.7942800e+002  7.3600000e+002
  3.8016000e+002  7.3200000e+002
  3.8088800e+002  7.2800000e+002
  3.8158800e+002  7.0000000e+002
  3.8231600e+002  7.2800000e+002
  3.8303200e+002  7.1600000e+002
  3.8372000e+002  6.8800000e+002
  3.8444400e+002  7.2400000e+002
  3.8516400e+002  7.2000000e+002
  3.8588000e+002  7.1600000e+002
  3.8658800e+002  7.0800000e+002
  3.8730800e+002  7.2000000e+002
  3.8804400e+002  7.3600000e+002
  3.8876400e+002  7.2000000e+002
  3.8948000e+002  7.1600000e+002
  3.9017200e+002  6.9200000e+002
  3.9090400e+002  7.3200000e+002
  3.9159200e+002  6.8800000e+002
  3.9227200e+002  6.8000000e+002
  3.9299200e+002  7.2000000e+002
  3.9369600e+002  7.0400000e+002
  3.9438800e+002  6.9200000e+002
  3.9512800e+002  7.4000000e+002
  3.9587200e+002  7.4400000e+002
  3.9659600e+002  7.2400000e+002
  3.9733600e+002  7.4000000e+002
  3.9808000e+002  7.4400000e+002
  3.9880800e+002  7.2800000e+002
  3.9952400e+002  7.1600000e+002
  4.0026400e+002  7.4000000e+002
  4.0098400e+002  7.2000000e+002
  4.0168400e+002  7.0000000e+002
  4.0240400e+002  7.2000000e+002
  4.0311600e+002  7.1200000e+002
  4.0381200e+002  6.9600000e+002
  4.0450000e+002  6.8800000e+002
  4.0519600e+002  6.9600000e+002
  4.0588800e+002  6.9200000e+002
  4.0659200e+002  7.0400000e+002
  4.0728000e+002  6.8800000e+002
  4.0796400e+002  6.8400000e+002
  4.0864800e+002  6.8400000e+002
  4.0934800e+002  7.0000000e+002
  4.1004400e+002  6.9600000e+002
  4.1072800e+002  6.8400000e+002
  4.1142800e+002  7.0000000e+002
  4.1214400e+002  7.1600000e+002
  4.1282400e+002  6.8000000e+002
  4.1351600e+002  6.9200000e+002
  4.1420800e+002  6.9200000e+002
  4.1489200e+002  6.8400000e+002
  4.1557600e+002  6.8400000e+002
  4.1622800e+002  6.5200000e+002
  4.1693600e+002  7.0800000e+002
  4.1764000e+002  7.0400000e+002
  4.1833200e+002  6.9200000e+002
  4.1904400e+002  7.1200000e+002
  4.1978400e+002  7.4000000e+002
  4.2050800e+002  7.2400000e+002
  4.2122800e+002  7.2000000e+002
  4.2200400e+002  7.7600000e+002
  4.2278000e+002  7.7600000e+002
  4.2352400e+002  7.4400000e+002
  4.2426400e+002  7.4000000e+002
  4.2499200e+002  7.2800000e+002
  4.2576400e+002  7.7200000e+002
  4.2649200e+002  7.2800000e+002
  4.2722000e+002  7.2800000e+002
  4.2796000e+002  7.4000000e+002
  4.2868800e+002  7.2800000e+002
  4.2941200e+002  7.2400000e+002
  4.3013200e+002  7.2000000e+002
  4.3087200e+002  7.4000000e+002
  4.3158400e+002  7.1200000e+002
  4.3232000e+002  7.3600000e+002
  4.3306000e+002  7.4000000e+002
  4.3378000e+002  7.2000000e+002
  4.3452000e+002  7.4000000e+002
  4.3524400e+002  7.2400000e+002
  4.3600000e+002  7.5600000e+002
  4.3674000e+002  7.4000000e+002
  4.3747200e+002  7.3200000e+002
  4.3820400e+002  7.3200000e+002
  4.3895200e+002  7.4800000e+002
  4.3968400e+002  7.3200000e+002
  4.4038000e+002  6.9600000e+002
  4.4114800e+002  7.6800000e+002
  4.4188400e+002  7.3600000e+002
  4.4262000e+002  7.3600000e+002
  4.4336000e+002  7.4000000e+002
  4.4409200e+002  7.3200000e+002
  4.4480000e+002  7.0800000e+002
  4.4553200e+002  7.3200000e+002
  4.4625600e+002  7.2400000e+002
  4.4697200e+002  7.1600000e+002
  4.4768000e+002  7.0800000e+002
  4.4840000e+002  7.2000000e+002
  4.4914000e+002  7.4000000e+002
  4.4987200e+002  7.3200000e+002
  4.5061200e+002  7.4000000e+002
  4.5137200e+002  7.6000000e+002
  4.5212000e+002  7.4800000e+002
  4.5287200e+002  7.5200000e+002
  4.5362000e+002  7.4800000e+002
  4.5436800e+002  7.4800000e+002
  4.5510000e+002  7.3200000e+002
  4.5582800e+002  7.2800000e+002
  4.5656000e+002  7.3200000e+002
  4.5728800e+002  7.2800000e+002
  4.5801200e+002  7.2400000e+002
  4.5875600e+002  7.4400000e+002
  4.5950000e+002  7.4400000e+002
  4.6024000e+002  7.4000000e+002
  4.6098000e+002  7.4000000e+002
  4.6174400e+002  7.6400000e+002
  4.6248000e+002  7.3600000e+002
  4.6320800e+002  7.2800000e+002
  4.6395600e+002  7.4800000e+002
  4.6470000e+002  7.4400000e+002
  4.6544000e+002  7.4000000e+002
  4.6617600e+002  7.3600000e+002
  4.6690800e+002  7.3200000e+002
  4.6764800e+002  7.4000000e+002
  4.6836800e+002  7.2000000e+002
  4.6909600e+002  7.2800000e+002
  4.6982000e+002  7.2400000e+002
  4.7053600e+002  7.1600000e+002
  4.7128000e+002  7.4400000e+002
  4.7202000e+002  7.4000000e+002
  4.7276800e+002  7.4800000e+002
  4.7348400e+002  7.1600000e+002
  4.7424800e+002  7.6400000e+002
  4.7501200e+002  7.6400000e+002
  4.7579200e+002  7.8000000e+002
  4.7654400e+002  7.5200000e+002
  4.7730400e+002  7.6000000e+002
  4.7807200e+002  7.6800000e+002
  4.7881600e+002  7.4400000e+002
  4.7955200e+002  7.3600000e+002
  4.8029200e+002  7.4000000e+002
  4.8103600e+002  7.4400000e+002
  4.8177200e+002  7.3600000e+002
  4.8251600e+002  7.4400000e+002
  4.8327600e+002  7.6000000e+002
  4.8403200e+002  7.5600000e+002
  4.8476000e+002  7.2800000e+002
  4.8553600e+002  7.7600000e+002
  4.8629200e+002  7.5600000e+002
  4.8702400e+002  7.3200000e+002
  4.8776400e+002  7.4000000e+002
  4.8852400e+002  7.6000000e+002
  4.8927600e+002  7.5200000e+002
  4.9003200e+002  7.5600000e+002
  4.9078800e+002  7.5600000e+002
  4.9154400e+002  7.5600000e+002
  4.9228800e+002  7.4400000e+002
  4.9305200e+002  7.6400000e+002
  4.9380000e+002  7.4800000e+002
  4.9456800e+002  7.6800000e+002
  4.9531200e+002  7.4400000e+002
  4.9606400e+002  7.5200000e+002
  4.9681200e+002  7.4800000e+002
  4.9757200e+002  7.6000000e+002
  4.9832400e+002  7.5200000e+002
  4.9907600e+002  7.5200000e+002
  4.9979200e+002  7.1600000e+002
  5.0055600e+002  7.6400000e+002
  5.0129600e+002  7.4000000e+002
  5.0203600e+002  7.4000000e+002
  5.0275600e+002  7.2000000e+002
  5.0348000e+002  7.2400000e+002
  5.0422400e+002  7.4400000e+002
  5.0496000e+002  7.3600000e+002
  5.0568400e+002  7.2400000e+002
  5.0639600e+002  7.1200000e+002
  5.0715200e+002  7.5600000e+002
  5.0788400e+002  7.3200000e+002
  5.0860800e+002  7.2400000e+002
  5.0933200e+002  7.2400000e+002
  5.1004800e+002  7.1600000e+002
  5.1078000e+002  7.3200000e+002
  5.1147200e+002  6.9200000e+002
  5.1222400e+002  7.5200000e+002
  5.1295200e+002  7.2800000e+002
  5.1366800e+002  7.1600000e+002
  5.1437600e+002  7.0800000e+002
  5.1510400e+002  7.2800000e+002
  5.1584400e+002  7.4000000e+002
  5.1656800e+002  7.2400000e+002
  5.1730800e+002  7.4000000e+002
  5.1806400e+002  7.5600000e+002
  5.1881200e+002  7.4800000e+002
  5.1954400e+002  7.3200000e+002
  5.2027600e+002  7.3200000e+002
  5.2101600e+002  7.4000000e+002
  5.2174400e+002  7.2800000e+002
  5.2245200e+002  7.0800000e+002
  5.2318400e+002  7.3200000e+002
  5.2390800e+002  7.2400000e+002
  5.2466400e+002  7.5600000e+002
  5.2540000e+002  7.3600000e+002
  5.2614400e+002  7.4400000e+002
  5.2688000e+002  7.3600000e+002
  5.2761200e+002  7.3200000e+002
  5.2834800e+002  7.3600000e+002
  5.2906400e+002  7.1600000e+002
  5.2980800e+002  7.4400000e+002
  5.3053600e+002  7.2800000e+002
  5.3124000e+002  7.0400000e+002
  5.3199200e+002  7.5200000e+002
  5.3271200e+002  7.2000000e+002
  5.3344400e+002  7.3200000e+002
  5.3417600e+002  7.3200000e+002
  5.3489200e+002  7.1600000e+002
  5.3560400e+002  7.1200000e+002
  5.3632800e+002  7.2400000e+002
  5.3708400e+002  7.5600000e+002
  5.3783200e+002  7.4800000e+002
  5.3858800e+002  7.5600000e+002
  5.3936800e+002  7.8000000e+002
  5.4013600e+002  7.6800000e+002
  5.4088800e+002  7.5200000e+002
  5.4162000e+002  7.3200000e+002
  5.4240800e+002  7.8800000e+002
  5.4315200e+002  7.4400000e+002
  5.4388400e+002  7.3200000e+002
  5.4463200e+002  7.4800000e+002
  5.4538000e+002  7.4800000e+002
  5.4613200e+002  7.5200000e+002
  5.4686400e+002  7.3200000e+002
  5.4759600e+002  7.3200000e+002
  5.4833600e+002  7.4000000e+002
  5.4909200e+002  7.5600000e+002
  5.4983200e+002  7.4000000e+002
  5.5057600e+002  7.4400000e+002
  5.5135200e+002  7.7600000e+002
  5.5214400e+002  7.9200000e+002
  5.5290000e+002  7.5600000e+002
  5.5369600e+002  7.9600000e+002
  5.5449600e+002  8.0000000e+002
  5.5527600e+002  7.8000000e+002
  5.5604400e+002  7.6800000e+002
  5.5683600e+002  7.9200000e+002
  5.5762000e+002  7.8400000e+002
  5.5837200e+002  7.5200000e+002
  5.5913600e+002  7.6400000e+002
  5.5990800e+002  7.7200000e+002
  5.6065200e+002  7.4400000e+002
  5.6140800e+002  7.5600000e+002
  5.6215600e+002  7.4800000e+002
  5.6292400e+002  7.6800000e+002
  5.6367600e+002  7.5200000e+002
  5.6443600e+002  7.6000000e+002
  5.6519600e+002  7.6000000e+002
  5.6595600e+002  7.6000000e+002
  5.6670400e+002  7.4800000e+002
  5.6745200e+002  7.4800000e+002
  5.6820400e+002  7.5200000e+002
  5.6895200e+002  7.4800000e+002
  5.6968800e+002  7.3600000e+002
  5.7042800e+002  7.4000000e+002
  5.7117200e+002  7.4400000e+002
  5.7191200e+002  7.4000000e+002
  5.7262000e+002  7.0800000e+002
  5.7337600e+002  7.5600000e+002
  5.7411600e+002  7.4000000e+002
  5.7483200e+002  7.1600000e+002
  5.7555200e+002  7.2000000e+002
  5.7628400e+002  7.3200000e+002
  5.7704000e+002  7.5600000e+002
  5.7776000e+002  7.2000000e+002
  5.7848800e+002  7.2800000e+002
  5.7923600e+002  7.4800000e+002
  5.7995600e+002  7.2000000e+002
  5.8067600e+002  7.2000000e+002
  5.8141200e+002  7.3600000e+002
  5.8215600e+002  7.4400000e+002
  5.8288400e+002  7.2800000e+002
  5.8362000e+002  7.3600000e+002
  5.8435200e+002  7.3200000e+002
  5.8506800e+002  7.1600000e+002
  5.8577600e+002  7.0800000e+002
  5.8648000e+002  7.0400000e+002
  5.8719600e+002  7.1600000e+002
  5.8792400e+002  7.2800000e+002
  5.8864400e+002  7.2000000e+002
  5.8940400e+002  7.6000000e+002
  5.9018000e+002  7.7600000e+002
  5.9093600e+002  7.5600000e+002
  5.9169200e+002  7.5600000e+002
  5.9246400e+002  7.7200000e+002
  5.9323600e+002  7.7200000e+002
  5.9397600e+002  7.4000000e+002
  5.9473200e+002  7.5600000e+002
  5.9548800e+002  7.5600000e+002
  5.9624000e+002  7.5200000e+002
  5.9697600e+002  7.3600000e+002
  5.9771200e+002  7.3600000e+002
  5.9844800e+002  7.3600000e+002
  5.9919200e+002  7.4400000e+002
  5.9993200e+002  7.4000000e+002
  6.0067600e+002  7.4400000e+002
  6.0144800e+002  7.7200000e+002
  6.0221600e+002  7.6800000e+002
  6.0296800e+002  7.5200000e+002
  6.0372400e+002  7.5600000e+002
  6.0448800e+002  7.6400000e+002
  6.0522800e+002  7.4000000e+002
  6.0595600e+002  7.2800000e+002
  6.0668800e+002  7.3200000e+002
  6.0744400e+002  7.5600000e+002
  6.0819200e+002  7.4800000e+002
  6.0894800e+002  7.5600000e+002
  6.0972000e+002  7.7200000e+002
  6.1048800e+002  7.6800000e+002
  6.1125600e+002  7.6800000e+002
  6.1202400e+002  7.6800000e+002
  6.1281200e+002  7.8800000e+002
  6.1358800e+002  7.7600000e+002
  6.1435200e+002  7.6400000e+002
  6.1512000e+002  7.6800000e+002
  6.1590000e+002  7.8000000e+002
  6.1664000e+002  7.4000000e+002
  6.1738400e+002  7.4400000e+002
  6.1813200e+002  7.4800000e+002
  6.1886800e+002  7.3600000e+002
  6.1956000e+002  6.9200000e+002
  6.2032800e+002  7.6800000e+002
  6.2107600e+002  7.4800000e+002
  6.2180400e+002  7.2800000e+002
  6.2255200e+002  7.4800000e+002
  6.2330000e+002  7.4800000e+002
  6.2406400e+002  7.6400000e+002
  6.2482400e+002  7.6000000e+002
  6.2556000e+002  7.3600000e+002
  6.2631200e+002  7.5200000e+002
  6.2707200e+002  7.6000000e+002
  6.2781600e+002  7.4400000e+002
  6.2853600e+002  7.2000000e+002
  6.2930400e+002  7.6800000e+002
  6.3005200e+002  7.4800000e+002
  6.3078000e+002  7.2800000e+002
  6.3152000e+002  7.4000000e+002
  6.3223600e+002  7.1600000e+002
  6.3298800e+002  7.5200000e+002
  6.3371200e+002  7.2400000e+002
  6.3443200e+002  7.2000000e+002
  6.3517200e+002  7.4000000e+002
  6.3590000e+002  7.2800000e+002
  6.3660800e+002  7.0800000e+002
  6.3737600e+002  7.6800000e+002
  6.3811200e+002  7.3600000e+002
  6.3883200e+002  7.2000000e+002
  6.3955600e+002  7.2400000e+002
  6.4030000e+002  7.4400000e+002
  6.4102800e+002  7.2800000e+002
  6.4174400e+002  7.1600000e+002
  6.4247600e+002  7.3200000e+002
  6.4320000e+002  7.2400000e+002
  6.4391200e+002  7.1200000e+002
  6.4462000e+002  7.0800000e+002
  6.4536800e+002  7.4800000e+002
  6.4608800e+002  7.2000000e+002
  6.4682000e+002  7.3200000e+002
  6.4754800e+002  7.2800000e+002
  6.4828400e+002  7.3600000e+002
  6.4902400e+002  7.4000000e+002
  6.4973600e+002  7.1200000e+002
  6.5047200e+002  7.3600000e+002
  6.5119600e+002  7.2400000e+002
  6.5191200e+002  7.1600000e+002
  6.5264800e+002  7.3600000e+002
  6.5338400e+002  7.3600000e+002
  6.5410400e+002  7.2000000e+002
  6.5484000e+002  7.3600000e+002
  6.5557600e+002  7.3600000e+002
  6.5631200e+002  7.3600000e+002
  6.5703200e+002  7.2000000e+002
  6.5776400e+002  7.3200000e+002
  6.5850400e+002  7.4000000e+002
  6.5922000e+002  7.1600000e+002
  6.5994000e+002  7.2000000e+002
  6.6066800e+002  7.2800000e+002
  6.6139600e+002  7.2800000e+002
  6.6211600e+002  7.2000000e+002
  6.6284400e+002  7.2800000e+002
  6.6358000e+002  7.3600000e+002
  6.6430000e+002  7.2000000e+002
  6.6502000e+002  7.2000000e+002
  6.6574000e+002  7.2000000e+002
  6.6645200e+002  7.1200000e+002
  6.6716000e+002  7.0800000e+002
  6.6787200e+002  7.1200000e+002
  6.6860000e+002  7.2800000e+002
  6.6932000e+002  7.2000000e+002
  6.7002000e+002  7.0000000e+002
  6.7074000e+002  7.2000000e+002
  6.7146000e+002  7.2000000e+002
  6.7216000e+002  7.0000000e+002
  6.7289600e+002  7.3600000e+002
  6.7361200e+002  7.1600000e+002
  6.7430800e+002  6.9600000e+002
  6.7504000e+002  7.3200000e+002
  6.7575600e+002  7.1600000e+002
  6.7648800e+002  7.3200000e+002
  6.7722800e+002  7.4000000e+002
  6.7794400e+002  7.1600000e+002
  6.7866400e+002  7.2000000e+002
  6.7940400e+002  7.4000000e+002
  6.8015200e+002  7.4800000e+002
  6.8088800e+002  7.3600000e+002
  6.8164000e+002  7.5200000e+002
  6.8240000e+002  7.6000000e+002
  6.8314000e+002  7.4000000e+002
  6.8388000e+002  7.4000000e+002
  6.8464800e+002  7.6800000e+002
  6.8539200e+002  7.4400000e+002
  6.8613200e+002  7.4000000e+002
  6.8686400e+002  7.3200000e+002
  6.8760000e+002  7.3600000e+002
  6.8832800e+002  7.2800000e+002
  6.8904000e+002  7.1200000e+002
  6.8974000e+002  7.0000000e+002
  6.9048400e+002  7.4400000e+002
  6.9120800e+002  7.2400000e+002
  6.9190800e+002  7.0000000e+002
  6.9259200e+002  6.8400000e+002
  6.9327200e+002  6.8000000e+002
  6.9401600e+002  7.4400000e+002
  6.9458000e+002  5.6400000e+002
  6.9519600e+002  6.1600000e+002
  6.9575200e+002  5.5600000e+002
  6.9641200e+002  6.6000000e+002
  6.9681200e+002  4.0000000e+002
  6.9756400e+002  7.5200000e+002
  6.9814000e+002  5.7600000e+002
  6.9870000e+002  5.6000000e+002
  6.9926800e+002  5.6800000e+002
  6.9984000e+002  5.7200000e+002
  7.0042000e+002  5.8000000e+002
  7.0101200e+002  5.9200000e+002
  7.0162000e+002  6.0800000e+002
  7.0224800e+002  6.2800000e+002
  7.0288800e+002  6.4000000e+002
  7.0354800e+002  6.6000000e+002
  7.0422400e+002  6.7600000e+002
  7.0491600e+002  6.9200000e+002
  7.0561200e+002  6.9600000e+002
  7.0632400e+002  7.1200000e+002
  7.0702800e+002  7.0400000e+002
  7.0774000e+002  7.1200000e+002
  7.0844400e+002  7.0400000e+002
  7.0919600e+002  7.5200000e+002
  7.0989600e+002  7.0000000e+002
  7.1057200e+002  6.7600000e+002
  7.1129600e+002  7.2400000e+002
  7.1200800e+002  7.1200000e+002
  7.1273600e+002  7.2800000e+002
  7.1349200e+002  7.5600000e+002
  7.1424000e+002  7.4800000e+002
  7.1499600e+002  7.5600000e+002
  7.1576000e+002  7.6400000e+002
  7.1653200e+002  7.7200000e+002
  7.1730800e+002  7.7600000e+002
  7.1809600e+002  7.8800000e+002
  7.1883200e+002  7.3600000e+002
  7.1960000e+002  7.6800000e+002
  7.2036800e+002  7.6800000e+002
  7.2112000e+002  7.5200000e+002
  7.2186800e+002  7.4800000e+002
  7.2262000e+002  7.5200000e+002
  7.2337200e+002  7.5200000e+002
  7.2410800e+002  7.3600000e+002
  7.2484800e+002  7.4000000e+002
  7.2558800e+002  7.4000000e+002
  7.2633200e+002  7.4400000e+002
  7.2706400e+002  7.3200000e+002
  7.2779200e+002  7.2800000e+002
  7.2852000e+002  7.2800000e+002
  7.2925600e+002  7.3600000e+002
  7.2996800e+002  7.1200000e+002
  7.3061200e+002  6.4400000e+002
  7.3130800e+002  6.9600000e+002
  7.3198000e+002  6.7200000e+002
  7.3266800e+002  6.8800000e+002
  7.3338800e+002  7.2000000e+002
  7.3413600e+002  7.4800000e+002
  7.3486800e+002  7.3200000e+002
  7.3560400e+002  7.3600000e+002
  7.3641200e+002  8.0800000e+002
  7.3716400e+002  7.5200000e+002
  7.3793600e+002  7.7200000e+002
  7.3870400e+002  7.6800000e+002
  7.3946800e+002  7.6400000e+002
  7.4022000e+002  7.5200000e+002
  7.4094400e+002  7.2400000e+002
  7.4169200e+002  7.4800000e+002
  7.4242400e+002  7.3200000e+002
  7.4317200e+002  7.4800000e+002
  7.4390800e+002  7.3600000e+002
  7.4463200e+002  7.2400000e+002
  7.4538000e+002  7.4800000e+002
  7.4613600e+002  7.5600000e+002
  7.4686400e+002  7.2800000e+002
  7.4758400e+002  7.2000000e+002
  7.4831600e+002  7.3200000e+002
  7.4905200e+002  7.3600000e+002
  7.4974000e+002  6.8800000e+002
  7.5045200e+002  7.1200000e+002
  7.5114400e+002  6.9200000e+002
  7.5183200e+002  6.8800000e+002
  7.5253600e+002  7.0400000e+002
  7.5325600e+002  7.2000000e+002
  7.5393200e+002  6.7600000e+002
  7.5470000e+002  7.6800000e+002
  7.5548800e+002  7.8800000e+002
  7.5621200e+002  7.2400000e+002
  7.5698400e+002  7.7200000e+002
  7.5772400e+002  7.4000000e+002
  7.5844400e+002  7.2000000e+002
  7.5920800e+002  7.6400000e+002
  7.5993600e+002  7.2800000e+002
  7.6066000e+002  7.2400000e+002
  7.6135600e+002  6.9600000e+002
  7.6207200e+002  7.1600000e+002
  7.6278800e+002  7.1600000e+002
  7.6349600e+002  7.0800000e+002
  7.6424400e+002  7.4800000e+002
  7.6494800e+002  7.0400000e+002
  7.6568000e+002  7.3200000e+002
  7.6638800e+002  7.0800000e+002
  7.6715200e+002  7.6400000e+002
  7.6788000e+002  7.2800000e+002
  7.6858800e+002  7.0800000e+002
  7.6930800e+002  7.2000000e+002
  7.7001200e+002  7.0400000e+002
  7.7070000e+002  6.8800000e+002
  7.7140400e+002  7.0400000e+002
  7.7213200e+002  7.2800000e+002
  7.7284800e+002  7.1600000e+002
  7.7357200e+002  7.2400000e+002
  7.7429200e+002  7.2000000e+002
  7.7501600e+002  7.2400000e+002
  7.7575600e+002  7.4000000e+002
  7.7648400e+002  7.2800000e+002
  7.7722000e+002  7.3600000e+002
  7.7795200e+002  7.3200000e+002
  7.7867600e+002  7.2400000e+002
  7.7940800e+002  7.3200000e+002
  7.8013200e+002  7.2400000e+002
  7.8084400e+002  7.1200000e+002
  7.8157600e+002  7.3200000e+002
  7.8229200e+002  7.1600000e+002
  7.8300000e+002  7.0800000e+002
  7.8369600e+002  6.9600000e+002
  7.8441200e+002  7.1600000e+002
  7.8512400e+002  7.1200000e+002
  7.8582000e+002  6.9600000e+002
  7.8654400e+002  7.2400000e+002
  7.8724000e+002  6.9600000e+002
  7.8795600e+002  7.1600000e+002
  7.8869200e+002  7.3600000e+002
  7.8937200e+002  6.8000000e+002
  7.9009600e+002  7.2400000e+002
  7.9081200e+002  7.1600000e+002
  7.9152000e+002  7.0800000e+002
  7.9223600e+002  7.1600000e+002
  7.9295200e+002  7.1600000e+002
  7.9368000e+002  7.2800000e+002
  7.9439200e+002  7.1200000e+002
  7.9511200e+002  7.2000000e+002
  7.9582400e+002  7.1200000e+002
  7.9655200e+002  7.2800000e+002
  7.9724400e+002  6.9200000e+002
  7.9793200e+002  6.8800000e+002
  7.9866400e+002  7.3200000e+002
  7.9934800e+002  6.8400000e+002
  8.0003200e+002  6.8400000e+002
  8.0072400e+002  6.9200000e+002
  8.0142400e+002  7.0000000e+002
  8.0213600e+002  7.1200000e+002
  8.0284000e+002  7.0400000e+002
  8.0354000e+002  7.0000000e+002
  8.0424400e+002  7.0400000e+002
  8.0494000e+002  6.9600000e+002
  8.0569600e+002  7.5600000e+002
  8.0642400e+002  7.2800000e+002
  8.0714000e+002  7.1600000e+002
  8.0786400e+002  7.2400000e+002
  8.0858000e+002  7.1600000e+002
  8.0930800e+002  7.2800000e+002
  8.1002400e+002  7.1600000e+002
  8.1074400e+002  7.2000000e+002
  8.1146400e+002  7.2000000e+002
  8.1217600e+002  7.1200000e+002
  8.1289200e+002  7.1600000e+002
  8.1361600e+002  7.2400000e+002
  8.1433200e+002  7.1600000e+002
  8.1503600e+002  7.0400000e+002
  8.1574000e+002  7.0400000e+002
  8.1646000e+002  7.2000000e+002
  8.1719200e+002  7.3200000e+002
  8.1792000e+002  7.2800000e+002
  8.1864400e+002  7.2400000e+002
  8.1939200e+002  7.4800000e+002
  8.2012800e+002  7.3600000e+002
  8.2083200e+002  7.0400000e+002
  8.2154400e+002  7.1200000e+002
  8.2223200e+002  6.8800000e+002
  8.2296000e+002  7.2800000e+002
  8.2366800e+002  7.0800000e+002
  8.2438000e+002  7.1200000e+002
  8.2511600e+002  7.3600000e+002
  8.2586400e+002  7.4800000e+002
  8.2662400e+002  7.6000000e+002
  8.2736000e+002  7.3600000e+002
  8.2809200e+002  7.3200000e+002
  8.2884000e+002  7.4800000e+002
  8.2955600e+002  7.1600000e+002
  8.3029200e+002  7.3600000e+002
  8.3100400e+002  7.1200000e+002
  8.3170800e+002  7.0400000e+002
  8.3241200e+002  7.0400000e+002
  8.3311600e+002  7.0400000e+002
  8.3381200e+002  6.9600000e+002
  8.3451600e+002  7.0400000e+002
  8.3522400e+002  7.0800000e+002
  8.3593200e+002  7.0800000e+002
  8.3662800e+002  6.9600000e+002
  8.3729600e+002  6.6800000e+002
  8.3795600e+002  6.6000000e+002
  8.3861600e+002  6.6000000e+002
  8.3928400e+002  6.6800000e+002
  8.3996800e+002  6.8400000e+002
  8.4068400e+002  7.1600000e+002
  8.4141200e+002  7.2800000e+002
  8.4218400e+002  7.7200000e+002
  8.4299600e+002  8.1200000e+002
  8.4380000e+002  8.0400000e+002
  8.4458800e+002  7.8800000e+002
  8.4538000e+002  7.9200000e+002
  8.4614400e+002  7.6400000e+002
  8.4691200e+002  7.6800000e+002
  8.4766400e+002  7.5200000e+002
  8.4842800e+002  7.6400000e+002
  8.4918400e+002  7.5600000e+002
  8.4991200e+002  7.2800000e+002
  8.5062800e+002  7.1600000e+002
  8.5136000e+002  7.3200000e+002
  8.5213200e+002  7.7200000e+002
  8.5286000e+002  7.2800000e+002
  8.5358000e+002  7.2000000e+002
  8.5433200e+002  7.5200000e+002
  8.5506000e+002  7.2800000e+002
  8.5578000e+002  7.2000000e+002
  8.5650000e+002  7.2000000e+002
  8.5722000e+002  7.2000000e+002
  8.5795200e+002  7.3200000e+002
  8.5867200e+002  7.2000000e+002
  8.5939200e+002  7.2000000e+002
  8.6011200e+002  7.2000000e+002
  8.6084000e+002  7.2800000e+002
  8.6156000e+002  7.2000000e+002
  8.6228800e+002  7.2800000e+002
  8.6304000e+002  7.5200000e+002
  8.6376400e+002  7.2400000e+002
  8.6452800e+002  7.6400000e+002
  8.6526400e+002  7.3600000e+002
  8.6601600e+002  7.5200000e+002
  8.6676800e+002  7.5200000e+002
  8.6749600e+002  7.2800000e+002
  8.6820000e+002  7.0400000e+002
  8.6894000e+002  7.4000000e+002
  8.6964000e+002  7.0000000e+002
  8.7035600e+002  7.1600000e+002
  8.7106000e+002  7.0400000e+002
  8.7178000e+002  7.2000000e+002
  8.7250000e+002  7.2000000e+002
  8.7326800e+002  7.6800000e+002
  8.7400800e+002  7.4000000e+002
  8.7477600e+002  7.6800000e+002
  8.7552000e+002  7.4400000e+002
  8.7625200e+002  7.3200000e+002
  8.7698000e+002  7.2800000e+002
  8.7770400e+002  7.2400000e+002
  8.7846000e+002  7.5600000e+002
  8.7918800e+002  7.2800000e+002
  8.7990400e+002  7.1600000e+002
  8.8059200e+002  6.8800000e+002
  8.8129600e+002  7.0400000e+002
  8.8200000e+002  7.0400000e+002
  8.8264800e+002  6.4800000e+002
  8.8334800e+002  7.0000000e+002
  8.8406800e+002  7.2000000e+002
  8.8483200e+002  7.6400000e+002
  8.8559200e+002  7.6000000e+002
  8.8638400e+002  7.9200000e+002
  8.8718400e+002  8.0000000e+002
  8.8796400e+002  7.8000000e+002
  8.8871600e+002  7.5200000e+002
  8.8945200e+002  7.3600000e+002
  8.9020800e+002  7.5600000e+002
  8.9090800e+002  7.0000000e+002
  8.9161200e+002  7.0400000e+002
  8.9230400e+002  6.9200000e+002
  8.9299200e+002  6.8800000e+002
  8.9367200e+002  6.8000000e+002
  8.9434800e+002  6.7600000e+002
  8.9502000e+002  6.7200000e+002
  8.9570400e+002  6.8400000e+002
  8.9640000e+002  6.9600000e+002
  8.9710400e+002  7.0400000e+002
  8.9780400e+002  7.0000000e+002
  8.9847600e+002  6.7200000e+002
  8.9918800e+002  7.1200000e+002
  8.9986000e+002  6.7200000e+002
  9.0056800e+002  7.0800000e+002
  9.0127600e+002  7.0800000e+002
  9.0198400e+002  7.0800000e+002
  9.0272000e+002  7.3600000e+002
  9.0346800e+002  7.4800000e+002
  9.0422800e+002  7.6000000e+002
  9.0495600e+002  7.2800000e+002
  9.0567600e+002  7.2000000e+002
  9.0642400e+002  7.4800000e+002
  9.0712800e+002  7.0400000e+002
  9.0782800e+002  7.0000000e+002
  9.0853600e+002  7.0800000e+002
  9.0923600e+002  7.0000000e+002
  9.0995600e+002  7.2000000e+002
  9.1066000e+002  7.0400000e+002
  9.1136800e+002  7.0800000e+002
  9.1208800e+002  7.2000000e+002
  9.1280800e+002  7.2000000e+002
  9.1352400e+002  7.1600000e+002
  9.1422800e+002  7.0400000e+002
  9.1493200e+002  7.0400000e+002
  9.1563200e+002  7.0000000e+002
  9.1633600e+002  7.0400000e+002
  9.1699200e+002  6.5600000e+002
  9.1763600e+002  6.4400000e+002
  9.1811200e+002  4.7600000e+002
  9.1904800e+002  9.3600000e+002
  9.1973600e+002  6.8800000e+002
  9.2022400e+002  4.8800000e+002
  9.2113600e+002  9.1200000e+002
  9.2187600e+002  7.4000000e+002
  9.2260400e+002  7.2800000e+002
  9.2337200e+002  7.6800000e+002
  9.2409600e+002  7.2400000e+002
  9.2483200e+002  7.3600000e+002
  9.2551600e+002  6.8400000e+002
  9.2626400e+002  7.4800000e+002
  9.2699200e+002  7.2800000e+002
  9.2770000e+002  7.0800000e+002
  9.2842000e+002  7.2000000e+002
  9.2914400e+002  7.2400000e+002
  9.2988000e+002  7.3600000e+002
  9.3060000e+002  7.2000000e+002
  9.3130400e+002  7.0400000e+002
  9.3204000e+002  7.3600000e+002
  9.3279200e+002  7.5200000e+002
  9.3349600e+002  7.0400000e+002
  9.3425600e+002  7.6000000e+002
  9.3500400e+002  7.4800000e+002
  9.3573600e+002  7.3200000e+002
  9.3646400e+002  7.2800000e+002
  9.3719600e+002  7.3200000e+002
  9.3792400e+002  7.2800000e+002
  9.3862000e+002  6.9600000e+002
  9.3938400e+002  7.6400000e+002
  9.4010800e+002  7.2400000e+002
  9.4083600e+002  7.2800000e+002
  9.4157600e+002  7.4000000e+002
  9.4230400e+002  7.2800000e+002
  9.4303200e+002  7.2800000e+002
  9.4376000e+002  7.2800000e+002
  9.4449600e+002  7.3600000e+002
  9.4521200e+002  7.1600000e+002
  9.4594400e+002  7.3200000e+002
  9.4666000e+002  7.1600000e+002
  9.4739200e+002  7.3200000e+002
  9.4814000e+002  7.4800000e+002
  9.4886400e+002  7.2400000e+002
  9.4959200e+002  7.2800000e+002
  9.5031200e+002  7.2000000e+002
  9.5104800e+002  7.3600000e+002
  9.5178000e+002  7.3200000e+002
  9.5254000e+002  7.6000000e+002
  9.5329200e+002  7.5200000e+002
  9.5403600e+002  7.4400000e+002
  9.5476400e+002  7.2800000e+002
  9.5549200e+002  7.2800000e+002
  9.5626000e+002  7.6800000e+002
  9.5698000e+002  7.2000000e+002
  9.5772800e+002  7.4800000e+002
  9.5846000e+002  7.3200000e+002
  9.5920400e+002  7.4400000e+002
  9.5993600e+002  7.3200000e+002
  9.6066000e+002  7.2400000e+002
  9.6140800e+002  7.4800000e+002
  9.6214800e+002  7.4000000e+002
  9.6289200e+002  7.4400000e+002
  9.6363200e+002  7.4000000e+002
  9.6437200e+002  7.4000000e+002
  9.6511600e+002  7.4400000e+002
  9.6584000e+002  7.2400000e+002
  9.6657200e+002  7.3200000e+002
  9.6727200e+002  7.0000000e+002
  9.6802400e+002  7.5200000e+002
  9.6874400e+002  7.2000000e+002
  9.6946000e+002  7.1600000e+002
  9.7015600e+002  6.9600000e+002
  9.7084800e+002  6.9200000e+002
  9.7155200e+002  7.0400000e+002
  9.7197600e+002  4.2400000e+002
  9.7282800e+002  8.5200000e+002
  9.7343600e+002  6.0800000e+002
  9.7404400e+002  6.0800000e+002
  9.7466000e+002  6.1600000e+002
  9.7529600e+002  6.3600000e+002
  9.7592400e+002  6.2800000e+002
  9.7658800e+002  6.6400000e+002
  9.7700800e+002  4.2000000e+002
  9.7796000e+002  9.5200000e+002
  9.7867200e+002  7.1200000e+002
  9.7938800e+002  7.1600000e+002
  9.8010800e+002  7.2000000e+002
  9.8083600e+002  7.2800000e+002
  9.8157200e+002  7.3600000e+002
  9.8230400e+002  7.3200000e+002
  9.8304400e+002  7.4000000e+002
  9.8378400e+002  7.4000000e+002
  9.8451200e+002  7.2800000e+002
  9.8520800e+002  6.9600000e+002
  9.8594800e+002  7.4000000e+002
  9.8666800e+002  7.2000000e+002
  9.8737200e+002  7.0400000e+002
  9.8807200e+002  7.0000000e+002
  9.8877200e+002  7.0000000e+002
  9.8947200e+002  7.0000000e+002
  9.9020000e+002  7.2800000e+002
  9.9086800e+002  6.6800000e+002
  9.9159600e+002  7.2800000e+002
  9.9228400e+002  6.8800000e+002
  9.9292400e+002  6.4000000e+002
  9.9354800e+002  6.2400000e+002
  9.9416800e+002  6.2000000e+002
  9.9480400e+002  6.3600000e+002
  9.9539600e+002  5.9200000e+002
  9.9603600e+002  6.4000000e+002
  9.9670400e+002  6.6800000e+002
  9.9741200e+002  7.0800000e+002
  9.9818800e+002  7.7600000e+002
  9.9894400e+002  7.5600000e+002
  9.9969600e+002  7.5200000e+002
  1.0004520e+003  7.5600000e+002
  1.0012080e+003  7.5600000e+002
  1.0019400e+003  7.3200000e+002
  1.0026560e+003  7.1600000e+002
  1.0034040e+003  7.4800000e+002
  1.0041320e+003  7.2800000e+002
  1.0048360e+003  7.0400000e+002
  1.0055480e+003  7.1200000e+002
  1.0060520e+003  5.0400000e+002
  1.0069720e+003  9.2000000e+002
  1.0074520e+003  4.8000000e+002
  1.0078840e+003  4.3200000e+002
  1.0083120e+003  4.2800000e+002
  1.0090240e+003  7.1200000e+002
  1.0097120e+003  6.8800000e+002
  1.0104040e+003  6.9200000e+002
  1.0111040e+003  7.0000000e+002
  1.0117960e+003  6.9200000e+002
  1.0124840e+003  6.8800000e+002
  1.0131640e+003  6.8000000e+002
  1.0139120e+003  7.4800000e+002
  1.0146400e+003  7.2800000e+002
  1.0154000e+003  7.6000000e+002
  1.0161320e+003  7.3200000e+002
  1.0169000e+003  7.6800000e+002
  1.0176560e+003  7.5600000e+002
  1.0184000e+003  7.4400000e+002
  1.0191520e+003  7.5200000e+002
  1.0199080e+003  7.5600000e+002
  1.0206520e+003  7.4400000e+002
  1.0214000e+003  7.4800000e+002
  1.0221280e+003  7.2800000e+002
  1.0228680e+003  7.4000000e+002
  1.0235800e+003  7.1200000e+002
  1.0243040e+003  7.2400000e+002
  1.0250040e+003  7.0000000e+002
  1.0257200e+003  7.1600000e+002
  1.0264280e+003  7.0800000e+002
  1.0271280e+003  7.0000000e+002
  1.0280120e+003  8.8400000e+002
  1.0285200e+003  5.0800000e+002
  1.0292360e+003  7.1600000e+002
  1.0299640e+003  7.2800000e+002
  1.0306960e+003  7.3200000e+002
  1.0314200e+003  7.2400000e+002
  1.0321800e+003  7.6000000e+002
  1.0329240e+003  7.4400000e+002
  1.0336800e+003  7.5600000e+002
  1.0344240e+003  7.4400000e+002
  1.0351920e+003  7.6800000e+002
  1.0359680e+003  7.7600000e+002
  1.0366840e+003  7.1600000e+002
  1.0374160e+003  7.3200000e+002
  1.0381480e+003  7.3200000e+002
  1.0388760e+003  7.2800000e+002
  1.0395960e+003  7.2000000e+002
  1.0403160e+003  7.2000000e+002
  1.0410600e+003  7.4400000e+002
  1.0418080e+003  7.4800000e+002
  1.0425600e+003  7.5200000e+002
  1.0432920e+003  7.3200000e+002
  1.0440240e+003  7.3200000e+002
  1.0447840e+003  7.6000000e+002
  1.0455240e+003  7.4000000e+002
  1.0462560e+003  7.3200000e+002
  1.0469640e+003  7.0800000e+002
  1.0477440e+003  7.8000000e+002
  1.0484680e+003  7.2400000e+002
  1.0491880e+003  7.2000000e+002
  1.0499160e+003  7.2800000e+002
  1.0506360e+003  7.2000000e+002
  1.0513560e+003  7.2000000e+002
  1.0520680e+003  7.1200000e+002
  1.0527920e+003  7.2400000e+002
  1.0535240e+003  7.3200000e+002
  1.0542120e+003  6.8800000e+002
  1.0549200e+003  7.0800000e+002
  1.0555920e+003  6.7200000e+002
  1.0562800e+003  6.8800000e+002
  1.0569280e+003  6.4800000e+002
  1.0576080e+003  6.8000000e+002
  1.0583400e+003  7.3200000e+002
  1.0590680e+003  7.2800000e+002
  1.0598480e+003  7.8000000e+002
  1.0606200e+003  7.7200000e+002
  1.0613880e+003  7.6800000e+002
  1.0621480e+003  7.6000000e+002
  1.0629400e+003  7.9200000e+002
  1.0636600e+003  7.2000000e+002
  1.0641680e+003  5.0800000e+002
  1.0645680e+003  4.0000000e+002
  1.0650880e+003  5.2000000e+002
  1.0658120e+003  7.2400000e+002
  1.0665040e+003  6.9200000e+002
  1.0671920e+003  6.8800000e+002
  1.0679000e+003  7.0800000e+002
  1.0686080e+003  7.0800000e+002
  1.0693200e+003  7.1200000e+002
  1.0700440e+003  7.2400000e+002
  1.0707680e+003  7.2400000e+002
  1.0715200e+003  7.5200000e+002
  1.0720520e+003  5.3200000e+002
  1.0730240e+003  9.7200000e+002
  1.0737640e+003  7.4000000e+002
  1.0745000e+003  7.3600000e+002
  1.0752640e+003  7.6400000e+002
  1.0759640e+003  7.0000000e+002
  1.0766840e+003  7.2000000e+002
  1.0774040e+003  7.2000000e+002
  1.0781160e+003  7.1200000e+002
  1.0788120e+003  6.9600000e+002
  1.0795080e+003  6.9600000e+002
  1.0801840e+003  6.7600000e+002
  1.0808320e+003  6.4800000e+002
  1.0815000e+003  6.6800000e+002
  1.0821520e+003  6.5200000e+002
  1.0827840e+003  6.3200000e+002
  1.0835320e+003  7.4800000e+002
  1.0840240e+003  4.9200000e+002
  1.0846360e+003  6.1200000e+002
  1.0852640e+003  6.2800000e+002
  1.0859120e+003  6.4800000e+002
  1.0865640e+003  6.5200000e+002
  1.0872680e+003  7.0400000e+002
  1.0879840e+003  7.1600000e+002
  1.0887160e+003  7.3200000e+002
  1.0894440e+003  7.2800000e+002
  1.0901800e+003  7.3600000e+002
  1.0909120e+003  7.3200000e+002
  1.0916400e+003  7.2800000e+002
  1.0923600e+003  7.2000000e+002
  1.0930960e+003  7.3600000e+002
  1.0938040e+003  7.0800000e+002
  1.0945520e+003  7.4800000e+002
  1.0952440e+003  6.9200000e+002
  1.0959800e+003  7.3600000e+002
  1.0967160e+003  7.3600000e+002
  1.0974560e+003  7.4000000e+002
  1.0981680e+003  7.1200000e+002
  1.0988880e+003  7.2000000e+002
  1.0996440e+003  7.5600000e+002
  1.1003800e+003  7.3600000e+002
  1.1011080e+003  7.2800000e+002
  1.1018560e+003  7.4800000e+002
  1.1025960e+003  7.4000000e+002
  1.1033280e+003  7.3200000e+002
  1.1040400e+003  7.1200000e+002
  1.1047800e+003  7.4000000e+002
  1.1055200e+003  7.4000000e+002
  1.1062640e+003  7.4400000e+002
  1.1069680e+003  7.0400000e+002
  1.1077000e+003  7.3200000e+002
  1.1084320e+003  7.3200000e+002
  1.1091320e+003  7.0000000e+002
  1.1098680e+003  7.3600000e+002
  1.1106120e+003  7.4400000e+002
  1.1113240e+003  7.1200000e+002
  1.1120680e+003  7.4400000e+002
  1.1127920e+003  7.2400000e+002
  1.1135000e+003  7.0800000e+002
  1.1142280e+003  7.2800000e+002
  1.1149640e+003  7.3600000e+002
  1.1156680e+003  7.0400000e+002
  1.1163640e+003  6.9600000e+002
  1.1170480e+003  6.8400000e+002
  1.1177640e+003  7.1600000e+002
  1.1184720e+003  7.0800000e+002
  1.1191640e+003  6.9200000e+002
  1.1199080e+003  7.4400000e+002
  1.1206240e+003  7.1600000e+002
  1.1213840e+003  7.6000000e+002
  1.1221080e+003  7.2400000e+002
  1.1228240e+003  7.1600000e+002
  1.1235480e+003  7.2400000e+002
  1.1242720e+003  7.2400000e+002
  1.1249960e+003  7.2400000e+002
  1.1256920e+003  6.9600000e+002
  1.1263920e+003  7.0000000e+002
  1.1271000e+003  7.0800000e+002
  1.1278080e+003  7.0800000e+002
  1.1285160e+003  7.0800000e+002
  1.1292280e+003  7.1200000e+002
  1.1299480e+003  7.2000000e+002
  1.1306720e+003  7.2400000e+002
  1.1313920e+003  7.2000000e+002
  1.1321200e+003  7.2800000e+002
  1.1328480e+003  7.2800000e+002
  1.1335640e+003  7.1600000e+002
  1.1342680e+003  7.0400000e+002
  1.1349880e+003  7.2000000e+002
  1.1357280e+003  7.4000000e+002
  1.1364680e+003  7.4000000e+002
  1.1371960e+003  7.2800000e+002
  1.1379360e+003  7.4000000e+002
  1.1386680e+003  7.3200000e+002
  1.1394000e+003  7.3200000e+002
  1.1401080e+003  7.0800000e+002
  1.1408280e+003  7.2000000e+002
  1.1415280e+003  7.0000000e+002
  1.1422440e+003  7.1600000e+002
  1.1429320e+003  6.8800000e+002
  1.1435920e+003  6.6000000e+002
  1.1443280e+003  7.3600000e+002
  1.1450480e+003  7.2000000e+002
  1.1457720e+003  7.2400000e+002
  1.1464920e+003  7.2000000e+002
  1.1472080e+003  7.1600000e+002
  1.1479320e+003  7.2400000e+002
  1.1486480e+003  7.1600000e+002
  1.1493560e+003  7.0800000e+002
  1.1500640e+003  7.0800000e+002
  1.1507480e+003  6.8400000e+002
  1.1514960e+003  7.4800000e+002
  1.1521880e+003  6.9200000e+002
  1.1529400e+003  7.5200000e+002
  1.1536720e+003  7.3200000e+002
  1.1544280e+003  7.5600000e+002
  1.1551280e+003  7.0000000e+002
  1.1559080e+003  7.8000000e+002
  1.1566480e+003  7.4000000e+002
  1.1573560e+003  7.0800000e+002
  1.1580520e+003  6.9600000e+002
  1.1588000e+003  7.4800000e+002
  1.1593480e+003  5.4800000e+002
  1.1599560e+003  6.0800000e+002
  1.1605720e+003  6.1600000e+002
  1.1611560e+003  5.8400000e+002
  1.1618000e+003  6.4400000e+002
  1.1624200e+003  6.2000000e+002
  1.1628200e+003  4.0000000e+002
  1.1636720e+003  8.5200000e+002
  1.1643200e+003  6.4800000e+002
  1.1650200e+003  7.0000000e+002
  1.1657080e+003  6.8800000e+002
  1.1664440e+003  7.3600000e+002
  1.1672040e+003  7.6000000e+002
  1.1678960e+003  6.9200000e+002
  1.1686240e+003  7.2800000e+002
  1.1693360e+003  7.1200000e+002
  1.1700400e+003  7.0400000e+002
  1.1707200e+003  6.8000000e+002
  1.1714200e+003  7.0000000e+002
  1.1721360e+003  7.1600000e+002
  1.1728200e+003  6.8400000e+002
  1.1734960e+003  6.7600000e+002
  1.1741840e+003  6.8800000e+002
  1.1749040e+003  7.2000000e+002
  1.1756080e+003  7.0400000e+002
  1.1761000e+003  4.9200000e+002
  1.1770000e+003  9.0000000e+002
  1.1777080e+003  7.0800000e+002
  1.1784440e+003  7.3600000e+002
  1.1791720e+003  7.2800000e+002
  1.1799040e+003  7.3200000e+002
  1.1806880e+003  7.8400000e+002
  1.1815000e+003  8.1200000e+002
  1.1822800e+003  7.8000000e+002
  1.1830440e+003  7.6400000e+002
  1.1838160e+003  7.7200000e+002
  1.1845840e+003  7.6800000e+002
  1.1853600e+003  7.7600000e+002
  1.1861160e+003  7.5600000e+002
  1.1868680e+003  7.5200000e+002
  1.1876160e+003  7.4800000e+002
  1.1883920e+003  7.7600000e+002
  1.1891400e+003  7.4800000e+002
  1.1898640e+003  7.2400000e+002
  1.1906040e+003  7.4000000e+002
  1.1913520e+003  7.4800000e+002
  1.1920720e+003  7.2000000e+002
  1.1927680e+003  6.9600000e+002
  1.1934880e+003  7.2000000e+002
  1.1941240e+003  6.3600000e+002
  1.1948360e+003  7.1200000e+002
  1.1953480e+003  5.1200000e+002
  1.1958720e+003  5.2400000e+002
  1.1963680e+003  4.9600000e+002
  1.1968000e+003  4.3200000e+002
  1.1975000e+003  7.0000000e+002
  1.1982400e+003  7.4000000e+002
  1.1989760e+003  7.3600000e+002
  1.1997080e+003  7.3200000e+002
  1.2004600e+003  7.5200000e+002
  1.2012200e+003  7.6000000e+002
  1.2019720e+003  7.5200000e+002
  1.2026960e+003  7.2400000e+002
  1.2034240e+003  7.2800000e+002
  1.2041320e+003  7.0800000e+002
  1.2048200e+003  6.8800000e+002
  1.2054680e+003  6.4800000e+002
  1.2061560e+003  6.8800000e+002
  1.2071380e+003  9.8200000e+002
  1.2081200e+003  9.8200000e+002
  1.2088840e+003  7.6400000e+002
  1.2095760e+003  6.9200000e+002
  1.2103160e+003  7.4000000e+002
  1.2110640e+003  7.4800000e+002
  1.2118360e+003  7.7200000e+002
  1.2125880e+003  7.5200000e+002
  1.2133480e+003  7.6000000e+002
  1.2141480e+003  8.0000000e+002
  1.2149440e+003  7.9600000e+002
  1.2156960e+003  7.5200000e+002
  1.2164480e+003  7.5200000e+002
  1.2172200e+003  7.7200000e+002
  1.2179680e+003  7.4800000e+002
  1.2187000e+003  7.3200000e+002
  1.2194240e+003  7.2400000e+002
  1.2201520e+003  7.2800000e+002
  1.2208680e+003  7.1600000e+002
  1.2215800e+003  7.1200000e+002
  1.2222920e+003  7.1200000e+002
  1.2229960e+003  7.0400000e+002
  1.2237200e+003  7.2400000e+002
  1.2244520e+003  7.3200000e+002
  1.2251720e+003  7.2000000e+002
  1.2258840e+003  7.1200000e+002
  1.2266080e+003  7.2400000e+002
  1.2273400e+003  7.3200000e+002
  1.2280520e+003  7.1200000e+002
  1.2287440e+003  6.9200000e+002
  1.2294520e+003  7.0800000e+002
  1.2301720e+003  7.2000000e+002
  1.2308840e+003  7.1200000e+002
  1.2315920e+003  7.0800000e+002
  1.2323200e+003  7.2800000e+002
  1.2330800e+003  7.6000000e+002
  1.2338080e+003  7.2800000e+002
  1.2345360e+003  7.2800000e+002
  1.2352480e+003  7.1200000e+002
  1.2359800e+003  7.3200000e+002
  1.2367040e+003  7.2400000e+002
  1.2374240e+003  7.2000000e+002
  1.2381480e+003  7.2400000e+002
  1.2388880e+003  7.4000000e+002
  1.2396440e+003  7.5600000e+002
  1.2403400e+003  6.9600000e+002
  1.2410440e+003  7.0400000e+002
  1.2417520e+003  7.0800000e+002
  1.2424760e+003  7.2400000e+002
  1.2432000e+003  7.2400000e+002
  1.2439080e+003  7.0800000e+002
  1.2446400e+003  7.3200000e+002
  1.2453960e+003  7.5600000e+002
  1.2461360e+003  7.4000000e+002
  1.2468600e+003  7.2400000e+002
  1.2475480e+003  6.8800000e+002
  1.2482920e+003  7.4400000e+002
  1.2490160e+003  7.2400000e+002
  1.2497360e+003  7.2000000e+002
  1.2504480e+003  7.1200000e+002
  1.2511640e+003  7.1600000e+002
  1.2519080e+003  7.4400000e+002
  1.2526400e+003  7.3200000e+002
  1.2533800e+003  7.4000000e+002
  1.2541280e+003  7.4800000e+002
  1.2548760e+003  7.4800000e+002
  1.2556080e+003  7.3200000e+002
  1.2563320e+003  7.2400000e+002
  1.2570480e+003  7.1600000e+002
  1.2577560e+003  7.0800000e+002
  1.2584520e+003  6.9600000e+002
  1.2591520e+003  7.0000000e+002
  1.2598760e+003  7.2400000e+002
  1.2606160e+003  7.4000000e+002
  1.2613720e+003  7.5600000e+002
  1.2621120e+003  7.4000000e+002
  1.2628840e+003  7.7200000e+002
  1.2636560e+003  7.7200000e+002
  1.2644000e+003  7.4400000e+002
  1.2651240e+003  7.2400000e+002
  1.2659200e+003  7.9600000e+002
  1.2666840e+003  7.6400000e+002
  1.2674160e+003  7.3200000e+002
  1.2681400e+003  7.2400000e+002
  1.2688880e+003  7.4800000e+002
  1.2696320e+003  7.4400000e+002
  1.2703600e+003  7.2800000e+002
  1.2710840e+003  7.2400000e+002
  1.2718360e+003  7.5200000e+002
  1.2725880e+003  7.5200000e+002
  1.2733240e+003  7.3600000e+002
  1.2740800e+003  7.5600000e+002
  1.2748480e+003  7.6800000e+002
  1.2756000e+003  7.5200000e+002
  1.2763480e+003  7.4800000e+002
  1.2770960e+003  7.4800000e+002
  1.2778480e+003  7.5200000e+002
  1.2786040e+003  7.5600000e+002
  1.2793480e+003  7.4400000e+002
  1.2800800e+003  7.3200000e+002
  1.2808160e+003  7.3600000e+002
  1.2815480e+003  7.3200000e+002
  1.2822800e+003  7.3200000e+002
  1.2830200e+003  7.4000000e+002
  1.2837560e+003  7.3600000e+002
  1.2844920e+003  7.3600000e+002
  1.2852080e+003  7.1600000e+002
  1.2858640e+003  6.5600000e+002
  1.2865800e+003  7.1600000e+002
  1.2872440e+003  6.6400000e+002
  1.2879000e+003  6.5600000e+002
  1.2885280e+003  6.2800000e+002
  1.2890040e+003  4.7600000e+002
  1.2897600e+003  7.5600000e+002
  1.2903640e+003  6.0400000e+002
  1.2909640e+003  6.0000000e+002
  1.2915840e+003  6.2000000e+002
  1.2921600e+003  5.7600000e+002
  1.2929720e+003  8.1200000e+002
  1.2933680e+003  3.9600000e+002
  1.2940160e+003  6.4800000e+002
  1.2947080e+003  6.9200000e+002
  1.2953760e+003  6.6800000e+002
  1.2960720e+003  6.9600000e+002
  1.2967720e+003  7.0000000e+002
  1.2974760e+003  7.0400000e+002
  1.2981760e+003  7.0000000e+002
  1.2988720e+003  6.9600000e+002
  1.2995640e+003  6.9200000e+002
  1.3002520e+003  6.8800000e+002
  1.3009520e+003  7.0000000e+002
  1.3016600e+003  7.0800000e+002
  1.3023640e+003  7.0400000e+002
  1.3030440e+003  6.8000000e+002
  1.3037320e+003  6.8800000e+002
  1.3042120e+003  4.8000000e+002
  1.3049520e+003  7.4000000e+002
  1.3057760e+003  8.2400000e+002
  1.3064200e+003  6.4400000e+002
  1.3071200e+003  7.0000000e+002
  1.3078120e+003  6.9200000e+002
  1.3084760e+003  6.6400000e+002
  1.3091200e+003  6.4400000e+002
  1.3097680e+003  6.4800000e+002
  1.3104120e+003  6.4400000e+002
  1.3110800e+003  6.6800000e+002
  1.3117880e+003  7.0800000e+002
  1.3124880e+003  7.0000000e+002
  1.3132440e+003  7.5600000e+002
  1.3140080e+003  7.6400000e+002
  1.3147880e+003  7.8000000e+002
  1.3155760e+003  7.8800000e+002
  1.3163520e+003  7.7600000e+002
  1.3171240e+003  7.7200000e+002
  1.3178680e+003  7.4400000e+002
  1.3185880e+003  7.2000000e+002
  1.3193080e+003  7.2000000e+002
  1.3200160e+003  7.0800000e+002
  1.3207280e+003  7.1200000e+002
  1.3214680e+003  7.4000000e+002
  1.3221960e+003  7.2800000e+002
  1.3229000e+003  7.0400000e+002
  1.3236120e+003  7.1200000e+002
  1.3243120e+003  7.0000000e+002
  1.3250400e+003  7.2800000e+002
  1.3257600e+003  7.2000000e+002
  1.3264760e+003  7.1600000e+002
  1.3272240e+003  7.4800000e+002
  1.3279520e+003  7.2800000e+002
  1.3286560e+003  7.0400000e+002
  1.3293560e+003  7.0000000e+002
  1.3301280e+003  7.7200000e+002
  1.3308880e+003  7.6000000e+002
  1.3316200e+003  7.3200000e+002
  1.3323800e+003  7.6000000e+002
  1.3331360e+003  7.5600000e+002
  1.3338760e+003  7.4000000e+002
  1.3345960e+003  7.2000000e+002
  1.3352600e+003  6.6400000e+002
  1.3359440e+003  6.8400000e+002
  1.3365880e+003  6.4400000e+002
  1.3372520e+003  6.6400000e+002
  1.3378680e+003  6.1600000e+002
  1.3385280e+003  6.6000000e+002
  1.3392200e+003  6.9200000e+002
  1.3399400e+003  7.2000000e+002
  1.3407000e+003  7.6000000e+002
  1.3414720e+003  7.7200000e+002
  1.3421920e+003  7.2000000e+002
  1.3429760e+003  7.8400000e+002
  1.3437280e+003  7.5200000e+002
  1.3444960e+003  7.6800000e+002
  1.3452360e+003  7.4000000e+002
  1.3460280e+003  7.9200000e+002
  1.3467720e+003  7.4400000e+002
  1.3475120e+003  7.4000000e+002
  1.3482840e+003  7.7200000e+002
  1.3490320e+003  7.4800000e+002
  1.3497600e+003  7.2800000e+002
  1.3504800e+003  7.2000000e+002
  1.3512040e+003  7.2400000e+002
  1.3519160e+003  7.1200000e+002
  1.3526280e+003  7.1200000e+002
  1.3533320e+003  7.0400000e+002
  1.3540720e+003  7.4000000e+002
  1.3548200e+003  7.4800000e+002
  1.3555360e+003  7.1600000e+002
  1.3562360e+003  7.0000000e+002
  1.3569320e+003  6.9600000e+002
  1.3575960e+003  6.6400000e+002
  1.3595520e+003  1.9560000e+003
  1.3602080e+003  6.5600000e+002
  1.3608560e+003  6.4800000e+002
  1.3615800e+003  7.2400000e+002
  1.3622840e+003  7.0400000e+002
  1.3630480e+003  7.6400000e+002
  1.3638040e+003  7.5600000e+002
  1.3645560e+003  7.5200000e+002
  1.3652720e+003  7.1600000e+002
  1.3660320e+003  7.6000000e+002
  1.3667400e+003  7.0800000e+002
  1.3674640e+003  7.2400000e+002
  1.3681560e+003  6.9200000e+002
  1.3688960e+003  7.4000000e+002
  1.3695520e+003  6.5600000e+002
  1.3702760e+003  7.2400000e+002
  1.3709280e+003  6.5200000e+002
  1.3715840e+003  6.5600000e+002
  1.3722440e+003  6.6000000e+002
  1.3729320e+003  6.8800000e+002
  1.3736120e+003  6.8000000e+002
  1.3742880e+003  6.7600000e+002
  1.3750120e+003  7.2400000e+002
  1.3757640e+003  7.5200000e+002
  1.3765640e+003  8.0000000e+002
  1.3773400e+003  7.7600000e+002
  1.3781080e+003  7.6800000e+002
  1.3788760e+003  7.6800000e+002
  1.3796280e+003  7.5200000e+002
  1.3803680e+003  7.4000000e+002
  1.3811080e+003  7.4000000e+002
  1.3818320e+003  7.2400000e+002
  1.3825400e+003  7.0800000e+002
  1.3832400e+003  7.0000000e+002
  1.3839480e+003  7.0800000e+002
  1.3846560e+003  7.0800000e+002
  1.3853760e+003  7.2000000e+002
  1.3860800e+003  7.0400000e+002
  1.3867880e+003  7.0800000e+002
  1.3875000e+003  7.1200000e+002
  1.3882240e+003  7.2400000e+002
  1.3889160e+003  6.9200000e+002
  1.3895960e+003  6.8000000e+002
  1.3902400e+003  6.4400000e+002
  1.3906840e+003  4.4400000e+002
  1.3915760e+003  8.9200000e+002
  1.3922280e+003  6.5200000e+002
  1.3928800e+003  6.5200000e+002
  1.3935560e+003  6.7600000e+002
  1.3942400e+003  6.8400000e+002
  1.3949600e+003  7.2000000e+002
  1.3956880e+003  7.2800000e+002
  1.3964080e+003  7.2000000e+002
  1.3971680e+003  7.6000000e+002
  1.3979080e+003  7.4000000e+002
  1.3986280e+003  7.2000000e+002
  1.3993400e+003  7.1200000e+002
  1.4000680e+003  7.2800000e+002
  1.4008120e+003  7.4400000e+002
  1.4015000e+003  6.8800000e+002
  1.4021880e+003  6.8800000e+002
  1.4028880e+003  7.0000000e+002
  1.4035240e+003  6.3600000e+002
  1.4042480e+003  7.2400000e+002
  1.4048480e+003  6.0000000e+002
  1.4055720e+003  7.2400000e+002
  1.4060440e+003  4.7200000e+002
  1.4069320e+003  8.8800000e+002
  1.4076440e+003  7.1200000e+002
  1.4083520e+003  7.0800000e+002
  1.4090160e+003  6.6400000e+002
  1.4097880e+003  7.7200000e+002
  1.4105200e+003  7.3200000e+002
  1.4112840e+003  7.6400000e+002
  1.4120040e+003  7.2000000e+002
  1.4127240e+003  7.2000000e+002
  1.4134960e+003  7.7200000e+002
  1.4142400e+003  7.4400000e+002
  1.4150080e+003  7.6800000e+002
  1.4157600e+003  7.5200000e+002
  1.4164960e+003  7.3600000e+002
  1.4172280e+003  7.3200000e+002
  1.4179640e+003  7.3600000e+002
  1.4187360e+003  7.7200000e+002
  1.4194400e+003  7.0400000e+002
  1.4201840e+003  7.4400000e+002
  1.4209200e+003  7.3600000e+002
  1.4216480e+003  7.2800000e+002
  1.4223600e+003  7.1200000e+002
  1.4230760e+003  7.1600000e+002
  1.4238040e+003  7.2800000e+002
  1.4245320e+003  7.2800000e+002
  1.4252600e+003  7.2800000e+002
  1.4260000e+003  7.4000000e+002
  1.4267480e+003  7.4800000e+002
  1.4274680e+003  7.2000000e+002
  1.4281960e+003  7.2800000e+002
  1.4289360e+003  7.4000000e+002
  1.4296840e+003  7.4800000e+002
  1.4304080e+003  7.2400000e+002
  1.4311160e+003  7.0800000e+002
  1.4318400e+003  7.2400000e+002
  1.4325640e+003  7.2400000e+002
  1.4332760e+003  7.1200000e+002
  1.4339960e+003  7.2000000e+002
  1.4347240e+003  7.2800000e+002
  1.4354680e+003  7.4400000e+002
  1.4362120e+003  7.4400000e+002
  1.4369400e+003  7.2800000e+002
  1.4376760e+003  7.3600000e+002
  1.4383840e+003  7.0800000e+002
  1.4391040e+003  7.2000000e+002
  1.4398120e+003  7.0800000e+002
  1.4405160e+003  7.0400000e+002
  1.4412360e+003  7.2000000e+002
  1.4419560e+003  7.2000000e+002
  1.4426800e+003  7.2400000e+002
  1.4434120e+003  7.3200000e+002
  1.4441600e+003  7.4800000e+002
  1.4448920e+003  7.3200000e+002
  1.4456320e+003  7.4000000e+002
  1.4463640e+003  7.3200000e+002
  1.4470920e+003  7.2800000e+002
  1.4477840e+003  6.9200000e+002
  1.4484640e+003  6.8000000e+002
  1.4491520e+003  6.8800000e+002
  1.4498240e+003  6.7200000e+002
  1.4505000e+003  6.7600000e+002
  1.4511840e+003  6.8400000e+002
  1.4518560e+003  6.7200000e+002
  1.4525920e+003  7.3600000e+002
  1.4533640e+003  7.7200000e+002
  1.4541200e+003  7.5600000e+002
  1.4548760e+003  7.5600000e+002
  1.4556280e+003  7.5200000e+002
  1.4563760e+003  7.4800000e+002
  1.4571000e+003  7.2400000e+002
  1.4578200e+003  7.2000000e+002
  1.4585360e+003  7.1600000e+002
  1.4592320e+003  6.9600000e+002
  1.4599600e+003  7.2800000e+002
  1.4606600e+003  7.0000000e+002
  1.4613600e+003  7.0000000e+002
  1.4620600e+003  7.0000000e+002
  1.4627360e+003  6.7600000e+002
  1.4634120e+003  6.7600000e+002
  1.4640800e+003  6.6800000e+002
  1.4647760e+003  6.9600000e+002
  1.4654760e+003  7.0000000e+002
  1.4661960e+003  7.2000000e+002
  1.4669240e+003  7.2800000e+002
  1.4676680e+003  7.4400000e+002
  1.4684680e+003  8.0000000e+002
  1.4692280e+003  7.6000000e+002
  1.4699760e+003  7.4800000e+002
  1.4707160e+003  7.4000000e+002
  1.4714320e+003  7.1600000e+002
  1.4721720e+003  7.4000000e+002
  1.4729000e+003  7.2800000e+002
  1.4736160e+003  7.1600000e+002
  1.4743160e+003  7.0000000e+002
  1.4750600e+003  7.4400000e+002
  1.4757400e+003  6.8000000e+002
  1.4764520e+003  7.1200000e+002
  1.4771600e+003  7.0800000e+002
  1.4778920e+003  7.3200000e+002
  1.4785880e+003  6.9600000e+002
  1.4793080e+003  7.2000000e+002
  1.4800160e+003  7.0800000e+002
  1.4807440e+003  7.2800000e+002
  1.4814560e+003  7.1200000e+002
  1.4821840e+003  7.2800000e+002
  1.4829080e+003  7.2400000e+002
  1.4836360e+003  7.2800000e+002
  1.4843400e+003  7.0400000e+002
  1.4850960e+003  7.5600000e+002
  1.4858400e+003  7.4400000e+002
  1.4865760e+003  7.3600000e+002
  1.4873200e+003  7.4400000e+002
  1.4880360e+003  7.1600000e+002
  1.4887440e+003  7.0800000e+002
  1.4894760e+003  7.3200000e+002
  1.4901560e+003  6.8000000e+002
  1.4908600e+003  7.0400000e+002
  1.4915720e+003  7.1200000e+002
  1.4922920e+003  7.2000000e+002
  1.4930280e+003  7.3600000e+002
  1.4937080e+003  6.8000000e+002
  1.4944360e+003  7.2800000e+002
  1.4951720e+003  7.3600000e+002
  1.4958760e+003  7.0400000e+002
  1.4966240e+003  7.4800000e+002
  1.4973200e+003  6.9600000e+002
  1.4980560e+003  7.3600000e+002
  1.4987960e+003  7.4000000e+002
  1.4994840e+003  6.8800000e+002
  1.5002080e+003  7.2400000e+002
  1.5009200e+003  7.1200000e+002
  1.5016320e+003  7.1200000e+002
  1.5023720e+003  7.4000000e+002
  1.5030720e+003  7.0000000e+002
  1.5037960e+003  7.2400000e+002
  1.5045080e+003  7.1200000e+002
  1.5052280e+003  7.2000000e+002
  1.5059960e+003  7.6800000e+002
  1.5066960e+003  7.0000000e+002
  1.5073840e+003  6.8800000e+002
  1.5081280e+003  7.4400000e+002
  1.5088520e+003  7.2400000e+002
  1.5095560e+003  7.0400000e+002
  1.5102760e+003  7.2000000e+002
  1.5110000e+003  7.2400000e+002
  1.5117440e+003  7.4400000e+002
  1.5124680e+003  7.2400000e+002
  1.5132240e+003  7.5600000e+002
  1.5139680e+003  7.4400000e+002
  1.5147200e+003  7.5200000e+002
  1.5154560e+003  7.3600000e+002
  1.5161800e+003  7.2400000e+002
  1.5169080e+003  7.2800000e+002
  1.5176360e+003  7.2800000e+002
  1.5183400e+003  7.0400000e+002
  1.5190800e+003  7.4000000e+002
  1.5198000e+003  7.2000000e+002
  1.5205280e+003  7.2800000e+002
  1.5212360e+003  7.0800000e+002
  1.5219800e+003  7.4400000e+002
  1.5225920e+003  6.1200000e+002
  1.5232760e+003  6.8400000e+002
  1.5239360e+003  6.6000000e+002
  1.5249160e+003  9.8000000e+002
  1.5253720e+003  4.5600000e+002
  1.5257680e+003  3.9600000e+002
  1.5263760e+003  6.0800000e+002
  1.5270320e+003  6.5600000e+002
  1.5277400e+003  7.0800000e+002
  1.5284760e+003  7.3600000e+002
  1.5292280e+003  7.5200000e+002
  1.5300040e+003  7.7600000e+002
  1.5307920e+003  7.8800000e+002
  1.5315560e+003  7.6400000e+002
  1.5323160e+003  7.6000000e+002
  1.5330840e+003  7.6800000e+002
  1.5338400e+003  7.5600000e+002
  1.5345720e+003  7.3200000e+002
  1.5353120e+003  7.4000000e+002
  1.5360480e+003  7.3600000e+002
  1.5367720e+003  7.2400000e+002
  1.5374480e+003  6.7600000e+002
  1.5381760e+003  7.2800000e+002
  1.5388960e+003  7.2000000e+002
  1.5396160e+003  7.2000000e+002
  1.5403280e+003  7.1200000e+002
  1.5410560e+003  7.2800000e+002
  1.5418160e+003  7.6000000e+002
  1.5425680e+003  7.5200000e+002
  1.5433000e+003  7.3200000e+002
  1.5440480e+003  7.4800000e+002
  1.5447920e+003  7.4400000e+002
  1.5455320e+003  7.4000000e+002
  1.5462760e+003  7.4400000e+002
  1.5470320e+003  7.5600000e+002
  1.5477680e+003  7.3600000e+002
  1.5484880e+003  7.2000000e+002
  1.5492040e+003  7.1600000e+002
  1.5499480e+003  7.4400000e+002
  1.5506960e+003  7.4800000e+002
  1.5514480e+003  7.5200000e+002
  1.5521920e+003  7.4400000e+002
  1.5529240e+003  7.3200000e+002
  1.5536440e+003  7.2000000e+002
  1.5543720e+003  7.2800000e+002
  1.5551040e+003  7.3200000e+002
  1.5558320e+003  7.2800000e+002
  1.5565720e+003  7.4000000e+002
  1.5573280e+003  7.5600000e+002
  1.5580920e+003  7.6400000e+002
  1.5588240e+003  7.3200000e+002
  1.5595640e+003  7.4000000e+002
  1.5603400e+003  7.7600000e+002
  1.5611000e+003  7.6000000e+002
  1.5618280e+003  7.2800000e+002
  1.5625560e+003  7.2800000e+002
  1.5632800e+003  7.2400000e+002
  1.5640080e+003  7.2800000e+002
  1.5647320e+003  7.2400000e+002
  1.5654560e+003  7.2400000e+002
  1.5662240e+003  7.6800000e+002
  1.5669440e+003  7.2000000e+002
  1.5676880e+003  7.4400000e+002
  1.5683920e+003  7.0400000e+002
  1.5691280e+003  7.3600000e+002
  1.5698440e+003  7.1600000e+002
  1.5705680e+003  7.2400000e+002
  1.5712640e+003  6.9600000e+002
  1.5719800e+003  7.1600000e+002
  1.5726920e+003  7.1200000e+002
  1.5733840e+003  6.9200000e+002
  1.5741400e+003  7.5600000e+002
  1.5748240e+003  6.8400000e+002
  1.5755520e+003  7.2800000e+002
  1.5762960e+003  7.4400000e+002
  1.5770200e+003  7.2400000e+002
  1.5777560e+003  7.3600000e+002
  1.5784920e+003  7.3600000e+002
  1.5792480e+003  7.5600000e+002
  1.5799640e+003  7.1600000e+002
  1.5807040e+003  7.4000000e+002
  1.5814360e+003  7.3200000e+002
  1.5821640e+003  7.2800000e+002
  1.5828760e+003  7.1200000e+002
  1.5836040e+003  7.2800000e+002
  1.5843120e+003  7.0800000e+002
  1.5850280e+003  7.1600000e+002
  1.5857480e+003  7.2000000e+002
  1.5864680e+003  7.2000000e+002
  1.5871880e+003  7.2000000e+002
  1.5879280e+003  7.4000000e+002
  1.5886480e+003  7.2000000e+002
  1.5893800e+003  7.3200000e+002
  1.5901320e+003  7.5200000e+002
  1.5908560e+003  7.2400000e+002
  1.5915760e+003  7.2000000e+002
  1.5922880e+003  7.1200000e+002
  1.5930040e+003  7.1600000e+002
  1.5937200e+003  7.1600000e+002
  1.5944080e+003  6.8800000e+002
  1.5951000e+003  6.9200000e+002
  1.5957520e+003  6.5200000e+002
  1.5964360e+003  6.8400000e+002
  1.5971440e+003  7.0800000e+002
  1.5978960e+003  7.5200000e+002
  1.5986440e+003  7.4800000e+002
  1.5994440e+003  8.0000000e+002
  1.6002360e+003  7.9200000e+002
  1.6009920e+003  7.5600000e+002
  1.6017600e+003  7.6800000e+002
  1.6025240e+003  7.6400000e+002
  1.6032760e+003  7.5200000e+002
  1.6040000e+003  7.2400000e+002
  1.6047080e+003  7.0800000e+002
  1.6054520e+003  7.4400000e+002
  1.6061520e+003  7.0000000e+002
  1.6068840e+003  7.3200000e+002
  1.6075760e+003  6.9200000e+002
  1.6083000e+003  7.2400000e+002
  1.6090320e+003  7.3200000e+002
  1.6097640e+003  7.3200000e+002
  1.6105160e+003  7.5200000e+002
  1.6112680e+003  7.5200000e+002
  1.6120240e+003  7.5600000e+002
  1.6127760e+003  7.5200000e+002
  1.6135440e+003  7.6800000e+002
  1.6143000e+003  7.5600000e+002
  1.6150360e+003  7.3600000e+002
  1.6157720e+003  7.3600000e+002
  1.6165200e+003  7.4800000e+002
  1.6172720e+003  7.5200000e+002
  1.6180040e+003  7.3200000e+002
  1.6187480e+003  7.4400000e+002
  1.6195040e+003  7.5600000e+002
  1.6202480e+003  7.4400000e+002
  1.6209720e+003  7.2400000e+002
  1.6216720e+003  7.0000000e+002
  1.6224200e+003  7.4800000e+002
  1.6230600e+003  6.4000000e+002
  1.6237360e+003  6.7600000e+002
  1.6243480e+003  6.1200000e+002
  1.6249600e+003  6.1200000e+002
  1.6255600e+003  6.0000000e+002
  1.6261720e+003  6.1200000e+002
  1.6268120e+003  6.4000000e+002
  1.6274400e+003  6.2800000e+002
  1.6280880e+003  6.4800000e+002
  1.6287760e+003  6.8800000e+002
  1.6294760e+003  7.0000000e+002
  1.6301880e+003  7.1200000e+002
  1.6309040e+003  7.1600000e+002
  1.6316400e+003  7.3600000e+002
  1.6323600e+003  7.2000000e+002
  1.6330920e+003  7.3200000e+002
  1.6338160e+003  7.2400000e+002
  1.6345440e+003  7.2800000e+002
  1.6352720e+003  7.2800000e+002
  1.6359920e+003  7.2000000e+002
  1.6367200e+003  7.2800000e+002
  1.6374480e+003  7.2800000e+002
  1.6381800e+003  7.3200000e+002
  1.6389400e+003  7.6000000e+002
  1.6396080e+003  6.6800000e+002
  1.6403000e+003  6.9200000e+002
  1.6409600e+003  6.6000000e+002
  1.6414640e+003  5.0400000e+002
  1.6423560e+003  8.9200000e+002
  1.6430440e+003  6.8800000e+002
  1.6437960e+003  7.5200000e+002
  1.6446080e+003  8.1200000e+002
  1.6453920e+003  7.8400000e+002
  1.6461880e+003  7.9600000e+002
  1.6469920e+003  8.0400000e+002
  1.6477960e+003  8.0400000e+002
  1.6483520e+003  5.5600000e+002
  1.6488520e+003  5.0000000e+002
  1.6493520e+003  5.0000000e+002
  1.6501000e+003  7.4800000e+002
  1.6508480e+003  7.4800000e+002
  1.6515840e+003  7.3600000e+002
  1.6523320e+003  7.4800000e+002
  1.6530520e+003  7.2000000e+002
  1.6537840e+003  7.3200000e+002
  1.6544880e+003  7.0400000e+002
  1.6552600e+003  7.7200000e+002
  1.6559960e+003  7.3600000e+002
  1.6567080e+003  7.1200000e+002
  1.6574080e+003  7.0000000e+002
  1.6581080e+003  7.0000000e+002
  1.6588120e+003  7.0400000e+002
  1.6595080e+003  6.9600000e+002
  1.6601720e+003  6.6400000e+002
  1.6608520e+003  6.8000000e+002
  1.6615040e+003  6.5200000e+002
  1.6621520e+003  6.4800000e+002
  1.6629640e+003  8.1200000e+002
  1.6634360e+003  4.7200000e+002
  1.6640680e+003  6.3200000e+002
  1.6647160e+003  6.4800000e+002
  1.6653960e+003  6.8000000e+002
  1.6661240e+003  7.2800000e+002
  1.6668960e+003  7.7200000e+002
  1.6676400e+003  7.4400000e+002
  1.6684320e+003  7.9200000e+002
  1.6691520e+003  7.2000000e+002
  1.6696240e+003  4.7200000e+002
  1.6706320e+003  1.0080000e+003
  1.6713520e+003  7.2000000e+002
  1.6720640e+003  7.1200000e+002
  1.6728080e+003  7.4400000e+002
  1.6735120e+003  7.0400000e+002
  1.6742600e+003  7.4800000e+002
  1.6749840e+003  7.2400000e+002
  1.6756760e+003  6.9200000e+002
  1.6763680e+003  6.9200000e+002
  1.6770880e+003  7.2000000e+002
  1.6777480e+003  6.6000000e+002
  1.6784000e+003  6.5200000e+002
  1.6790600e+003  6.6000000e+002
  1.6797600e+003  7.0000000e+002
  1.6804600e+003  7.0000000e+002
  1.6811840e+003  7.2400000e+002
  1.6819480e+003  7.6400000e+002
  1.6827680e+003  8.2000000e+002
  1.6835840e+003  8.1600000e+002
  1.6843800e+003  7.9600000e+002
  1.6851640e+003  7.8400000e+002
  1.6859400e+003  7.7600000e+002
  1.6867080e+003  7.6800000e+002
  1.6874640e+003  7.5600000e+002
  1.6882040e+003  7.4000000e+002
  1.6889360e+003  7.3200000e+002
  1.6896560e+003  7.2000000e+002
  1.6903640e+003  7.0800000e+002
  1.6910840e+003  7.2000000e+002
  1.6918040e+003  7.2000000e+002
  1.6925400e+003  7.3600000e+002
  1.6932520e+003  7.1200000e+002
  1.6939360e+003  6.8400000e+002
  1.6946360e+003  7.0000000e+002
  1.6953200e+003  6.8400000e+002
  1.6960360e+003  7.1600000e+002
  1.6967040e+003  6.6800000e+002
  1.6973760e+003  6.7200000e+002
  1.6980360e+003  6.6000000e+002
  1.6988040e+003  7.6800000e+002
  1.6994920e+003  6.8800000e+002
  1.7002480e+003  7.5600000e+002
  1.7010320e+003  7.8400000e+002
  1.7017600e+003  7.2800000e+002
  1.7025120e+003  7.5200000e+002
  1.7032560e+003  7.4400000e+002
  1.7039920e+003  7.3600000e+002
  1.7047080e+003  7.1600000e+002
  1.7054200e+003  7.1200000e+002
  1.7061200e+003  7.0000000e+002
  1.7067960e+003  6.7600000e+002
  1.7074880e+003  6.9200000e+002
  1.7081960e+003  7.0800000e+002
  1.7089040e+003  7.0800000e+002
  1.7096200e+003  7.1600000e+002
  1.7103760e+003  7.5600000e+002
  1.7111160e+003  7.4000000e+002
  1.7118520e+003  7.3600000e+002
  1.7125840e+003  7.3200000e+002
  1.7133320e+003  7.4800000e+002
  1.7140760e+003  7.4400000e+002
  1.7148000e+003  7.2400000e+002
  1.7155120e+003  7.1200000e+002
  1.7161880e+003  6.7600000e+002
  1.7168840e+003  6.9600000e+002
  1.7176040e+003  7.2000000e+002
  1.7182760e+003  6.7200000e+002
  1.7189480e+003  6.7200000e+002
  1.7196840e+003  7.3600000e+002
  1.7203800e+003  6.9600000e+002
  1.7210800e+003  7.0000000e+002
  1.7217920e+003  7.1200000e+002
  1.7225120e+003  7.2000000e+002
  1.7232640e+003  7.5200000e+002
  1.7239400e+003  6.7600000e+002
  1.7246960e+003  7.5600000e+002
  1.7253880e+003  6.9200000e+002
  1.7261240e+003  7.3600000e+002
  1.7268400e+003  7.1600000e+002
  1.7275120e+003  6.7200000e+002
  1.7281880e+003  6.7600000e+002
  1.7289200e+003  7.3200000e+002
  1.7295720e+003  6.5200000e+002
  1.7302880e+003  7.1600000e+002
  1.7309840e+003  6.9600000e+002
  1.7316760e+003  6.9200000e+002
  1.7323720e+003  6.9600000e+002
  1.7331080e+003  7.3600000e+002
  1.7338360e+003  7.2800000e+002
  1.7345320e+003  6.9600000e+002
  1.7352560e+003  7.2400000e+002
  1.7359960e+003  7.4000000e+002
  1.7367080e+003  7.1200000e+002
  1.7374200e+003  7.1200000e+002
  1.7381320e+003  7.1200000e+002
  1.7388360e+003  7.0400000e+002
  1.7395440e+003  7.0800000e+002
  1.7402560e+003  7.1200000e+002
  1.7409680e+003  7.1200000e+002
  1.7416760e+003  7.0800000e+002
  1.7423880e+003  7.1200000e+002
  1.7431120e+003  7.2400000e+002
  1.7438840e+003  7.7200000e+002
  1.7446240e+003  7.4000000e+002
  1.7453640e+003  7.4000000e+002
  1.7461120e+003  7.4800000e+002
  1.7468640e+003  7.5200000e+002
  1.7475920e+003  7.2800000e+002
  1.7483240e+003  7.3200000e+002
  1.7490560e+003  7.3200000e+002
  1.7497920e+003  7.3600000e+002
  1.7505040e+003  7.1200000e+002
  1.7512080e+003  7.0400000e+002
  1.7518920e+003  6.8400000e+002
  1.7526160e+003  7.2400000e+002
  1.7533080e+003  6.9200000e+002
  1.7540000e+003  6.9200000e+002
  1.7547120e+003  7.1200000e+002
  1.7553640e+003  6.5200000e+002
  1.7560520e+003  6.8800000e+002
  1.7566560e+003  6.0400000e+002
  1.7572840e+003  6.2800000e+002
  1.7579440e+003  6.6000000e+002
  1.7585640e+003  6.2000000e+002
  1.7592560e+003  6.9200000e+002
  1.7599760e+003  7.2000000e+002
  1.7607160e+003  7.4000000e+002
  1.7614800e+003  7.6400000e+002
  1.7622680e+003  7.8800000e+002
  1.7630480e+003  7.8000000e+002
  1.7638160e+003  7.6800000e+002
  1.7645880e+003  7.7200000e+002
  1.7653640e+003  7.7600000e+002
  1.7661280e+003  7.6400000e+002
  1.7669040e+003  7.7600000e+002
  1.7676360e+003  7.3200000e+002
  1.7683920e+003  7.5600000e+002
  1.7691680e+003  7.7600000e+002
  1.7698960e+003  7.2800000e+002
  1.7706080e+003  7.1200000e+002
  1.7713480e+003  7.4000000e+002
  1.7720760e+003  7.2800000e+002
  1.7727720e+003  6.9600000e+002
  1.7735080e+003  7.3600000e+002
  1.7742640e+003  7.5600000e+002
  1.7750040e+003  7.4000000e+002
  1.7757240e+003  7.2000000e+002
  1.7765440e+003  8.2000000e+002
  1.7773600e+003  8.1600000e+002
  1.7781440e+003  7.8400000e+002
  1.7789400e+003  7.9600000e+002
  1.7797280e+003  7.8800000e+002
  1.7805160e+003  7.8800000e+002
  1.7812960e+003  7.8000000e+002
  1.7820600e+003  7.6400000e+002
  1.7828440e+003  7.8400000e+002
  1.7836200e+003  7.7600000e+002
  1.7843880e+003  7.6800000e+002
  1.7851360e+003  7.4800000e+002
  1.7858880e+003  7.5200000e+002
  1.7866680e+003  7.8000000e+002
  1.7874320e+003  7.6400000e+002
  1.7879560e+003  5.2400000e+002
  1.7888960e+003  9.4000000e+002
  1.7894360e+003  5.4000000e+002
  1.7899520e+003  5.1600000e+002
  1.7903720e+003  4.2000000e+002
  1.7910840e+003  7.1200000e+002
  1.7918160e+003  7.3200000e+002
  1.7925680e+003  7.5200000e+002
  1.7933000e+003  7.3200000e+002
  1.7940240e+003  7.2400000e+002
  1.7947560e+003  7.3200000e+002
  1.7955000e+003  7.4400000e+002
  1.7962320e+003  7.3200000e+002
  1.7969840e+003  7.5200000e+002
  1.7977120e+003  7.2800000e+002
  1.7984720e+003  7.6000000e+002
  1.7992240e+003  7.5200000e+002
