  1.5440000e+000  7.2400000e+002
  2.2720000e+000  7.2800000e+002
  2.9960000e+000  7.2400000e+002
  3.7200000e+000  7.2400000e+002
  4.4440000e+000  7.2400000e+002
  5.1640000e+000  7.2000000e+002
  5.8840000e+000  7.2000000e+002
  6.6000000e+000  7.1600000e+002
  7.3160000e+000  7.1600000e+002
  8.0280000e+000  7.1200000e+002
  8.7480000e+000  7.2000000e+002
  9.4680000e+000  7.2000000e+002
  1.0180000e+001  7.1200000e+002
  1.0904000e+001  7.2400000e+002
  1.1620000e+001  7.1600000e+002
  1.2336000e+001  7.1600000e+002
  1.3060000e+001  7.2400000e+002
  1.3780000e+001  7.2000000e+002
  1.4500000e+001  7.2000000e+002
  1.5220000e+001  7.2000000e+002
  1.5940000e+001  7.2000000e+002
  1.6656000e+001  7.1600000e+002
  1.7376000e+001  7.2000000e+002
  1.8100000e+001  7.2400000e+002
  1.8820000e+001  7.2000000e+002
  1.9540000e+001  7.2000000e+002
  2.0260000e+001  7.2000000e+002
  2.0984000e+001  7.2400000e+002
  2.1704000e+001  7.2000000e+002
  2.2424000e+001  7.2000000e+002
  2.3148000e+001  7.2400000e+002
  2.3876000e+001  7.2800000e+002
  2.4596000e+001  7.2000000e+002
  2.5320000e+001  7.2400000e+002
  2.6044000e+001  7.2400000e+002
  2.6772000e+001  7.2800000e+002
  2.7492000e+001  7.2000000e+002
  2.8212000e+001  7.2000000e+002
  2.8936000e+001  7.2400000e+002
  2.9656000e+001  7.2000000e+002
  3.0388000e+001  7.3200000e+002
  3.0848000e+001  4.6000000e+002
  3.1876000e+001  1.0280000e+003
  3.2616000e+001  7.4000000e+002
  3.3352000e+001  7.3600000e+002
  3.4088000e+001  7.3600000e+002
  3.4812000e+001  7.2400000e+002
  3.5540000e+001  7.2800000e+002
  3.6272000e+001  7.3200000e+002
  3.7008000e+001  7.3600000e+002
  3.7744000e+001  7.3600000e+002
  3.8480000e+001  7.3600000e+002
  3.9216000e+001  7.3600000e+002
  3.9964000e+001  7.4800000e+002
  4.0712000e+001  7.4800000e+002
  4.1456000e+001  7.4400000e+002
  4.2204000e+001  7.4800000e+002
  4.2956000e+001  7.5200000e+002
  4.3704000e+001  7.4800000e+002
  4.4448000e+001  7.4400000e+002
  4.5204000e+001  7.5600000e+002
  4.5956000e+001  7.5200000e+002
  4.6708000e+001  7.5200000e+002
  4.7456000e+001  7.4800000e+002
  4.8208000e+001  7.5200000e+002
  4.8960000e+001  7.5200000e+002
  4.9708000e+001  7.4800000e+002
  5.0448000e+001  7.4000000e+002
  5.1192000e+001  7.4400000e+002
  5.1940000e+001  7.4800000e+002
  5.2680000e+001  7.4000000e+002
  5.3420000e+001  7.4000000e+002
  5.4156000e+001  7.3600000e+002
  5.4900000e+001  7.4400000e+002
  5.5640000e+001  7.4000000e+002
  5.6380000e+001  7.4000000e+002
  5.7116000e+001  7.3600000e+002
  5.7852000e+001  7.3600000e+002
  5.8584000e+001  7.3200000e+002
  5.9324000e+001  7.4000000e+002
  6.0060000e+001  7.3600000e+002
  6.0796000e+001  7.3600000e+002
  6.1532000e+001  7.3600000e+002
  6.2264000e+001  7.3200000e+002
  6.2992000e+001  7.2800000e+002
  6.3724000e+001  7.3200000e+002
  6.4460000e+001  7.3600000e+002
  6.5196000e+001  7.3600000e+002
  6.5936000e+001  7.4000000e+002
  6.6680000e+001  7.4400000e+002
  6.7432000e+001  7.5200000e+002
  6.8184000e+001  7.5200000e+002
  6.8948000e+001  7.6400000e+002
  6.9712000e+001  7.6400000e+002
  7.0476000e+001  7.6400000e+002
  7.1232000e+001  7.5600000e+002
  7.1992000e+001  7.6000000e+002
  7.2756000e+001  7.6400000e+002
  7.3508000e+001  7.5200000e+002
  7.4252000e+001  7.4400000e+002
  7.4996000e+001  7.4400000e+002
  7.5740000e+001  7.4400000e+002
  7.6480000e+001  7.4000000e+002
  7.7216000e+001  7.3600000e+002
  7.7948000e+001  7.3200000e+002
  7.8684000e+001  7.3600000e+002
  7.9416000e+001  7.3200000e+002
  8.0156000e+001  7.4000000e+002
  8.0896000e+001  7.4000000e+002
  8.1636000e+001  7.4000000e+002
  8.2372000e+001  7.3600000e+002
  8.3116000e+001  7.4400000e+002
  8.3864000e+001  7.4800000e+002
  8.4604000e+001  7.4000000e+002
  8.5344000e+001  7.4000000e+002
  8.6084000e+001  7.4000000e+002
  8.6824000e+001  7.4000000e+002
  8.7556000e+001  7.3200000e+002
  8.8292000e+001  7.3600000e+002
  8.9032000e+001  7.4000000e+002
  8.9768000e+001  7.3600000e+002
  9.0500000e+001  7.3200000e+002
  9.1232000e+001  7.3200000e+002
  9.1964000e+001  7.3200000e+002
  9.2700000e+001  7.3600000e+002
  9.3432000e+001  7.3200000e+002
  9.4172000e+001  7.4000000e+002
  9.4904000e+001  7.3200000e+002
  9.5640000e+001  7.3600000e+002
  9.6376000e+001  7.3600000e+002
  9.7116000e+001  7.4000000e+002
  9.7856000e+001  7.4000000e+002
  9.8600000e+001  7.4400000e+002
  9.9344000e+001  7.4400000e+002
  1.0008800e+002  7.4400000e+002
  1.0083200e+002  7.4400000e+002
  1.0158400e+002  7.5200000e+002
  1.0234000e+002  7.5600000e+002
  1.0309600e+002  7.5600000e+002
  1.0385600e+002  7.6000000e+002
  1.0461200e+002  7.5600000e+002
  1.0536400e+002  7.5200000e+002
  1.0612400e+002  7.6000000e+002
  1.0688400e+002  7.6000000e+002
  1.0763600e+002  7.5200000e+002
  1.0838800e+002  7.5200000e+002
  1.0914000e+002  7.5200000e+002
  1.0988800e+002  7.4800000e+002
  1.1063600e+002  7.4800000e+002
  1.1138400e+002  7.4800000e+002
  1.1213200e+002  7.4800000e+002
  1.1288000e+002  7.4800000e+002
  1.1362800e+002  7.4800000e+002
  1.1437200e+002  7.4400000e+002
  1.1512000e+002  7.4800000e+002
  1.1587200e+002  7.5200000e+002
  1.1662000e+002  7.4800000e+002
  1.1737200e+002  7.5200000e+002
  1.1812800e+002  7.5600000e+002
  1.1888000e+002  7.5200000e+002
  1.1962800e+002  7.4800000e+002
  1.2038000e+002  7.5200000e+002
  1.2112400e+002  7.4400000e+002
  1.2187200e+002  7.4800000e+002
  1.2262400e+002  7.5200000e+002
  1.2336800e+002  7.4400000e+002
  1.2410800e+002  7.4000000e+002
  1.2485200e+002  7.4400000e+002
  1.2559200e+002  7.4000000e+002
  1.2633200e+002  7.4000000e+002
  1.2707600e+002  7.4400000e+002
  1.2782000e+002  7.4400000e+002
  1.2856000e+002  7.4000000e+002
  1.2929600e+002  7.3600000e+002
  1.3004000e+002  7.4400000e+002
  1.3078400e+002  7.4400000e+002
  1.3152800e+002  7.4400000e+002
  1.3227600e+002  7.4800000e+002
  1.3302800e+002  7.5200000e+002
  1.3378400e+002  7.5600000e+002
  1.3453600e+002  7.5200000e+002
  1.3529200e+002  7.5600000e+002
  1.3604800e+002  7.5600000e+002
  1.3680000e+002  7.5200000e+002
  1.3755200e+002  7.5200000e+002
  1.3830800e+002  7.5600000e+002
  1.3905200e+002  7.4400000e+002
  1.3980000e+002  7.4800000e+002
  1.4054800e+002  7.4800000e+002
  1.4129600e+002  7.4800000e+002
  1.4204000e+002  7.4400000e+002
  1.4279200e+002  7.5200000e+002
  1.4353600e+002  7.4400000e+002
  1.4428000e+002  7.4400000e+002
  1.4502400e+002  7.4400000e+002
  1.4577600e+002  7.5200000e+002
  1.4652400e+002  7.4800000e+002
  1.4727200e+002  7.4800000e+002
  1.4802400e+002  7.5200000e+002
  1.4877600e+002  7.5200000e+002
  1.4952800e+002  7.5200000e+002
  1.5027600e+002  7.4800000e+002
  1.5102800e+002  7.5200000e+002
  1.5177600e+002  7.4800000e+002
  1.5252800e+002  7.5200000e+002
  1.5327600e+002  7.4800000e+002
  1.5402800e+002  7.5200000e+002
  1.5477600e+002  7.4800000e+002
  1.5552000e+002  7.4400000e+002
  1.5626400e+002  7.4400000e+002
  1.5701600e+002  7.5200000e+002
  1.5776400e+002  7.4800000e+002
  1.5852000e+002  7.5600000e+002
  1.5927200e+002  7.5200000e+002
  1.6002800e+002  7.5600000e+002
  1.6078400e+002  7.5600000e+002
  1.6154400e+002  7.6000000e+002
  1.6230000e+002  7.5600000e+002
  1.6305600e+002  7.5600000e+002
  1.6380400e+002  7.4800000e+002
  1.6455200e+002  7.4800000e+002
  1.6530400e+002  7.5200000e+002
  1.6604400e+002  7.4000000e+002
  1.6679200e+002  7.4800000e+002
  1.6753600e+002  7.4400000e+002
  1.6828000e+002  7.4400000e+002
  1.6902800e+002  7.4800000e+002
  1.6977200e+002  7.4400000e+002
  1.7051600e+002  7.4400000e+002
  1.7126400e+002  7.4800000e+002
  1.7200800e+002  7.4400000e+002
  1.7275200e+002  7.4400000e+002
  1.7349600e+002  7.4400000e+002
  1.7424800e+002  7.5200000e+002
  1.7500800e+002  7.6000000e+002
  1.7576000e+002  7.5200000e+002
  1.7651600e+002  7.5600000e+002
  1.7727200e+002  7.5600000e+002
  1.7802000e+002  7.4800000e+002
  1.7878000e+002  7.6000000e+002
  1.7954000e+002  7.6000000e+002
  1.8029200e+002  7.5200000e+002
  1.8104800e+002  7.5600000e+002
  1.8180400e+002  7.5600000e+002
  1.8256000e+002  7.5600000e+002
  1.8331200e+002  7.5200000e+002
  1.8406400e+002  7.5200000e+002
  1.8481200e+002  7.4800000e+002
  1.8556400e+002  7.5200000e+002
  1.8631600e+002  7.5200000e+002
  1.8705600e+002  7.4000000e+002
  1.8779200e+002  7.3600000e+002
  1.8852800e+002  7.3600000e+002
  1.8926800e+002  7.4000000e+002
  1.9001600e+002  7.4800000e+002
  1.9075200e+002  7.3600000e+002
  1.9149600e+002  7.4400000e+002
  1.9224000e+002  7.4400000e+002
  1.9298400e+002  7.4400000e+002
  1.9372400e+002  7.4000000e+002
  1.9447600e+002  7.5200000e+002
  1.9522400e+002  7.4800000e+002
  1.9597600e+002  7.5200000e+002
  1.9673600e+002  7.6000000e+002
  1.9749200e+002  7.5600000e+002
  1.9825200e+002  7.6000000e+002
  1.9901200e+002  7.6000000e+002
  1.9977600e+002  7.6400000e+002
  2.0053600e+002  7.6000000e+002
  2.0129600e+002  7.6000000e+002
  2.0206000e+002  7.6400000e+002
  2.0281600e+002  7.5600000e+002
  2.0357200e+002  7.5600000e+002
  2.0432400e+002  7.5200000e+002
  2.0507200e+002  7.4800000e+002
  2.0582000e+002  7.4800000e+002
  2.0656400e+002  7.4400000e+002
  2.0731200e+002  7.4800000e+002
  2.0805600e+002  7.4400000e+002
  2.0880000e+002  7.4400000e+002
  2.0954000e+002  7.4000000e+002
  2.1028400e+002  7.4400000e+002
  2.1102400e+002  7.4000000e+002
  2.1177200e+002  7.4800000e+002
  2.1251200e+002  7.4000000e+002
  2.1325600e+002  7.4400000e+002
  2.1400000e+002  7.4400000e+002
  2.1474400e+002  7.4400000e+002
  2.1548400e+002  7.4000000e+002
  2.1622800e+002  7.4400000e+002
  2.1697200e+002  7.4400000e+002
  2.1771600e+002  7.4400000e+002
  2.1846000e+002  7.4400000e+002
  2.1920000e+002  7.4000000e+002
  2.1994800e+002  7.4800000e+002
  2.2069600e+002  7.4800000e+002
  2.2144400e+002  7.4800000e+002
  2.2219600e+002  7.5200000e+002
  2.2294400e+002  7.4800000e+002
  2.2369600e+002  7.5200000e+002
  2.2445200e+002  7.5600000e+002
  2.2520400e+002  7.5200000e+002
  2.2595200e+002  7.4800000e+002
  2.2670400e+002  7.5200000e+002
  2.2744800e+002  7.4400000e+002
  2.2819200e+002  7.4400000e+002
  2.2894400e+002  7.5200000e+002
  2.2969200e+002  7.4800000e+002
  2.3043200e+002  7.4000000e+002
  2.3117600e+002  7.4400000e+002
  2.3192000e+002  7.4400000e+002
  2.3266400e+002  7.4400000e+002
  2.3340400e+002  7.4000000e+002
  2.3414800e+002  7.4400000e+002
  2.3489200e+002  7.4400000e+002
  2.3563600e+002  7.4400000e+002
  2.3639200e+002  7.5600000e+002
  2.3714800e+002  7.5600000e+002
  2.3791200e+002  7.6400000e+002
  2.3866800e+002  7.5600000e+002
  2.3942400e+002  7.5600000e+002
  2.4018400e+002  7.6000000e+002
  2.4094000e+002  7.5600000e+002
  2.4169200e+002  7.5200000e+002
  2.4244400e+002  7.5200000e+002
  2.4319600e+002  7.5200000e+002
  2.4394000e+002  7.4400000e+002
  2.4468800e+002  7.4800000e+002
  2.4543600e+002  7.4800000e+002
  2.4617600e+002  7.4000000e+002
  2.4690800e+002  7.3200000e+002
  2.4764800e+002  7.4000000e+002
  2.4838800e+002  7.4000000e+002
  2.4912400e+002  7.3600000e+002
  2.4986000e+002  7.3600000e+002
  2.5059200e+002  7.3200000e+002
  2.5132800e+002  7.3600000e+002
  2.5205600e+002  7.2800000e+002
  2.5278400e+002  7.2800000e+002
  2.5351600e+002  7.3200000e+002
  2.5424800e+002  7.3200000e+002
  2.5498000e+002  7.3200000e+002
  2.5570800e+002  7.2800000e+002
  2.5644400e+002  7.3600000e+002
  2.5718000e+002  7.3600000e+002
  2.5791600e+002  7.3600000e+002
  2.5865600e+002  7.4000000e+002
  2.5940000e+002  7.4400000e+002
  2.6014000e+002  7.4000000e+002
  2.6088400e+002  7.4000000e+002
  2.6162800e+002  7.4400000e+002
  2.6236400e+002  7.3600000e+002
  2.6310000e+002  7.3600000e+002
  2.6384000e+002  7.4000000e+002
  2.6458000e+002  7.4000000e+002
  2.6531200e+002  7.3200000e+002
  2.6605200e+002  7.4000000e+002
  2.6678400e+002  7.3200000e+002
  2.6751600e+002  7.3200000e+002
  2.6825200e+002  7.3600000e+002
  2.6899200e+002  7.4000000e+002
  2.6972800e+002  7.3600000e+002
  2.7047200e+002  7.4400000e+002
  2.7120800e+002  7.3600000e+002
  2.7194800e+002  7.4000000e+002
  2.7268800e+002  7.4000000e+002
  2.7343200e+002  7.4400000e+002
  2.7417200e+002  7.4000000e+002
  2.7490800e+002  7.3600000e+002
  2.7564800e+002  7.4000000e+002
  2.7638800e+002  7.4000000e+002
  2.7712800e+002  7.4000000e+002
  2.7787200e+002  7.4400000e+002
  2.7860800e+002  7.3600000e+002
  2.7934800e+002  7.4000000e+002
  2.8009200e+002  7.4400000e+002
  2.8083200e+002  7.4000000e+002
  2.8157200e+002  7.4000000e+002
  2.8231600e+002  7.4400000e+002
  2.8305600e+002  7.4000000e+002
  2.8379600e+002  7.4000000e+002
  2.8454400e+002  7.4800000e+002
  2.8528400e+002  7.4000000e+002
  2.8602400e+002  7.4000000e+002
  2.8676400e+002  7.4000000e+002
  2.8751200e+002  7.4800000e+002
  2.8824800e+002  7.3600000e+002
  2.8898400e+002  7.3600000e+002
  2.8972800e+002  7.4400000e+002
  2.9047200e+002  7.4400000e+002
  2.9120800e+002  7.3600000e+002
  2.9195200e+002  7.4400000e+002
  2.9269200e+002  7.4000000e+002
  2.9342800e+002  7.3600000e+002
  2.9416800e+002  7.4000000e+002
  2.9490400e+002  7.3600000e+002
  2.9563600e+002  7.3200000e+002
  2.9637200e+002  7.3600000e+002
  2.9711200e+002  7.4000000e+002
  2.9784400e+002  7.3200000e+002
  2.9858000e+002  7.3600000e+002
  2.9932000e+002  7.4000000e+002
  3.0006000e+002  7.4000000e+002
  3.0080000e+002  7.4000000e+002
  3.0155200e+002  7.5200000e+002
  3.0230400e+002  7.5200000e+002
  3.0306000e+002  7.5600000e+002
  3.0382800e+002  7.6800000e+002
  3.0459600e+002  7.6800000e+002
  3.0536800e+002  7.7200000e+002
  3.0614400e+002  7.7600000e+002
  3.0692000e+002  7.7600000e+002
  3.0768800e+002  7.6800000e+002
  3.0846000e+002  7.7200000e+002
  3.0922800e+002  7.6800000e+002
  3.0999600e+002  7.6800000e+002
  3.1076000e+002  7.6400000e+002
  3.1152400e+002  7.6400000e+002
  3.1228000e+002  7.5600000e+002
  3.1304000e+002  7.6000000e+002
  3.1380000e+002  7.6000000e+002
  3.1456400e+002  7.6400000e+002
  3.1532400e+002  7.6000000e+002
  3.1608400e+002  7.6000000e+002
  3.1684000e+002  7.5600000e+002
  3.1760000e+002  7.6000000e+002
  3.1836000e+002  7.6000000e+002
  3.1912000e+002  7.6000000e+002
  3.1987600e+002  7.5600000e+002
  3.2064000e+002  7.6400000e+002
  3.2139200e+002  7.5200000e+002
  3.2214800e+002  7.5600000e+002
  3.2290000e+002  7.5200000e+002
  3.2364800e+002  7.4800000e+002
  3.2440800e+002  7.6000000e+002
  3.2516000e+002  7.5200000e+002
  3.2591200e+002  7.5200000e+002
  3.2666000e+002  7.4800000e+002
  3.2741200e+002  7.5200000e+002
  3.2816400e+002  7.5200000e+002
  3.2891600e+002  7.5200000e+002
  3.2966000e+002  7.4400000e+002
  3.3040400e+002  7.4400000e+002
  3.3116000e+002  7.5600000e+002
  3.3190400e+002  7.4400000e+002
  3.3264400e+002  7.4000000e+002
  3.3338000e+002  7.3600000e+002
  3.3411600e+002  7.3600000e+002
  3.3484400e+002  7.2800000e+002
  3.3557200e+002  7.2800000e+002
  3.3630000e+002  7.2800000e+002
  3.3702800e+002  7.2800000e+002
  3.3774800e+002  7.2000000e+002
  3.3846000e+002  7.1200000e+002
  3.3917200e+002  7.1200000e+002
  3.3988800e+002  7.1600000e+002
  3.4060000e+002  7.1200000e+002
  3.4131200e+002  7.1200000e+002
  3.4202400e+002  7.1200000e+002
  3.4274400e+002  7.2000000e+002
  3.4346400e+002  7.2000000e+002
  3.4419200e+002  7.2800000e+002
  3.4491200e+002  7.2000000e+002
  3.4563200e+002  7.2000000e+002
  3.4635600e+002  7.2400000e+002
  3.4708000e+002  7.2400000e+002
  3.4780400e+002  7.2400000e+002
  3.4853600e+002  7.3200000e+002
  3.4926800e+002  7.3200000e+002
  3.4999600e+002  7.2800000e+002
  3.5073200e+002  7.3600000e+002
  3.5146800e+002  7.3600000e+002
  3.5220000e+002  7.3200000e+002
  3.5293600e+002  7.3600000e+002
  3.5367600e+002  7.4000000e+002
  3.5441200e+002  7.3600000e+002
  3.5515200e+002  7.4000000e+002
  3.5588800e+002  7.3600000e+002
  3.5662800e+002  7.4000000e+002
  3.5737200e+002  7.4400000e+002
  3.5811600e+002  7.4400000e+002
  3.5886000e+002  7.4400000e+002
  3.5960400e+002  7.4400000e+002
  3.6035200e+002  7.4800000e+002
  3.6110400e+002  7.5200000e+002
  3.6185200e+002  7.4800000e+002
  3.6260000e+002  7.4800000e+002
  3.6334800e+002  7.4800000e+002
  3.6410000e+002  7.5200000e+002
  3.6484800e+002  7.4800000e+002
  3.6559600e+002  7.4800000e+002
  3.6634000e+002  7.4400000e+002
  3.6707600e+002  7.3600000e+002
  3.6782400e+002  7.4800000e+002
  3.6857200e+002  7.4800000e+002
  3.6931600e+002  7.4400000e+002
  3.7006800e+002  7.5200000e+002
  3.7082400e+002  7.5600000e+002
  3.7156800e+002  7.4400000e+002
  3.7231600e+002  7.4800000e+002
  3.7306800e+002  7.5200000e+002
  3.7381600e+002  7.4800000e+002
  3.7456000e+002  7.4400000e+002
  3.7530400e+002  7.4400000e+002
  3.7604800e+002  7.4400000e+002
  3.7680000e+002  7.5200000e+002
  3.7754400e+002  7.4400000e+002
  3.7828800e+002  7.4400000e+002
  3.7904000e+002  7.5200000e+002
  3.7978400e+002  7.4400000e+002
  3.8052800e+002  7.4400000e+002
  3.8127200e+002  7.4400000e+002
  3.8202000e+002  7.4800000e+002
  3.8276400e+002  7.4400000e+002
  3.8350800e+002  7.4400000e+002
  3.8425600e+002  7.4800000e+002
  3.8500400e+002  7.4800000e+002
  3.8575600e+002  7.5200000e+002
  3.8650000e+002  7.4400000e+002
  3.8724400e+002  7.4400000e+002
  3.8798800e+002  7.4400000e+002
  3.8873600e+002  7.4800000e+002
  3.8948000e+002  7.4400000e+002
  3.9022400e+002  7.4400000e+002
  3.9096800e+002  7.4400000e+002
  3.9171200e+002  7.4400000e+002
  3.9246000e+002  7.4800000e+002
  3.9320800e+002  7.4800000e+002
  3.9395600e+002  7.4800000e+002
  3.9470000e+002  7.4400000e+002
  3.9544800e+002  7.4800000e+002
  3.9619200e+002  7.4400000e+002
  3.9693200e+002  7.4000000e+002
  3.9767200e+002  7.4000000e+002
  3.9841200e+002  7.4000000e+002
  3.9914800e+002  7.3600000e+002
  3.9988400e+002  7.3600000e+002
  4.0062000e+002  7.3600000e+002
  4.0135200e+002  7.3200000e+002
  4.0208800e+002  7.3600000e+002
  4.0282800e+002  7.4000000e+002
  4.0356400e+002  7.3600000e+002
  4.0430000e+002  7.3600000e+002
  4.0504000e+002  7.4000000e+002
  4.0578000e+002  7.4000000e+002
  4.0650800e+002  7.2800000e+002
  4.0724400e+002  7.3600000e+002
  4.0798000e+002  7.3600000e+002
  4.0871200e+002  7.3200000e+002
  4.0944400e+002  7.3200000e+002
  4.1018000e+002  7.3600000e+002
  4.1091200e+002  7.3200000e+002
  4.1164800e+002  7.3600000e+002
  4.1237600e+002  7.2800000e+002
  4.1312000e+002  7.4400000e+002
  4.1385600e+002  7.3600000e+002
  4.1459200e+002  7.3600000e+002
  4.1532400e+002  7.3200000e+002
  4.1605600e+002  7.3200000e+002
  4.1679600e+002  7.4000000e+002
  4.1753600e+002  7.4000000e+002
  4.1828000e+002  7.4400000e+002
  4.1902400e+002  7.4400000e+002
  4.1977600e+002  7.5200000e+002
  4.2053200e+002  7.5600000e+002
  4.2128000e+002  7.4800000e+002
  4.2204000e+002  7.6000000e+002
  4.2280000e+002  7.6000000e+002
  4.2356800e+002  7.6800000e+002
  4.2433200e+002  7.6400000e+002
  4.2508800e+002  7.5600000e+002
  4.2583600e+002  7.4800000e+002
  4.2658800e+002  7.5200000e+002
  4.2733600e+002  7.4800000e+002
  4.2809200e+002  7.5600000e+002
  4.2883600e+002  7.4400000e+002
  4.2958000e+002  7.4400000e+002
  4.3032400e+002  7.4400000e+002
  4.3106000e+002  7.3600000e+002
  4.3179200e+002  7.3200000e+002
  4.3252400e+002  7.3200000e+002
  4.3325600e+002  7.3200000e+002
  4.3398800e+002  7.3200000e+002
  4.3472800e+002  7.4000000e+002
  4.3546400e+002  7.3600000e+002
  4.3620000e+002  7.3600000e+002
  4.3694000e+002  7.4000000e+002
  4.3768000e+002  7.4000000e+002
  4.3841200e+002  7.3200000e+002
  4.3914800e+002  7.3600000e+002
  4.3989200e+002  7.4400000e+002
  4.4062800e+002  7.3600000e+002
  4.4136400e+002  7.3600000e+002
  4.4210000e+002  7.3600000e+002
  4.4284000e+002  7.4000000e+002
  4.4357600e+002  7.3600000e+002
  4.4431200e+002  7.3600000e+002
  4.4504800e+002  7.3600000e+002
  4.4578400e+002  7.3600000e+002
  4.4651600e+002  7.3200000e+002
  4.4725200e+002  7.3600000e+002
  4.4798800e+002  7.3600000e+002
  4.4872400e+002  7.3600000e+002
  4.4946400e+002  7.4000000e+002
  4.5019600e+002  7.3200000e+002
  4.5093200e+002  7.3600000e+002
  4.5166800e+002  7.3600000e+002
  4.5240400e+002  7.3600000e+002
  4.5313600e+002  7.3200000e+002
  4.5387600e+002  7.4000000e+002
  4.5461600e+002  7.4000000e+002
  4.5536000e+002  7.4400000e+002
  4.5610000e+002  7.4000000e+002
  4.5684000e+002  7.4000000e+002
  4.5757600e+002  7.3600000e+002
  4.5831200e+002  7.3600000e+002
  4.5904400e+002  7.3200000e+002
  4.5978400e+002  7.4000000e+002
  4.6052000e+002  7.3600000e+002
  4.6126400e+002  7.4400000e+002
  4.6200400e+002  7.4000000e+002
  4.6275200e+002  7.4800000e+002
  4.6348800e+002  7.3600000e+002
  4.6422800e+002  7.4000000e+002
  4.6497600e+002  7.4800000e+002
  4.6572000e+002  7.4400000e+002
  4.6646800e+002  7.4800000e+002
  4.6721600e+002  7.4800000e+002
  4.6796400e+002  7.4800000e+002
  4.6871200e+002  7.4800000e+002
  4.6946000e+002  7.4800000e+002
  4.7020800e+002  7.4800000e+002
  4.7095200e+002  7.4400000e+002
  4.7169600e+002  7.4400000e+002
  4.7244400e+002  7.4800000e+002
  4.7318800e+002  7.4400000e+002
  4.7393200e+002  7.4400000e+002
  4.7467200e+002  7.4000000e+002
  4.7540800e+002  7.3600000e+002
  4.7614800e+002  7.4000000e+002
  4.7688400e+002  7.3600000e+002
  4.7762000e+002  7.3600000e+002
  4.7835600e+002  7.3600000e+002
  4.7909200e+002  7.3600000e+002
  4.7982400e+002  7.3200000e+002
  4.8056400e+002  7.4000000e+002
  4.8130400e+002  7.4000000e+002
  4.8204400e+002  7.4000000e+002
  4.8278000e+002  7.3600000e+002
  4.8351600e+002  7.3600000e+002
  4.8426000e+002  7.4400000e+002
  4.8499600e+002  7.3600000e+002
  4.8572800e+002  7.3200000e+002
  4.8646400e+002  7.3600000e+002
  4.8720000e+002  7.3600000e+002
  4.8793200e+002  7.3200000e+002
  4.8866800e+002  7.3600000e+002
  4.8940000e+002  7.3200000e+002
  4.9013600e+002  7.3600000e+002
  4.9087200e+002  7.3600000e+002
  4.9160400e+002  7.3200000e+002
  4.9233600e+002  7.3200000e+002
  4.9307200e+002  7.3600000e+002
  4.9380800e+002  7.3600000e+002
  4.9454000e+002  7.3200000e+002
  4.9526800e+002  7.2800000e+002
  4.9599600e+002  7.2800000e+002
  4.9672400e+002  7.2800000e+002
  4.9745200e+002  7.2800000e+002
  4.9817600e+002  7.2400000e+002
  4.9890400e+002  7.2800000e+002
  4.9962800e+002  7.2400000e+002
  5.0034800e+002  7.2000000e+002
  5.0107200e+002  7.2400000e+002
  5.0180000e+002  7.2800000e+002
  5.0253200e+002  7.3200000e+002
  5.0326400e+002  7.3200000e+002
  5.0399200e+002  7.2800000e+002
  5.0472400e+002  7.3200000e+002
  5.0545200e+002  7.2800000e+002
  5.0618400e+002  7.3200000e+002
  5.0691600e+002  7.3200000e+002
  5.0764800e+002  7.3200000e+002
  5.0837600e+002  7.2800000e+002
  5.0910800e+002  7.3200000e+002
  5.0983600e+002  7.2800000e+002
  5.1056800e+002  7.3200000e+002
  5.1130400e+002  7.3600000e+002
  5.1203600e+002  7.3200000e+002
  5.1276800e+002  7.3200000e+002
  5.1350000e+002  7.3200000e+002
  5.1423200e+002  7.3200000e+002
  5.1496400e+002  7.3200000e+002
  5.1569200e+002  7.2800000e+002
  5.1642800e+002  7.3600000e+002
  5.1715600e+002  7.2800000e+002
  5.1788400e+002  7.2800000e+002
  5.1861600e+002  7.3200000e+002
  5.1934800e+002  7.3200000e+002
  5.2007600e+002  7.2800000e+002
  5.2080800e+002  7.3200000e+002
  5.2154000e+002  7.3200000e+002
  5.2227200e+002  7.3200000e+002
  5.2300000e+002  7.2800000e+002
  5.2372800e+002  7.2800000e+002
  5.2446400e+002  7.3600000e+002
  5.2520000e+002  7.3600000e+002
  5.2593600e+002  7.3600000e+002
  5.2667200e+002  7.3600000e+002
  5.2740400e+002  7.3200000e+002
  5.2813200e+002  7.2800000e+002
  5.2886800e+002  7.3600000e+002
  5.2960000e+002  7.3200000e+002
  5.3033200e+002  7.3200000e+002
  5.3106400e+002  7.3200000e+002
  5.3179200e+002  7.2800000e+002
  5.3251600e+002  7.2400000e+002
  5.3324800e+002  7.3200000e+002
  5.3397600e+002  7.2800000e+002
  5.3470000e+002  7.2400000e+002
  5.3542400e+002  7.2400000e+002
  5.3615200e+002  7.2800000e+002
  5.3687600e+002  7.2400000e+002
  5.3761200e+002  7.3600000e+002
  5.3834400e+002  7.3200000e+002
  5.3907200e+002  7.2800000e+002
  5.3980400e+002  7.3200000e+002
  5.4053600e+002  7.3200000e+002
  5.4126400e+002  7.2800000e+002
  5.4200000e+002  7.3600000e+002
  5.4274000e+002  7.4000000e+002
  5.4347200e+002  7.3200000e+002
  5.4421200e+002  7.4000000e+002
  5.4494800e+002  7.3600000e+002
  5.4569200e+002  7.4400000e+002
  5.4643600e+002  7.4400000e+002
  5.4718000e+002  7.4400000e+002
  5.4792000e+002  7.4000000e+002
  5.4867200e+002  7.5200000e+002
  5.4941200e+002  7.4000000e+002
  5.5015600e+002  7.4400000e+002
  5.5090000e+002  7.4400000e+002
  5.5164400e+002  7.4400000e+002
  5.5238400e+002  7.4000000e+002
  5.5312400e+002  7.4000000e+002
  5.5387200e+002  7.4800000e+002
  5.5462000e+002  7.4800000e+002
  5.5535600e+002  7.3600000e+002
  5.5609600e+002  7.4000000e+002
  5.5683600e+002  7.4000000e+002
  5.5756800e+002  7.3200000e+002
  5.5830800e+002  7.4000000e+002
  5.5904400e+002  7.3600000e+002
  5.5977600e+002  7.3200000e+002
  5.6051600e+002  7.4000000e+002
  5.6126000e+002  7.4400000e+002
  5.6200000e+002  7.4000000e+002
  5.6273600e+002  7.3600000e+002
  5.6347200e+002  7.3600000e+002
  5.6421200e+002  7.4000000e+002
  5.6494800e+002  7.3600000e+002
  5.6567600e+002  7.2800000e+002
  5.6641200e+002  7.3600000e+002
  5.6714400e+002  7.3200000e+002
  5.6787200e+002  7.2800000e+002
  5.6860400e+002  7.3200000e+002
  5.6933600e+002  7.3200000e+002
  5.7006400e+002  7.2800000e+002
  5.7079600e+002  7.3200000e+002
  5.7152000e+002  7.2400000e+002
  5.7224800e+002  7.2800000e+002
  5.7297600e+002  7.2800000e+002
  5.7370800e+002  7.3200000e+002
  5.7444000e+002  7.3200000e+002
  5.7516800e+002  7.2800000e+002
  5.7590000e+002  7.3200000e+002
  5.7662800e+002  7.2800000e+002
  5.7736000e+002  7.3200000e+002
  5.7809600e+002  7.3600000e+002
  5.7882400e+002  7.2800000e+002
  5.7955600e+002  7.3200000e+002
  5.8029200e+002  7.3600000e+002
  5.8102000e+002  7.2800000e+002
  5.8175200e+002  7.3200000e+002
  5.8248000e+002  7.2800000e+002
  5.8320400e+002  7.2400000e+002
  5.8393200e+002  7.2800000e+002
  5.8466800e+002  7.3600000e+002
  5.8540000e+002  7.3200000e+002
  5.8612400e+002  7.2400000e+002
  5.8686000e+002  7.3600000e+002
  5.8759200e+002  7.3200000e+002
  5.8832400e+002  7.3200000e+002
  5.8906400e+002  7.4000000e+002
  5.8979600e+002  7.3200000e+002
  5.9052800e+002  7.3200000e+002
  5.9126400e+002  7.3600000e+002
  5.9199600e+002  7.3200000e+002
  5.9272400e+002  7.2800000e+002
  5.9346000e+002  7.3600000e+002
  5.9419600e+002  7.3600000e+002
  5.9492400e+002  7.2800000e+002
  5.9565200e+002  7.2800000e+002
  5.9638400e+002  7.3200000e+002
  5.9711600e+002  7.3200000e+002
  5.9784400e+002  7.2800000e+002
  5.9856800e+002  7.2400000e+002
  5.9930000e+002  7.3200000e+002
  6.0002400e+002  7.2400000e+002
  6.0074800e+002  7.2400000e+002
  6.0147200e+002  7.2400000e+002
  6.0219200e+002  7.2000000e+002
  6.0291200e+002  7.2000000e+002
  6.0363600e+002  7.2400000e+002
  6.0436000e+002  7.2400000e+002
  6.0508400e+002  7.2400000e+002
  6.0580400e+002  7.2000000e+002
  6.0653200e+002  7.2800000e+002
  6.0725600e+002  7.2400000e+002
  6.0798800e+002  7.3200000e+002
  6.0872400e+002  7.3600000e+002
  6.0946400e+002  7.4000000e+002
  6.1020000e+002  7.3600000e+002
  6.1092800e+002  7.2800000e+002
  6.1166400e+002  7.3600000e+002
  6.1239600e+002  7.3200000e+002
  6.1313200e+002  7.3600000e+002
  6.1386800e+002  7.3600000e+002
  6.1460000e+002  7.3200000e+002
  6.1533200e+002  7.3200000e+002
  6.1606800e+002  7.3600000e+002
  6.1680000e+002  7.3200000e+002
  6.1752800e+002  7.2800000e+002
  6.1826000e+002  7.3200000e+002
  6.1899200e+002  7.3200000e+002
  6.1972400e+002  7.3200000e+002
  6.2046000e+002  7.3600000e+002
  6.2120000e+002  7.4000000e+002
  6.2194000e+002  7.4000000e+002
  6.2268000e+002  7.4000000e+002
  6.2342000e+002  7.4000000e+002
  6.2416000e+002  7.4000000e+002
  6.2490000e+002  7.4000000e+002
  6.2564000e+002  7.4000000e+002
  6.2637600e+002  7.3600000e+002
  6.2711600e+002  7.4000000e+002
  6.2786000e+002  7.4400000e+002
  6.2860000e+002  7.4000000e+002
  6.2933200e+002  7.3200000e+002
  6.3006800e+002  7.3600000e+002
  6.3080800e+002  7.4000000e+002
  6.3154000e+002  7.3200000e+002
  6.3227600e+002  7.3600000e+002
  6.3300800e+002  7.3200000e+002
  6.3374000e+002  7.3200000e+002
  6.3447200e+002  7.3200000e+002
  6.3520400e+002  7.3200000e+002
  6.3593600e+002  7.3200000e+002
  6.3666800e+002  7.3200000e+002
  6.3740000e+002  7.3200000e+002
  6.3813600e+002  7.3600000e+002
  6.3886400e+002  7.2800000e+002
  6.3960000e+002  7.3600000e+002
  6.4033200e+002  7.3200000e+002
  6.4105600e+002  7.2400000e+002
  6.4178800e+002  7.3200000e+002
  6.4251600e+002  7.2800000e+002
  6.4324400e+002  7.2800000e+002
  6.4397200e+002  7.2800000e+002
  6.4470800e+002  7.3600000e+002
  6.4544000e+002  7.3200000e+002
  6.4617200e+002  7.3200000e+002
  6.4690400e+002  7.3200000e+002
  6.4763600e+002  7.3200000e+002
  6.4837200e+002  7.3600000e+002
  6.4911200e+002  7.4000000e+002
  6.4984800e+002  7.3600000e+002
  6.5058400e+002  7.3600000e+002
  6.5132000e+002  7.3600000e+002
  6.5205600e+002  7.3600000e+002
  6.5278400e+002  7.2800000e+002
  6.5352000e+002  7.3600000e+002
  6.5426000e+002  7.4000000e+002
  6.5500000e+002  7.4000000e+002
  6.5573200e+002  7.3200000e+002
  6.5646400e+002  7.3200000e+002
  6.5720000e+002  7.3600000e+002
  6.5793200e+002  7.3200000e+002
  6.5866400e+002  7.3200000e+002
  6.5939200e+002  7.2800000e+002
  6.6012000e+002  7.2800000e+002
  6.6085600e+002  7.3600000e+002
  6.6158800e+002  7.3200000e+002
  6.6232000e+002  7.3200000e+002
  6.6305200e+002  7.3200000e+002
  6.6378400e+002  7.3200000e+002
  6.6451600e+002  7.3200000e+002
  6.6525600e+002  7.4000000e+002
  6.6599600e+002  7.4000000e+002
  6.6674000e+002  7.4400000e+002
  6.6748400e+002  7.4400000e+002
  6.6822800e+002  7.4400000e+002
  6.6897600e+002  7.4800000e+002
  6.6972800e+002  7.5200000e+002
  6.7047600e+002  7.4800000e+002
  6.7121600e+002  7.4000000e+002
  6.7196000e+002  7.4400000e+002
  6.7270400e+002  7.4400000e+002
  6.7344400e+002  7.4000000e+002
  6.7418000e+002  7.3600000e+002
  6.7491200e+002  7.3200000e+002
  6.7564400e+002  7.3200000e+002
  6.7638000e+002  7.3600000e+002
  6.7711200e+002  7.3200000e+002
  6.7784800e+002  7.3600000e+002
  6.7858800e+002  7.4000000e+002
  6.7932400e+002  7.3600000e+002
  6.8006000e+002  7.3600000e+002
  6.8079600e+002  7.3600000e+002
  6.8153200e+002  7.3600000e+002
  6.8227200e+002  7.4000000e+002
  6.8301200e+002  7.4000000e+002
  6.8374400e+002  7.3200000e+002
  6.8448000e+002  7.3600000e+002
  6.8521600e+002  7.3600000e+002
  6.8594800e+002  7.3200000e+002
  6.8668400e+002  7.3600000e+002
  6.8741200e+002  7.2800000e+002
  6.8814400e+002  7.3200000e+002
  6.8888000e+002  7.3600000e+002
  6.8961200e+002  7.3200000e+002
  6.9034800e+002  7.3600000e+002
  6.9108800e+002  7.4000000e+002
  6.9183200e+002  7.4400000e+002
  6.9257600e+002  7.4400000e+002
  6.9332400e+002  7.4800000e+002
  6.9407600e+002  7.5200000e+002
  6.9482400e+002  7.4800000e+002
  6.9557600e+002  7.5200000e+002
  6.9632000e+002  7.4400000e+002
  6.9706400e+002  7.4400000e+002
  6.9780000e+002  7.3600000e+002
  6.9854000e+002  7.4000000e+002
  6.9927200e+002  7.3200000e+002
  7.0000800e+002  7.3600000e+002
  7.0074400e+002  7.3600000e+002
  7.0147600e+002  7.3200000e+002
  7.0221600e+002  7.4000000e+002
  7.0295200e+002  7.3600000e+002
  7.0369200e+002  7.4000000e+002
  7.0443600e+002  7.4400000e+002
  7.0517600e+002  7.4000000e+002
  7.0591600e+002  7.4000000e+002
  7.0666000e+002  7.4400000e+002
  7.0740800e+002  7.4800000e+002
  7.0814800e+002  7.4000000e+002
  7.0889200e+002  7.4400000e+002
  7.0963200e+002  7.4000000e+002
  7.1036800e+002  7.3600000e+002
  7.1110800e+002  7.4000000e+002
  7.1184400e+002  7.3600000e+002
  7.1257600e+002  7.3200000e+002
  7.1331200e+002  7.3600000e+002
  7.1404800e+002  7.3600000e+002
  7.1478000e+002  7.3200000e+002
  7.1551600e+002  7.3600000e+002
  7.1625600e+002  7.4000000e+002
  7.1699200e+002  7.3600000e+002
  7.1773200e+002  7.4000000e+002
  7.1847600e+002  7.4400000e+002
  7.1922000e+002  7.4400000e+002
  7.1996400e+002  7.4400000e+002
  7.2070000e+002  7.3600000e+002
  7.2144000e+002  7.4000000e+002
  7.2217600e+002  7.3600000e+002
  7.2291200e+002  7.3600000e+002
  7.2364000e+002  7.2800000e+002
  7.2437600e+002  7.3600000e+002
  7.2511200e+002  7.3600000e+002
  7.2584400e+002  7.3200000e+002
  7.2658000e+002  7.3600000e+002
  7.2731600e+002  7.3600000e+002
  7.2804400e+002  7.2800000e+002
  7.2878000e+002  7.3600000e+002
  7.2951200e+002  7.3200000e+002
  7.3024400e+002  7.3200000e+002
  7.3098400e+002  7.4000000e+002
  7.3171600e+002  7.3200000e+002
  7.3245200e+002  7.3600000e+002
  7.3318800e+002  7.3600000e+002
  7.3392800e+002  7.4000000e+002
  7.3466000e+002  7.3200000e+002
  7.3539200e+002  7.3200000e+002
  7.3612400e+002  7.3200000e+002
  7.3686400e+002  7.4000000e+002
  7.3760000e+002  7.3600000e+002
  7.3834400e+002  7.4400000e+002
  7.3908800e+002  7.4400000e+002
  7.3983600e+002  7.4800000e+002
  7.4057600e+002  7.4000000e+002
  7.4132400e+002  7.4800000e+002
  7.4207200e+002  7.4800000e+002
  7.4281600e+002  7.4400000e+002
  7.4356000e+002  7.4400000e+002
  7.4430000e+002  7.4000000e+002
  7.4505200e+002  7.5200000e+002
  7.4580400e+002  7.5200000e+002
  7.4655200e+002  7.4800000e+002
  7.4730800e+002  7.5600000e+002
  7.4805600e+002  7.4800000e+002
  7.4880800e+002  7.5200000e+002
  7.4956400e+002  7.5600000e+002
  7.5031600e+002  7.5200000e+002
  7.5106400e+002  7.4800000e+002
  7.5181600e+002  7.5200000e+002
  7.5256000e+002  7.4400000e+002
  7.5330400e+002  7.4400000e+002
  7.5404400e+002  7.4000000e+002
  7.5478400e+002  7.4000000e+002
  7.5551600e+002  7.3200000e+002
  7.5625600e+002  7.4000000e+002
  7.5699600e+002  7.4000000e+002
  7.5772800e+002  7.3200000e+002
  7.5846800e+002  7.4000000e+002
  7.5920800e+002  7.4000000e+002
  7.5994800e+002  7.4000000e+002
  7.6068800e+002  7.4000000e+002
  7.6143200e+002  7.4400000e+002
  7.6217600e+002  7.4400000e+002
  7.6292000e+002  7.4400000e+002
  7.6366000e+002  7.4000000e+002
  7.6440400e+002  7.4400000e+002
  7.6514400e+002  7.4000000e+002
  7.6588400e+002  7.4000000e+002
  7.6662800e+002  7.4400000e+002
  7.6736400e+002  7.3600000e+002
  7.6810000e+002  7.3600000e+002
  7.6883600e+002  7.3600000e+002
  7.6957200e+002  7.3600000e+002
  7.7030800e+002  7.3600000e+002
  7.7104400e+002  7.3600000e+002
  7.7177200e+002  7.2800000e+002
  7.7250400e+002  7.3200000e+002
  7.7323200e+002  7.2800000e+002
  7.7397200e+002  7.4000000e+002
  7.7470400e+002  7.3200000e+002
  7.7544000e+002  7.3600000e+002
  7.7617600e+002  7.3600000e+002
  7.7690800e+002  7.3200000e+002
  7.7764000e+002  7.3200000e+002
  7.7837200e+002  7.3200000e+002
  7.7910800e+002  7.3600000e+002
  7.7983600e+002  7.2800000e+002
  7.8056000e+002  7.2400000e+002
  7.8128800e+002  7.2800000e+002
  7.8201200e+002  7.2400000e+002
  7.8273600e+002  7.2400000e+002
  7.8346000e+002  7.2400000e+002
  7.8418400e+002  7.2400000e+002
  7.8491600e+002  7.3200000e+002
  7.8564000e+002  7.2400000e+002
  7.8637200e+002  7.3200000e+002
  7.8710000e+002  7.2800000e+002
  7.8782400e+002  7.2400000e+002
  7.8855600e+002  7.3200000e+002
  7.8928800e+002  7.3200000e+002
  7.9002000e+002  7.3200000e+002
  7.9074800e+002  7.2800000e+002
  7.9147600e+002  7.2800000e+002
  7.9220400e+002  7.2800000e+002
  7.9293200e+002  7.2800000e+002
  7.9366400e+002  7.3200000e+002
  7.9439600e+002  7.3200000e+002
  7.9512800e+002  7.3200000e+002
  7.9586400e+002  7.3600000e+002
  7.9660000e+002  7.3600000e+002
  7.9732800e+002  7.2800000e+002
  7.9806400e+002  7.3600000e+002
  7.9879600e+002  7.3200000e+002
  7.9952800e+002  7.3200000e+002
  8.0026000e+002  7.3200000e+002
  8.0099200e+002  7.3200000e+002
  8.0172000e+002  7.2800000e+002
  8.0245600e+002  7.3600000e+002
  8.0318400e+002  7.2800000e+002
  8.0390800e+002  7.2400000e+002
  8.0463600e+002  7.2800000e+002
  8.0536000e+002  7.2400000e+002
  8.0608400e+002  7.2400000e+002
  8.0680400e+002  7.2000000e+002
  8.0752400e+002  7.2000000e+002
  8.0824000e+002  7.1600000e+002
  8.0895600e+002  7.1600000e+002
  8.0967600e+002  7.2000000e+002
  8.1039200e+002  7.1600000e+002
  8.1111200e+002  7.2000000e+002
  8.1183600e+002  7.2400000e+002
  8.1256000e+002  7.2400000e+002
  8.1328000e+002  7.2000000e+002
  8.1400800e+002  7.2800000e+002
  8.1473200e+002  7.2400000e+002
  8.1546000e+002  7.2800000e+002
  8.1618800e+002  7.2800000e+002
  8.1692000e+002  7.3200000e+002
  8.1764800e+002  7.2800000e+002
  8.1838000e+002  7.3200000e+002
  8.1910800e+002  7.2800000e+002
  8.1984000e+002  7.3200000e+002
  8.2057200e+002  7.3200000e+002
  8.2130000e+002  7.2800000e+002
  8.2203200e+002  7.3200000e+002
  8.2276400e+002  7.3200000e+002
  8.2349200e+002  7.2800000e+002
  8.2422400e+002  7.3200000e+002
  8.2495600e+002  7.3200000e+002
  8.2568400e+002  7.2800000e+002
  8.2641600e+002  7.3200000e+002
  8.2715200e+002  7.3600000e+002
  8.2788000e+002  7.2800000e+002
  8.2861600e+002  7.3600000e+002
  8.2934800e+002  7.3200000e+002
  8.3008000e+002  7.3200000e+002
  8.3081200e+002  7.3200000e+002
  8.3155200e+002  7.4000000e+002
  8.3228400e+002  7.3200000e+002
  8.3302400e+002  7.4000000e+002
  8.3376800e+002  7.4400000e+002
  8.3451200e+002  7.4400000e+002
  8.3525600e+002  7.4400000e+002
  8.3600400e+002  7.4800000e+002
  8.3674400e+002  7.4000000e+002
  8.3748800e+002  7.4400000e+002
  8.3823200e+002  7.4400000e+002
  8.3897600e+002  7.4400000e+002
  8.3972000e+002  7.4400000e+002
  8.4046000e+002  7.4000000e+002
  8.4119600e+002  7.3600000e+002
  8.4193200e+002  7.3600000e+002
  8.4266800e+002  7.3600000e+002
  8.4340400e+002  7.3600000e+002
  8.4414400e+002  7.4000000e+002
  8.4488400e+002  7.4000000e+002
  8.4562400e+002  7.4000000e+002
  8.4636800e+002  7.4400000e+002
  8.4710800e+002  7.4000000e+002
  8.4785200e+002  7.4400000e+002
  8.4859600e+002  7.4400000e+002
  8.4934000e+002  7.4400000e+002
  8.5008000e+002  7.4000000e+002
  8.5082400e+002  7.4400000e+002
  8.5156000e+002  7.3600000e+002
  8.5230000e+002  7.4000000e+002
  8.5303600e+002  7.3600000e+002
  8.5376400e+002  7.2800000e+002
  8.5449600e+002  7.3200000e+002
  8.5523200e+002  7.3600000e+002
  8.5596400e+002  7.3200000e+002
  8.5669200e+002  7.2800000e+002
  8.5742800e+002  7.3600000e+002
  8.5816000e+002  7.3200000e+002
  8.5889200e+002  7.3200000e+002
  8.5963200e+002  7.4000000e+002
  8.6037200e+002  7.4000000e+002
  8.6110800e+002  7.3600000e+002
  8.6184800e+002  7.4000000e+002
  8.6258400e+002  7.3600000e+002
  8.6332000e+002  7.3600000e+002
  8.6405600e+002  7.3600000e+002
  8.6479200e+002  7.3600000e+002
  8.6552800e+002  7.3600000e+002
  8.6626800e+002  7.4000000e+002
  8.6700400e+002  7.3600000e+002
  8.6774000e+002  7.3600000e+002
  8.6847600e+002  7.3600000e+002
  8.6920800e+002  7.3200000e+002
  8.6994800e+002  7.4000000e+002
  8.7068000e+002  7.3200000e+002
  8.7141600e+002  7.3600000e+002
  8.7214800e+002  7.3200000e+002
  8.7287600e+002  7.2800000e+002
  8.7360400e+002  7.2800000e+002
  8.7433200e+002  7.2800000e+002
  8.7505600e+002  7.2400000e+002
  8.7578400e+002  7.2800000e+002
  8.7650800e+002  7.2400000e+002
  8.7722800e+002  7.2000000e+002
  8.7794800e+002  7.2000000e+002
  8.7867200e+002  7.2400000e+002
  8.7939600e+002  7.2400000e+002
  8.8011600e+002  7.2000000e+002
  8.8084400e+002  7.2800000e+002
  8.8156800e+002  7.2400000e+002
  8.8228800e+002  7.2000000e+002
  8.8301200e+002  7.2400000e+002
  8.8374000e+002  7.2800000e+002
  8.8446800e+002  7.2800000e+002
  8.8519200e+002  7.2400000e+002
  8.8592000e+002  7.2800000e+002
  8.8664400e+002  7.2400000e+002
  8.8737200e+002  7.2800000e+002
  8.8810000e+002  7.2800000e+002
  8.8882800e+002  7.2800000e+002
  8.8955600e+002  7.2800000e+002
  8.9028000e+002  7.2400000e+002
  8.9100800e+002  7.2800000e+002
  8.9173600e+002  7.2800000e+002
  8.9245600e+002  7.2000000e+002
  8.9318000e+002  7.2400000e+002
  8.9390000e+002  7.2000000e+002
  8.9461600e+002  7.1600000e+002
  8.9533600e+002  7.2000000e+002
  8.9605600e+002  7.2000000e+002
  8.9677200e+002  7.1600000e+002
  8.9749200e+002  7.2000000e+002
  8.9821600e+002  7.2400000e+002
  8.9894800e+002  7.3200000e+002
  8.9967600e+002  7.2800000e+002
  9.0039600e+002  7.2000000e+002
  9.0112400e+002  7.2800000e+002
  9.0185200e+002  7.2800000e+002
  9.0257600e+002  7.2400000e+002
  9.0330000e+002  7.2400000e+002
  9.0402400e+002  7.2400000e+002
  9.0475200e+002  7.2800000e+002
  9.0547200e+002  7.2000000e+002
  9.0618800e+002  7.1600000e+002
  9.0690800e+002  7.2000000e+002
  9.0762800e+002  7.2000000e+002
  9.0835200e+002  7.2400000e+002
  9.0906800e+002  7.1600000e+002
  9.0978000e+002  7.1200000e+002
  9.1049200e+002  7.1200000e+002
  9.1121200e+002  7.2000000e+002
  9.1192000e+002  7.0800000e+002
  9.1263200e+002  7.1200000e+002
  9.1334400e+002  7.1200000e+002
  9.1406000e+002  7.1600000e+002
  9.1477600e+002  7.1600000e+002
  9.1549600e+002  7.2000000e+002
  9.1621600e+002  7.2000000e+002
  9.1693200e+002  7.1600000e+002
  9.1765600e+002  7.2400000e+002
  9.1837600e+002  7.2000000e+002
  9.1909600e+002  7.2000000e+002
  9.1982400e+002  7.2800000e+002
  9.2054000e+002  7.1600000e+002
  9.2126000e+002  7.2000000e+002
  9.2198400e+002  7.2400000e+002
  9.2270400e+002  7.2000000e+002
  9.2342000e+002  7.1600000e+002
  9.2414000e+002  7.2000000e+002
  9.2486000e+002  7.2000000e+002
  9.2558000e+002  7.2000000e+002
  9.2630400e+002  7.2400000e+002
  9.2703200e+002  7.2800000e+002
  9.2775200e+002  7.2000000e+002
  9.2848000e+002  7.2800000e+002
  9.2920400e+002  7.2400000e+002
  9.2992800e+002  7.2400000e+002
  9.3065200e+002  7.2400000e+002
  9.3138000e+002  7.2800000e+002
  9.3210400e+002  7.2400000e+002
  9.3282400e+002  7.2000000e+002
  9.3354400e+002  7.2000000e+002
  9.3427200e+002  7.2800000e+002
  9.3499600e+002  7.2400000e+002
  9.3571600e+002  7.2000000e+002
  9.3644000e+002  7.2400000e+002
  9.3716800e+002  7.2800000e+002
  9.3789200e+002  7.2400000e+002
  9.3861200e+002  7.2000000e+002
  9.3934000e+002  7.2800000e+002
  9.4006400e+002  7.2400000e+002
  9.4078400e+002  7.2000000e+002
  9.4151200e+002  7.2800000e+002
  9.4223600e+002  7.2400000e+002
  9.4295200e+002  7.1600000e+002
  9.4367200e+002  7.2000000e+002
  9.4439600e+002  7.2400000e+002
  9.4512000e+002  7.2400000e+002
  9.4584400e+002  7.2400000e+002
  9.4657600e+002  7.3200000e+002
  9.4730400e+002  7.2800000e+002
  9.4803200e+002  7.2800000e+002
  9.4876000e+002  7.2800000e+002
  9.4948800e+002  7.2800000e+002
  9.5020800e+002  7.2000000e+002
  9.5093600e+002  7.2800000e+002
  9.5166800e+002  7.3200000e+002
  9.5239200e+002  7.2400000e+002
  9.5312800e+002  7.3600000e+002
  9.5386400e+002  7.3600000e+002
  9.5459600e+002  7.3200000e+002
  9.5532800e+002  7.3200000e+002
  9.5606000e+002  7.3200000e+002
  9.5678800e+002  7.2800000e+002
  9.5752000e+002  7.3200000e+002
  9.5825200e+002  7.3200000e+002
  9.5898000e+002  7.2800000e+002
  9.5971200e+002  7.3200000e+002
  9.6043600e+002  7.2400000e+002
  9.6116000e+002  7.2400000e+002
  9.6188800e+002  7.2800000e+002
  9.6260800e+002  7.2000000e+002
  9.6332800e+002  7.2000000e+002
  9.6404800e+002  7.2000000e+002
  9.6476800e+002  7.2000000e+002
  9.6548400e+002  7.1600000e+002
  9.6620800e+002  7.2400000e+002
  9.6692800e+002  7.2000000e+002
  9.6764400e+002  7.1600000e+002
  9.6836000e+002  7.1600000e+002
  9.6908800e+002  7.2800000e+002
  9.6980400e+002  7.1600000e+002
  9.7052400e+002  7.2000000e+002
  9.7124400e+002  7.2000000e+002
  9.7196800e+002  7.2400000e+002
  9.7269200e+002  7.2400000e+002
  9.7341200e+002  7.2000000e+002
  9.7414000e+002  7.2800000e+002
  9.7457200e+002  4.3200000e+002
  9.7561600e+002  1.0440000e+003
  9.7634800e+002  7.3200000e+002
  9.7706800e+002  7.2000000e+002
  9.7778800e+002  7.2000000e+002
  9.7850800e+002  7.2000000e+002
  9.7922800e+002  7.2000000e+002
  9.7994400e+002  7.1600000e+002
  9.8066800e+002  7.2400000e+002
  9.8138800e+002  7.2000000e+002
  9.8211200e+002  7.2400000e+002
  9.8283600e+002  7.2400000e+002
  9.8356400e+002  7.2800000e+002
  9.8429200e+002  7.2800000e+002
  9.8502800e+002  7.3600000e+002
  9.8576400e+002  7.3600000e+002
  9.8650400e+002  7.4000000e+002
  9.8724400e+002  7.4000000e+002
  9.8799600e+002  7.5200000e+002
  9.8874400e+002  7.4800000e+002
  9.8949200e+002  7.4800000e+002
  9.9024400e+002  7.5200000e+002
  9.9099200e+002  7.4800000e+002
  9.9174400e+002  7.5200000e+002
  9.9249200e+002  7.4800000e+002
  9.9323600e+002  7.4400000e+002
  9.9398000e+002  7.4400000e+002
  9.9471600e+002  7.3600000e+002
  9.9544800e+002  7.3200000e+002
  9.9618400e+002  7.3600000e+002
  9.9691200e+002  7.2800000e+002
  9.9764000e+002  7.2800000e+002
  9.9837600e+002  7.3600000e+002
  9.9910400e+002  7.2800000e+002
  9.9983200e+002  7.2800000e+002
  1.0005680e+003  7.3600000e+002
  1.0013000e+003  7.3200000e+002
  1.0020280e+003  7.2800000e+002
  1.0027640e+003  7.3600000e+002
  1.0034960e+003  7.3200000e+002
  1.0042280e+003  7.3200000e+002
  1.0049600e+003  7.3200000e+002
  1.0056920e+003  7.3200000e+002
  1.0064240e+003  7.3200000e+002
  1.0071480e+003  7.2400000e+002
  1.0078800e+003  7.3200000e+002
  1.0086080e+003  7.2800000e+002
  1.0093400e+003  7.3200000e+002
  1.0100720e+003  7.3200000e+002
  1.0107960e+003  7.2400000e+002
  1.0115240e+003  7.2800000e+002
  1.0122520e+003  7.2800000e+002
  1.0129760e+003  7.2400000e+002
  1.0137080e+003  7.3200000e+002
  1.0144320e+003  7.2400000e+002
  1.0151640e+003  7.3200000e+002
  1.0158920e+003  7.2800000e+002
  1.0166200e+003  7.2800000e+002
  1.0173560e+003  7.3600000e+002
  1.0180840e+003  7.2800000e+002
  1.0188160e+003  7.3200000e+002
  1.0195400e+003  7.2400000e+002
  1.0202680e+003  7.2800000e+002
  1.0209960e+003  7.2800000e+002
  1.0217240e+003  7.2800000e+002
  1.0224560e+003  7.3200000e+002
  1.0231840e+003  7.2800000e+002
  1.0239120e+003  7.2800000e+002
  1.0246440e+003  7.3200000e+002
  1.0253800e+003  7.3600000e+002
  1.0261120e+003  7.3200000e+002
  1.0268480e+003  7.3600000e+002
  1.0275840e+003  7.3600000e+002
  1.0283160e+003  7.3200000e+002
  1.0290520e+003  7.3600000e+002
  1.0297880e+003  7.3600000e+002
  1.0305240e+003  7.3600000e+002
  1.0312600e+003  7.3600000e+002
  1.0319960e+003  7.3600000e+002
  1.0327360e+003  7.4000000e+002
  1.0334840e+003  7.4800000e+002
  1.0342280e+003  7.4400000e+002
  1.0349720e+003  7.4400000e+002
  1.0357160e+003  7.4400000e+002
  1.0364600e+003  7.4400000e+002
  1.0372000e+003  7.4000000e+002
  1.0379360e+003  7.3600000e+002
  1.0386720e+003  7.3600000e+002
  1.0394080e+003  7.3600000e+002
  1.0401480e+003  7.4000000e+002
  1.0408840e+003  7.3600000e+002
  1.0416120e+003  7.2800000e+002
  1.0423440e+003  7.3200000e+002
  1.0430680e+003  7.2400000e+002
  1.0437920e+003  7.2400000e+002
  1.0445160e+003  7.2400000e+002
  1.0452400e+003  7.2400000e+002
  1.0459640e+003  7.2400000e+002
  1.0466880e+003  7.2400000e+002
  1.0474080e+003  7.2000000e+002
  1.0481280e+003  7.2000000e+002
  1.0488520e+003  7.2400000e+002
  1.0495720e+003  7.2000000e+002
  1.0502960e+003  7.2400000e+002
  1.0510200e+003  7.2400000e+002
  1.0517440e+003  7.2400000e+002
  1.0524680e+003  7.2400000e+002
  1.0531880e+003  7.2000000e+002
  1.0539120e+003  7.2400000e+002
  1.0546360e+003  7.2400000e+002
  1.0553520e+003  7.1600000e+002
  1.0560760e+003  7.2400000e+002
  1.0567960e+003  7.2000000e+002
  1.0575200e+003  7.2400000e+002
  1.0582440e+003  7.2400000e+002
  1.0589680e+003  7.2400000e+002
  1.0596840e+003  7.1600000e+002
  1.0604040e+003  7.2000000e+002
  1.0611240e+003  7.2000000e+002
  1.0618440e+003  7.2000000e+002
  1.0625600e+003  7.1600000e+002
  1.0632760e+003  7.1600000e+002
  1.0639960e+003  7.2000000e+002
  1.0647120e+003  7.1600000e+002
  1.0654320e+003  7.2000000e+002
  1.0661480e+003  7.1600000e+002
  1.0668680e+003  7.2000000e+002
  1.0675880e+003  7.2000000e+002
  1.0683120e+003  7.2400000e+002
  1.0690360e+003  7.2400000e+002
  1.0697600e+003  7.2400000e+002
  1.0704800e+003  7.2000000e+002
  1.0712040e+003  7.2400000e+002
  1.0719240e+003  7.2000000e+002
  1.0726440e+003  7.2000000e+002
  1.0733640e+003  7.2000000e+002
  1.0740840e+003  7.2000000e+002
  1.0748080e+003  7.2400000e+002
  1.0755240e+003  7.1600000e+002
  1.0762440e+003  7.2000000e+002
  1.0769640e+003  7.2000000e+002
  1.0776840e+003  7.2000000e+002
  1.0784080e+003  7.2400000e+002
  1.0791280e+003  7.2000000e+002
  1.0798520e+003  7.2400000e+002
  1.0805720e+003  7.2000000e+002
  1.0812920e+003  7.2000000e+002
  1.0820080e+003  7.1600000e+002
  1.0827320e+003  7.2400000e+002
  1.0834480e+003  7.1600000e+002
  1.0841760e+003  7.2800000e+002
  1.0848960e+003  7.2000000e+002
  1.0856160e+003  7.2000000e+002
  1.0863400e+003  7.2400000e+002
  1.0870600e+003  7.2000000e+002
  1.0877800e+003  7.2000000e+002
  1.0885040e+003  7.2400000e+002
  1.0892280e+003  7.2400000e+002
  1.0899560e+003  7.2800000e+002
  1.0906880e+003  7.3200000e+002
  1.0914200e+003  7.3200000e+002
  1.0921560e+003  7.3600000e+002
  1.0928840e+003  7.2800000e+002
  1.0936160e+003  7.3200000e+002
  1.0943400e+003  7.2400000e+002
  1.0950680e+003  7.2800000e+002
  1.0957880e+003  7.2000000e+002
  1.0965120e+003  7.2400000e+002
  1.0972280e+003  7.1600000e+002
  1.0979440e+003  7.1600000e+002
  1.0986600e+003  7.1600000e+002
  1.0993800e+003  7.2000000e+002
  1.1000960e+003  7.1600000e+002
  1.1008120e+003  7.1600000e+002
  1.1015240e+003  7.1200000e+002
  1.1022400e+003  7.1600000e+002
  1.1029520e+003  7.1200000e+002
  1.1036640e+003  7.1200000e+002
  1.1043760e+003  7.1200000e+002
  1.1050920e+003  7.1600000e+002
  1.1058000e+003  7.0800000e+002
  1.1065120e+003  7.1200000e+002
  1.1072240e+003  7.1200000e+002
  1.1079360e+003  7.1200000e+002
  1.1086480e+003  7.1200000e+002
  1.1093600e+003  7.1200000e+002
  1.1100760e+003  7.1600000e+002
  1.1107880e+003  7.1200000e+002
  1.1115000e+003  7.1200000e+002
  1.1122160e+003  7.1600000e+002
  1.1129360e+003  7.2000000e+002
  1.1136560e+003  7.2000000e+002
  1.1143720e+003  7.1600000e+002
  1.1150880e+003  7.1600000e+002
  1.1158080e+003  7.2000000e+002
  1.1165360e+003  7.2800000e+002
  1.1172520e+003  7.1600000e+002
  1.1179680e+003  7.1600000e+002
  1.1186880e+003  7.2000000e+002
  1.1194000e+003  7.1200000e+002
  1.1201120e+003  7.1200000e+002
  1.1208320e+003  7.2000000e+002
  1.1215440e+003  7.1200000e+002
  1.1222600e+003  7.1600000e+002
  1.1229800e+003  7.2000000e+002
  1.1236960e+003  7.1600000e+002
  1.1244160e+003  7.2000000e+002
  1.1251320e+003  7.1600000e+002
  1.1258520e+003  7.2000000e+002
  1.1265680e+003  7.1600000e+002
  1.1272880e+003  7.2000000e+002
  1.1280080e+003  7.2000000e+002
  1.1287240e+003  7.1600000e+002
  1.1294400e+003  7.1600000e+002
  1.1301560e+003  7.1600000e+002
  1.1308720e+003  7.1600000e+002
  1.1315920e+003  7.2000000e+002
  1.1323080e+003  7.1600000e+002
  1.1330240e+003  7.1600000e+002
  1.1337440e+003  7.2000000e+002
  1.1344600e+003  7.1600000e+002
  1.1351760e+003  7.1600000e+002
  1.1358960e+003  7.2000000e+002
  1.1366120e+003  7.1600000e+002
  1.1373280e+003  7.1600000e+002
  1.1380440e+003  7.1600000e+002
  1.1387640e+003  7.2000000e+002
  1.1394840e+003  7.2000000e+002
  1.1402080e+003  7.2400000e+002
  1.1409280e+003  7.2000000e+002
  1.1416440e+003  7.1600000e+002
  1.1423680e+003  7.2400000e+002
  1.1430920e+003  7.2400000e+002
  1.1438120e+003  7.2000000e+002
  1.1445320e+003  7.2000000e+002
  1.1452560e+003  7.2400000e+002
  1.1459760e+003  7.2000000e+002
  1.1466960e+003  7.2000000e+002
  1.1474200e+003  7.2400000e+002
  1.1481440e+003  7.2400000e+002
  1.1488640e+003  7.2000000e+002
  1.1495920e+003  7.2800000e+002
  1.1503120e+003  7.2000000e+002
  1.1510480e+003  7.3600000e+002
  1.1517800e+003  7.3200000e+002
  1.1525120e+003  7.3200000e+002
  1.1532480e+003  7.3600000e+002
  1.1539840e+003  7.3600000e+002
  1.1547200e+003  7.3600000e+002
  1.1554560e+003  7.3600000e+002
  1.1561960e+003  7.4000000e+002
  1.1569440e+003  7.4800000e+002
  1.1576840e+003  7.4000000e+002
  1.1584200e+003  7.3600000e+002
  1.1591560e+003  7.3600000e+002
  1.1598880e+003  7.3200000e+002
  1.1606160e+003  7.2800000e+002
  1.1613400e+003  7.2400000e+002
  1.1620680e+003  7.2800000e+002
  1.1627920e+003  7.2400000e+002
  1.1635160e+003  7.2400000e+002
  1.1642360e+003  7.2000000e+002
  1.1649600e+003  7.2400000e+002
  1.1656840e+003  7.2400000e+002
  1.1664040e+003  7.2000000e+002
  1.1671280e+003  7.2400000e+002
  1.1678520e+003  7.2400000e+002
  1.1685760e+003  7.2400000e+002
  1.1692920e+003  7.1600000e+002
  1.1700120e+003  7.2000000e+002
  1.1707320e+003  7.2000000e+002
  1.1714480e+003  7.1600000e+002
  1.1721640e+003  7.1600000e+002
  1.1728880e+003  7.2400000e+002
  1.1736080e+003  7.2000000e+002
  1.1743280e+003  7.2000000e+002
  1.1750480e+003  7.2000000e+002
  1.1757720e+003  7.2400000e+002
  1.1764960e+003  7.2400000e+002
  1.1772200e+003  7.2400000e+002
  1.1779520e+003  7.3200000e+002
  1.1786720e+003  7.2000000e+002
  1.1791080e+003  4.3600000e+002
  1.1801640e+003  1.0560000e+003
  1.1808920e+003  7.2800000e+002
  1.1816120e+003  7.2000000e+002
  1.1823320e+003  7.2000000e+002
  1.1830480e+003  7.1600000e+002
  1.1837720e+003  7.2400000e+002
  1.1844920e+003  7.2000000e+002
  1.1852040e+003  7.1200000e+002
  1.1859200e+003  7.1600000e+002
  1.1866360e+003  7.1600000e+002
  1.1873480e+003  7.1200000e+002
  1.1880600e+003  7.1200000e+002
  1.1887720e+003  7.1200000e+002
  1.1894880e+003  7.1600000e+002
  1.1902000e+003  7.1200000e+002
  1.1909160e+003  7.1600000e+002
  1.1916320e+003  7.1600000e+002
  1.1923480e+003  7.1600000e+002
  1.1930640e+003  7.1600000e+002
  1.1937880e+003  7.2400000e+002
  1.1945080e+003  7.2000000e+002
  1.1952240e+003  7.1600000e+002
  1.1959480e+003  7.2400000e+002
  1.1966760e+003  7.2800000e+002
  1.1974000e+003  7.2400000e+002
  1.1981280e+003  7.2800000e+002
  1.1988600e+003  7.3200000e+002
  1.1995840e+003  7.2400000e+002
  1.2003080e+003  7.2400000e+002
  1.2010320e+003  7.2400000e+002
  1.2017520e+003  7.2000000e+002
  1.2024760e+003  7.2400000e+002
  1.2031960e+003  7.2000000e+002
  1.2039120e+003  7.1600000e+002
  1.2046320e+003  7.2000000e+002
  1.2053480e+003  7.1600000e+002
  1.2060680e+003  7.2000000e+002
  1.2067880e+003  7.2000000e+002
  1.2075040e+003  7.1600000e+002
  1.2082200e+003  7.1600000e+002
  1.2089400e+003  7.2000000e+002
  1.2096640e+003  7.2400000e+002
  1.2103880e+003  7.2400000e+002
  1.2111120e+003  7.2400000e+002
  1.2118400e+003  7.2800000e+002
  1.2125680e+003  7.2800000e+002
  1.2132960e+003  7.2800000e+002
  1.2140320e+003  7.3600000e+002
  1.2147640e+003  7.3200000e+002
  1.2154920e+003  7.2800000e+002
  1.2162240e+003  7.3200000e+002
  1.2169560e+003  7.3200000e+002
  1.2176880e+003  7.3200000e+002
  1.2184200e+003  7.3200000e+002
  1.2191520e+003  7.3200000e+002
  1.2198880e+003  7.3600000e+002
  1.2206120e+003  7.2400000e+002
  1.2213440e+003  7.3200000e+002
  1.2220720e+003  7.2800000e+002
  1.2227960e+003  7.2400000e+002
  1.2235240e+003  7.2800000e+002
  1.2242440e+003  7.2000000e+002
  1.2249720e+003  7.2800000e+002
  1.2256960e+003  7.2400000e+002
  1.2264160e+003  7.2000000e+002
  1.2271360e+003  7.2000000e+002
  1.2278640e+003  7.2800000e+002
  1.2285960e+003  7.3200000e+002
  1.2293200e+003  7.2400000e+002
  1.2300480e+003  7.2800000e+002
  1.2307720e+003  7.2400000e+002
  1.2314920e+003  7.2000000e+002
  1.2322160e+003  7.2400000e+002
  1.2329320e+003  7.1600000e+002
  1.2336440e+003  7.1200000e+002
  1.2343560e+003  7.1200000e+002
  1.2350680e+003  7.1200000e+002
  1.2357840e+003  7.1600000e+002
  1.2364960e+003  7.1200000e+002
  1.2372040e+003  7.0800000e+002
  1.2379160e+003  7.1200000e+002
  1.2386240e+003  7.0800000e+002
  1.2393320e+003  7.0800000e+002
  1.2400440e+003  7.1200000e+002
  1.2407560e+003  7.1200000e+002
  1.2414680e+003  7.1200000e+002
  1.2421800e+003  7.1200000e+002
  1.2428880e+003  7.0800000e+002
  1.2436040e+003  7.1600000e+002
  1.2443200e+003  7.1600000e+002
  1.2450400e+003  7.2000000e+002
  1.2457600e+003  7.2000000e+002
  1.2464800e+003  7.2000000e+002
  1.2472040e+003  7.2400000e+002
  1.2479240e+003  7.2000000e+002
  1.2486480e+003  7.2400000e+002
  1.2493720e+003  7.2400000e+002
  1.2500960e+003  7.2400000e+002
  1.2508200e+003  7.2400000e+002
  1.2515360e+003  7.1600000e+002
  1.2522560e+003  7.2000000e+002
  1.2529760e+003  7.2000000e+002
  1.2537000e+003  7.2400000e+002
  1.2544200e+003  7.2000000e+002
  1.2551400e+003  7.2000000e+002
  1.2558600e+003  7.2000000e+002
  1.2565840e+003  7.2400000e+002
  1.2573040e+003  7.2000000e+002
  1.2580280e+003  7.2400000e+002
  1.2587480e+003  7.2000000e+002
  1.2594720e+003  7.2400000e+002
  1.2601920e+003  7.2000000e+002
  1.2609120e+003  7.2000000e+002
  1.2616360e+003  7.2400000e+002
  1.2623520e+003  7.1600000e+002
  1.2630720e+003  7.2000000e+002
  1.2637920e+003  7.2000000e+002
  1.2645080e+003  7.1600000e+002
  1.2652320e+003  7.2400000e+002
  1.2659520e+003  7.2000000e+002
  1.2666720e+003  7.2000000e+002
  1.2673960e+003  7.2400000e+002
  1.2681160e+003  7.2000000e+002
  1.2688400e+003  7.2400000e+002
  1.2695640e+003  7.2400000e+002
  1.2702880e+003  7.2400000e+002
  1.2710120e+003  7.2400000e+002
  1.2717320e+003  7.2000000e+002
  1.2724480e+003  7.1600000e+002
  1.2731720e+003  7.2400000e+002
  1.2738920e+003  7.2000000e+002
  1.2746160e+003  7.2400000e+002
  1.2753400e+003  7.2400000e+002
  1.2760600e+003  7.2000000e+002
  1.2767840e+003  7.2400000e+002
  1.2775120e+003  7.2800000e+002
  1.2782400e+003  7.2800000e+002
  1.2789720e+003  7.3200000e+002
  1.2797040e+003  7.3200000e+002
  1.2804320e+003  7.2800000e+002
  1.2811600e+003  7.2800000e+002
  1.2818880e+003  7.2800000e+002
  1.2826120e+003  7.2400000e+002
  1.2833400e+003  7.2800000e+002
  1.2840600e+003  7.2000000e+002
  1.2847880e+003  7.2800000e+002
  1.2855040e+003  7.1600000e+002
  1.2862280e+003  7.2400000e+002
  1.2869520e+003  7.2400000e+002
  1.2876760e+003  7.2400000e+002
  1.2883920e+003  7.1600000e+002
  1.2891040e+003  7.1200000e+002
  1.2898240e+003  7.2000000e+002
  1.2905360e+003  7.1200000e+002
  1.2912520e+003  7.1600000e+002
  1.2919640e+003  7.1200000e+002
  1.2926800e+003  7.1600000e+002
  1.2933960e+003  7.1600000e+002
  1.2941120e+003  7.1600000e+002
  1.2948320e+003  7.2000000e+002
  1.2955520e+003  7.2000000e+002
  1.2962720e+003  7.2000000e+002
  1.2969920e+003  7.2000000e+002
  1.2977080e+003  7.1600000e+002
  1.2984240e+003  7.1600000e+002
  1.2991360e+003  7.1200000e+002
  1.2998440e+003  7.0800000e+002
  1.3005560e+003  7.1200000e+002
  1.3012680e+003  7.1200000e+002
  1.3019840e+003  7.1600000e+002
  1.3027040e+003  7.2000000e+002
  1.3034240e+003  7.2000000e+002
  1.3041520e+003  7.2800000e+002
  1.3048840e+003  7.3200000e+002
  1.3056160e+003  7.3200000e+002
  1.3063520e+003  7.3600000e+002
  1.3070880e+003  7.3600000e+002
  1.3078200e+003  7.3200000e+002
  1.3085520e+003  7.3200000e+002
  1.3092800e+003  7.2800000e+002
  1.3100080e+003  7.2800000e+002
  1.3107320e+003  7.2400000e+002
  1.3114520e+003  7.2000000e+002
  1.3121800e+003  7.2800000e+002
  1.3128960e+003  7.1600000e+002
  1.3136160e+003  7.2000000e+002
  1.3143360e+003  7.2000000e+002
  1.3150560e+003  7.2000000e+002
  1.3157720e+003  7.1600000e+002
  1.3164880e+003  7.1600000e+002
  1.3172040e+003  7.1600000e+002
  1.3179200e+003  7.1600000e+002
  1.3186360e+003  7.1600000e+002
  1.3193520e+003  7.1600000e+002
  1.3200720e+003  7.2000000e+002
  1.3207880e+003  7.1600000e+002
  1.3215160e+003  7.2800000e+002
  1.3222360e+003  7.2000000e+002
  1.3229640e+003  7.2800000e+002
  1.3237000e+003  7.3600000e+002
  1.3244320e+003  7.3200000e+002
  1.3251680e+003  7.3600000e+002
  1.3259000e+003  7.3200000e+002
  1.3266320e+003  7.3200000e+002
  1.3273680e+003  7.3600000e+002
  1.3281040e+003  7.3600000e+002
  1.3288360e+003  7.3200000e+002
  1.3295680e+003  7.3200000e+002
  1.3303000e+003  7.3200000e+002
  1.3310280e+003  7.2800000e+002
  1.3317600e+003  7.3200000e+002
  1.3324880e+003  7.2800000e+002
  1.3332160e+003  7.2800000e+002
  1.3339480e+003  7.3200000e+002
  1.3346760e+003  7.2800000e+002
  1.3354040e+003  7.2800000e+002
  1.3361400e+003  7.3600000e+002
  1.3368720e+003  7.3200000e+002
  1.3376040e+003  7.3200000e+002
  1.3383400e+003  7.3600000e+002
  1.3390760e+003  7.3600000e+002
  1.3398080e+003  7.3200000e+002
  1.3405480e+003  7.4000000e+002
  1.3412840e+003  7.3600000e+002
  1.3420160e+003  7.3200000e+002
  1.3427520e+003  7.3600000e+002
  1.3434840e+003  7.3200000e+002
  1.3442120e+003  7.2800000e+002
  1.3449400e+003  7.2800000e+002
  1.3456720e+003  7.3200000e+002
  1.3464040e+003  7.3200000e+002
  1.3471320e+003  7.2800000e+002
  1.3478640e+003  7.3200000e+002
  1.3485920e+003  7.2800000e+002
  1.3493240e+003  7.3200000e+002
  1.3500640e+003  7.4000000e+002
  1.3508000e+003  7.3600000e+002
  1.3515360e+003  7.3600000e+002
  1.3522760e+003  7.4000000e+002
  1.3530200e+003  7.4400000e+002
  1.3537640e+003  7.4400000e+002
  1.3545040e+003  7.4000000e+002
  1.3552440e+003  7.4000000e+002
  1.3559880e+003  7.4400000e+002
  1.3567280e+003  7.4000000e+002
  1.3574720e+003  7.4400000e+002
  1.3582120e+003  7.4000000e+002
  1.3589480e+003  7.3600000e+002
  1.3596920e+003  7.4400000e+002
  1.3604320e+003  7.4000000e+002
  1.3611680e+003  7.3600000e+002
  1.3619120e+003  7.4400000e+002
  1.3626560e+003  7.4400000e+002
  1.3633920e+003  7.3600000e+002
  1.3641400e+003  7.4800000e+002
  1.3648800e+003  7.4000000e+002
  1.3656200e+003  7.4000000e+002
  1.3663640e+003  7.4400000e+002
  1.3671000e+003  7.3600000e+002
  1.3675280e+003  4.2800000e+002
  1.3686120e+003  1.0840000e+003
  1.3693520e+003  7.4000000e+002
  1.3700840e+003  7.3200000e+002
  1.3708160e+003  7.3200000e+002
  1.3715400e+003  7.2400000e+002
  1.3722640e+003  7.2400000e+002
  1.3729880e+003  7.2400000e+002
  1.3737080e+003  7.2000000e+002
  1.3744320e+003  7.2400000e+002
  1.3751560e+003  7.2400000e+002
  1.3758840e+003  7.2800000e+002
  1.3766080e+003  7.2400000e+002
  1.3773400e+003  7.3200000e+002
  1.3780680e+003  7.2800000e+002
  1.3788000e+003  7.3200000e+002
  1.3795360e+003  7.3600000e+002
  1.3802840e+003  7.4800000e+002
  1.3810320e+003  7.4800000e+002
  1.3817800e+003  7.4800000e+002
  1.3825240e+003  7.4400000e+002
  1.3832720e+003  7.4800000e+002
  1.3840200e+003  7.4800000e+002
  1.3847600e+003  7.4000000e+002
  1.3855040e+003  7.4400000e+002
  1.3862440e+003  7.4000000e+002
  1.3869800e+003  7.3600000e+002
  1.3877160e+003  7.3600000e+002
  1.3884480e+003  7.3200000e+002
  1.3891760e+003  7.2800000e+002
  1.3899040e+003  7.2800000e+002
  1.3906320e+003  7.2800000e+002
  1.3913600e+003  7.2800000e+002
  1.3920840e+003  7.2400000e+002
  1.3928080e+003  7.2400000e+002
  1.3935320e+003  7.2400000e+002
  1.3942520e+003  7.2000000e+002
  1.3949840e+003  7.3200000e+002
  1.3957120e+003  7.2800000e+002
  1.3964400e+003  7.2800000e+002
  1.3971760e+003  7.3600000e+002
  1.3979120e+003  7.3600000e+002
  1.3986440e+003  7.3200000e+002
  1.3993840e+003  7.4000000e+002
  1.4001280e+003  7.4400000e+002
  1.4008680e+003  7.4000000e+002
  1.4016160e+003  7.4800000e+002
  1.4023640e+003  7.4800000e+002
  1.4031080e+003  7.4400000e+002
  1.4038560e+003  7.4800000e+002
  1.4046040e+003  7.4800000e+002
  1.4053480e+003  7.4400000e+002
  1.4060960e+003  7.4800000e+002
  1.4068400e+003  7.4400000e+002
  1.4075800e+003  7.4000000e+002
  1.4083240e+003  7.4400000e+002
  1.4090600e+003  7.3600000e+002
  1.4098040e+003  7.4400000e+002
  1.4105480e+003  7.4400000e+002
  1.4112840e+003  7.3600000e+002
  1.4120280e+003  7.4400000e+002
  1.4127680e+003  7.4000000e+002
  1.4135080e+003  7.4000000e+002
  1.4142560e+003  7.4800000e+002
  1.4150000e+003  7.4400000e+002
  1.4157480e+003  7.4800000e+002
  1.4165000e+003  7.5200000e+002
  1.4172480e+003  7.4800000e+002
  1.4179920e+003  7.4400000e+002
  1.4187400e+003  7.4800000e+002
  1.4194840e+003  7.4400000e+002
  1.4202360e+003  7.5200000e+002
  1.4209840e+003  7.4800000e+002
  1.4217320e+003  7.4800000e+002
  1.4224840e+003  7.5200000e+002
  1.4232320e+003  7.4800000e+002
  1.4239760e+003  7.4400000e+002
  1.4247240e+003  7.4800000e+002
  1.4254680e+003  7.4400000e+002
  1.4262080e+003  7.4000000e+002
  1.4269560e+003  7.4800000e+002
  1.4276920e+003  7.3600000e+002
  1.4284320e+003  7.4000000e+002
  1.4291800e+003  7.4800000e+002
  1.4299200e+003  7.4000000e+002
  1.4306600e+003  7.4000000e+002
  1.4314000e+003  7.4000000e+002
  1.4321440e+003  7.4400000e+002
  1.4328760e+003  7.3200000e+002
  1.4336160e+003  7.4000000e+002
  1.4343520e+003  7.3600000e+002
  1.4350880e+003  7.3600000e+002
  1.4358200e+003  7.3200000e+002
  1.4365520e+003  7.3200000e+002
  1.4372800e+003  7.2800000e+002
  1.4380040e+003  7.2400000e+002
  1.4387320e+003  7.2800000e+002
  1.4394600e+003  7.2800000e+002
  1.4401840e+003  7.2400000e+002
  1.4409040e+003  7.2000000e+002
  1.4416320e+003  7.2800000e+002
  1.4423600e+003  7.2800000e+002
  1.4430920e+003  7.3200000e+002
  1.4438200e+003  7.2800000e+002
  1.4445560e+003  7.3600000e+002
  1.4452880e+003  7.3200000e+002
  1.4460160e+003  7.2800000e+002
  1.4467520e+003  7.3600000e+002
  1.4474880e+003  7.3600000e+002
  1.4482240e+003  7.3600000e+002
  1.4489520e+003  7.2800000e+002
  1.4496880e+003  7.3600000e+002
  1.4504240e+003  7.3600000e+002
  1.4511560e+003  7.3200000e+002
  1.4518880e+003  7.3200000e+002
  1.4526240e+003  7.3600000e+002
  1.4533600e+003  7.3600000e+002
  1.4540960e+003  7.3600000e+002
  1.4548400e+003  7.4400000e+002
  1.4555800e+003  7.4000000e+002
  1.4563200e+003  7.4000000e+002
  1.4570640e+003  7.4400000e+002
  1.4578120e+003  7.4800000e+002
  1.4585560e+003  7.4400000e+002
  1.4592960e+003  7.4000000e+002
  1.4600440e+003  7.4800000e+002
  1.4607880e+003  7.4400000e+002
  1.4615280e+003  7.4000000e+002
  1.4622720e+003  7.4400000e+002
  1.4630160e+003  7.4400000e+002
  1.4637520e+003  7.3600000e+002
  1.4644920e+003  7.4000000e+002
  1.4652320e+003  7.4000000e+002
  1.4659680e+003  7.3600000e+002
  1.4667040e+003  7.3600000e+002
  1.4674440e+003  7.4000000e+002
  1.4681760e+003  7.3200000e+002
  1.4689080e+003  7.3200000e+002
  1.4696440e+003  7.3600000e+002
  1.4703760e+003  7.3200000e+002
  1.4711040e+003  7.2800000e+002
  1.4718400e+003  7.3600000e+002
  1.4725680e+003  7.2800000e+002
  1.4732960e+003  7.2800000e+002
  1.4740240e+003  7.2800000e+002
  1.4747560e+003  7.3200000e+002
  1.4754880e+003  7.3200000e+002
  1.4762200e+003  7.3200000e+002
  1.4769520e+003  7.3200000e+002
  1.4776840e+003  7.3200000e+002
  1.4784160e+003  7.3200000e+002
  1.4791480e+003  7.3200000e+002
  1.4798760e+003  7.2800000e+002
  1.4806080e+003  7.3200000e+002
  1.4813400e+003  7.3200000e+002
  1.4820640e+003  7.2400000e+002
  1.4827920e+003  7.2800000e+002
  1.4835200e+003  7.2800000e+002
  1.4842480e+003  7.2800000e+002
  1.4849720e+003  7.2400000e+002
  1.4857120e+003  7.4000000e+002
  1.4864480e+003  7.3600000e+002
  1.4871840e+003  7.3600000e+002
  1.4879280e+003  7.4400000e+002
  1.4886680e+003  7.4000000e+002
  1.4894080e+003  7.4000000e+002
  1.4901520e+003  7.4400000e+002
  1.4908880e+003  7.3600000e+002
  1.4916200e+003  7.3200000e+002
  1.4923560e+003  7.3600000e+002
  1.4930840e+003  7.2800000e+002
  1.4938080e+003  7.2400000e+002
  1.4945320e+003  7.2400000e+002
  1.4952560e+003  7.2400000e+002
  1.4959720e+003  7.1600000e+002
  1.4967000e+003  7.2800000e+002
  1.4974200e+003  7.2000000e+002
  1.4981400e+003  7.2000000e+002
  1.4988640e+003  7.2400000e+002
  1.4995920e+003  7.2800000e+002
  1.5003200e+003  7.2800000e+002
  1.5010560e+003  7.3600000e+002
  1.5017920e+003  7.3600000e+002
  1.5025320e+003  7.4000000e+002
  1.5032760e+003  7.4400000e+002
  1.5040160e+003  7.4000000e+002
  1.5047600e+003  7.4400000e+002
  1.5055000e+003  7.4000000e+002
  1.5062440e+003  7.4400000e+002
  1.5066760e+003  4.3200000e+002
  1.5077480e+003  1.0720000e+003
  1.5084880e+003  7.4000000e+002
  1.5092240e+003  7.3600000e+002
  1.5099520e+003  7.2800000e+002
  1.5106800e+003  7.2800000e+002
  1.5114040e+003  7.2400000e+002
  1.5121280e+003  7.2400000e+002
  1.5128520e+003  7.2400000e+002
  1.5135800e+003  7.2800000e+002
  1.5143000e+003  7.2000000e+002
  1.5150240e+003  7.2400000e+002
  1.5157480e+003  7.2400000e+002
  1.5164760e+003  7.2800000e+002
  1.5172000e+003  7.2400000e+002
  1.5179200e+003  7.2000000e+002
  1.5186480e+003  7.2800000e+002
  1.5193680e+003  7.2000000e+002
  1.5200960e+003  7.2800000e+002
  1.5208200e+003  7.2400000e+002
  1.5215440e+003  7.2400000e+002
  1.5222760e+003  7.3200000e+002
  1.5230040e+003  7.2800000e+002
  1.5237320e+003  7.2800000e+002
  1.5244640e+003  7.3200000e+002
  1.5251920e+003  7.2800000e+002
  1.5259200e+003  7.2800000e+002
  1.5266560e+003  7.3600000e+002
  1.5273840e+003  7.2800000e+002
  1.5281160e+003  7.3200000e+002
  1.5288440e+003  7.2800000e+002
  1.5295680e+003  7.2400000e+002
  1.5302960e+003  7.2800000e+002
  1.5310240e+003  7.2800000e+002
  1.5317480e+003  7.2400000e+002
  1.5324680e+003  7.2000000e+002
  1.5331920e+003  7.2400000e+002
  1.5339120e+003  7.2000000e+002
  1.5346360e+003  7.2400000e+002
  1.5353560e+003  7.2000000e+002
  1.5360760e+003  7.2000000e+002
  1.5368000e+003  7.2400000e+002
  1.5375200e+003  7.2000000e+002
  1.5382440e+003  7.2400000e+002
  1.5389720e+003  7.2800000e+002
  1.5397000e+003  7.2800000e+002
  1.5404320e+003  7.3200000e+002
  1.5411640e+003  7.3200000e+002
  1.5418960e+003  7.3200000e+002
  1.5426280e+003  7.3200000e+002
  1.5433640e+003  7.3600000e+002
  1.5441000e+003  7.3600000e+002
  1.5448320e+003  7.3200000e+002
  1.5455680e+003  7.3600000e+002
  1.5463080e+003  7.4000000e+002
  1.5467680e+003  4.6000000e+002
  1.5478120e+003  1.0440000e+003
  1.5485520e+003  7.4000000e+002
  1.5492920e+003  7.4000000e+002
  1.5500240e+003  7.3200000e+002
  1.5507560e+003  7.3200000e+002
  1.5514840e+003  7.2800000e+002
  1.5522160e+003  7.3200000e+002
  1.5529440e+003  7.2800000e+002
  1.5536800e+003  7.3600000e+002
  1.5544160e+003  7.3600000e+002
  1.5551520e+003  7.3600000e+002
  1.5558960e+003  7.4400000e+002
  1.5566440e+003  7.4800000e+002
  1.5573920e+003  7.4800000e+002
  1.5581520e+003  7.6000000e+002
  1.5589040e+003  7.5200000e+002
  1.5596680e+003  7.6400000e+002
  1.5604280e+003  7.6000000e+002
  1.5611840e+003  7.5600000e+002
  1.5619440e+003  7.6000000e+002
  1.5627000e+003  7.5600000e+002
  1.5634640e+003  7.6400000e+002
  1.5642200e+003  7.5600000e+002
  1.5649760e+003  7.5600000e+002
  1.5657320e+003  7.5600000e+002
  1.5664840e+003  7.5200000e+002
  1.5672400e+003  7.5600000e+002
  1.5679840e+003  7.4400000e+002
  1.5687280e+003  7.4400000e+002
  1.5694680e+003  7.4000000e+002
  1.5702040e+003  7.3600000e+002
  1.5709480e+003  7.4400000e+002
  1.5716960e+003  7.4800000e+002
  1.5724440e+003  7.4800000e+002
  1.5731960e+003  7.5200000e+002
  1.5739440e+003  7.4800000e+002
  1.5746960e+003  7.5200000e+002
  1.5754480e+003  7.5200000e+002
  1.5762000e+003  7.5200000e+002
  1.5769600e+003  7.6000000e+002
  1.5777160e+003  7.5600000e+002
  1.5784760e+003  7.6000000e+002
  1.5792400e+003  7.6400000e+002
  1.5800000e+003  7.6000000e+002
  1.5807720e+003  7.7200000e+002
  1.5815560e+003  7.8400000e+002
  1.5823360e+003  7.8000000e+002
  1.5831200e+003  7.8400000e+002
  1.5839040e+003  7.8400000e+002
  1.5846880e+003  7.8400000e+002
  1.5854640e+003  7.7600000e+002
  1.5862440e+003  7.8000000e+002
  1.5870160e+003  7.7200000e+002
  1.5877880e+003  7.7200000e+002
  1.5885560e+003  7.6800000e+002
  1.5893240e+003  7.6800000e+002
  1.5900880e+003  7.6400000e+002
  1.5908440e+003  7.5600000e+002
  1.5916080e+003  7.6400000e+002
  1.5923680e+003  7.6000000e+002
  1.5931280e+003  7.6000000e+002
  1.5938920e+003  7.6400000e+002
  1.5946520e+003  7.6000000e+002
  1.5954080e+003  7.5600000e+002
  1.5961680e+003  7.6000000e+002
  1.5969280e+003  7.6000000e+002
  1.5976840e+003  7.5600000e+002
  1.5984440e+003  7.6000000e+002
  1.5992040e+003  7.6000000e+002
  1.5999640e+003  7.6000000e+002
  1.6007200e+003  7.5600000e+002
  1.6014800e+003  7.6000000e+002
  1.6022360e+003  7.5600000e+002
  1.6030000e+003  7.6400000e+002
  1.6037680e+003  7.6800000e+002
  1.6045400e+003  7.7200000e+002
  1.6053080e+003  7.6800000e+002
  1.6060720e+003  7.6400000e+002
  1.6068360e+003  7.6400000e+002
  1.6075920e+003  7.5600000e+002
  1.6083480e+003  7.5600000e+002
  1.6091040e+003  7.5600000e+002
  1.6098520e+003  7.4800000e+002
  1.6105960e+003  7.4400000e+002
  1.6113440e+003  7.4800000e+002
  1.6120880e+003  7.4400000e+002
  1.6128320e+003  7.4400000e+002
  1.6135760e+003  7.4400000e+002
  1.6143200e+003  7.4400000e+002
  1.6150680e+003  7.4800000e+002
  1.6158160e+003  7.4800000e+002
  1.6165680e+003  7.5200000e+002
  1.6173200e+003  7.5200000e+002
  1.6180720e+003  7.5200000e+002
  1.6188240e+003  7.5200000e+002
  1.6195760e+003  7.5200000e+002
  1.6203240e+003  7.4800000e+002
  1.6210680e+003  7.4400000e+002
  1.6218120e+003  7.4400000e+002
  1.6225560e+003  7.4400000e+002
  1.6233000e+003  7.4400000e+002
  1.6240440e+003  7.4400000e+002
  1.6247920e+003  7.4800000e+002
  1.6255320e+003  7.4000000e+002
  1.6262800e+003  7.4800000e+002
  1.6270240e+003  7.4400000e+002
  1.6277640e+003  7.4000000e+002
  1.6285040e+003  7.4000000e+002
  1.6292440e+003  7.4000000e+002
  1.6299840e+003  7.4000000e+002
  1.6307200e+003  7.3600000e+002
  1.6314560e+003  7.3600000e+002
  1.6321960e+003  7.4000000e+002
  1.6329400e+003  7.4400000e+002
  1.6336800e+003  7.4000000e+002
  1.6344280e+003  7.4800000e+002
  1.6351720e+003  7.4400000e+002
  1.6359160e+003  7.4400000e+002
  1.6366600e+003  7.4400000e+002
  1.6374000e+003  7.4000000e+002
  1.6381480e+003  7.4800000e+002
  1.6388880e+003  7.4000000e+002
  1.6396320e+003  7.4400000e+002
  1.6403760e+003  7.4400000e+002
  1.6411160e+003  7.4000000e+002
  1.6418560e+003  7.4000000e+002
  1.6426000e+003  7.4400000e+002
  1.6433440e+003  7.4400000e+002
  1.6440880e+003  7.4400000e+002
  1.6448320e+003  7.4400000e+002
  1.6455840e+003  7.5200000e+002
  1.6463400e+003  7.5600000e+002
  1.6470920e+003  7.5200000e+002
  1.6478440e+003  7.5200000e+002
  1.6485880e+003  7.4400000e+002
  1.6493320e+003  7.4400000e+002
  1.6500760e+003  7.4400000e+002
  1.6508200e+003  7.4400000e+002
  1.6515600e+003  7.4000000e+002
  1.6523000e+003  7.4000000e+002
  1.6530320e+003  7.3200000e+002
  1.6537680e+003  7.3600000e+002
  1.6545040e+003  7.3600000e+002
  1.6552280e+003  7.2400000e+002
  1.6559560e+003  7.2800000e+002
  1.6566800e+003  7.2400000e+002
  1.6574040e+003  7.2400000e+002
  1.6581240e+003  7.2000000e+002
  1.6588440e+003  7.2000000e+002
  1.6595680e+003  7.2400000e+002
  1.6602880e+003  7.2000000e+002
  1.6610040e+003  7.1600000e+002
  1.6617240e+003  7.2000000e+002
  1.6624440e+003  7.2000000e+002
  1.6631680e+003  7.2400000e+002
  1.6638840e+003  7.1600000e+002
  1.6646040e+003  7.2000000e+002
  1.6653200e+003  7.1600000e+002
  1.6660440e+003  7.2400000e+002
  1.6667600e+003  7.1600000e+002
  1.6674760e+003  7.1600000e+002
  1.6681920e+003  7.1600000e+002
  1.6689080e+003  7.1600000e+002
  1.6696280e+003  7.2000000e+002
  1.6703480e+003  7.2000000e+002
  1.6710720e+003  7.2400000e+002
  1.6718000e+003  7.2800000e+002
  1.6725280e+003  7.2800000e+002
  1.6732560e+003  7.2800000e+002
  1.6739840e+003  7.2800000e+002
  1.6747200e+003  7.3600000e+002
  1.6754520e+003  7.3200000e+002
  1.6761840e+003  7.3200000e+002
  1.6769240e+003  7.4000000e+002
  1.6776640e+003  7.4000000e+002
  1.6783960e+003  7.3200000e+002
  1.6791360e+003  7.4000000e+002
  1.6798760e+003  7.4000000e+002
  1.6806120e+003  7.3600000e+002
  1.6813480e+003  7.3600000e+002
  1.6820880e+003  7.4000000e+002
  1.6828240e+003  7.3600000e+002
  1.6835600e+003  7.3600000e+002
  1.6843000e+003  7.4000000e+002
  1.6850400e+003  7.4000000e+002
  1.6857840e+003  7.4400000e+002
  1.6865240e+003  7.4000000e+002
  1.6872640e+003  7.4000000e+002
  1.6880040e+003  7.4000000e+002
  1.6887400e+003  7.3600000e+002
  1.6894840e+003  7.4400000e+002
  1.6902320e+003  7.4800000e+002
  1.6909720e+003  7.4000000e+002
  1.6917200e+003  7.4800000e+002
  1.6924680e+003  7.4800000e+002
  1.6932120e+003  7.4400000e+002
  1.6939560e+003  7.4400000e+002
  1.6947000e+003  7.4400000e+002
  1.6954320e+003  7.3200000e+002
  1.6961720e+003  7.4000000e+002
  1.6969080e+003  7.3600000e+002
  1.6976480e+003  7.4000000e+002
  1.6983880e+003  7.4000000e+002
  1.6991240e+003  7.3600000e+002
  1.6998680e+003  7.4400000e+002
  1.7006080e+003  7.4000000e+002
  1.7013520e+003  7.4400000e+002
  1.7021000e+003  7.4800000e+002
  1.7028440e+003  7.4400000e+002
  1.7035880e+003  7.4400000e+002
  1.7043320e+003  7.4400000e+002
  1.7050720e+003  7.4000000e+002
  1.7058160e+003  7.4400000e+002
  1.7065560e+003  7.4000000e+002
  1.7072920e+003  7.3600000e+002
  1.7080320e+003  7.4000000e+002
  1.7087680e+003  7.3600000e+002
  1.7095120e+003  7.4400000e+002
  1.7102600e+003  7.4800000e+002
  1.7110000e+003  7.4000000e+002
  1.7117480e+003  7.4800000e+002
  1.7124960e+003  7.4800000e+002
  1.7132440e+003  7.4800000e+002
  1.7139960e+003  7.5200000e+002
  1.7147480e+003  7.5200000e+002
  1.7155040e+003  7.5600000e+002
  1.7162600e+003  7.5600000e+002
  1.7170160e+003  7.5600000e+002
  1.7177680e+003  7.5200000e+002
  1.7185200e+003  7.5200000e+002
  1.7192720e+003  7.5200000e+002
  1.7200200e+003  7.4800000e+002
  1.7207680e+003  7.4800000e+002
  1.7215120e+003  7.4400000e+002
  1.7222520e+003  7.4000000e+002
  1.7229960e+003  7.4400000e+002
  1.7237360e+003  7.4000000e+002
  1.7244840e+003  7.4800000e+002
  1.7252320e+003  7.4800000e+002
  1.7259760e+003  7.4400000e+002
  1.7267320e+003  7.5600000e+002
  1.7274840e+003  7.5200000e+002
  1.7282400e+003  7.5600000e+002
  1.7289960e+003  7.5600000e+002
  1.7297480e+003  7.5200000e+002
  1.7305000e+003  7.5200000e+002
  1.7312440e+003  7.4400000e+002
  1.7319960e+003  7.5200000e+002
  1.7327400e+003  7.4400000e+002
  1.7334800e+003  7.4000000e+002
  1.7342280e+003  7.4800000e+002
  1.7349640e+003  7.3600000e+002
  1.7357000e+003  7.3600000e+002
  1.7364400e+003  7.4000000e+002
  1.7371760e+003  7.3600000e+002
  1.7379200e+003  7.4400000e+002
  1.7386680e+003  7.4800000e+002
  1.7394160e+003  7.4800000e+002
  1.7401600e+003  7.4400000e+002
  1.7409080e+003  7.4800000e+002
  1.7416560e+003  7.4800000e+002
  1.7424000e+003  7.4400000e+002
  1.7431480e+003  7.4800000e+002
  1.7438880e+003  7.4000000e+002
  1.7446320e+003  7.4400000e+002
  1.7453760e+003  7.4400000e+002
  1.7461200e+003  7.4400000e+002
  1.7468640e+003  7.4400000e+002
  1.7476080e+003  7.4400000e+002
  1.7483480e+003  7.4000000e+002
  1.7490880e+003  7.4000000e+002
  1.7498280e+003  7.4000000e+002
  1.7505680e+003  7.4000000e+002
  1.7513040e+003  7.3600000e+002
  1.7520400e+003  7.3600000e+002
  1.7527720e+003  7.3200000e+002
  1.7534960e+003  7.2400000e+002
  1.7542320e+003  7.3600000e+002
  1.7549600e+003  7.2800000e+002
  1.7556920e+003  7.3200000e+002
  1.7564280e+003  7.3600000e+002
  1.7571560e+003  7.2800000e+002
  1.7578920e+003  7.3600000e+002
  1.7586280e+003  7.3600000e+002
  1.7593680e+003  7.4000000e+002
  1.7601040e+003  7.3600000e+002
  1.7608440e+003  7.4000000e+002
  1.7615840e+003  7.4000000e+002
  1.7623200e+003  7.3600000e+002
  1.7630640e+003  7.4400000e+002
  1.7638040e+003  7.4000000e+002
  1.7645440e+003  7.4000000e+002
  1.7652840e+003  7.4000000e+002
  1.7660200e+003  7.3600000e+002
  1.7667560e+003  7.3600000e+002
  1.7675000e+003  7.4400000e+002
  1.7682360e+003  7.3600000e+002
  1.7689720e+003  7.3600000e+002
  1.7697160e+003  7.4400000e+002
  1.7704520e+003  7.3600000e+002
  1.7711880e+003  7.3600000e+002
  1.7719280e+003  7.4000000e+002
  1.7726640e+003  7.3600000e+002
  1.7734000e+003  7.3600000e+002
  1.7741400e+003  7.4000000e+002
  1.7748760e+003  7.3600000e+002
  1.7756120e+003  7.3600000e+002
  1.7763560e+003  7.4400000e+002
  1.7771000e+003  7.4400000e+002
  1.7778400e+003  7.4000000e+002
  1.7785880e+003  7.4800000e+002
  1.7793360e+003  7.4800000e+002
  1.7800800e+003  7.4400000e+002
  1.7808320e+003  7.5200000e+002
  1.7815800e+003  7.4800000e+002
  1.7823320e+003  7.5200000e+002
  1.7830760e+003  7.4400000e+002
  1.7838240e+003  7.4800000e+002
  1.7845680e+003  7.4400000e+002
  1.7853120e+003  7.4400000e+002
  1.7860520e+003  7.4000000e+002
  1.7867920e+003  7.4000000e+002
  1.7875280e+003  7.3600000e+002
  1.7882680e+003  7.4000000e+002
  1.7890080e+003  7.4000000e+002
  1.7897480e+003  7.4000000e+002
  1.7904880e+003  7.4000000e+002
  1.7912320e+003  7.4400000e+002
  1.7919680e+003  7.3600000e+002
  1.7927120e+003  7.4400000e+002
  1.7934520e+003  7.4000000e+002
  1.7941920e+003  7.4000000e+002
  1.7949440e+003  7.5200000e+002
  1.7956880e+003  7.4400000e+002
  1.7964320e+003  7.4400000e+002
  1.7971800e+003  7.4800000e+002
  1.7979200e+003  7.4000000e+002
