  1.4400000e+000  7.6400000e+002
  2.2240000e+000  7.8400000e+002
  3.0040000e+000  7.8000000e+002
  3.7720000e+000  7.6800000e+002
  4.5600000e+000  7.8800000e+002
  5.3480000e+000  7.8800000e+002
  6.1240000e+000  7.7600000e+002
  6.9160000e+000  7.9200000e+002
  7.6880000e+000  7.7200000e+002
  8.4600000e+000  7.7200000e+002
  9.2480000e+000  7.8800000e+002
  1.0036000e+001  7.8800000e+002
  1.0824000e+001  7.8800000e+002
  1.1616000e+001  7.9200000e+002
  1.2404000e+001  7.8800000e+002
  1.3188000e+001  7.8400000e+002
  1.3984000e+001  7.9600000e+002
  1.4776000e+001  7.9200000e+002
  1.5552000e+001  7.7600000e+002
  1.6344000e+001  7.9200000e+002
  1.7136000e+001  7.9200000e+002
  1.7912000e+001  7.7600000e+002
  1.8700000e+001  7.8800000e+002
  1.9480000e+001  7.8000000e+002
  2.0260000e+001  7.8000000e+002
  2.1048000e+001  7.8800000e+002
  2.1836000e+001  7.8800000e+002
  2.2620000e+001  7.8400000e+002
  2.3408000e+001  7.8800000e+002
  2.4192000e+001  7.8400000e+002
  2.4984000e+001  7.9200000e+002
  2.5776000e+001  7.9200000e+002
  2.6556000e+001  7.8000000e+002
  2.7352000e+001  7.9600000e+002
  2.8144000e+001  7.9200000e+002
  2.8920000e+001  7.7600000e+002
  2.9712000e+001  7.9200000e+002
  3.0496000e+001  7.8400000e+002
  3.1276000e+001  7.8000000e+002
  3.2060000e+001  7.8400000e+002
  3.2832000e+001  7.7200000e+002
  3.3616000e+001  7.8400000e+002
  3.4396000e+001  7.8000000e+002
  3.5164000e+001  7.6800000e+002
  3.5952000e+001  7.8800000e+002
  3.6728000e+001  7.7600000e+002
  3.7492000e+001  7.6400000e+002
  3.8276000e+001  7.8400000e+002
  3.9052000e+001  7.7600000e+002
  3.9824000e+001  7.7200000e+002
  4.0604000e+001  7.8000000e+002
  4.1380000e+001  7.7600000e+002
  4.2160000e+001  7.8000000e+002
  4.2948000e+001  7.8800000e+002
  4.3724000e+001  7.7600000e+002
  4.4512000e+001  7.8800000e+002
  4.5300000e+001  7.8800000e+002
  4.6072000e+001  7.7200000e+002
  4.6860000e+001  7.8800000e+002
  4.7636000e+001  7.7600000e+002
  4.8412000e+001  7.7600000e+002
  4.9188000e+001  7.7600000e+002
  4.9956000e+001  7.6800000e+002
  5.0728000e+001  7.7200000e+002
  5.1500000e+001  7.7200000e+002
  5.2260000e+001  7.6000000e+002
  5.3040000e+001  7.8000000e+002
  5.3812000e+001  7.7200000e+002
  5.4572000e+001  7.6000000e+002
  5.5352000e+001  7.8000000e+002
  5.6124000e+001  7.7200000e+002
  5.6884000e+001  7.6000000e+002
  5.7664000e+001  7.8000000e+002
  5.8444000e+001  7.8000000e+002
  5.9208000e+001  7.6400000e+002
  5.9988000e+001  7.8000000e+002
  6.0768000e+001  7.8000000e+002
  6.1536000e+001  7.6800000e+002
  6.2316000e+001  7.8000000e+002
  6.3096000e+001  7.8000000e+002
  6.3872000e+001  7.7600000e+002
  6.4660000e+001  7.8800000e+002
  6.5444000e+001  7.8400000e+002
  6.6236000e+001  7.9200000e+002
  6.7028000e+001  7.9200000e+002
  6.7808000e+001  7.8000000e+002
  6.8604000e+001  7.9600000e+002
  6.9396000e+001  7.9200000e+002
  7.0172000e+001  7.7600000e+002
  7.0968000e+001  7.9600000e+002
  7.1752000e+001  7.8400000e+002
  7.2536000e+001  7.8400000e+002
  7.3324000e+001  7.8800000e+002
  7.4108000e+001  7.8400000e+002
  7.4892000e+001  7.8400000e+002
  7.5680000e+001  7.8800000e+002
  7.6460000e+001  7.8000000e+002
  7.7252000e+001  7.9200000e+002
  7.8040000e+001  7.8800000e+002
  7.8816000e+001  7.7600000e+002
  7.9612000e+001  7.9600000e+002
  8.0400000e+001  7.8800000e+002
  8.1176000e+001  7.7600000e+002
  8.1968000e+001  7.9200000e+002
  8.2756000e+001  7.8800000e+002
  8.3548000e+001  7.9200000e+002
  8.4344000e+001  7.9600000e+002
  8.5128000e+001  7.8400000e+002
  8.5936000e+001  8.0800000e+002
  8.6732000e+001  7.9600000e+002
  8.7512000e+001  7.8000000e+002
  8.8312000e+001  8.0000000e+002
  8.9104000e+001  7.9200000e+002
  8.9892000e+001  7.8800000e+002
  9.0680000e+001  7.8800000e+002
  9.1460000e+001  7.8000000e+002
  9.2256000e+001  7.9600000e+002
  9.3044000e+001  7.8800000e+002
  9.3820000e+001  7.7600000e+002
  9.4612000e+001  7.9200000e+002
  9.5396000e+001  7.8400000e+002
  9.6168000e+001  7.7200000e+002
  9.6940000e+001  7.7200000e+002
  9.7716000e+001  7.7600000e+002
  9.8488000e+001  7.7200000e+002
  9.9248000e+001  7.6000000e+002
  1.0002000e+002  7.7200000e+002
  1.0078000e+002  7.6000000e+002
  1.0154800e+002  7.6800000e+002
  1.0231600e+002  7.6800000e+002
  1.0307200e+002  7.5600000e+002
  1.0383200e+002  7.6000000e+002
  1.0459200e+002  7.6000000e+002
  1.0534000e+002  7.4800000e+002
  1.0610800e+002  7.6800000e+002
  1.0686800e+002  7.6000000e+002
  1.0761600e+002  7.4800000e+002
  1.0838000e+002  7.6400000e+002
  1.0914000e+002  7.6000000e+002
  1.0989200e+002  7.5200000e+002
  1.1065200e+002  7.6000000e+002
  1.1141200e+002  7.6000000e+002
  1.1216000e+002  7.4800000e+002
  1.1292400e+002  7.6400000e+002
  1.1368000e+002  7.5600000e+002
  1.1442400e+002  7.4400000e+002
  1.1518400e+002  7.6000000e+002
  1.1594400e+002  7.6000000e+002
  1.1670400e+002  7.6000000e+002
  1.1746000e+002  7.5600000e+002
  1.1821200e+002  7.5200000e+002
  1.1898000e+002  7.6800000e+002
  1.1974400e+002  7.6400000e+002
  1.2050400e+002  7.6000000e+002
  1.2125600e+002  7.5200000e+002
  1.2201600e+002  7.6000000e+002
  1.2279200e+002  7.7600000e+002
  1.2358000e+002  7.8800000e+002
  1.2435200e+002  7.7200000e+002
  1.2514000e+002  7.8800000e+002
  1.2592800e+002  7.8800000e+002
  1.2670400e+002  7.7600000e+002
  1.2749600e+002  7.9200000e+002
  1.2828000e+002  7.8400000e+002
  1.2906800e+002  7.8800000e+002
  1.2986000e+002  7.9200000e+002
  1.3064800e+002  7.8800000e+002
  1.3143600e+002  7.8800000e+002
  1.3222400e+002  7.8800000e+002
  1.3300400e+002  7.8000000e+002
  1.3378800e+002  7.8400000e+002
  1.3457200e+002  7.8400000e+002
  1.3535200e+002  7.8000000e+002
  1.3614000e+002  7.8800000e+002
  1.3692400e+002  7.8400000e+002
  1.3770000e+002  7.7600000e+002
  1.3849200e+002  7.9200000e+002
  1.3927200e+002  7.8000000e+002
  1.4004400e+002  7.7200000e+002
  1.4082800e+002  7.8400000e+002
  1.4160800e+002  7.8000000e+002
  1.4238000e+002  7.7200000e+002
  1.4316400e+002  7.8400000e+002
  1.4394400e+002  7.8000000e+002
  1.4472400e+002  7.8000000e+002
  1.4550800e+002  7.8400000e+002
  1.4629200e+002  7.8400000e+002
  1.4707600e+002  7.8400000e+002
  1.4786400e+002  7.8800000e+002
  1.4864800e+002  7.8400000e+002
  1.4944000e+002  7.9200000e+002
  1.5022800e+002  7.8800000e+002
  1.5100800e+002  7.8000000e+002
  1.5178800e+002  7.8000000e+002
  1.5256800e+002  7.8000000e+002
  1.5335600e+002  7.8800000e+002
  1.5414400e+002  7.8800000e+002
  1.5491600e+002  7.7200000e+002
  1.5570800e+002  7.9200000e+002
  1.5650000e+002  7.9200000e+002
  1.5727600e+002  7.7600000e+002
  1.5807200e+002  7.9600000e+002
  1.5886000e+002  7.8800000e+002
  1.5963600e+002  7.7600000e+002
  1.6042800e+002  7.9200000e+002
  1.6122400e+002  7.9600000e+002
  1.6200800e+002  7.8400000e+002
  1.6280800e+002  8.0000000e+002
  1.6360000e+002  7.9200000e+002
  1.6438400e+002  7.8400000e+002
  1.6518000e+002  7.9600000e+002
  1.6596800e+002  7.8800000e+002
  1.6674400e+002  7.7600000e+002
  1.6753600e+002  7.9200000e+002
  1.6832400e+002  7.8800000e+002
  1.6909600e+002  7.7200000e+002
  1.6988400e+002  7.8800000e+002
  1.7066800e+002  7.8400000e+002
  1.7144800e+002  7.8000000e+002
  1.7224000e+002  7.9200000e+002
  1.7302400e+002  7.8400000e+002
  1.7380000e+002  7.7600000e+002
  1.7458400e+002  7.8400000e+002
  1.7536400e+002  7.8000000e+002
  1.7614800e+002  7.8400000e+002
  1.7693200e+002  7.8400000e+002
  1.7770400e+002  7.7200000e+002
  1.7849600e+002  7.9200000e+002
  1.7928000e+002  7.8400000e+002
  1.8004800e+002  7.6800000e+002
  1.8083600e+002  7.8800000e+002
  1.8162000e+002  7.8400000e+002
  1.8240000e+002  7.8000000e+002
  1.8318800e+002  7.8800000e+002
  1.8397200e+002  7.8400000e+002
  1.8476000e+002  7.8800000e+002
  1.8554800e+002  7.8800000e+002
  1.8632400e+002  7.7600000e+002
  1.8712000e+002  7.9600000e+002
  1.8791200e+002  7.9200000e+002
  1.8869200e+002  7.8000000e+002
  1.8948800e+002  7.9600000e+002
  1.9027600e+002  7.8800000e+002
  1.9105600e+002  7.8000000e+002
  1.9185200e+002  7.9600000e+002
  1.9264000e+002  7.8800000e+002
  1.9342800e+002  7.8800000e+002
  1.9422000e+002  7.9200000e+002
  1.9500800e+002  7.8800000e+002
  1.9579600e+002  7.8800000e+002
  1.9658800e+002  7.9200000e+002
  1.9737200e+002  7.8400000e+002
  1.9817200e+002  8.0000000e+002
  1.9896000e+002  7.8800000e+002
  1.9974400e+002  7.8400000e+002
  2.0054800e+002  8.0400000e+002
  2.0134000e+002  7.9200000e+002
  2.0212800e+002  7.8800000e+002
  2.0292400e+002  7.9600000e+002
  2.0371600e+002  7.9200000e+002
  2.0450000e+002  7.8400000e+002
  2.0529200e+002  7.9200000e+002
  2.0608000e+002  7.8800000e+002
  2.0686800e+002  7.8800000e+002
  2.0766000e+002  7.9200000e+002
  2.0844000e+002  7.8000000e+002
  2.0923600e+002  7.9600000e+002
  2.1003200e+002  7.9600000e+002
  2.1082000e+002  7.8800000e+002
  2.1162000e+002  8.0000000e+002
  2.1241600e+002  7.9600000e+002
  2.1320400e+002  7.8800000e+002
  2.1401200e+002  8.0800000e+002
  2.1480800e+002  7.9600000e+002
  2.1559600e+002  7.8800000e+002
  2.1639200e+002  7.9600000e+002
  2.1718000e+002  7.8800000e+002
  2.1796800e+002  7.8800000e+002
  2.1876000e+002  7.9200000e+002
  2.1955200e+002  7.9200000e+002
  2.2034000e+002  7.8800000e+002
  2.2113600e+002  7.9600000e+002
  2.2192800e+002  7.9200000e+002
  2.2272800e+002  8.0000000e+002
  2.2352000e+002  7.9200000e+002
  2.2430400e+002  7.8400000e+002
  2.2510800e+002  8.0400000e+002
  2.2590400e+002  7.9600000e+002
  2.2668800e+002  7.8400000e+002
  2.2748400e+002  7.9600000e+002
  2.2827200e+002  7.8800000e+002
  2.2906400e+002  7.9200000e+002
  2.2985200e+002  7.8800000e+002
  2.3063600e+002  7.8400000e+002
  2.3142800e+002  7.9200000e+002
  2.3221600e+002  7.8800000e+002
  2.3299600e+002  7.8000000e+002
  2.3379600e+002  8.0000000e+002
  2.3458800e+002  7.9200000e+002
  2.3537200e+002  7.8400000e+002
  2.3616400e+002  7.9200000e+002
  2.3695200e+002  7.8800000e+002
  2.3775200e+002  8.0000000e+002
  2.3854800e+002  7.9600000e+002
  2.3932800e+002  7.8000000e+002
  2.4012800e+002  8.0000000e+002
  2.4091600e+002  7.8800000e+002
  2.4170400e+002  7.8800000e+002
  2.4250000e+002  7.9600000e+002
  2.4328800e+002  7.8800000e+002
  2.4408400e+002  7.9600000e+002
  2.4487600e+002  7.9200000e+002
  2.4566000e+002  7.8400000e+002
  2.4646000e+002  8.0000000e+002
  2.4726000e+002  8.0000000e+002
  2.4804400e+002  7.8400000e+002
  2.4884800e+002  8.0400000e+002
  2.4964400e+002  7.9600000e+002
  2.5043600e+002  7.9200000e+002
  2.5123600e+002  8.0000000e+002
  2.5202800e+002  7.9200000e+002
  2.5282400e+002  7.9600000e+002
  2.5362000e+002  7.9600000e+002
  2.5440800e+002  7.8800000e+002
  2.5521200e+002  8.0400000e+002
  2.5600800e+002  7.9600000e+002
  2.5679200e+002  7.8400000e+002
  2.5759200e+002  8.0000000e+002
  2.5838400e+002  7.9200000e+002
  2.5916800e+002  7.8400000e+002
  2.5995600e+002  7.8800000e+002
  2.6074000e+002  7.8000000e+002
  2.6152800e+002  7.8800000e+002
  2.6231200e+002  7.8400000e+002
  2.6308400e+002  7.7200000e+002
  2.6387600e+002  7.9200000e+002
  2.6466000e+002  7.8400000e+002
  2.6542800e+002  7.6800000e+002
  2.6620000e+002  7.7200000e+002
  2.6698400e+002  7.8400000e+002
  2.6776400e+002  7.8000000e+002
  2.6854000e+002  7.7600000e+002
  2.6933200e+002  7.9200000e+002
  2.7012000e+002  7.8800000e+002
  2.7089600e+002  7.7600000e+002
  2.7169200e+002  7.9600000e+002
  2.7247600e+002  7.8400000e+002
  2.7324800e+002  7.7200000e+002
  2.7403600e+002  7.8800000e+002
  2.7482000e+002  7.8400000e+002
  2.7560000e+002  7.8000000e+002
  2.7638400e+002  7.8400000e+002
  2.7716000e+002  7.7600000e+002
  2.7793600e+002  7.7600000e+002
  2.7872000e+002  7.8400000e+002
  2.7950400e+002  7.8400000e+002
  2.8028000e+002  7.7600000e+002
  2.8106000e+002  7.8000000e+002
  2.8184000e+002  7.8000000e+002
  2.8261600e+002  7.7600000e+002
  2.8340000e+002  7.8400000e+002
  2.8417600e+002  7.7600000e+002
  2.8496400e+002  7.8800000e+002
  2.8575200e+002  7.8800000e+002
  2.8653200e+002  7.8000000e+002
  2.8732800e+002  7.9600000e+002
  2.8812000e+002  7.9200000e+002
  2.8890400e+002  7.8400000e+002
  2.8970400e+002  8.0000000e+002
  2.9049200e+002  7.8800000e+002
  2.9128400e+002  7.9200000e+002
  2.9208000e+002  7.9600000e+002
  2.9286800e+002  7.8800000e+002
  2.9366000e+002  7.9200000e+002
  2.9445200e+002  7.9200000e+002
  2.9523600e+002  7.8400000e+002
  2.9602800e+002  7.9200000e+002
  2.9681600e+002  7.8800000e+002
  2.9759600e+002  7.8000000e+002
  2.9838800e+002  7.9200000e+002
  2.9917200e+002  7.8400000e+002
  2.9994800e+002  7.7600000e+002
  3.0074000e+002  7.9200000e+002
  3.0152000e+002  7.8000000e+002
  3.0229200e+002  7.7200000e+002
  3.0307600e+002  7.8400000e+002
  3.0384800e+002  7.7200000e+002
  3.0462000e+002  7.7200000e+002
  3.0539600e+002  7.7600000e+002
  3.0616000e+002  7.6400000e+002
  3.0694000e+002  7.8000000e+002
  3.0771200e+002  7.7200000e+002
  3.0848000e+002  7.6800000e+002
  3.0926800e+002  7.8800000e+002
  3.1004800e+002  7.8000000e+002
  3.1082000e+002  7.7200000e+002
  3.1160800e+002  7.8800000e+002
  3.1239600e+002  7.8800000e+002
  3.1317600e+002  7.8000000e+002
  3.1396800e+002  7.9200000e+002
  3.1475200e+002  7.8400000e+002
  3.1554000e+002  7.8800000e+002
  3.1633200e+002  7.9200000e+002
  3.1711600e+002  7.8400000e+002
  3.1790400e+002  7.8800000e+002
  3.1868800e+002  7.8400000e+002
  3.1946800e+002  7.8000000e+002
  3.2026000e+002  7.9200000e+002
  3.2104400e+002  7.8400000e+002
  3.2182000e+002  7.7600000e+002
  3.2261200e+002  7.9200000e+002
  3.2340000e+002  7.8800000e+002
  3.2417600e+002  7.7600000e+002
  3.2496400e+002  7.8800000e+002
  3.2574400e+002  7.8000000e+002
  3.2652800e+002  7.8400000e+002
  3.2731600e+002  7.8800000e+002
  3.2809600e+002  7.8000000e+002
  3.2888800e+002  7.9200000e+002
  3.2967600e+002  7.8800000e+002
  3.3045600e+002  7.8000000e+002
  3.3125200e+002  7.9600000e+002
  3.3204000e+002  7.8800000e+002
  3.3282000e+002  7.8000000e+002
  3.3361600e+002  7.9600000e+002
  3.3440400e+002  7.8800000e+002
  3.3519600e+002  7.9200000e+002
  3.3599200e+002  7.9600000e+002
  3.3677600e+002  7.8400000e+002
  3.3757600e+002  8.0000000e+002
  3.3837200e+002  7.9600000e+002
  3.3915600e+002  7.8400000e+002
  3.3996000e+002  8.0400000e+002
  3.4076000e+002  8.0000000e+002
  3.4154800e+002  7.8800000e+002
  3.4234800e+002  8.0000000e+002
  3.4314800e+002  8.0000000e+002
  3.4393200e+002  7.8400000e+002
  3.4473200e+002  8.0000000e+002
  3.4552800e+002  7.9600000e+002
  3.4631200e+002  7.8400000e+002
  3.4711200e+002  8.0000000e+002
  3.4790800e+002  7.9600000e+002
  3.4870000e+002  7.9200000e+002
  3.4949600e+002  7.9600000e+002
  3.5028800e+002  7.9200000e+002
  3.5108400e+002  7.9600000e+002
  3.5188000e+002  7.9600000e+002
  3.5267200e+002  7.9200000e+002
  3.5348000e+002  8.0800000e+002
  3.5428000e+002  8.0000000e+002
  3.5506800e+002  7.8800000e+002
  3.5587600e+002  8.0800000e+002
  3.5667200e+002  7.9600000e+002
  3.5746800e+002  7.9600000e+002
  3.5827200e+002  8.0400000e+002
  3.5906400e+002  7.9200000e+002
  3.5986400e+002  8.0000000e+002
  3.6066000e+002  7.9600000e+002
  3.6144800e+002  7.8800000e+002
  3.6224800e+002  8.0000000e+002
  3.6304400e+002  7.9600000e+002
  3.6382800e+002  7.8400000e+002
  3.6462800e+002  8.0000000e+002
  3.6542000e+002  7.9200000e+002
  3.6620400e+002  7.8400000e+002
  3.6700000e+002  7.9600000e+002
  3.6778400e+002  7.8400000e+002
  3.6856800e+002  7.8400000e+002
  3.6936000e+002  7.9200000e+002
  3.7014800e+002  7.8800000e+002
  3.7093200e+002  7.8400000e+002
  3.7172800e+002  7.9600000e+002
  3.7252400e+002  7.9600000e+002
  3.7330800e+002  7.8400000e+002
  3.7410800e+002  8.0000000e+002
  3.7490800e+002  8.0000000e+002
  3.7569600e+002  7.8800000e+002
  3.7649600e+002  8.0000000e+002
  3.7728800e+002  7.9200000e+002
  3.7808400e+002  7.9600000e+002
  3.7888000e+002  7.9600000e+002
  3.7968400e+002  8.0400000e+002
  3.8048000e+002  7.9600000e+002
  3.8126000e+002  7.8000000e+002
  3.8205600e+002  7.9600000e+002
  3.8283200e+002  7.7600000e+002
  3.8362000e+002  7.8800000e+002
  3.8439600e+002  7.7600000e+002
  3.8516800e+002  7.7200000e+002
  3.8594400e+002  7.7600000e+002
  3.8671200e+002  7.6800000e+002
  3.8748000e+002  7.6800000e+002
  3.8825200e+002  7.7200000e+002
  3.8902000e+002  7.6800000e+002
  3.8980000e+002  7.8000000e+002
  3.9057200e+002  7.7200000e+002
  3.9136000e+002  7.8800000e+002
  3.9214800e+002  7.8800000e+002
  3.9292800e+002  7.8000000e+002
  3.9372800e+002  8.0000000e+002
  3.9452000e+002  7.9200000e+002
  3.9531200e+002  7.9200000e+002
  3.9610400e+002  7.9200000e+002
  3.9688800e+002  7.8400000e+002
  3.9768800e+002  8.0000000e+002
  3.9848000e+002  7.9200000e+002
  3.9925600e+002  7.7600000e+002
  4.0005200e+002  7.9600000e+002
  4.0083600e+002  7.8400000e+002
  4.0161200e+002  7.7600000e+002
  4.0239600e+002  7.8400000e+002
  4.0317600e+002  7.8000000e+002
  4.0396000e+002  7.8400000e+002
  4.0474800e+002  7.8800000e+002
  4.0552800e+002  7.8000000e+002
  4.0632400e+002  7.9600000e+002
  4.0712000e+002  7.9600000e+002
  4.0790400e+002  7.8400000e+002
  4.0870400e+002  8.0000000e+002
  4.0950000e+002  7.9600000e+002
  4.1028400e+002  7.8400000e+002
  4.1108400e+002  8.0000000e+002
  4.1187600e+002  7.9200000e+002
  4.1266000e+002  7.8400000e+002
  4.1345600e+002  7.9600000e+002
  4.1424800e+002  7.9200000e+002
  4.1503600e+002  7.8800000e+002
  4.1583200e+002  7.9600000e+002
  4.1662000e+002  7.8800000e+002
  4.1740800e+002  7.8800000e+002
  4.1819600e+002  7.8800000e+002
  4.1897600e+002  7.8000000e+002
  4.1976800e+002  7.9200000e+002
  4.2054800e+002  7.8000000e+002
  4.2132800e+002  7.8000000e+002
  4.2211200e+002  7.8400000e+002
  4.2288400e+002  7.7200000e+002
  4.2366800e+002  7.8400000e+002
  4.2445200e+002  7.8400000e+002
  4.2522800e+002  7.7600000e+002
  4.2602400e+002  7.9600000e+002
  4.2681200e+002  7.8800000e+002
  4.2760400e+002  7.9200000e+002
  4.2840400e+002  8.0000000e+002
  4.2919600e+002  7.9200000e+002
  4.2999200e+002  7.9600000e+002
  4.3079200e+002  8.0000000e+002
  4.3157600e+002  7.8400000e+002
  4.3238400e+002  8.0800000e+002
  4.3318000e+002  7.9600000e+002
  4.3396400e+002  7.8400000e+002
  4.3476400e+002  8.0000000e+002
  4.3555600e+002  7.9200000e+002
  4.3634000e+002  7.8400000e+002
  4.3713200e+002  7.9200000e+002
  4.3792400e+002  7.9200000e+002
  4.3871600e+002  7.9200000e+002
  4.3951600e+002  8.0000000e+002
  4.4030400e+002  7.8800000e+002
  4.4109600e+002  7.9200000e+002
  4.4188800e+002  7.9200000e+002
  4.4266800e+002  7.8000000e+002
  4.4346000e+002  7.9200000e+002
  4.4425200e+002  7.9200000e+002
  4.4502800e+002  7.7600000e+002
  4.4582400e+002  7.9600000e+002
  4.4661200e+002  7.8800000e+002
  4.4739200e+002  7.8000000e+002
  4.4818400e+002  7.9200000e+002
  4.4897600e+002  7.9200000e+002
  4.4976000e+002  7.8400000e+002
  4.5055600e+002  7.9600000e+002
  4.5135200e+002  7.9600000e+002
  4.5214400e+002  7.9200000e+002
  4.5294400e+002  8.0000000e+002
  4.5374000e+002  7.9600000e+002
  4.5453600e+002  7.9600000e+002
  4.5533200e+002  7.9600000e+002
  4.5612400e+002  7.9200000e+002
  4.5693200e+002  8.0800000e+002
  4.5773200e+002  8.0000000e+002
  4.5852800e+002  7.9600000e+002
  4.5933600e+002  8.0800000e+002
  4.6014000e+002  8.0400000e+002
  4.6093600e+002  7.9600000e+002
  4.6174400e+002  8.0800000e+002
  4.6254800e+002  8.0400000e+002
  4.6334000e+002  7.9200000e+002
  4.6414400e+002  8.0400000e+002
  4.6494000e+002  7.9600000e+002
  4.6574000e+002  8.0000000e+002
  4.6654000e+002  8.0000000e+002
  4.6733200e+002  7.9200000e+002
  4.6813200e+002  8.0000000e+002
  4.6893200e+002  8.0000000e+002
  4.6972000e+002  7.8800000e+002
  4.7052400e+002  8.0400000e+002
  4.7132000e+002  7.9600000e+002
  4.7211200e+002  7.9200000e+002
  4.7291600e+002  8.0400000e+002
  4.7371200e+002  7.9600000e+002
  4.7451200e+002  8.0000000e+002
  4.7530800e+002  7.9600000e+002
  4.7609600e+002  7.8800000e+002
  4.7690000e+002  8.0400000e+002
  4.7770000e+002  8.0000000e+002
  4.7848800e+002  7.8800000e+002
  4.7930000e+002  8.1200000e+002
  4.8010000e+002  8.0000000e+002
  4.8088800e+002  7.8800000e+002
  4.8169200e+002  8.0400000e+002
  4.8248800e+002  7.9600000e+002
  4.8327600e+002  7.8800000e+002
  4.8407200e+002  7.9600000e+002
  4.8486000e+002  7.8800000e+002
  4.8565200e+002  7.9200000e+002
  4.8644400e+002  7.9200000e+002
  4.8722800e+002  7.8400000e+002
  4.8802400e+002  7.9600000e+002
  4.8881600e+002  7.9200000e+002
  4.8960000e+002  7.8400000e+002
  4.9040000e+002  8.0000000e+002
  4.9119200e+002  7.9200000e+002
  4.9198000e+002  7.8800000e+002
  4.9278000e+002  8.0000000e+002
  4.9357600e+002  7.9600000e+002
  4.9436000e+002  7.8400000e+002
  4.9516000e+002  8.0000000e+002
  4.9596000e+002  8.0000000e+002
  4.9675200e+002  7.9200000e+002
  4.9755200e+002  8.0000000e+002
  4.9834800e+002  7.9600000e+002
  4.9914400e+002  7.9600000e+002
  4.9994400e+002  8.0000000e+002
  5.0073200e+002  7.8800000e+002
  5.0154000e+002  8.0800000e+002
  5.0233200e+002  7.9200000e+002
  5.0312800e+002  7.9600000e+002
  5.0391200e+002  7.8400000e+002
  5.0471200e+002  8.0000000e+002
  5.0550000e+002  7.8800000e+002
  5.0628000e+002  7.8000000e+002
  5.0706400e+002  7.8400000e+002
  5.0783600e+002  7.7200000e+002
  5.0862400e+002  7.8800000e+002
  5.0940400e+002  7.8000000e+002
  5.1018400e+002  7.8000000e+002
  5.1097200e+002  7.8800000e+002
  5.1176000e+002  7.8800000e+002
  5.1253200e+002  7.7200000e+002
  5.1331600e+002  7.8400000e+002
  5.1409600e+002  7.8000000e+002
  5.1486800e+002  7.7200000e+002
  5.1564400e+002  7.7600000e+002
  5.1641600e+002  7.7200000e+002
  5.1719200e+002  7.7600000e+002
  5.1796800e+002  7.7600000e+002
  5.1874400e+002  7.7600000e+002
  5.1952400e+002  7.8000000e+002
  5.2030800e+002  7.8400000e+002
  5.2109200e+002  7.8400000e+002
  5.2187200e+002  7.8000000e+002
  5.2267200e+002  8.0000000e+002
  5.2346800e+002  7.9600000e+002
  5.2425600e+002  7.8800000e+002
  5.2505600e+002  8.0000000e+002
  5.2585600e+002  8.0000000e+002
  5.2664800e+002  7.9200000e+002
  5.2745200e+002  8.0400000e+002
  5.2824800e+002  7.9600000e+002
  5.2903600e+002  7.8800000e+002
  5.2983600e+002  8.0000000e+002
  5.3062800e+002  7.9200000e+002
  5.3140800e+002  7.8000000e+002
  5.3220000e+002  7.9200000e+002
  5.3298800e+002  7.8800000e+002
  5.3376400e+002  7.7600000e+002
  5.3455600e+002  7.9200000e+002
  5.3533200e+002  7.7600000e+002
  5.3611200e+002  7.8000000e+002
  5.3688400e+002  7.7200000e+002
  5.3765200e+002  7.6800000e+002
  5.3842800e+002  7.7600000e+002
  5.3920000e+002  7.7200000e+002
  5.3996400e+002  7.6400000e+002
  5.4074000e+002  7.7600000e+002
  5.4151600e+002  7.7600000e+002
  5.4228400e+002  7.6800000e+002
  5.4306800e+002  7.8400000e+002
  5.4384800e+002  7.8000000e+002
  5.4462400e+002  7.7600000e+002
  5.4541200e+002  7.8800000e+002
  5.4619600e+002  7.8400000e+002
  5.4697600e+002  7.8000000e+002
  5.4777200e+002  7.9600000e+002
  5.4856800e+002  7.9600000e+002
  5.4935600e+002  7.8800000e+002
  5.5016000e+002  8.0400000e+002
  5.5095600e+002  7.9600000e+002
  5.5174400e+002  7.8800000e+002
  5.5254800e+002  8.0400000e+002
  5.5334400e+002  7.9600000e+002
  5.5413200e+002  7.8800000e+002
  5.5493600e+002  8.0400000e+002
  5.5573200e+002  7.9600000e+002
  5.5652000e+002  7.8800000e+002
  5.5731600e+002  7.9600000e+002
  5.5810800e+002  7.9200000e+002
  5.5890000e+002  7.9200000e+002
  5.5969200e+002  7.9200000e+002
  5.6047600e+002  7.8400000e+002
  5.6126800e+002  7.9200000e+002
  5.6205600e+002  7.8800000e+002
  5.6283200e+002  7.7600000e+002
  5.6362000e+002  7.8800000e+002
  5.6440400e+002  7.8400000e+002
  5.6518000e+002  7.7600000e+002
  5.6597200e+002  7.9200000e+002
  5.6675600e+002  7.8400000e+002
  5.6753200e+002  7.7600000e+002
  5.6832400e+002  7.9200000e+002
  5.6911200e+002  7.8800000e+002
  5.6989200e+002  7.8000000e+002
  5.7068400e+002  7.9200000e+002
  5.7147200e+002  7.8800000e+002
  5.7225600e+002  7.8400000e+002
  5.7304400e+002  7.8800000e+002
  5.7383200e+002  7.8800000e+002
  5.7461200e+002  7.8000000e+002
  5.7540000e+002  7.8800000e+002
  5.7618400e+002  7.8400000e+002
  5.7696800e+002  7.8400000e+002
  5.7775200e+002  7.8400000e+002
  5.7854000e+002  7.8800000e+002
  5.7932400e+002  7.8400000e+002
  5.8011200e+002  7.8800000e+002
  5.8089200e+002  7.8000000e+002
  5.8168800e+002  7.9600000e+002
  5.8247600e+002  7.8800000e+002
  5.8326000e+002  7.8400000e+002
  5.8406400e+002  8.0400000e+002
  5.8485600e+002  7.9200000e+002
  5.8563600e+002  7.8000000e+002
  5.8643200e+002  7.9600000e+002
  5.8722000e+002  7.8800000e+002
  5.8800400e+002  7.8400000e+002
  5.8879600e+002  7.9200000e+002
  5.8958400e+002  7.8800000e+002
  5.9038000e+002  7.9600000e+002
  5.9117600e+002  7.9600000e+002
  5.9196400e+002  7.8800000e+002
  5.9275600e+002  7.9200000e+002
  5.9355600e+002  8.0000000e+002
  5.9434400e+002  7.8800000e+002
  5.9514800e+002  8.0400000e+002
  5.9594400e+002  7.9600000e+002
  5.9672800e+002  7.8400000e+002
  5.9752400e+002  7.9600000e+002
  5.9832000e+002  7.9600000e+002
  5.9910400e+002  7.8400000e+002
  5.9990400e+002  8.0000000e+002
  6.0069600e+002  7.9200000e+002
  6.0148800e+002  7.9200000e+002
  6.0228400e+002  7.9600000e+002
  6.0307600e+002  7.9200000e+002
  6.0386800e+002  7.9200000e+002
  6.0466400e+002  7.9600000e+002
  6.0545200e+002  7.8800000e+002
  6.0624800e+002  7.9600000e+002
  6.0704000e+002  7.9200000e+002
  6.0782800e+002  7.8800000e+002
  6.0862400e+002  7.9600000e+002
  6.0941600e+002  7.9200000e+002
  6.1020400e+002  7.8800000e+002
  6.1099600e+002  7.9200000e+002
  6.1178800e+002  7.9200000e+002
  6.1256800e+002  7.8000000e+002
  6.1336400e+002  7.9600000e+002
  6.1415200e+002  7.8800000e+002
  6.1493200e+002  7.8000000e+002
  6.1572800e+002  7.9600000e+002
  6.1652000e+002  7.9200000e+002
  6.1730000e+002  7.8000000e+002
  6.1809600e+002  7.9600000e+002
  6.1888400e+002  7.8800000e+002
  6.1966400e+002  7.8000000e+002
  6.2045600e+002  7.9200000e+002
  6.2124400e+002  7.8800000e+002
  6.2202800e+002  7.8400000e+002
  6.2282000e+002  7.9200000e+002
  6.2360800e+002  7.8800000e+002
  6.2439200e+002  7.8400000e+002
  6.2518400e+002  7.9200000e+002
  6.2597200e+002  7.8800000e+002
  6.2676000e+002  7.8800000e+002
  6.2755200e+002  7.9200000e+002
  6.2834000e+002  7.8800000e+002
  6.2913200e+002  7.9200000e+002
  6.2992800e+002  7.9600000e+002
  6.3071600e+002  7.8800000e+002
  6.3151200e+002  7.9600000e+002
  6.3230400e+002  7.9200000e+002
  6.3309600e+002  7.9200000e+002
  6.3389200e+002  7.9600000e+002
  6.3469200e+002  8.0000000e+002
  6.3548800e+002  7.9600000e+002
  6.3628800e+002  8.0000000e+002
  6.3708800e+002  8.0000000e+002
  6.3788000e+002  7.9200000e+002
  6.3867600e+002  7.9600000e+002
  6.3947200e+002  7.9600000e+002
  6.4026000e+002  7.8800000e+002
  6.4106000e+002  8.0000000e+002
  6.4185200e+002  7.9200000e+002
  6.4263600e+002  7.8400000e+002
  6.4343600e+002  8.0000000e+002
  6.4423200e+002  7.9600000e+002
  6.4502000e+002  7.8800000e+002
  6.4582000e+002  8.0000000e+002
  6.4662000e+002  8.0000000e+002
  6.4740000e+002  7.8000000e+002
  6.4820400e+002  8.0400000e+002
  6.4899600e+002  7.9200000e+002
  6.4978000e+002  7.8400000e+002
  6.5057600e+002  7.9600000e+002
  6.5137200e+002  7.9600000e+002
  6.5216000e+002  7.8800000e+002
  6.5296800e+002  8.0800000e+002
  6.5377200e+002  8.0400000e+002
  6.5456400e+002  7.9200000e+002
  6.5536800e+002  8.0400000e+002
  6.5617200e+002  8.0400000e+002
  6.5696800e+002  7.9600000e+002
  6.5776800e+002  8.0000000e+002
  6.5856400e+002  7.9600000e+002
  6.5936400e+002  8.0000000e+002
  6.6016400e+002  8.0000000e+002
  6.6096000e+002  7.9600000e+002
  6.6176000e+002  8.0000000e+002
  6.6256000e+002  8.0000000e+002
  6.6335200e+002  7.9200000e+002
  6.6416000e+002  8.0800000e+002
  6.6496000e+002  8.0000000e+002
  6.6575200e+002  7.9200000e+002
  6.6656800e+002  8.1600000e+002
  6.6737600e+002  8.0800000e+002
  6.6816800e+002  7.9200000e+002
  6.6898000e+002  8.1200000e+002
  6.6978400e+002  8.0400000e+002
  6.7058000e+002  7.9600000e+002
  6.7138800e+002  8.0800000e+002
  6.7219200e+002  8.0400000e+002
  6.7298000e+002  7.8800000e+002
  6.7378400e+002  8.0400000e+002
  6.7457600e+002  7.9200000e+002
  6.7536800e+002  7.9200000e+002
  6.7616000e+002  7.9200000e+002
  6.7695200e+002  7.9200000e+002
  6.7774400e+002  7.9200000e+002
  6.7854000e+002  7.9600000e+002
  6.7932800e+002  7.8800000e+002
  6.8012400e+002  7.9600000e+002
  6.8092000e+002  7.9600000e+002
  6.8170800e+002  7.8800000e+002
  6.8250800e+002  8.0000000e+002
  6.8330800e+002  8.0000000e+002
  6.8409200e+002  7.8400000e+002
  6.8489600e+002  8.0400000e+002
  6.8569200e+002  7.9600000e+002
  6.8647200e+002  7.8000000e+002
  6.8727600e+002  8.0400000e+002
  6.8806800e+002  7.9200000e+002
  6.8884800e+002  7.8000000e+002
  6.8964800e+002  8.0000000e+002
  6.9044000e+002  7.9200000e+002
  6.9122000e+002  7.8000000e+002
  6.9201600e+002  7.9600000e+002
  6.9280400e+002  7.8800000e+002
  6.9358800e+002  7.8400000e+002
  6.9438000e+002  7.9200000e+002
  6.9516800e+002  7.8800000e+002
  6.9595600e+002  7.8800000e+002
  6.9674400e+002  7.8800000e+002
  6.9752000e+002  7.7600000e+002
  6.9831600e+002  7.9600000e+002
  6.9910000e+002  7.8400000e+002
  6.9988000e+002  7.8000000e+002
  7.0068000e+002  8.0000000e+002
  7.0147200e+002  7.9200000e+002
  7.0225600e+002  7.8400000e+002
  7.0306000e+002  8.0400000e+002
  7.0386000e+002  8.0000000e+002
  7.0465200e+002  7.9200000e+002
  7.0546400e+002  8.1200000e+002
  7.0626800e+002  8.0400000e+002
  7.0706000e+002  7.9200000e+002
  7.0787200e+002  8.1200000e+002
  7.0868000e+002  8.0800000e+002
  7.0947600e+002  7.9600000e+002
  7.1028400e+002  8.0800000e+002
  7.1109200e+002  8.0800000e+002
  7.1190000e+002  8.0800000e+002
  7.1271200e+002  8.1200000e+002
  7.1351200e+002  8.0000000e+002
  7.1432800e+002  8.1600000e+002
  7.1514000e+002  8.1200000e+002
  7.1594000e+002  8.0000000e+002
  7.1675200e+002  8.1200000e+002
  7.1755600e+002  8.0400000e+002
  7.1834800e+002  7.9200000e+002
  7.1915600e+002  8.0800000e+002
  7.1996400e+002  8.0800000e+002
  7.2076000e+002  7.9600000e+002
  7.2157200e+002  8.1200000e+002
  7.2237600e+002  8.0400000e+002
  7.2318000e+002  8.0400000e+002
  7.2398400e+002  8.0400000e+002
  7.2478000e+002  7.9600000e+002
  7.2559200e+002  8.1200000e+002
  7.2639600e+002  8.0400000e+002
  7.2718800e+002  7.9200000e+002
  7.2800000e+002  8.1200000e+002
  7.2880000e+002  8.0000000e+002
  7.2959200e+002  7.9200000e+002
  7.3039600e+002  8.0400000e+002
  7.3118000e+002  7.8400000e+002
  7.3198400e+002  8.0400000e+002
  7.3278400e+002  8.0000000e+002
  7.3358000e+002  7.9600000e+002
  7.3437200e+002  7.9200000e+002
  7.3516000e+002  7.8800000e+002
  7.3595200e+002  7.9200000e+002
  7.3673600e+002  7.8400000e+002
  7.3751200e+002  7.7600000e+002
  7.3829200e+002  7.8000000e+002
  7.3907200e+002  7.8000000e+002
  7.3983600e+002  7.6400000e+002
  7.4061200e+002  7.7600000e+002
  7.4138400e+002  7.7200000e+002
  7.4214400e+002  7.6000000e+002
  7.4291600e+002  7.7200000e+002
  7.4367600e+002  7.6000000e+002
  7.4444400e+002  7.6800000e+002
  7.4520800e+002  7.6400000e+002
  7.4597600e+002  7.6800000e+002
  7.4674800e+002  7.7200000e+002
  7.4751600e+002  7.6800000e+002
  7.4829200e+002  7.7600000e+002
  7.4907200e+002  7.8000000e+002
  7.4984000e+002  7.6800000e+002
  7.5063200e+002  7.9200000e+002
  7.5141600e+002  7.8400000e+002
  7.5219200e+002  7.7600000e+002
  7.5298400e+002  7.9200000e+002
  7.5377600e+002  7.9200000e+002
  7.5455600e+002  7.8000000e+002
  7.5535200e+002  7.9600000e+002
  7.5613200e+002  7.8000000e+002
  7.5692800e+002  7.9600000e+002
  7.5771600e+002  7.8800000e+002
  7.5850000e+002  7.8400000e+002
  7.5930000e+002  8.0000000e+002
  7.6009600e+002  7.9600000e+002
  7.6088000e+002  7.8400000e+002
  7.6168000e+002  8.0000000e+002
  7.6247200e+002  7.9200000e+002
  7.6325200e+002  7.8000000e+002
  7.6405200e+002  8.0000000e+002
  7.6483600e+002  7.8400000e+002
  7.6562000e+002  7.8400000e+002
  7.6640400e+002  7.8400000e+002
  7.6718400e+002  7.8000000e+002
  7.6796800e+002  7.8400000e+002
  7.6875200e+002  7.8400000e+002
  7.6952800e+002  7.7600000e+002
  7.7031600e+002  7.8800000e+002
  7.7110000e+002  7.8400000e+002
  7.7187600e+002  7.7600000e+002
  7.7266000e+002  7.8400000e+002
  7.7344400e+002  7.8400000e+002
  7.7422000e+002  7.7600000e+002
  7.7500000e+002  7.8000000e+002
  7.7578000e+002  7.8000000e+002
  7.7656400e+002  7.8400000e+002
  7.7734800e+002  7.8400000e+002
  7.7812800e+002  7.8000000e+002
  7.7892800e+002  8.0000000e+002
  7.7972000e+002  7.9200000e+002
  7.8050400e+002  7.8400000e+002
  7.8130400e+002  8.0000000e+002
  7.8210000e+002  7.9600000e+002
  7.8288400e+002  7.8400000e+002
  7.8368400e+002  8.0000000e+002
  7.8447200e+002  7.8800000e+002
  7.8525600e+002  7.8400000e+002
  7.8604400e+002  7.8800000e+002
  7.8682800e+002  7.8400000e+002
  7.8760400e+002  7.7600000e+002
  7.8838800e+002  7.8400000e+002
  7.8917200e+002  7.8400000e+002
  7.8995200e+002  7.8000000e+002
  7.9074000e+002  7.8800000e+002
  7.9152000e+002  7.8000000e+002
  7.9230400e+002  7.8400000e+002
  7.9308800e+002  7.8400000e+002
  7.9386000e+002  7.7200000e+002
  7.9464800e+002  7.8800000e+002
  7.9542800e+002  7.8000000e+002
  7.9620000e+002  7.7200000e+002
  7.9698000e+002  7.8000000e+002
  7.9775600e+002  7.7600000e+002
  7.9852800e+002  7.7200000e+002
  7.9930800e+002  7.8000000e+002
  8.0008400e+002  7.7600000e+002
  8.0084800e+002  7.6400000e+002
  8.0162800e+002  7.8000000e+002
  8.0240400e+002  7.7600000e+002
  8.0316800e+002  7.6400000e+002
  8.0395200e+002  7.8400000e+002
  8.0472400e+002  7.7200000e+002
  8.0548800e+002  7.6400000e+002
  8.0627200e+002  7.8400000e+002
  8.0704800e+002  7.7600000e+002
  8.0781200e+002  7.6400000e+002
  8.0859200e+002  7.8000000e+002
  8.0936400e+002  7.7200000e+002
  8.1013200e+002  7.6800000e+002
  8.1091200e+002  7.8000000e+002
  8.1168400e+002  7.7200000e+002
  8.1244800e+002  7.6400000e+002
  8.1322800e+002  7.8000000e+002
  8.1400000e+002  7.7200000e+002
  8.1476000e+002  7.6000000e+002
  8.1553600e+002  7.7600000e+002
  8.1630000e+002  7.6400000e+002
  8.1707200e+002  7.7200000e+002
  8.1784000e+002  7.6800000e+002
  8.1860800e+002  7.6800000e+002
  8.1938400e+002  7.7600000e+002
  8.2016400e+002  7.8000000e+002
  8.2093200e+002  7.6800000e+002
  8.2172400e+002  7.9200000e+002
  8.2251200e+002  7.8800000e+002
  8.2328800e+002  7.7600000e+002
  8.2408400e+002  7.9600000e+002
  8.2487600e+002  7.9200000e+002
  8.2566000e+002  7.8400000e+002
  8.2645600e+002  7.9600000e+002
  8.2725200e+002  7.9600000e+002
  8.2803600e+002  7.8400000e+002
  8.2883600e+002  8.0000000e+002
  8.2963200e+002  7.9600000e+002
  8.3041600e+002  7.8400000e+002
  8.3122000e+002  8.0400000e+002
  8.3202000e+002  8.0000000e+002
  8.3280800e+002  7.8800000e+002
  8.3360800e+002  8.0000000e+002
  8.3440800e+002  8.0000000e+002
  8.3519600e+002  7.8800000e+002
  8.3599600e+002  8.0000000e+002
  8.3679200e+002  7.9600000e+002
  8.3757600e+002  7.8400000e+002
  8.3837600e+002  8.0000000e+002
  8.3916800e+002  7.9200000e+002
  8.3995600e+002  7.8800000e+002
  8.4075200e+002  7.9600000e+002
  8.4154000e+002  7.8800000e+002
  8.4233200e+002  7.9200000e+002
  8.4312400e+002  7.9200000e+002
  8.4391200e+002  7.8800000e+002
  8.4470800e+002  7.9600000e+002
  8.4550000e+002  7.9200000e+002
  8.4628800e+002  7.8800000e+002
  8.4708400e+002  7.9600000e+002
  8.4787200e+002  7.8800000e+002
  8.4865200e+002  7.8000000e+002
  8.4944800e+002  7.9600000e+002
  8.5024000e+002  7.9200000e+002
  8.5102000e+002  7.8000000e+002
  8.5181600e+002  7.9600000e+002
  8.5260400e+002  7.8800000e+002
  8.5338400e+002  7.8000000e+002
  8.5418000e+002  7.9600000e+002
  8.5496400e+002  7.8400000e+002
  8.5574800e+002  7.8400000e+002
  8.5654000e+002  7.9200000e+002
  8.5732400e+002  7.8400000e+002
  8.5810400e+002  7.8000000e+002
  8.5888800e+002  7.8400000e+002
  8.5967600e+002  7.8800000e+002
  8.6046800e+002  7.9200000e+002
  8.6124800e+002  7.8000000e+002
  8.6204400e+002  7.9600000e+002
  8.6283600e+002  7.9200000e+002
  8.6362000e+002  7.8400000e+002
  8.6442000e+002  8.0000000e+002
  8.6520800e+002  7.8800000e+002
  8.6598800e+002  7.8000000e+002
  8.6678400e+002  7.9600000e+002
  8.6757200e+002  7.8800000e+002
  8.6835200e+002  7.8000000e+002
  8.6914000e+002  7.8800000e+002
  8.6992800e+002  7.8800000e+002
  8.7070400e+002  7.7600000e+002
  8.7149200e+002  7.8800000e+002
  8.7228000e+002  7.8800000e+002
  8.7306800e+002  7.8800000e+002
  8.7385200e+002  7.8400000e+002
  8.7463200e+002  7.8000000e+002
  8.7542800e+002  7.9600000e+002
  8.7621600e+002  7.8800000e+002
  8.7699600e+002  7.8000000e+002
  8.7779200e+002  7.9600000e+002
  8.7858400e+002  7.9200000e+002
  8.7937200e+002  7.8800000e+002
  8.8017200e+002  8.0000000e+002
  8.8097200e+002  8.0000000e+002
  8.8176400e+002  7.9200000e+002
  8.8257200e+002  8.0800000e+002
  8.8338000e+002  8.0800000e+002
  8.8417600e+002  7.9600000e+002
  8.8499200e+002  8.1600000e+002
  8.8579600e+002  8.0400000e+002
  8.8659600e+002  8.0000000e+002
  8.8741200e+002  8.1600000e+002
  8.8821600e+002  8.0400000e+002
  8.8900800e+002  7.9200000e+002
  8.8982000e+002  8.1200000e+002
  8.9062000e+002  8.0000000e+002
  8.9141600e+002  7.9600000e+002
  8.9221600e+002  8.0000000e+002
  8.9301200e+002  7.9600000e+002
  8.9381200e+002  8.0000000e+002
  8.9461200e+002  8.0000000e+002
  8.9540400e+002  7.9200000e+002
  8.9620400e+002  8.0000000e+002
  8.9700000e+002  7.9600000e+002
  8.9779200e+002  7.9200000e+002
  8.9858800e+002  7.9600000e+002
  8.9938400e+002  7.9600000e+002
  9.0017200e+002  7.8800000e+002
  9.0096800e+002  7.9600000e+002
  9.0176400e+002  7.9600000e+002
  9.0254800e+002  7.8400000e+002
  9.0334800e+002  8.0000000e+002
  9.0414400e+002  7.9600000e+002
  9.0492800e+002  7.8400000e+002
  9.0573200e+002  8.0400000e+002
  9.0652800e+002  7.9600000e+002
  9.0731200e+002  7.8400000e+002
  9.0811200e+002  8.0000000e+002
  9.0890800e+002  7.9600000e+002
  9.0969600e+002  7.8800000e+002
  9.1049600e+002  8.0000000e+002
  9.1128800e+002  7.9200000e+002
  9.1208000e+002  7.9200000e+002
  9.1288000e+002  8.0000000e+002
  9.1367600e+002  7.9600000e+002
  9.1446000e+002  7.8400000e+002
  9.1526000e+002  8.0000000e+002
  9.1605200e+002  7.9200000e+002
  9.1683200e+002  7.8000000e+002
  9.1762800e+002  7.9600000e+002
  9.1841600e+002  7.8800000e+002
  9.1919200e+002  7.7600000e+002
  9.1998400e+002  7.9200000e+002
  9.2076800e+002  7.8400000e+002
  9.2154800e+002  7.8000000e+002
  9.2233200e+002  7.8400000e+002
  9.2311600e+002  7.8400000e+002
  9.2389200e+002  7.7600000e+002
  9.2468000e+002  7.8800000e+002
  9.2546800e+002  7.8800000e+002
  9.2624800e+002  7.8000000e+002
  9.2703600e+002  7.8800000e+002
  9.2780800e+002  7.7200000e+002
  9.2859600e+002  7.8800000e+002
  9.2938400e+002  7.8800000e+002
  9.3017600e+002  7.9200000e+002
  9.3096000e+002  7.8400000e+002
  9.3175600e+002  7.9600000e+002
  9.3254400e+002  7.8800000e+002
  9.3332800e+002  7.8400000e+002
  9.3412400e+002  7.9600000e+002
  9.3492000e+002  7.9600000e+002
  9.3570800e+002  7.8800000e+002
  9.3651200e+002  8.0400000e+002
  9.3730400e+002  7.9200000e+002
  9.3809200e+002  7.8800000e+002
  9.3889600e+002  8.0400000e+002
  9.3969200e+002  7.9600000e+002
  9.4048000e+002  7.8800000e+002
  9.4128400e+002  8.0400000e+002
  9.4208000e+002  7.9600000e+002
  9.4286800e+002  7.8800000e+002
  9.4367200e+002  8.0400000e+002
  9.4447200e+002  8.0000000e+002
  9.4526000e+002  7.8800000e+002
  9.4606400e+002  8.0400000e+002
  9.4686000e+002  7.9600000e+002
  9.4764400e+002  7.8400000e+002
  9.4844000e+002  7.9600000e+002
  9.4923200e+002  7.9200000e+002
  9.5001200e+002  7.8000000e+002
  9.5080400e+002  7.9200000e+002
  9.5158400e+002  7.8000000e+002
  9.5237200e+002  7.8800000e+002
  9.5315600e+002  7.8400000e+002
  9.5393600e+002  7.8000000e+002
  9.5472400e+002  7.8800000e+002
  9.5550800e+002  7.8400000e+002
  9.5628400e+002  7.7600000e+002
  9.5708000e+002  7.9600000e+002
  9.5786800e+002  7.8800000e+002
  9.5864800e+002  7.8000000e+002
  9.5944400e+002  7.9600000e+002
  9.6023600e+002  7.9200000e+002
  9.6101600e+002  7.8000000e+002
  9.6181600e+002  8.0000000e+002
  9.6260800e+002  7.9200000e+002
  9.6339600e+002  7.8800000e+002
  9.6420000e+002  8.0400000e+002
  9.6499600e+002  7.9600000e+002
  9.6578000e+002  7.8400000e+002
  9.6658000e+002  8.0000000e+002
  9.6737600e+002  7.9600000e+002
  9.6816400e+002  7.8800000e+002
  9.6896000e+002  7.9600000e+002
  9.6974800e+002  7.8800000e+002
  9.7054800e+002  8.0000000e+002
  9.7134400e+002  7.9600000e+002
  9.7212800e+002  7.8400000e+002
  9.7292800e+002  8.0000000e+002
  9.7372400e+002  7.9600000e+002
  9.7451200e+002  7.8800000e+002
  9.7531200e+002  8.0000000e+002
  9.7610400e+002  7.9200000e+002
  9.7688400e+002  7.8000000e+002
  9.7768800e+002  8.0400000e+002
  9.7846800e+002  7.8000000e+002
  9.7926800e+002  8.0000000e+002
  9.8005200e+002  7.8400000e+002
  9.8084400e+002  7.9200000e+002
  9.8163200e+002  7.8800000e+002
  9.8241200e+002  7.8000000e+002
  9.8320400e+002  7.9200000e+002
  9.8399200e+002  7.8800000e+002
  9.8477200e+002  7.8000000e+002
  9.8556400e+002  7.9200000e+002
  9.8635600e+002  7.9200000e+002
  9.8713600e+002  7.8000000e+002
  9.8793600e+002  8.0000000e+002
  9.8872800e+002  7.9200000e+002
  9.8951600e+002  7.8800000e+002
  9.9031600e+002  8.0000000e+002
  9.9111200e+002  7.9600000e+002
  9.9190000e+002  7.8800000e+002
  9.9270400e+002  8.0400000e+002
  9.9350400e+002  8.0000000e+002
  9.9429200e+002  7.8800000e+002
  9.9509200e+002  8.0000000e+002
  9.9589200e+002  8.0000000e+002
  9.9668400e+002  7.9200000e+002
  9.9748400e+002  8.0000000e+002
  9.9828400e+002  8.0000000e+002
  9.9907600e+002  7.9200000e+002
  9.9988000e+002  8.0400000e+002
  1.0006800e+003  8.0000000e+002
  1.0014840e+003  8.0400000e+002
  1.0022880e+003  8.0400000e+002
  1.0030840e+003  7.9600000e+002
  1.0038920e+003  8.0800000e+002
  1.0046920e+003  8.0000000e+002
  1.0054840e+003  7.9200000e+002
  1.0062920e+003  8.0800000e+002
  1.0070880e+003  7.9600000e+002
  1.0078800e+003  7.9200000e+002
  1.0086760e+003  7.9600000e+002
  1.0094720e+003  7.9600000e+002
  1.0102680e+003  7.9600000e+002
  1.0110680e+003  8.0000000e+002
  1.0118560e+003  7.8800000e+002
  1.0126600e+003  8.0400000e+002
  1.0134520e+003  7.9200000e+002
  1.0142400e+003  7.8800000e+002
  1.0150360e+003  7.9600000e+002
  1.0158200e+003  7.8400000e+002
  1.0166200e+003  8.0000000e+002
  1.0174160e+003  7.9600000e+002
  1.0182000e+003  7.8400000e+002
  1.0190040e+003  8.0400000e+002
  1.0198000e+003  7.9600000e+002
  1.0205880e+003  7.8800000e+002
  1.0213840e+003  7.9600000e+002
  1.0221760e+003  7.9200000e+002
  1.0229760e+003  8.0000000e+002
  1.0237720e+003  7.9600000e+002
  1.0245560e+003  7.8400000e+002
  1.0253560e+003  8.0000000e+002
  1.0261520e+003  7.9600000e+002
  1.0269400e+003  7.8800000e+002
  1.0277400e+003  8.0000000e+002
  1.0285280e+003  7.8800000e+002
  1.0293320e+003  8.0400000e+002
  1.0301320e+003  8.0000000e+002
  1.0309200e+003  7.8800000e+002
  1.0317280e+003  8.0800000e+002
  1.0325200e+003  7.9200000e+002
  1.0333120e+003  7.9200000e+002
  1.0341040e+003  7.9200000e+002
  1.0348960e+003  7.9200000e+002
  1.0356840e+003  7.8800000e+002
  1.0364760e+003  7.9200000e+002
  1.0372600e+003  7.8400000e+002
  1.0380560e+003  7.9600000e+002
  1.0388480e+003  7.9200000e+002
  1.0396280e+003  7.8000000e+002
  1.0404240e+003  7.9600000e+002
  1.0412160e+003  7.9200000e+002
  1.0419920e+003  7.7600000e+002
  1.0427920e+003  8.0000000e+002
  1.0435840e+003  7.9200000e+002
  1.0443640e+003  7.8000000e+002
  1.0451560e+003  7.9200000e+002
  1.0459480e+003  7.9200000e+002
  1.0467360e+003  7.8800000e+002
  1.0475280e+003  7.9200000e+002
  1.0483160e+003  7.8800000e+002
  1.0491080e+003  7.9200000e+002
  1.0499000e+003  7.9200000e+002
  1.0506840e+003  7.8400000e+002
  1.0514800e+003  7.9600000e+002
  1.0522680e+003  7.8800000e+002
  1.0530520e+003  7.8400000e+002
  1.0538480e+003  7.9600000e+002
  1.0546400e+003  7.9200000e+002
  1.0554200e+003  7.8000000e+002
  1.0562160e+003  7.9600000e+002
  1.0570080e+003  7.9200000e+002
  1.0577920e+003  7.8400000e+002
  1.0585880e+003  7.9600000e+002
  1.0593800e+003  7.9200000e+002
  1.0601640e+003  7.8400000e+002
  1.0609600e+003  7.9600000e+002
  1.0617480e+003  7.8800000e+002
  1.0625280e+003  7.8000000e+002
  1.0633200e+003  7.9200000e+002
  1.0641040e+003  7.8400000e+002
  1.0648880e+003  7.8400000e+002
  1.0656720e+003  7.8400000e+002
  1.0664520e+003  7.8000000e+002
  1.0672400e+003  7.8800000e+002
  1.0680240e+003  7.8400000e+002
  1.0688040e+003  7.8000000e+002
  1.0695960e+003  7.9200000e+002
  1.0703880e+003  7.9200000e+002
  1.0711680e+003  7.8000000e+002
  1.0719640e+003  7.9600000e+002
  1.0727520e+003  7.8800000e+002
  1.0735400e+003  7.8800000e+002
  1.0743320e+003  7.9200000e+002
  1.0751160e+003  7.8400000e+002
  1.0759120e+003  7.9600000e+002
  1.0767040e+003  7.9200000e+002
  1.0774840e+003  7.8000000e+002
  1.0782840e+003  8.0000000e+002
  1.0790720e+003  7.8800000e+002
  1.0798560e+003  7.8400000e+002
  1.0806480e+003  7.9200000e+002
  1.0814360e+003  7.8800000e+002
  1.0822200e+003  7.8400000e+002
  1.0830120e+003  7.9200000e+002
  1.0837960e+003  7.8400000e+002
  1.0845920e+003  7.9600000e+002
  1.0853840e+003  7.9200000e+002
  1.0861680e+003  7.8400000e+002
  1.0869720e+003  8.0400000e+002
  1.0877640e+003  7.9200000e+002
  1.0885560e+003  7.9200000e+002
  1.0893560e+003  8.0000000e+002
  1.0901480e+003  7.9200000e+002
  1.0909480e+003  8.0000000e+002
  1.0917440e+003  7.9600000e+002
  1.0925400e+003  7.9600000e+002
  1.0933400e+003  8.0000000e+002
  1.0941360e+003  7.9600000e+002
  1.0949200e+003  7.8400000e+002
  1.0957200e+003  8.0000000e+002
  1.0965120e+003  7.9200000e+002
  1.0972920e+003  7.8000000e+002
  1.0980840e+003  7.9200000e+002
  1.0988720e+003  7.8800000e+002
  1.0996520e+003  7.8000000e+002
  1.1004400e+003  7.8800000e+002
  1.1012240e+003  7.8400000e+002
  1.1020080e+003  7.8400000e+002
  1.1027960e+003  7.8800000e+002
  1.1035800e+003  7.8400000e+002
  1.1043720e+003  7.9200000e+002
  1.1051600e+003  7.8800000e+002
  1.1059400e+003  7.8000000e+002
  1.1067280e+003  7.8800000e+002
  1.1075160e+003  7.8800000e+002
  1.1082920e+003  7.7600000e+002
  1.1090840e+003  7.9200000e+002
  1.1098760e+003  7.9200000e+002
  1.1106560e+003  7.8000000e+002
  1.1114600e+003  8.0400000e+002
  1.1122560e+003  7.9600000e+002
  1.1130400e+003  7.8400000e+002
  1.1138320e+003  7.9200000e+002
  1.1146200e+003  7.8800000e+002
  1.1154000e+003  7.8000000e+002
  1.1161960e+003  7.9600000e+002
  1.1169840e+003  7.8800000e+002
  1.1177640e+003  7.8000000e+002
  1.1185560e+003  7.9200000e+002
  1.1193440e+003  7.8800000e+002
  1.1201240e+003  7.8000000e+002
  1.1209160e+003  7.9200000e+002
  1.1217000e+003  7.8400000e+002
  1.1224880e+003  7.8800000e+002
  1.1232760e+003  7.8800000e+002
  1.1240560e+003  7.8000000e+002
  1.1248520e+003  7.9600000e+002
  1.1256440e+003  7.9200000e+002
  1.1264280e+003  7.8400000e+002
  1.1272280e+003  8.0000000e+002
  1.1280240e+003  7.9600000e+002
  1.1288080e+003  7.8400000e+002
  1.1296000e+003  7.9200000e+002
  1.1304000e+003  8.0000000e+002
  1.1312040e+003  8.0400000e+002
  1.1319960e+003  7.9200000e+002
  1.1327960e+003  8.0000000e+002
  1.1335920e+003  7.9600000e+002
  1.1343920e+003  8.0000000e+002
  1.1351920e+003  8.0000000e+002
  1.1359840e+003  7.9200000e+002
  1.1367840e+003  8.0000000e+002
  1.1375840e+003  8.0000000e+002
  1.1383720e+003  7.8800000e+002
  1.1391720e+003  8.0000000e+002
  1.1399640e+003  7.9200000e+002
  1.1407480e+003  7.8400000e+002
  1.1415480e+003  8.0000000e+002
  1.1423400e+003  7.9200000e+002
  1.1431200e+003  7.8000000e+002
  1.1439160e+003  7.9600000e+002
  1.1447040e+003  7.8800000e+002
  1.1454960e+003  7.9200000e+002
  1.1462920e+003  7.9600000e+002
  1.1470800e+003  7.8800000e+002
  1.1478760e+003  7.9600000e+002
  1.1486720e+003  7.9600000e+002
  1.1494560e+003  7.8400000e+002
  1.1502600e+003  8.0400000e+002
  1.1510560e+003  7.9600000e+002
  1.1518400e+003  7.8400000e+002
  1.1526480e+003  8.0800000e+002
  1.1534440e+003  7.9600000e+002
  1.1542360e+003  7.9200000e+002
  1.1550280e+003  7.9200000e+002
  1.1558240e+003  7.9600000e+002
  1.1566200e+003  7.9600000e+002
  1.1574040e+003  7.8400000e+002
  1.1582080e+003  8.0400000e+002
  1.1590040e+003  7.9600000e+002
  1.1597920e+003  7.8800000e+002
  1.1605960e+003  8.0400000e+002
  1.1613880e+003  7.9200000e+002
  1.1621800e+003  7.9200000e+002
  1.1629800e+003  8.0000000e+002
  1.1637720e+003  7.9200000e+002
  1.1645680e+003  7.9600000e+002
  1.1653640e+003  7.9600000e+002
  1.1661520e+003  7.8800000e+002
  1.1669520e+003  8.0000000e+002
  1.1677440e+003  7.9200000e+002
  1.1685320e+003  7.8800000e+002
  1.1693320e+003  8.0000000e+002
  1.1701280e+003  7.9600000e+002
  1.1709400e+003  8.1200000e+002
  1.1717480e+003  8.0800000e+002
  1.1725480e+003  8.0000000e+002
  1.1733600e+003  8.1200000e+002
  1.1741720e+003  8.1200000e+002
  1.1749600e+003  7.8800000e+002
  1.1757680e+003  8.0800000e+002
  1.1765640e+003  7.9600000e+002
  1.1773600e+003  7.9600000e+002
  1.1781520e+003  7.9200000e+002
  1.1789400e+003  7.8800000e+002
  1.1797280e+003  7.8800000e+002
  1.1805400e+003  8.1200000e+002
  1.1813440e+003  8.0400000e+002
  1.1821480e+003  8.0400000e+002
  1.1829480e+003  8.0000000e+002
  1.1837440e+003  7.9600000e+002
  1.1845280e+003  7.8400000e+002
  1.1853200e+003  7.9200000e+002
  1.1861040e+003  7.8400000e+002
  1.1868840e+003  7.8000000e+002
  1.1876680e+003  7.8400000e+002
  1.1884480e+003  7.8000000e+002
  1.1892280e+003  7.8000000e+002
  1.1900040e+003  7.7600000e+002
  1.1907880e+003  7.8400000e+002
  1.1915600e+003  7.7200000e+002
  1.1923360e+003  7.7600000e+002
  1.1931160e+003  7.8000000e+002
  1.1938920e+003  7.7600000e+002
  1.1946840e+003  7.9200000e+002
  1.1954680e+003  7.8400000e+002
  1.1962480e+003  7.8000000e+002
  1.1970480e+003  8.0000000e+002
  1.1978400e+003  7.9200000e+002
  1.1986280e+003  7.8800000e+002
  1.1994280e+003  8.0000000e+002
  1.2002280e+003  8.0000000e+002
  1.2010120e+003  7.8400000e+002
  1.2018120e+003  8.0000000e+002
  1.2026040e+003  7.9200000e+002
  1.2033960e+003  7.9200000e+002
  1.2041880e+003  7.9200000e+002
  1.2049680e+003  7.8000000e+002
  1.2057600e+003  7.9200000e+002
  1.2065440e+003  7.8400000e+002
  1.2073200e+003  7.7600000e+002
  1.2081080e+003  7.8800000e+002
  1.2088920e+003  7.8400000e+002
  1.2096640e+003  7.7200000e+002
  1.2104600e+003  7.9600000e+002
  1.2112440e+003  7.8400000e+002
  1.2120160e+003  7.7200000e+002
  1.2128080e+003  7.9200000e+002
  1.2135920e+003  7.8400000e+002
  1.2143680e+003  7.7600000e+002
  1.2151560e+003  7.8800000e+002
  1.2159320e+003  7.7600000e+002
  1.2167240e+003  7.9200000e+002
  1.2175120e+003  7.8800000e+002
  1.2182960e+003  7.8400000e+002
  1.2190960e+003  8.0000000e+002
  1.2198840e+003  7.8800000e+002
  1.2206640e+003  7.8000000e+002
  1.2214600e+003  7.9600000e+002
  1.2222520e+003  7.9200000e+002
  1.2230360e+003  7.8400000e+002
  1.2238320e+003  7.9600000e+002
  1.2246240e+003  7.9200000e+002
  1.2254120e+003  7.8800000e+002
  1.2262080e+003  7.9600000e+002
  1.2270000e+003  7.9200000e+002
  1.2277880e+003  7.8800000e+002
  1.2285800e+003  7.9200000e+002
  1.2293680e+003  7.8800000e+002
  1.2301640e+003  7.9600000e+002
  1.2309560e+003  7.9200000e+002
  1.2317440e+003  7.8800000e+002
  1.2325440e+003  8.0000000e+002
  1.2333360e+003  7.9200000e+002
  1.2341200e+003  7.8400000e+002
  1.2349200e+003  8.0000000e+002
  1.2357160e+003  7.9600000e+002
  1.2365040e+003  7.8800000e+002
  1.2373000e+003  7.9600000e+002
  1.2380960e+003  7.9600000e+002
  1.2388840e+003  7.8800000e+002
  1.2396800e+003  7.9600000e+002
  1.2404680e+003  7.8800000e+002
  1.2412560e+003  7.8800000e+002
  1.2420440e+003  7.8800000e+002
  1.2428240e+003  7.8000000e+002
  1.2436040e+003  7.8000000e+002
  1.2443840e+003  7.8000000e+002
  1.2451600e+003  7.7600000e+002
  1.2459400e+003  7.8000000e+002
  1.2467200e+003  7.8000000e+002
  1.2474960e+003  7.7600000e+002
  1.2482840e+003  7.8800000e+002
  1.2490640e+003  7.8000000e+002
  1.2498400e+003  7.7600000e+002
  1.2506320e+003  7.9200000e+002
  1.2514160e+003  7.8400000e+002
  1.2521920e+003  7.7600000e+002
  1.2529840e+003  7.9200000e+002
  1.2537680e+003  7.8400000e+002
  1.2545480e+003  7.8000000e+002
  1.2553360e+003  7.8800000e+002
  1.2561160e+003  7.8000000e+002
  1.2569040e+003  7.8800000e+002
  1.2576880e+003  7.8400000e+002
  1.2584720e+003  7.8400000e+002
  1.2592640e+003  7.9200000e+002
  1.2600520e+003  7.8800000e+002
  1.2608280e+003  7.7600000e+002
  1.2616240e+003  7.9600000e+002
  1.2624080e+003  7.8400000e+002
  1.2631840e+003  7.7600000e+002
  1.2639600e+003  7.7600000e+002
  1.2647480e+003  7.8800000e+002
  1.2655360e+003  7.8800000e+002
  1.2663120e+003  7.7600000e+002
  1.2671080e+003  7.9600000e+002
  1.2678960e+003  7.8800000e+002
  1.2686760e+003  7.8000000e+002
  1.2694680e+003  7.9200000e+002
  1.2702600e+003  7.9200000e+002
  1.2710440e+003  7.8400000e+002
  1.2718360e+003  7.9200000e+002
  1.2726280e+003  7.9200000e+002
  1.2734080e+003  7.8000000e+002
  1.2741920e+003  7.8400000e+002
  1.2749760e+003  7.8400000e+002
  1.2757520e+003  7.7600000e+002
  1.2765360e+003  7.8400000e+002
  1.2773120e+003  7.7600000e+002
  1.2780920e+003  7.8000000e+002
  1.2788720e+003  7.8000000e+002
  1.2796440e+003  7.7200000e+002
  1.2804280e+003  7.8400000e+002
  1.2812080e+003  7.8000000e+002
  1.2819800e+003  7.7200000e+002
  1.2827680e+003  7.8800000e+002
  1.2835480e+003  7.8000000e+002
  1.2843160e+003  7.6800000e+002
  1.2850960e+003  7.8000000e+002
  1.2858640e+003  7.6800000e+002
  1.2866360e+003  7.7200000e+002
  1.2874120e+003  7.7600000e+002
  1.2881840e+003  7.7200000e+002
  1.2889640e+003  7.8000000e+002
  1.2897400e+003  7.7600000e+002
  1.2905080e+003  7.6800000e+002
  1.2912960e+003  7.8800000e+002
  1.2920760e+003  7.8000000e+002
  1.2928520e+003  7.7600000e+002
  1.2936400e+003  7.8800000e+002
  1.2944240e+003  7.8400000e+002
  1.2952000e+003  7.7600000e+002
  1.2959880e+003  7.8800000e+002
  1.2967720e+003  7.8400000e+002
  1.2975520e+003  7.8000000e+002
  1.2983360e+003  7.8400000e+002
  1.2991160e+003  7.8000000e+002
  1.2999040e+003  7.8800000e+002
  1.3006880e+003  7.8400000e+002
  1.3014640e+003  7.7600000e+002
  1.3022560e+003  7.9200000e+002
  1.3030440e+003  7.8800000e+002
  1.3038160e+003  7.7200000e+002
  1.3046080e+003  7.9200000e+002
  1.3053880e+003  7.8000000e+002
  1.3061600e+003  7.7200000e+002
  1.3069440e+003  7.8400000e+002
  1.3077200e+003  7.7600000e+002
  1.3085000e+003  7.8000000e+002
  1.3092840e+003  7.8400000e+002
  1.3100640e+003  7.8000000e+002
  1.3108480e+003  7.8400000e+002
  1.3116280e+003  7.8000000e+002
  1.3124000e+003  7.7200000e+002
  1.3131840e+003  7.8400000e+002
  1.3139640e+003  7.8000000e+002
  1.3147400e+003  7.7600000e+002
  1.3155320e+003  7.9200000e+002
  1.3163160e+003  7.8400000e+002
  1.3170920e+003  7.7600000e+002
  1.3178880e+003  7.9600000e+002
  1.3186720e+003  7.8400000e+002
  1.3194520e+003  7.8000000e+002
  1.3202440e+003  7.9200000e+002
  1.3210280e+003  7.8400000e+002
  1.3218080e+003  7.8000000e+002
  1.3225960e+003  7.8800000e+002
  1.3233840e+003  7.8800000e+002
  1.3241640e+003  7.8000000e+002
  1.3249520e+003  7.8800000e+002
  1.3257360e+003  7.8400000e+002
  1.3265200e+003  7.8400000e+002
  1.3273040e+003  7.8400000e+002
  1.3280840e+003  7.8000000e+002
  1.3288800e+003  7.9600000e+002
  1.3296680e+003  7.8800000e+002
  1.3304440e+003  7.7600000e+002
  1.3312360e+003  7.9200000e+002
  1.3320200e+003  7.8400000e+002
  1.3327960e+003  7.7600000e+002
  1.3335880e+003  7.9200000e+002
  1.3343720e+003  7.8400000e+002
  1.3351400e+003  7.6800000e+002
  1.3359240e+003  7.8400000e+002
  1.3367040e+003  7.8000000e+002
  1.3374760e+003  7.7200000e+002
  1.3382520e+003  7.7600000e+002
  1.3390280e+003  7.7600000e+002
  1.3398120e+003  7.8400000e+002
  1.3405920e+003  7.8000000e+002
  1.3413720e+003  7.8000000e+002
  1.3421600e+003  7.8800000e+002
  1.3429440e+003  7.8400000e+002
  1.3437240e+003  7.8000000e+002
  1.3445200e+003  7.9600000e+002
  1.3453080e+003  7.8800000e+002
  1.3460880e+003  7.8000000e+002
  1.3468840e+003  7.9600000e+002
  1.3476720e+003  7.8800000e+002
  1.3484640e+003  7.9200000e+002
  1.3492520e+003  7.8800000e+002
  1.3500360e+003  7.8400000e+002
  1.3508360e+003  8.0000000e+002
  1.3516240e+003  7.8800000e+002
  1.3524080e+003  7.8400000e+002
  1.3532080e+003  8.0000000e+002
  1.3540000e+003  7.9200000e+002
  1.3547800e+003  7.8000000e+002
  1.3555760e+003  7.9600000e+002
  1.3563680e+003  7.9200000e+002
  1.3571480e+003  7.8000000e+002
  1.3579360e+003  7.8800000e+002
  1.3587200e+003  7.8400000e+002
  1.3595040e+003  7.8400000e+002
  1.3602920e+003  7.8800000e+002
  1.3610680e+003  7.7600000e+002
  1.3618600e+003  7.9200000e+002
  1.3626440e+003  7.8400000e+002
  1.3634200e+003  7.7600000e+002
  1.3642160e+003  7.9600000e+002
  1.3650040e+003  7.8800000e+002
  1.3657880e+003  7.8400000e+002
  1.3665760e+003  7.8800000e+002
  1.3673600e+003  7.8400000e+002
  1.3681440e+003  7.8400000e+002
  1.3689240e+003  7.8000000e+002
  1.3696960e+003  7.7200000e+002
  1.3704880e+003  7.9200000e+002
  1.3712720e+003  7.8400000e+002
  1.3720480e+003  7.7600000e+002
  1.3728400e+003  7.9200000e+002
  1.3736280e+003  7.8800000e+002
  1.3744080e+003  7.8000000e+002
  1.3751960e+003  7.8800000e+002
  1.3759800e+003  7.8400000e+002
  1.3767600e+003  7.8000000e+002
  1.3775480e+003  7.8800000e+002
  1.3783320e+003  7.8400000e+002
  1.3791080e+003  7.7600000e+002
  1.3798920e+003  7.8400000e+002
  1.3806720e+003  7.8000000e+002
  1.3814480e+003  7.7600000e+002
  1.3822280e+003  7.8000000e+002
  1.3830040e+003  7.7600000e+002
  1.3837840e+003  7.8000000e+002
  1.3845640e+003  7.8000000e+002
  1.3853360e+003  7.7200000e+002
  1.3861200e+003  7.8400000e+002
  1.3869000e+003  7.8000000e+002
  1.3876720e+003  7.7200000e+002
  1.3884600e+003  7.8800000e+002
  1.3892400e+003  7.8000000e+002
  1.3900160e+003  7.7600000e+002
  1.3908040e+003  7.8800000e+002
  1.3915880e+003  7.8400000e+002
  1.3923600e+003  7.7200000e+002
  1.3931480e+003  7.8800000e+002
  1.3939320e+003  7.8400000e+002
  1.3947120e+003  7.8000000e+002
  1.3955080e+003  7.9600000e+002
  1.3963000e+003  7.9200000e+002
  1.3970840e+003  7.8400000e+002
  1.3978840e+003  8.0000000e+002
  1.3986760e+003  7.9200000e+002
  1.3994600e+003  7.8400000e+002
  1.4002520e+003  7.9200000e+002
  1.4010360e+003  7.8400000e+002
  1.4018200e+003  7.8400000e+002
  1.4026120e+003  7.9200000e+002
  1.4033960e+003  7.8400000e+002
  1.4041760e+003  7.8000000e+002
  1.4049640e+003  7.8800000e+002
  1.4057480e+003  7.8400000e+002
  1.4065360e+003  7.8800000e+002
  1.4073160e+003  7.8000000e+002
  1.4080960e+003  7.8000000e+002
  1.4088840e+003  7.8800000e+002
  1.4096680e+003  7.8400000e+002
  1.4104440e+003  7.7600000e+002
  1.4112320e+003  7.8800000e+002
  1.4120160e+003  7.8400000e+002
  1.4127880e+003  7.7200000e+002
  1.4135760e+003  7.8800000e+002
  1.4143560e+003  7.8000000e+002
  1.4151320e+003  7.7600000e+002
  1.4159080e+003  7.7600000e+002
  1.4166760e+003  7.6800000e+002
  1.4174520e+003  7.7600000e+002
  1.4182240e+003  7.7200000e+002
  1.4189960e+003  7.7200000e+002
  1.4197800e+003  7.8400000e+002
  1.4205680e+003  7.8800000e+002
  1.4213440e+003  7.7600000e+002
  1.4221440e+003  8.0000000e+002
  1.4229360e+003  7.9200000e+002
  1.4237240e+003  7.8800000e+002
  1.4245160e+003  7.9200000e+002
  1.4253080e+003  7.9200000e+002
  1.4260920e+003  7.8400000e+002
  1.4268880e+003  7.9600000e+002
  1.4276800e+003  7.9200000e+002
  1.4284600e+003  7.8000000e+002
  1.4292520e+003  7.9200000e+002
  1.4300400e+003  7.8800000e+002
  1.4308240e+003  7.8400000e+002
  1.4316160e+003  7.9200000e+002
  1.4324080e+003  7.9200000e+002
  1.4332040e+003  7.9600000e+002
  1.4340040e+003  8.0000000e+002
  1.4348120e+003  8.0800000e+002
  1.4356160e+003  8.0400000e+002
  1.4364200e+003  8.0400000e+002
  1.4372200e+003  8.0000000e+002
  1.4380440e+003  8.2400000e+002
  1.4388720e+003  8.2800000e+002
  1.4397000e+003  8.2800000e+002
  1.4405280e+003  8.2800000e+002
  1.4413720e+003  8.4400000e+002
  1.4422120e+003  8.4000000e+002
  1.4430840e+003  8.7200000e+002
  1.4439440e+003  8.6000000e+002
  1.4447960e+003  8.5200000e+002
  1.4456520e+003  8.5600000e+002
  1.4464920e+003  8.4000000e+002
  1.4473320e+003  8.4000000e+002
  1.4481680e+003  8.3600000e+002
  1.4489800e+003  8.1200000e+002
  1.4498080e+003  8.2800000e+002
  1.4506280e+003  8.2000000e+002
  1.4514240e+003  7.9600000e+002
  1.4522320e+003  8.0800000e+002
  1.4530320e+003  8.0000000e+002
  1.4538200e+003  7.8800000e+002
  1.4546080e+003  7.8800000e+002
  1.4553840e+003  7.7600000e+002
  1.4561680e+003  7.8400000e+002
  1.4569440e+003  7.7600000e+002
  1.4577120e+003  7.6800000e+002
  1.4584880e+003  7.7600000e+002
  1.4592600e+003  7.7200000e+002
  1.4600280e+003  7.6800000e+002
  1.4608000e+003  7.7200000e+002
  1.4615640e+003  7.6400000e+002
  1.4623240e+003  7.6000000e+002
  1.4631000e+003  7.7600000e+002
  1.4638680e+003  7.6800000e+002
  1.4646280e+003  7.6000000e+002
  1.4654040e+003  7.7600000e+002
  1.4661800e+003  7.7600000e+002
  1.4669400e+003  7.6000000e+002
  1.4677200e+003  7.8000000e+002
  1.4685000e+003  7.8000000e+002
  1.4692680e+003  7.6800000e+002
  1.4700480e+003  7.8000000e+002
  1.4708160e+003  7.6800000e+002
  1.4715880e+003  7.7200000e+002
  1.4723680e+003  7.8000000e+002
  1.4731360e+003  7.6800000e+002
  1.4739240e+003  7.8800000e+002
  1.4747080e+003  7.8400000e+002
  1.4754760e+003  7.6800000e+002
  1.4762600e+003  7.8400000e+002
  1.4770400e+003  7.8000000e+002
  1.4778080e+003  7.6800000e+002
  1.4785920e+003  7.8400000e+002
  1.4793720e+003  7.8000000e+002
  1.4801360e+003  7.6400000e+002
  1.4809200e+003  7.8400000e+002
  1.4816960e+003  7.7600000e+002
  1.4824680e+003  7.7200000e+002
  1.4832480e+003  7.8000000e+002
  1.4840200e+003  7.7200000e+002
  1.4847920e+003  7.7200000e+002
  1.4855720e+003  7.8000000e+002
  1.4863480e+003  7.7600000e+002
  1.4871280e+003  7.8000000e+002
  1.4879080e+003  7.8000000e+002
  1.4886840e+003  7.7600000e+002
  1.4894640e+003  7.8000000e+002
  1.4902480e+003  7.8400000e+002
  1.4910200e+003  7.7200000e+002
  1.4918080e+003  7.8800000e+002
  1.4925960e+003  7.8800000e+002
  1.4933720e+003  7.7600000e+002
  1.4941600e+003  7.8800000e+002
  1.4949400e+003  7.8000000e+002
  1.4957240e+003  7.8400000e+002
  1.4965080e+003  7.8400000e+002
  1.4972840e+003  7.7600000e+002
  1.4980760e+003  7.9200000e+002
  1.4988640e+003  7.8800000e+002
  1.4996400e+003  7.7600000e+002
  1.5004360e+003  7.9600000e+002
  1.5012240e+003  7.8800000e+002
  1.5020000e+003  7.7600000e+002
  1.5027920e+003  7.9200000e+002
  1.5035760e+003  7.8400000e+002
  1.5043480e+003  7.7200000e+002
  1.5051320e+003  7.8400000e+002
  1.5059080e+003  7.7600000e+002
  1.5066880e+003  7.8000000e+002
  1.5074760e+003  7.8800000e+002
  1.5082600e+003  7.8400000e+002
  1.5090520e+003  7.9200000e+002
  1.5098400e+003  7.8800000e+002
  1.5106200e+003  7.8000000e+002
  1.5114120e+003  7.9200000e+002
  1.5122000e+003  7.8800000e+002
  1.5129800e+003  7.8000000e+002
  1.5137680e+003  7.8800000e+002
  1.5145520e+003  7.8400000e+002
  1.5153200e+003  7.6800000e+002
  1.5161000e+003  7.8000000e+002
  1.5168680e+003  7.6800000e+002
  1.5176560e+003  7.8800000e+002
  1.5184400e+003  7.8400000e+002
  1.5192200e+003  7.8000000e+002
  1.5199920e+003  7.7200000e+002
  1.5207760e+003  7.8400000e+002
  1.5215600e+003  7.8400000e+002
  1.5223400e+003  7.8000000e+002
  1.5231360e+003  7.9600000e+002
  1.5239280e+003  7.9200000e+002
  1.5247080e+003  7.8000000e+002
  1.5255040e+003  7.9600000e+002
  1.5263000e+003  7.9600000e+002
  1.5270880e+003  7.8800000e+002
  1.5278920e+003  8.0400000e+002
  1.5286920e+003  8.0000000e+002
  1.5294840e+003  7.9200000e+002
  1.5302920e+003  8.0800000e+002
  1.5310880e+003  7.9600000e+002
  1.5318880e+003  8.0000000e+002
  1.5326880e+003  8.0000000e+002
  1.5334800e+003  7.9200000e+002
  1.5342800e+003  8.0000000e+002
  1.5350720e+003  7.9200000e+002
  1.5358560e+003  7.8400000e+002
  1.5366560e+003  8.0000000e+002
  1.5374560e+003  8.0000000e+002
  1.5382360e+003  7.8000000e+002
  1.5390280e+003  7.9200000e+002
  1.5398200e+003  7.9200000e+002
  1.5405960e+003  7.7600000e+002
  1.5413880e+003  7.9200000e+002
  1.5421720e+003  7.8400000e+002
  1.5429520e+003  7.8000000e+002
  1.5437320e+003  7.8000000e+002
  1.5445080e+003  7.7600000e+002
  1.5452960e+003  7.8800000e+002
  1.5460760e+003  7.8000000e+002
  1.5468440e+003  7.6800000e+002
  1.5476240e+003  7.8000000e+002
  1.5483960e+003  7.7200000e+002
  1.5491680e+003  7.7200000e+002
  1.5499400e+003  7.7200000e+002
  1.5507080e+003  7.6800000e+002
  1.5514840e+003  7.7600000e+002
  1.5522480e+003  7.6400000e+002
  1.5530160e+003  7.6800000e+002
  1.5537920e+003  7.7600000e+002
  1.5545560e+003  7.6400000e+002
  1.5553320e+003  7.7600000e+002
  1.5561080e+003  7.7600000e+002
  1.5568720e+003  7.6400000e+002
  1.5576520e+003  7.8000000e+002
  1.5584240e+003  7.7200000e+002
  1.5591960e+003  7.7200000e+002
  1.5599760e+003  7.8000000e+002
  1.5607560e+003  7.8000000e+002
  1.5615280e+003  7.7200000e+002
  1.5623120e+003  7.8400000e+002
  1.5630920e+003  7.8000000e+002
  1.5638640e+003  7.7200000e+002
  1.5646480e+003  7.8400000e+002
  1.5654280e+003  7.8000000e+002
  1.5662120e+003  7.8400000e+002
  1.5669920e+003  7.8000000e+002
  1.5677640e+003  7.7200000e+002
  1.5685560e+003  7.9200000e+002
  1.5693360e+003  7.8000000e+002
  1.5701120e+003  7.7600000e+002
  1.5709040e+003  7.9200000e+002
  1.5716880e+003  7.8400000e+002
  1.5724720e+003  7.8400000e+002
  1.5732640e+003  7.9200000e+002
  1.5740520e+003  7.8800000e+002
  1.5748400e+003  7.8800000e+002
  1.5756320e+003  7.9200000e+002
  1.5764120e+003  7.8000000e+002
  1.5772080e+003  7.9600000e+002
  1.5779960e+003  7.8800000e+002
  1.5787760e+003  7.8000000e+002
  1.5795640e+003  7.8800000e+002
  1.5803440e+003  7.8000000e+002
  1.5811320e+003  7.8800000e+002
  1.5819160e+003  7.8400000e+002
  1.5826960e+003  7.8000000e+002
  1.5834840e+003  7.8800000e+002
  1.5842680e+003  7.8400000e+002
  1.5850440e+003  7.7600000e+002
  1.5858280e+003  7.8400000e+002
  1.5866080e+003  7.8000000e+002
  1.5873920e+003  7.8400000e+002
  1.5881720e+003  7.8000000e+002
  1.5889520e+003  7.8000000e+002
  1.5897480e+003  7.9600000e+002
  1.5905360e+003  7.8800000e+002
  1.5913200e+003  7.8400000e+002
  1.5921120e+003  7.9200000e+002
  1.5929000e+003  7.8800000e+002
  1.5936880e+003  7.8800000e+002
  1.5944800e+003  7.9200000e+002
  1.5952640e+003  7.8400000e+002
  1.5960640e+003  8.0000000e+002
  1.5968520e+003  7.8800000e+002
  1.5976280e+003  7.7600000e+002
  1.5984200e+003  7.9200000e+002
  1.5992040e+003  7.8400000e+002
  1.5999760e+003  7.7200000e+002
  1.6007680e+003  7.9200000e+002
  1.6015560e+003  7.8800000e+002
  1.6023320e+003  7.7600000e+002
  1.6031240e+003  7.9200000e+002
  1.6039120e+003  7.8800000e+002
  1.6046920e+003  7.8000000e+002
  1.6054840e+003  7.9200000e+002
  1.6062680e+003  7.8400000e+002
  1.6070520e+003  7.8400000e+002
  1.6078400e+003  7.8800000e+002
  1.6086240e+003  7.8400000e+002
  1.6094160e+003  7.9200000e+002
  1.6102000e+003  7.8400000e+002
  1.6109760e+003  7.7600000e+002
  1.6117720e+003  7.9600000e+002
  1.6125600e+003  7.8800000e+002
  1.6133400e+003  7.8000000e+002
  1.6141280e+003  7.8800000e+002
  1.6149120e+003  7.8400000e+002
  1.6157000e+003  7.8800000e+002
  1.6164920e+003  7.9200000e+002
  1.6172720e+003  7.8000000e+002
  1.6180680e+003  7.9600000e+002
  1.6188560e+003  7.8800000e+002
  1.6196360e+003  7.8000000e+002
  1.6204320e+003  7.9600000e+002
  1.6212240e+003  7.9200000e+002
  1.6220120e+003  7.8800000e+002
  1.6228040e+003  7.9200000e+002
  1.6235920e+003  7.8800000e+002
  1.6243800e+003  7.8800000e+002
  1.6251720e+003  7.9200000e+002
  1.6259560e+003  7.8400000e+002
  1.6267520e+003  7.9600000e+002
  1.6275440e+003  7.9200000e+002
  1.6283280e+003  7.8400000e+002
  1.6291280e+003  8.0000000e+002
  1.6299160e+003  7.8800000e+002
  1.6307040e+003  7.8800000e+002
  1.6315000e+003  7.9600000e+002
  1.6322880e+003  7.8800000e+002
  1.6330840e+003  7.9600000e+002
  1.6338760e+003  7.9200000e+002
  1.6346560e+003  7.8000000e+002
  1.6354480e+003  7.9200000e+002
  1.6362360e+003  7.8800000e+002
  1.6370240e+003  7.8800000e+002
  1.6378080e+003  7.8400000e+002
  1.6385920e+003  7.8400000e+002
  1.6393800e+003  7.8800000e+002
  1.6401680e+003  7.8800000e+002
  1.6409480e+003  7.8000000e+002
  1.6417480e+003  8.0000000e+002
  1.6425400e+003  7.9200000e+002
  1.6433320e+003  7.9200000e+002
  1.6441200e+003  7.8800000e+002
  1.6449040e+003  7.8400000e+002
  1.6457040e+003  8.0000000e+002
  1.6464920e+003  7.8800000e+002
  1.6472760e+003  7.8400000e+002
  1.6480720e+003  7.9600000e+002
  1.6488560e+003  7.8400000e+002
  1.6496520e+003  7.9600000e+002
  1.6504480e+003  7.9600000e+002
  1.6512320e+003  7.8400000e+002
  1.6520280e+003  7.9600000e+002
  1.6528240e+003  7.9600000e+002
  1.6536120e+003  7.8800000e+002
  1.6544080e+003  7.9600000e+002
  1.6552040e+003  7.9600000e+002
  1.6560000e+003  7.9600000e+002
  1.6567960e+003  7.9600000e+002
  1.6575880e+003  7.9200000e+002
  1.6583920e+003  8.0400000e+002
  1.6591800e+003  7.8800000e+002
  1.6599800e+003  8.0000000e+002
  1.6607760e+003  7.9600000e+002
  1.6615600e+003  7.8400000e+002
  1.6623640e+003  8.0400000e+002
  1.6631560e+003  7.9200000e+002
  1.6639400e+003  7.8400000e+002
  1.6647360e+003  7.9600000e+002
  1.6655280e+003  7.9200000e+002
  1.6663120e+003  7.8400000e+002
  1.6671000e+003  7.8800000e+002
  1.6678840e+003  7.8400000e+002
  1.6686680e+003  7.8400000e+002
  1.6694560e+003  7.8800000e+002
  1.6702320e+003  7.7600000e+002
  1.6710240e+003  7.9200000e+002
  1.6718120e+003  7.8800000e+002
  1.6725920e+003  7.8000000e+002
  1.6733840e+003  7.9200000e+002
  1.6741640e+003  7.8000000e+002
  1.6749480e+003  7.8400000e+002
  1.6757280e+003  7.8000000e+002
  1.6765040e+003  7.7600000e+002
  1.6772920e+003  7.8800000e+002
  1.6780760e+003  7.8400000e+002
  1.6788480e+003  7.7200000e+002
  1.6796360e+003  7.8800000e+002
  1.6804200e+003  7.8400000e+002
  1.6811960e+003  7.7600000e+002
  1.6819840e+003  7.8800000e+002
  1.6827720e+003  7.8800000e+002
  1.6835480e+003  7.7600000e+002
  1.6843360e+003  7.8800000e+002
  1.6851200e+003  7.8400000e+002
  1.6859000e+003  7.8000000e+002
  1.6866880e+003  7.8800000e+002
  1.6874680e+003  7.8000000e+002
  1.6882520e+003  7.8400000e+002
  1.6890400e+003  7.8800000e+002
  1.6898200e+003  7.8000000e+002
  1.6906120e+003  7.9200000e+002
  1.6913960e+003  7.8400000e+002
  1.6921720e+003  7.7600000e+002
  1.6929640e+003  7.9200000e+002
  1.6937480e+003  7.8400000e+002
  1.6945280e+003  7.8000000e+002
  1.6953200e+003  7.9200000e+002
  1.6961080e+003  7.8800000e+002
  1.6968880e+003  7.8000000e+002
  1.6976800e+003  7.9200000e+002
  1.6984680e+003  7.8800000e+002
  1.6992440e+003  7.7600000e+002
  1.7000360e+003  7.9200000e+002
  1.7008200e+003  7.8400000e+002
  1.7016000e+003  7.8000000e+002
  1.7023840e+003  7.8400000e+002
  1.7031680e+003  7.8400000e+002
  1.7039480e+003  7.8000000e+002
  1.7047360e+003  7.8800000e+002
  1.7055160e+003  7.8000000e+002
  1.7063040e+003  7.8800000e+002
  1.7070880e+003  7.8400000e+002
  1.7078680e+003  7.8000000e+002
  1.7086640e+003  7.9600000e+002
  1.7094480e+003  7.8400000e+002
  1.7102280e+003  7.8000000e+002
  1.7110200e+003  7.9200000e+002
  1.7118080e+003  7.8800000e+002
  1.7125920e+003  7.8400000e+002
  1.7133800e+003  7.8800000e+002
  1.7141600e+003  7.8000000e+002
  1.7149520e+003  7.9200000e+002
  1.7157400e+003  7.8800000e+002
  1.7165120e+003  7.7200000e+002
  1.7173040e+003  7.9200000e+002
  1.7180840e+003  7.8000000e+002
  1.7188680e+003  7.8400000e+002
  1.7196480e+003  7.8000000e+002
  1.7204240e+003  7.7600000e+002
  1.7211960e+003  7.7200000e+002
  1.7219760e+003  7.8000000e+002
  1.7227600e+003  7.8400000e+002
  1.7235440e+003  7.8400000e+002
  1.7243280e+003  7.8400000e+002
  1.7251160e+003  7.8800000e+002
  1.7259000e+003  7.8400000e+002
  1.7266840e+003  7.8400000e+002
  1.7274680e+003  7.8400000e+002
  1.7282560e+003  7.8800000e+002
  1.7290440e+003  7.8800000e+002
  1.7298320e+003  7.8800000e+002
  1.7306200e+003  7.8800000e+002
  1.7314120e+003  7.9200000e+002
  1.7322000e+003  7.8800000e+002
  1.7329840e+003  7.8400000e+002
  1.7337760e+003  7.9200000e+002
  1.7345640e+003  7.8800000e+002
  1.7353440e+003  7.8000000e+002
  1.7361400e+003  7.9600000e+002
  1.7369320e+003  7.9200000e+002
  1.7377120e+003  7.8000000e+002
  1.7385080e+003  7.9600000e+002
  1.7392960e+003  7.8800000e+002
  1.7400800e+003  7.8400000e+002
  1.7408720e+003  7.9200000e+002
  1.7416600e+003  7.8800000e+002
  1.7424400e+003  7.8000000e+002
  1.7432320e+003  7.9200000e+002
  1.7440120e+003  7.8000000e+002
  1.7448080e+003  7.9600000e+002
  1.7455920e+003  7.8400000e+002
  1.7463720e+003  7.8000000e+002
  1.7471680e+003  7.9600000e+002
  1.7479560e+003  7.8800000e+002
  1.7487360e+003  7.8000000e+002
  1.7495320e+003  7.9600000e+002
  1.7503240e+003  7.9200000e+002
  1.7511080e+003  7.8400000e+002
  1.7519080e+003  8.0000000e+002
  1.7527000e+003  7.9200000e+002
  1.7534920e+003  7.9200000e+002
  1.7542880e+003  7.9600000e+002
  1.7550800e+003  7.9200000e+002
  1.7558800e+003  8.0000000e+002
  1.7566760e+003  7.9600000e+002
  1.7574640e+003  7.8800000e+002
  1.7582600e+003  7.9600000e+002
  1.7590520e+003  7.9200000e+002
  1.7598400e+003  7.8800000e+002
  1.7606360e+003  7.9600000e+002
  1.7614200e+003  7.8400000e+002
  1.7622200e+003  8.0000000e+002
  1.7630120e+003  7.9200000e+002
  1.7638000e+003  7.8800000e+002
  1.7645920e+003  7.9200000e+002
  1.7653840e+003  7.9200000e+002
  1.7661720e+003  7.8800000e+002
  1.7669680e+003  7.9600000e+002
  1.7677560e+003  7.8800000e+002
  1.7685400e+003  7.8400000e+002
  1.7693360e+003  7.9600000e+002
  1.7701280e+003  7.9200000e+002
  1.7709080e+003  7.8000000e+002
  1.7717040e+003  7.9600000e+002
  1.7724920e+003  7.8800000e+002
  1.7732800e+003  7.8800000e+002
  1.7740680e+003  7.8800000e+002
  1.7748480e+003  7.8000000e+002
  1.7756440e+003  7.9600000e+002
  1.7764320e+003  7.8800000e+002
  1.7772160e+003  7.8400000e+002
  1.7780160e+003  8.0000000e+002
  1.7788040e+003  7.8800000e+002
  1.7795880e+003  7.8400000e+002
  1.7803840e+003  7.9600000e+002
  1.7811760e+003  7.9200000e+002
  1.7819520e+003  7.7600000e+002
  1.7827400e+003  7.8800000e+002
  1.7835200e+003  7.8000000e+002
  1.7842880e+003  7.6800000e+002
  1.7850800e+003  7.9200000e+002
  1.7858640e+003  7.8400000e+002
  1.7866440e+003  7.8000000e+002
  1.7874360e+003  7.9200000e+002
  1.7882200e+003  7.8400000e+002
  1.7890000e+003  7.8000000e+002
  1.7897880e+003  7.8800000e+002
  1.7905760e+003  7.8800000e+002
  1.7913600e+003  7.8400000e+002
  1.7921480e+003  7.8800000e+002
  1.7929280e+003  7.8000000e+002
  1.7937120e+003  7.8400000e+002
  1.7945000e+003  7.8800000e+002
  1.7952840e+003  7.8400000e+002
  1.7960760e+003  7.9200000e+002
  1.7968640e+003  7.8800000e+002
  1.7976440e+003  7.8000000e+002
