  9.6000000e-001  5.9200000e+002
  1.5520000e+000  5.9200000e+002
  2.1440000e+000  5.9200000e+002
  2.7360000e+000  5.9200000e+002
  3.3280000e+000  5.9200000e+002
  3.9200000e+000  5.9200000e+002
  4.5120000e+000  5.9200000e+002
  5.1040000e+000  5.9200000e+002
  5.7000000e+000  5.9600000e+002
  6.2920000e+000  5.9200000e+002
  6.8800000e+000  5.8800000e+002
  7.4680000e+000  5.8800000e+002
  8.0640000e+000  5.9600000e+002
  8.6560000e+000  5.9200000e+002
  9.2440000e+000  5.8800000e+002
  9.8320000e+000  5.8800000e+002
  1.0424000e+001  5.9200000e+002
  1.1012000e+001  5.8800000e+002
  1.1608000e+001  5.9600000e+002
  1.2204000e+001  5.9600000e+002
  1.2800000e+001  5.9600000e+002
  1.3392000e+001  5.9200000e+002
  1.3984000e+001  5.9200000e+002
  1.4580000e+001  5.9600000e+002
  1.5176000e+001  5.9600000e+002
  1.5776000e+001  6.0000000e+002
  1.6376000e+001  6.0000000e+002
  1.6976000e+001  6.0000000e+002
  1.7576000e+001  6.0000000e+002
  1.8176000e+001  6.0000000e+002
  1.8780000e+001  6.0400000e+002
  1.9380000e+001  6.0000000e+002
  1.9984000e+001  6.0400000e+002
  2.0580000e+001  5.9600000e+002
  2.1176000e+001  5.9600000e+002
  2.1768000e+001  5.9200000e+002
  2.2364000e+001  5.9600000e+002
  2.2960000e+001  5.9600000e+002
  2.3556000e+001  5.9600000e+002
  2.4148000e+001  5.9200000e+002
  2.4740000e+001  5.9200000e+002
  2.5332000e+001  5.9200000e+002
  2.5928000e+001  5.9600000e+002
  2.6524000e+001  5.9600000e+002
  2.7116000e+001  5.9200000e+002
  2.7708000e+001  5.9200000e+002
  2.8300000e+001  5.9200000e+002
  2.8892000e+001  5.9200000e+002
  2.9488000e+001  5.9600000e+002
  3.0080000e+001  5.9200000e+002
  3.0668000e+001  5.8800000e+002
  3.1256000e+001  5.8800000e+002
  3.1848000e+001  5.9200000e+002
  3.2436000e+001  5.8800000e+002
  3.3028000e+001  5.9200000e+002
  3.3620000e+001  5.9200000e+002
  3.4208000e+001  5.8800000e+002
  3.4800000e+001  5.9200000e+002
  3.5396000e+001  5.9600000e+002
  3.5988000e+001  5.9200000e+002
  3.6584000e+001  5.9600000e+002
  3.7172000e+001  5.8800000e+002
  3.7764000e+001  5.9200000e+002
  3.8356000e+001  5.9200000e+002
  3.8948000e+001  5.9200000e+002
  3.9544000e+001  5.9600000e+002
  4.0024000e+001  4.8000000e+002
  4.0716000e+001  6.9200000e+002
  4.1312000e+001  5.9600000e+002
  4.1900000e+001  5.8800000e+002
  4.2492000e+001  5.9200000e+002
  4.3084000e+001  5.9200000e+002
  4.3672000e+001  5.8800000e+002
  4.4256000e+001  5.8400000e+002
  4.4848000e+001  5.9200000e+002
  4.5440000e+001  5.9200000e+002
  4.6032000e+001  5.9200000e+002
  4.6624000e+001  5.9200000e+002
  4.7212000e+001  5.8800000e+002
  4.7800000e+001  5.8800000e+002
  4.8392000e+001  5.9200000e+002
  4.8984000e+001  5.9200000e+002
  4.9576000e+001  5.9200000e+002
  5.0164000e+001  5.8800000e+002
  5.0756000e+001  5.9200000e+002
  5.1348000e+001  5.9200000e+002
  5.1944000e+001  5.9600000e+002
  5.2548000e+001  6.0400000e+002
  5.3148000e+001  6.0000000e+002
  5.3752000e+001  6.0400000e+002
  5.4348000e+001  5.9600000e+002
  5.4944000e+001  5.9600000e+002
  5.5544000e+001  6.0000000e+002
  5.5976000e+001  4.3200000e+002
  5.6724000e+001  7.4800000e+002
  5.7336000e+001  6.1200000e+002
  5.7940000e+001  6.0400000e+002
  5.8536000e+001  5.9600000e+002
  5.9132000e+001  5.9600000e+002
  5.9732000e+001  6.0000000e+002
  6.0328000e+001  5.9600000e+002
  6.0920000e+001  5.9200000e+002
  6.1512000e+001  5.9200000e+002
  6.2104000e+001  5.9200000e+002
  6.2696000e+001  5.9200000e+002
  6.3288000e+001  5.9200000e+002
  6.3884000e+001  5.9600000e+002
  6.4476000e+001  5.9200000e+002
  6.5064000e+001  5.8800000e+002
  6.5656000e+001  5.9200000e+002
  6.6248000e+001  5.9200000e+002
  6.6840000e+001  5.9200000e+002
  6.7432000e+001  5.9200000e+002
  6.8020000e+001  5.8800000e+002
  6.8612000e+001  5.9200000e+002
  6.9204000e+001  5.9200000e+002
  6.9796000e+001  5.9200000e+002
  7.0388000e+001  5.9200000e+002
  7.0980000e+001  5.9200000e+002
  7.1568000e+001  5.8800000e+002
  7.2160000e+001  5.9200000e+002
  7.2752000e+001  5.9200000e+002
  7.3348000e+001  5.9600000e+002
  7.3944000e+001  5.9600000e+002
  7.4532000e+001  5.8800000e+002
  7.5124000e+001  5.9200000e+002
  7.5720000e+001  5.9600000e+002
  7.6200000e+001  4.8000000e+002
  7.6896000e+001  6.9600000e+002
  7.7500000e+001  6.0400000e+002
  7.8092000e+001  5.9200000e+002
  7.8688000e+001  5.9600000e+002
  7.9284000e+001  5.9600000e+002
  7.9880000e+001  5.9600000e+002
  8.0476000e+001  5.9600000e+002
  8.1068000e+001  5.9200000e+002
  8.1660000e+001  5.9200000e+002
  8.2252000e+001  5.9200000e+002
  8.2636000e+001  3.8400000e+002
  8.3364000e+001  7.2800000e+002
  8.3984000e+001  6.2000000e+002
  8.4584000e+001  6.0000000e+002
  8.5184000e+001  6.0000000e+002
  8.5780000e+001  5.9600000e+002
  8.6376000e+001  5.9600000e+002
  8.6980000e+001  6.0400000e+002
  8.7584000e+001  6.0400000e+002
  8.8184000e+001  6.0000000e+002
  8.8784000e+001  6.0000000e+002
  8.9380000e+001  5.9600000e+002
  8.9984000e+001  6.0400000e+002
  9.0586667e+001  6.0266667e+002
  9.1189333e+001  6.0266667e+002
  9.1792000e+001  6.0266667e+002
  9.2388000e+001  5.9600000e+002
  9.2984000e+001  5.9600000e+002
  9.3584000e+001  6.0000000e+002
  9.4188000e+001  6.0400000e+002
  9.4792000e+001  6.0400000e+002
  9.5396000e+001  6.0400000e+002
  9.6008000e+001  6.1200000e+002
  9.6612000e+001  6.0400000e+002
  9.7216000e+001  6.0400000e+002
  9.7824000e+001  6.0800000e+002
  9.8432000e+001  6.0800000e+002
  9.9044000e+001  6.1200000e+002
  9.9652000e+001  6.0800000e+002
  1.0025200e+002  6.0000000e+002
  1.0086000e+002  6.0800000e+002
  1.0146000e+002  6.0000000e+002
  1.0206800e+002  6.0800000e+002
  1.0267200e+002  6.0400000e+002
  1.0327600e+002  6.0400000e+002
  1.0388000e+002  6.0400000e+002
  1.0447600e+002  5.9600000e+002
  1.0508000e+002  6.0400000e+002
  1.0568400e+002  6.0400000e+002
  1.0628800e+002  6.0400000e+002
  1.0689200e+002  6.0400000e+002
  1.0749600e+002  6.0400000e+002
  1.0810000e+002  6.0400000e+002
  1.0870000e+002  6.0000000e+002
  1.0930400e+002  6.0400000e+002
  1.0991200e+002  6.0800000e+002
  1.1052800e+002  6.1600000e+002
  1.1113600e+002  6.0800000e+002
  1.1174400e+002  6.0800000e+002
  1.1235600e+002  6.1200000e+002
  1.1296800e+002  6.1200000e+002
  1.1358000e+002  6.1200000e+002
  1.1418800e+002  6.0800000e+002
  1.1479200e+002  6.0400000e+002
  1.1540000e+002  6.0800000e+002
  1.1600800e+002  6.0800000e+002
  1.1661200e+002  6.0400000e+002
  1.1722000e+002  6.0800000e+002
  1.1782400e+002  6.0400000e+002
  1.1842800e+002  6.0400000e+002
  1.1903200e+002  6.0400000e+002
  1.1942000e+002  3.8800000e+002
  1.2016400e+002  7.4400000e+002
  1.2080400e+002  6.4000000e+002
  1.2142800e+002  6.2400000e+002
  1.2204400e+002  6.1600000e+002
  1.2266000e+002  6.1600000e+002
  1.2326800e+002  6.0800000e+002
  1.2388000e+002  6.1200000e+002
  1.2449200e+002  6.1200000e+002
  1.2510800e+002  6.1600000e+002
  1.2572800e+002  6.2000000e+002
  1.2634200e+002  6.1400000e+002
  1.2695600e+002  6.1400000e+002
  1.2756800e+002  6.1200000e+002
  1.2818000e+002  6.1200000e+002
  1.2879600e+002  6.1600000e+002
  1.2940800e+002  6.1200000e+002
  1.3001400e+002  6.0600000e+002
  1.3062000e+002  6.0600000e+002
  1.3122800e+002  6.0800000e+002
  1.3184000e+002  6.1200000e+002
  1.3244800e+002  6.0800000e+002
  1.3302400e+002  5.7600000e+002
  1.3364600e+002  6.2200000e+002
  1.3426800e+002  6.2200000e+002
  1.3487600e+002  6.0800000e+002
  1.3548800e+002  6.1200000e+002
  1.3609600e+002  6.0800000e+002
  1.3670400e+002  6.0800000e+002
  1.3731200e+002  6.0800000e+002
  1.3792000e+002  6.0800000e+002
  1.3852400e+002  6.0400000e+002
  1.3912800e+002  6.0400000e+002
  1.3973200e+002  6.0400000e+002
  1.4033600e+002  6.0400000e+002
  1.4093600e+002  6.0000000e+002
  1.4153600e+002  6.0000000e+002
  1.4213600e+002  6.0000000e+002
  1.4274000e+002  6.0400000e+002
  1.4334000e+002  6.0000000e+002
  1.4394000e+002  6.0000000e+002
  1.4453600e+002  5.9600000e+002
  1.4513600e+002  6.0000000e+002
  1.4574000e+002  6.0400000e+002
  1.4634000e+002  6.0000000e+002
  1.4694000e+002  6.0000000e+002
  1.4753600e+002  5.9600000e+002
  1.4813600e+002  6.0000000e+002
  1.4873200e+002  5.9600000e+002
  1.4933200e+002  6.0000000e+002
  1.4992800e+002  5.9600000e+002
  1.5052400e+002  5.9600000e+002
  1.5111600e+002  5.9200000e+002
  1.5164400e+002  5.2800000e+002
  1.5230400e+002  6.6000000e+002
  1.5290800e+002  6.0400000e+002
  1.5350800e+002  6.0000000e+002
  1.5410800e+002  6.0000000e+002
  1.5470800e+002  6.0000000e+002
  1.5530800e+002  6.0000000e+002
  1.5590800e+002  6.0000000e+002
  1.5650800e+002  6.0000000e+002
  1.5710800e+002  6.0000000e+002
  1.5770800e+002  6.0000000e+002
  1.5830400e+002  5.9600000e+002
  1.5890000e+002  5.9600000e+002
  1.5949600e+002  5.9600000e+002
  1.6010000e+002  6.0400000e+002
  1.6070000e+002  6.0000000e+002
  1.6130000e+002  6.0000000e+002
  1.6189600e+002  5.9600000e+002
  1.6249600e+002  6.0000000e+002
  1.6309200e+002  5.9600000e+002
  1.6368800e+002  5.9600000e+002
  1.6428800e+002  6.0000000e+002
  1.6488000e+002  5.9200000e+002
  1.6547400e+002  5.9400000e+002
  1.6606800e+002  5.9400000e+002
  1.6666000e+002  5.9200000e+002
  1.6725400e+002  5.9400000e+002
  1.6784800e+002  5.9400000e+002
  1.6844000e+002  5.9200000e+002
  1.6902800e+002  5.8800000e+002
  1.6962000e+002  5.9200000e+002
  1.7021200e+002  5.9200000e+002
  1.7080800e+002  5.9600000e+002
  1.7140800e+002  6.0000000e+002
  1.7200000e+002  5.9200000e+002
  1.7259600e+002  5.9600000e+002
  1.7319200e+002  5.9600000e+002
  1.7378800e+002  5.9600000e+002
  1.7438800e+002  6.0000000e+002
  1.7498800e+002  6.0000000e+002
  1.7558800e+002  6.0000000e+002
  1.7618800e+002  6.0000000e+002
  1.7678400e+002  5.9600000e+002
  1.7738000e+002  5.9600000e+002
  1.7798000e+002  6.0000000e+002
  1.7858400e+002  6.0400000e+002
  1.7918400e+002  6.0000000e+002
  1.7978400e+002  6.0000000e+002
  1.8038800e+002  6.0400000e+002
  1.8098400e+002  5.9600000e+002
  1.8158000e+002  5.9600000e+002
  1.8218400e+002  6.0400000e+002
  1.8278400e+002  6.0000000e+002
  1.8338400e+002  6.0000000e+002
  1.8397600e+002  5.9200000e+002
  1.8457200e+002  5.9600000e+002
  1.8516800e+002  5.9600000e+002
  1.8576800e+002  6.0000000e+002
  1.8636400e+002  5.9600000e+002
  1.8696400e+002  6.0000000e+002
  1.8755600e+002  5.9200000e+002
  1.8815200e+002  5.9600000e+002
  1.8875200e+002  6.0000000e+002
  1.8934800e+002  5.9600000e+002
  1.8994800e+002  6.0000000e+002
  1.9054000e+002  5.9200000e+002
  1.9113600e+002  5.9600000e+002
  1.9173600e+002  6.0000000e+002
  1.9233200e+002  5.9600000e+002
  1.9293200e+002  6.0000000e+002
  1.9352800e+002  5.9600000e+002
  1.9412400e+002  5.9600000e+002
  1.9472000e+002  5.9600000e+002
  1.9531600e+002  5.9600000e+002
  1.9591200e+002  5.9600000e+002
  1.9650400e+002  5.9200000e+002
  1.9709600e+002  5.9200000e+002
  1.9768800e+002  5.9200000e+002
  1.9828400e+002  5.9600000e+002
  1.9887600e+002  5.9200000e+002
  1.9946800e+002  5.9200000e+002
  2.0005200e+002  5.8400000e+002
  2.0064000e+002  5.8800000e+002
  2.0122400e+002  5.8400000e+002
  2.0181200e+002  5.8800000e+002
  2.0240000e+002  5.8800000e+002
  2.0298400e+002  5.8400000e+002
  2.0356400e+002  5.8000000e+002
  2.0414800e+002  5.8400000e+002
  2.0473200e+002  5.8400000e+002
  2.0531200e+002  5.8000000e+002
  2.0589600e+002  5.8400000e+002
  2.0647600e+002  5.8000000e+002
  2.0705600e+002  5.8000000e+002
  2.0763200e+002  5.7600000e+002
  2.0804000e+002  4.0800000e+002
  2.0874800e+002  7.0800000e+002
  2.0936000e+002  6.1200000e+002
  2.0995600e+002  5.9600000e+002
  2.1054400e+002  5.8800000e+002
  2.1113200e+002  5.8800000e+002
  2.1172000e+002  5.8800000e+002
  2.1231200e+002  5.9200000e+002
  2.1290400e+002  5.9200000e+002
  2.1349600e+002  5.9200000e+002
  2.1408800e+002  5.9200000e+002
  2.1453600e+002  4.4800000e+002
  2.1526000e+002  7.2400000e+002
  2.1586000e+002  6.0000000e+002
  2.1645200e+002  5.9200000e+002
  2.1704400e+002  5.9200000e+002
  2.1763200e+002  5.8800000e+002
  2.1822000e+002  5.8800000e+002
  2.1867600e+002  4.5600000e+002
  2.1939200e+002  7.1600000e+002
  2.1999200e+002  6.0000000e+002
  2.2058400e+002  5.9200000e+002
  2.2117200e+002  5.8800000e+002
  2.2176000e+002  5.8800000e+002
  2.2234800e+002  5.8800000e+002
  2.2294000e+002  5.9200000e+002
  2.2340000e+002  4.6000000e+002
  2.2411200e+002  7.1200000e+002
  2.2457200e+002  4.6000000e+002
  2.2527600e+002  7.0400000e+002
  2.2576000e+002  4.8400000e+002
  2.2643200e+002  6.7200000e+002
  2.2702000e+002  5.8800000e+002
  2.2760800e+002  5.8800000e+002
  2.2819600e+002  5.8800000e+002
  2.2878400e+002  5.8800000e+002
  2.2937200e+002  5.8800000e+002
  2.2995600e+002  5.8400000e+002
  2.3054000e+002  5.8400000e+002
  2.3112400e+002  5.8400000e+002
  2.3171200e+002  5.8800000e+002
  2.3233600e+002  6.2400000e+002
  2.3300400e+002  6.6800000e+002
  2.3363200e+002  6.2800000e+002
  2.3426800e+002  6.3600000e+002
  2.3490000e+002  6.3200000e+002
  2.3552800e+002  6.2800000e+002
  2.3615200e+002  6.2400000e+002
  2.3677200e+002  6.2000000e+002
  2.3738400e+002  6.1200000e+002
  2.3799600e+002  6.1200000e+002
  2.3860400e+002  6.0800000e+002
  2.3921200e+002  6.0800000e+002
  2.3982000e+002  6.0800000e+002
  2.4042400e+002  6.0400000e+002
  2.4102400e+002  6.0000000e+002
  2.4162800e+002  6.0400000e+002
  2.4222800e+002  6.0000000e+002
  2.4267200e+002  4.4400000e+002
  2.4342800e+002  7.5600000e+002
  2.4404800e+002  6.2000000e+002
  2.4465600e+002  6.0800000e+002
  2.4525600e+002  6.0000000e+002
  2.4586000e+002  6.0400000e+002
  2.4646000e+002  6.0000000e+002
  2.4706400e+002  6.0400000e+002
  2.4766800e+002  6.0400000e+002
  2.4826800e+002  6.0000000e+002
  2.4886800e+002  6.0000000e+002
  2.4946400e+002  5.9600000e+002
  2.5006800e+002  6.0400000e+002
  2.5066800e+002  6.0000000e+002
  2.5126800e+002  6.0000000e+002
  2.5186000e+002  5.9200000e+002
  2.5245200e+002  5.9200000e+002
  2.5304400e+002  5.9200000e+002
  2.5363600e+002  5.9200000e+002
  2.5423200e+002  5.9600000e+002
  2.5482800e+002  5.9600000e+002
  2.5542000e+002  5.9200000e+002
  2.5601200e+002  5.9200000e+002
  2.5660400e+002  5.9200000e+002
  2.5719600e+002  5.9200000e+002
  2.5778400e+002  5.8800000e+002
  2.5836800e+002  5.8400000e+002
  2.5883600e+002  4.6800000e+002
  2.5954400e+002  7.0800000e+002
  2.6014400e+002  6.0000000e+002
  2.6074000e+002  5.9200000e+002
  2.6133200e+002  5.9200000e+002
  2.6192000e+002  5.8800000e+002
  2.6250800e+002  5.8800000e+002
  2.6309200e+002  5.8400000e+002
  2.6367600e+002  5.8400000e+002
  2.6426400e+002  5.8800000e+002
  2.6485200e+002  5.8800000e+002
  2.6528000e+002  4.2800000e+002
  2.6602000e+002  7.4000000e+002
  2.6662400e+002  6.0400000e+002
  2.6722400e+002  6.0000000e+002
  2.6782400e+002  6.0000000e+002
  2.6842400e+002  6.0000000e+002
  2.6902400e+002  6.0000000e+002
  2.6962400e+002  6.0000000e+002
  2.7022400e+002  6.0000000e+002
  2.7082000e+002  5.9600000e+002
  2.7142000e+002  6.0000000e+002
  2.7202000e+002  6.0000000e+002
  2.7262000e+002  6.0000000e+002
  2.7322400e+002  6.0400000e+002
  2.7382000e+002  5.9600000e+002
  2.7441600e+002  5.9600000e+002
  2.7501200e+002  5.9600000e+002
  2.7560400e+002  5.9200000e+002
  2.7620000e+002  5.9600000e+002
  2.7679600e+002  5.9600000e+002
  2.7725600e+002  4.6000000e+002
  2.7797600e+002  7.2000000e+002
  2.7857600e+002  6.0000000e+002
  2.7917200e+002  5.9600000e+002
  2.7976400e+002  5.9200000e+002
  2.8036000e+002  5.9600000e+002
  2.8095600e+002  5.9600000e+002
  2.8154800e+002  5.9200000e+002
  2.8214000e+002  5.9200000e+002
  2.8273200e+002  5.9200000e+002
  2.8332000e+002  5.8800000e+002
  2.8391600e+002  5.9600000e+002
  2.8451200e+002  5.9600000e+002
  2.8510000e+002  5.8800000e+002
  2.8569200e+002  5.9200000e+002
  2.8628000e+002  5.8800000e+002
  2.8686800e+002  5.8800000e+002
  2.8745600e+002  5.8800000e+002
  2.8804800e+002  5.9200000e+002
  2.8863600e+002  5.8800000e+002
  2.8922800e+002  5.9200000e+002
  2.8982000e+002  5.9200000e+002
  2.9041200e+002  5.9200000e+002
  2.9100000e+002  5.8800000e+002
  2.9158800e+002  5.8800000e+002
  2.9217600e+002  5.8800000e+002
  2.9275600e+002  5.8000000e+002
  2.9334400e+002  5.8800000e+002
  2.9393200e+002  5.8800000e+002
  2.9452400e+002  5.9200000e+002
  2.9511600e+002  5.9200000e+002
  2.9570400e+002  5.8800000e+002
  2.9629200e+002  5.8800000e+002
  2.9688000e+002  5.8800000e+002
  2.9747200e+002  5.9200000e+002
  2.9806400e+002  5.9200000e+002
  2.9865600e+002  5.9200000e+002
  2.9902800e+002  3.7200000e+002
  2.9942000e+002  3.9200000e+002
  3.0012000e+002  7.0000000e+002
  3.0073200e+002  6.1200000e+002
  3.0133600e+002  6.0400000e+002
  3.0193600e+002  6.0000000e+002
  3.0253600e+002  6.0000000e+002
  3.0313200e+002  5.9600000e+002
  3.0372800e+002  5.9600000e+002
  3.0432400e+002  5.9600000e+002
  3.0492400e+002  6.0000000e+002
  3.0552400e+002  6.0000000e+002
  3.0612400e+002  6.0000000e+002
  3.0672800e+002  6.0400000e+002
  3.0732400e+002  5.9600000e+002
  3.0792400e+002  6.0000000e+002
  3.0852800e+002  6.0400000e+002
  3.0913200e+002  6.0400000e+002
  3.0973600e+002  6.0400000e+002
  3.1034400e+002  6.0800000e+002
  3.1094800e+002  6.0400000e+002
  3.1154800e+002  6.0000000e+002
  3.1214800e+002  6.0000000e+002
  3.1275200e+002  6.0400000e+002
  3.1336400e+002  6.1200000e+002
  3.1398000e+002  6.1600000e+002
  3.1459600e+002  6.1600000e+002
  3.1521200e+002  6.1600000e+002
  3.1564400e+002  4.3200000e+002
  3.1641600e+002  7.7200000e+002
  3.1706800e+002  6.5200000e+002
  3.1770000e+002  6.3200000e+002
  3.1836000e+002  6.6000000e+002
  3.1898800e+002  6.2800000e+002
  3.1962000e+002  6.3200000e+002
  3.2024800e+002  6.2800000e+002
  3.2087600e+002  6.2800000e+002
  3.2150800e+002  6.3200000e+002
  3.2213200e+002  6.2400000e+002
  3.2275200e+002  6.2000000e+002
  3.2337200e+002  6.2000000e+002
  3.2398800e+002  6.1600000e+002
  3.2460400e+002  6.1600000e+002
  3.2523200e+002  6.2800000e+002
  3.2585200e+002  6.2000000e+002
  3.2646800e+002  6.1600000e+002
  3.2708000e+002  6.1200000e+002
  3.2768800e+002  6.0800000e+002
  3.2829600e+002  6.0800000e+002
  3.2890400e+002  6.0800000e+002
  3.2951200e+002  6.0800000e+002
  3.3011600e+002  6.0400000e+002
  3.3071600e+002  6.0000000e+002
  3.3132400e+002  6.0800000e+002
  3.3193200e+002  6.0800000e+002
  3.3254000e+002  6.0800000e+002
  3.3315200e+002  6.1200000e+002
  3.3376000e+002  6.0800000e+002
  3.3436800e+002  6.0800000e+002
  3.3498400e+002  6.1600000e+002
  3.3560800e+002  6.2400000e+002
  3.3624000e+002  6.3200000e+002
  3.3688000e+002  6.4000000e+002
  3.3752000e+002  6.4000000e+002
  3.3816000e+002  6.4000000e+002
  3.3880400e+002  6.4400000e+002
  3.3944000e+002  6.3600000e+002
  3.4007200e+002  6.3200000e+002
  3.4070000e+002  6.2800000e+002
  3.4132800e+002  6.2800000e+002
  3.4195600e+002  6.2800000e+002
  3.4258400e+002  6.2800000e+002
  3.4320800e+002  6.2400000e+002
  3.4383200e+002  6.2400000e+002
  3.4444800e+002  6.1600000e+002
  3.4506400e+002  6.1600000e+002
  3.4568000e+002  6.1600000e+002
  3.4629600e+002  6.1600000e+002
  3.4690800e+002  6.1200000e+002
  3.4752400e+002  6.1600000e+002
  3.4814400e+002  6.2000000e+002
  3.4876000e+002  6.1600000e+002
  3.4937600e+002  6.1600000e+002
  3.4999600e+002  6.2000000e+002
  3.5062000e+002  6.2400000e+002
  3.5124400e+002  6.2400000e+002
  3.5187200e+002  6.2800000e+002
  3.5250000e+002  6.2800000e+002
  3.5312400e+002  6.2400000e+002
  3.5374400e+002  6.2000000e+002
  3.5436400e+002  6.2000000e+002
  3.5498000e+002  6.1600000e+002
  3.5560400e+002  6.2400000e+002
  3.5622400e+002  6.2000000e+002
  3.5684000e+002  6.1600000e+002
  3.5745200e+002  6.1200000e+002
  3.5791600e+002  4.6400000e+002
  3.5867600e+002  7.6000000e+002
  3.5915600e+002  4.8000000e+002
  3.5991200e+002  7.5600000e+002
  3.6053600e+002  6.2400000e+002
  3.6114800e+002  6.1200000e+002
  3.6176000e+002  6.1200000e+002
  3.6237200e+002  6.1200000e+002
  3.6298000e+002  6.0800000e+002
  3.6359200e+002  6.1200000e+002
  3.6420000e+002  6.0800000e+002
  3.6480400e+002  6.0400000e+002
  3.6541200e+002  6.0800000e+002
  3.6602000e+002  6.0800000e+002
  3.6662800e+002  6.0800000e+002
  3.6719200e+002  5.6400000e+002
  3.6782800e+002  6.3600000e+002
  3.6843600e+002  6.0800000e+002
  3.6904400e+002  6.0800000e+002
  3.6965600e+002  6.1200000e+002
  3.7026400e+002  6.0800000e+002
  3.7086800e+002  6.0400000e+002
  3.7147200e+002  6.0400000e+002
  3.7207600e+002  6.0400000e+002
  3.7268400e+002  6.0800000e+002
  3.7329200e+002  6.0800000e+002
  3.7390000e+002  6.0800000e+002
  3.7450800e+002  6.0800000e+002
  3.7511200e+002  6.0400000e+002
  3.7571600e+002  6.0400000e+002
  3.7632000e+002  6.0400000e+002
  3.7692400e+002  6.0400000e+002
  3.7753200e+002  6.0800000e+002
  3.7813600e+002  6.0400000e+002
  3.7874000e+002  6.0400000e+002
  3.7934000e+002  6.0000000e+002
  3.7994400e+002  6.0400000e+002
  3.8054800e+002  6.0400000e+002
  3.8115200e+002  6.0400000e+002
  3.8158800e+002  4.3600000e+002
  3.8234000e+002  7.5200000e+002
  3.8296000e+002  6.2000000e+002
  3.8356800e+002  6.0800000e+002
  3.8417200e+002  6.0400000e+002
  3.8478000e+002  6.0800000e+002
  3.8538800e+002  6.0800000e+002
  3.8599200e+002  6.0400000e+002
  3.8659600e+002  6.0400000e+002
  3.8719600e+002  6.0000000e+002
  3.8780000e+002  6.0400000e+002
  3.8840000e+002  6.0000000e+002
  3.8900800e+002  6.0800000e+002
  3.8961600e+002  6.0800000e+002
  3.9022000e+002  6.0400000e+002
  3.9082000e+002  6.0000000e+002
  3.9142400e+002  6.0400000e+002
  3.9202400e+002  6.0000000e+002
  3.9263200e+002  6.0800000e+002
  3.9324000e+002  6.0800000e+002
  3.9384800e+002  6.0800000e+002
  3.9445600e+002  6.0800000e+002
  3.9506000e+002  6.0400000e+002
  3.9566400e+002  6.0400000e+002
  3.9627200e+002  6.0800000e+002
  3.9687600e+002  6.0400000e+002
  3.9748000e+002  6.0400000e+002
  3.9808000e+002  6.0000000e+002
  3.9868000e+002  6.0000000e+002
  3.9927600e+002  5.9600000e+002
  3.9987600e+002  6.0000000e+002
  4.0048000e+002  6.0400000e+002
  4.0108400e+002  6.0400000e+002
  4.0168400e+002  6.0000000e+002
  4.0228400e+002  6.0000000e+002
  4.0288400e+002  6.0000000e+002
  4.0348400e+002  6.0000000e+002
  4.0408400e+002  6.0000000e+002
  4.0468800e+002  6.0400000e+002
  4.0529200e+002  6.0400000e+002
  4.0588800e+002  5.9600000e+002
  4.0648800e+002  6.0000000e+002
  4.0708400e+002  5.9600000e+002
  4.0768400e+002  6.0000000e+002
  4.0828000e+002  5.9600000e+002
  4.0888000e+002  6.0000000e+002
  4.0947600e+002  5.9600000e+002
  4.1006800e+002  5.9200000e+002
  4.1066000e+002  5.9200000e+002
  4.1125600e+002  5.9600000e+002
  4.1185200e+002  5.9600000e+002
  4.1244800e+002  5.9600000e+002
  4.1304400e+002  5.9600000e+002
  4.1363600e+002  5.9200000e+002
  4.1422400e+002  5.8800000e+002
  4.1481600e+002  5.9200000e+002
  4.1540800e+002  5.9200000e+002
  4.1600000e+002  5.9200000e+002
  4.1659200e+002  5.9200000e+002
  4.1718800e+002  5.9600000e+002
  4.1778000e+002  5.9200000e+002
  4.1837200e+002  5.9200000e+002
  4.1896400e+002  5.9200000e+002
  4.1956000e+002  5.9600000e+002
  4.2015600e+002  5.9600000e+002
  4.2075600e+002  6.0000000e+002
  4.2135200e+002  5.9600000e+002
  4.2194800e+002  5.9600000e+002
  4.2254400e+002  5.9600000e+002
  4.2314400e+002  6.0000000e+002
  4.2374800e+002  6.0400000e+002
  4.2435200e+002  6.0400000e+002
  4.2496000e+002  6.0800000e+002
  4.2556800e+002  6.0800000e+002
  4.2617200e+002  6.0400000e+002
  4.2677600e+002  6.0400000e+002
  4.2738000e+002  6.0400000e+002
  4.2798800e+002  6.0800000e+002
  4.2860000e+002  6.1200000e+002
  4.2921200e+002  6.1200000e+002
  4.2982000e+002  6.0800000e+002
  4.3042800e+002  6.0800000e+002
  4.3103200e+002  6.0400000e+002
  4.3163600e+002  6.0400000e+002
  4.3208400e+002  4.4800000e+002
  4.3283600e+002  7.5200000e+002
  4.3346400e+002  6.2800000e+002
  4.3407200e+002  6.0800000e+002
  4.3467600e+002  6.0400000e+002
  4.3527600e+002  6.0000000e+002
  4.3587200e+002  5.9600000e+002
  4.3647200e+002  6.0000000e+002
  4.3707200e+002  6.0000000e+002
  4.3766800e+002  5.9600000e+002
  4.3826400e+002  5.9600000e+002
  4.3885600e+002  5.9200000e+002
  4.3945200e+002  5.9600000e+002
  4.4004400e+002  5.9200000e+002
  4.4064000e+002  5.9600000e+002
  4.4123200e+002  5.9200000e+002
  4.4182800e+002  5.9600000e+002
  4.4242000e+002  5.9200000e+002
  4.4301200e+002  5.9200000e+002
  4.4360000e+002  5.8800000e+002
  4.4419200e+002  5.9200000e+002
  4.4478400e+002  5.9200000e+002
  4.4537600e+002  5.9200000e+002
  4.4597200e+002  5.9600000e+002
  4.4656800e+002  5.9600000e+002
  4.4716800e+002  6.0000000e+002
  4.4776800e+002  6.0000000e+002
  4.4836800e+002  6.0000000e+002
  4.4896800e+002  6.0000000e+002
  4.4957200e+002  6.0400000e+002
  4.5018000e+002  6.0800000e+002
  4.5079200e+002  6.1200000e+002
  4.5140400e+002  6.1200000e+002
  4.5201600e+002  6.1200000e+002
  4.5262800e+002  6.1200000e+002
  4.5323600e+002  6.0800000e+002
  4.5384000e+002  6.0400000e+002
  4.5444800e+002  6.0800000e+002
  4.5505600e+002  6.0800000e+002
  4.5565600e+002  6.0000000e+002
  4.5626000e+002  6.0400000e+002
  4.5685600e+002  5.9600000e+002
  4.5745600e+002  6.0000000e+002
  4.5806000e+002  6.0400000e+002
  4.5866000e+002  6.0000000e+002
  4.5926000e+002  6.0000000e+002
  4.5985600e+002  5.9600000e+002
  4.6045200e+002  5.9600000e+002
  4.6105200e+002  6.0000000e+002
  4.6165200e+002  6.0000000e+002
  4.6225600e+002  6.0400000e+002
  4.6285200e+002  5.9600000e+002
  4.6344800e+002  5.9600000e+002
  4.6404400e+002  5.9600000e+002
  4.6463600e+002  5.9200000e+002
  4.6523200e+002  5.9600000e+002
  4.6582400e+002  5.9200000e+002
  4.6641600e+002  5.9200000e+002
  4.6700800e+002  5.9200000e+002
  4.6760000e+002  5.9200000e+002
  4.6819600e+002  5.9600000e+002
  4.6878800e+002  5.9200000e+002
  4.6928000e+002  4.9200000e+002
  4.6996400e+002  6.8400000e+002
  4.7056800e+002  6.0400000e+002
  4.7116400e+002  5.9600000e+002
  4.7176000e+002  5.9600000e+002
  4.7235200e+002  5.9200000e+002
  4.7294400e+002  5.9200000e+002
  4.7353600e+002  5.9200000e+002
  4.7412800e+002  5.9200000e+002
  4.7471600e+002  5.8800000e+002
  4.7530400e+002  5.8800000e+002
  4.7589200e+002  5.8800000e+002
  4.7648000e+002  5.8800000e+002
  4.7706800e+002  5.8800000e+002
  4.7764800e+002  5.8000000e+002
  4.7823200e+002  5.8400000e+002
  4.7881600e+002  5.8400000e+002
  4.7940000e+002  5.8400000e+002
  4.7998800e+002  5.8800000e+002
  4.8057600e+002  5.8800000e+002
  4.8116400e+002  5.8800000e+002
  4.8174800e+002  5.8400000e+002
  4.8233600e+002  5.8800000e+002
  4.8292000e+002  5.8400000e+002
  4.8351200e+002  5.9200000e+002
  4.8410800e+002  5.9600000e+002
  4.8470400e+002  5.9600000e+002
  4.8530000e+002  5.9600000e+002
  4.8589600e+002  5.9600000e+002
  4.8648800e+002  5.9200000e+002
  4.8708400e+002  5.9600000e+002
  4.8768000e+002  5.9600000e+002
  4.8828000e+002  6.0000000e+002
  4.8887600e+002  5.9600000e+002
  4.8947200e+002  5.9600000e+002
  4.9006400e+002  5.9200000e+002
  4.9066000e+002  5.9600000e+002
  4.9125200e+002  5.9200000e+002
  4.9184800e+002  5.9600000e+002
  4.9244000e+002  5.9200000e+002
  4.9303600e+002  5.9600000e+002
  4.9363200e+002  5.9600000e+002
  4.9422400e+002  5.9200000e+002
  4.9482000e+002  5.9600000e+002
  4.9541200e+002  5.9200000e+002
  4.9600400e+002  5.9200000e+002
  4.9659600e+002  5.9200000e+002
  4.9718800e+002  5.9200000e+002
  4.9777200e+002  5.8400000e+002
  4.9836000e+002  5.8800000e+002
  4.9895200e+002  5.9200000e+002
  4.9954000e+002  5.8800000e+002
  5.0012800e+002  5.8800000e+002
  5.0071600e+002  5.8800000e+002
  5.0130400e+002  5.8800000e+002
  5.0188800e+002  5.8400000e+002
  5.0247200e+002  5.8400000e+002
  5.0306000e+002  5.8800000e+002
  5.0364400e+002  5.8400000e+002
  5.0422800e+002  5.8400000e+002
  5.0481600e+002  5.8800000e+002
  5.0540000e+002  5.8400000e+002
  5.0598400e+002  5.8400000e+002
  5.0656800e+002  5.8400000e+002
  5.0714800e+002  5.8000000e+002
  5.0773200e+002  5.8400000e+002
  5.0818800e+002  4.5600000e+002
  5.0888000e+002  6.9200000e+002
  5.0947600e+002  5.9600000e+002
  5.1006800e+002  5.9200000e+002
  5.1066000e+002  5.9200000e+002
  5.1124800e+002  5.8800000e+002
  5.1183600e+002  5.8800000e+002
  5.1242800e+002  5.9200000e+002
  5.1302400e+002  5.9600000e+002
  5.1362000e+002  5.9600000e+002
  5.1422000e+002  6.0000000e+002
  5.1472000e+002  5.0000000e+002
  5.1539600e+002  6.7600000e+002
  5.1599600e+002  6.0000000e+002
  5.1659600e+002  6.0000000e+002
  5.1719600e+002  6.0000000e+002
  5.1779600e+002  6.0000000e+002
  5.1839600e+002  6.0000000e+002
  5.1898800e+002  5.9200000e+002
  5.1958400e+002  5.9600000e+002
  5.2017600e+002  5.9200000e+002
  5.2077200e+002  5.9600000e+002
  5.2136400e+002  5.9200000e+002
  5.2196000e+002  5.9600000e+002
  5.2255600e+002  5.9600000e+002
  5.2315200e+002  5.9600000e+002
  5.2374800e+002  5.9600000e+002
  5.2434400e+002  5.9600000e+002
  5.2494400e+002  6.0000000e+002
  5.2554000e+002  5.9600000e+002
  5.2614000e+002  6.0000000e+002
  5.2673600e+002  5.9600000e+002
  5.2733200e+002  5.9600000e+002
  5.2792800e+002  5.9600000e+002
  5.2852400e+002  5.9600000e+002
  5.2912000e+002  5.9600000e+002
  5.2971600e+002  5.9600000e+002
  5.3030800e+002  5.9200000e+002
  5.3090000e+002  5.9200000e+002
  5.3148800e+002  5.8800000e+002
  5.3208000e+002  5.9200000e+002
  5.3267200e+002  5.9200000e+002
  5.3326800e+002  5.9600000e+002
  5.3386000e+002  5.9200000e+002
  5.3445200e+002  5.9200000e+002
  5.3504400e+002  5.9200000e+002
  5.3563600e+002  5.9200000e+002
  5.3622800e+002  5.9200000e+002
  5.3682400e+002  5.9600000e+002
  5.3742000e+002  5.9600000e+002
  5.3801200e+002  5.9200000e+002
  5.3860000e+002  5.8800000e+002
  5.3918800e+002  5.8800000e+002
  5.3978000e+002  5.9200000e+002
  5.4016400e+002  3.8400000e+002
  5.4088800e+002  7.2400000e+002
  5.4150400e+002  6.1600000e+002
  5.4210000e+002  5.9600000e+002
  5.4269200e+002  5.9200000e+002
  5.4328400e+002  5.9200000e+002
  5.4388000e+002  5.9600000e+002
  5.4447600e+002  5.9600000e+002
  5.4507600e+002  6.0000000e+002
  5.4568000e+002  6.0400000e+002
  5.4628000e+002  6.0000000e+002
  5.4688000e+002  6.0000000e+002
  5.4748000e+002  6.0000000e+002
  5.4808000e+002  6.0000000e+002
  5.4868400e+002  6.0400000e+002
  5.4928800e+002  6.0400000e+002
  5.4971200e+002  4.2400000e+002
  5.5045600e+002  7.4400000e+002
  5.5108000e+002  6.2400000e+002
  5.5168000e+002  6.0000000e+002
  5.5211600e+002  4.3600000e+002
  5.5248800e+002  3.7200000e+002
  5.5293200e+002  4.4400000e+002
  5.5335200e+002  4.2000000e+002
  5.5406800e+002  7.1600000e+002
  5.5467600e+002  6.0800000e+002
  5.5528000e+002  6.0400000e+002
  5.5588400e+002  6.0400000e+002
  5.5648400e+002  6.0000000e+002
  5.5708800e+002  6.0400000e+002
  5.5769200e+002  6.0400000e+002
  5.5829600e+002  6.0400000e+002
  5.5889200e+002  5.9600000e+002
  5.5949600e+002  6.0400000e+002
  5.6009600e+002  6.0000000e+002
  5.6070000e+002  6.0400000e+002
  5.6130400e+002  6.0400000e+002
  5.6191200e+002  6.0800000e+002
  5.6251200e+002  6.0000000e+002
  5.6311600e+002  6.0400000e+002
  5.6372000e+002  6.0400000e+002
  5.6432400e+002  6.0400000e+002
  5.6493200e+002  6.0800000e+002
  5.6554000e+002  6.0800000e+002
  5.6614800e+002  6.0800000e+002
  5.6675200e+002  6.0400000e+002
  5.6735200e+002  6.0000000e+002
  5.6795600e+002  6.0400000e+002
  5.6856400e+002  6.0800000e+002
  5.6917200e+002  6.0800000e+002
  5.6978000e+002  6.0800000e+002
  5.7039200e+002  6.1200000e+002
  5.7099600e+002  6.0400000e+002
  5.7160000e+002  6.0400000e+002
  5.7220400e+002  6.0400000e+002
  5.7280800e+002  6.0400000e+002
  5.7342000e+002  6.1200000e+002
  5.7402800e+002  6.0800000e+002
  5.7464000e+002  6.1200000e+002
  5.7525600e+002  6.1600000e+002
  5.7587200e+002  6.1600000e+002
  5.7625200e+002  3.8000000e+002
  5.7702000e+002  7.6800000e+002
  5.7766400e+002  6.4400000e+002
  5.7828800e+002  6.2400000e+002
  5.7890800e+002  6.2000000e+002
  5.7952800e+002  6.2000000e+002
  5.8014400e+002  6.1600000e+002
  5.8076400e+002  6.2000000e+002
  5.8138000e+002  6.1600000e+002
  5.8199200e+002  6.1200000e+002
  5.8260800e+002  6.1600000e+002
  5.8322400e+002  6.1600000e+002
  5.8384400e+002  6.2000000e+002
  5.8446000e+002  6.1600000e+002
  5.8507200e+002  6.1200000e+002
  5.8568800e+002  6.1600000e+002
  5.8630000e+002  6.1200000e+002
  5.8691200e+002  6.1200000e+002
  5.8752400e+002  6.1200000e+002
  5.8814000e+002  6.1600000e+002
  5.8875200e+002  6.1200000e+002
  5.8919200e+002  4.4000000e+002
  5.8996400e+002  7.7200000e+002
  5.9059200e+002  6.2800000e+002
  5.9120400e+002  6.1200000e+002
  5.9181200e+002  6.0800000e+002
  5.9241600e+002  6.0400000e+002
  5.9301200e+002  5.9600000e+002
  5.9361200e+002  6.0000000e+002
  5.9420800e+002  5.9600000e+002
  5.9481200e+002  6.0400000e+002
  5.9524800e+002  4.3600000e+002
  5.9601600e+002  7.6800000e+002
  5.9665200e+002  6.3600000e+002
  5.9727200e+002  6.2000000e+002
  5.9789200e+002  6.2000000e+002
  5.9850800e+002  6.1600000e+002
  5.9912400e+002  6.1600000e+002
  5.9974000e+002  6.1600000e+002
  6.0035600e+002  6.1600000e+002
  6.0097200e+002  6.1600000e+002
  6.0158800e+002  6.1600000e+002
  6.0220000e+002  6.1200000e+002
  6.0281200e+002  6.1200000e+002
  6.0341600e+002  6.0400000e+002
  6.0402000e+002  6.0400000e+002
  6.0462400e+002  6.0400000e+002
  6.0523200e+002  6.0800000e+002
  6.0584000e+002  6.0800000e+002
  6.0644400e+002  6.0400000e+002
  6.0705200e+002  6.0800000e+002
  6.0765200e+002  6.0000000e+002
  6.0825200e+002  6.0000000e+002
  6.0885200e+002  6.0000000e+002
  6.0944800e+002  5.9600000e+002
  6.1004400e+002  5.9600000e+002
  6.1064000e+002  5.9600000e+002
  6.1123200e+002  5.9200000e+002
  6.1182400e+002  5.9200000e+002
  6.1241200e+002  5.8800000e+002
  6.1300000e+002  5.8800000e+002
  6.1358800e+002  5.8800000e+002
  6.1417600e+002  5.8800000e+002
  6.1476400e+002  5.8800000e+002
  6.1534800e+002  5.8400000e+002
  6.1593200e+002  5.8400000e+002
  6.1652000e+002  5.8800000e+002
  6.1710400e+002  5.8400000e+002
  6.1769600e+002  5.9200000e+002
  6.1828400e+002  5.8800000e+002
  6.1887200e+002  5.8800000e+002
  6.1946000e+002  5.8800000e+002
  6.2004800e+002  5.8800000e+002
  6.2063600e+002  5.8800000e+002
  6.2122800e+002  5.9200000e+002
  6.2171200e+002  4.8400000e+002
  6.2235200e+002  6.4000000e+002
  6.2299200e+002  6.4000000e+002
  6.2356200e+002  5.7000000e+002
  6.2413200e+002  5.7000000e+002
  6.2476000e+002  6.2800000e+002
  6.2536800e+002  6.0800000e+002
  6.2596800e+002  6.0000000e+002
  6.2657200e+002  6.0400000e+002
  6.2717200e+002  6.0000000e+002
  6.2777200e+002  6.0000000e+002
  6.2837600e+002  6.0400000e+002
  6.2897600e+002  6.0000000e+002
  6.2957200e+002  5.9600000e+002
  6.3016400e+002  5.9200000e+002
  6.3076000e+002  5.9600000e+002
  6.3135600e+002  5.9600000e+002
  6.3195600e+002  6.0000000e+002
  6.3255200e+002  5.9600000e+002
  6.3315200e+002  6.0000000e+002
  6.3374400e+002  5.9200000e+002
  6.3433600e+002  5.9200000e+002
  6.3477600e+002  4.4000000e+002
  6.3551600e+002  7.4000000e+002
  6.3612800e+002  6.1200000e+002
  6.3660400e+002  4.7600000e+002
  6.3731200e+002  7.0800000e+002
  6.3791600e+002  6.0400000e+002
  6.3851600e+002  6.0000000e+002
  6.3910400e+002  5.8800000e+002
  6.3969200e+002  5.8800000e+002
  6.4028000e+002  5.8800000e+002
  6.4086800e+002  5.8800000e+002
  6.4146000e+002  5.9200000e+002
  6.4205200e+002  5.9200000e+002
  6.4264000e+002  5.8800000e+002
  6.4322600e+002  5.8600000e+002
  6.4381200e+002  5.8600000e+002
  6.4440400e+002  5.9200000e+002
  6.4499600e+002  5.9200000e+002
  6.4559200e+002  5.9600000e+002
  6.4618800e+002  5.9600000e+002
  6.4678000e+002  5.9200000e+002
  6.4736800e+002  5.8800000e+002
  6.4780400e+002  4.3600000e+002
  6.4854400e+002  7.4000000e+002
  6.4909400e+002  5.5000000e+002
  6.4964400e+002  5.5000000e+002
  6.5033200e+002  6.8800000e+002
  6.5092600e+002  5.9400000e+002
  6.5152000e+002  5.9400000e+002
  6.5211200e+002  5.9200000e+002
  6.5270400e+002  5.9200000e+002
  6.5317600e+002  4.7200000e+002
  6.5387200e+002  6.9600000e+002
  6.5446600e+002  5.9400000e+002
  6.5506000e+002  5.9400000e+002
  6.5564800e+002  5.8800000e+002
  6.5624400e+002  5.9600000e+002
  6.5683600e+002  5.9200000e+002
  6.5742800e+002  5.9200000e+002
  6.5801200e+002  5.8400000e+002
  6.5860000e+002  5.8800000e+002
  6.5918800e+002  5.8800000e+002
  6.5978000e+002  5.9200000e+002
  6.6037200e+002  5.9200000e+002
  6.6096400e+002  5.9200000e+002
  6.6155200e+002  5.8800000e+002
  6.6214000e+002  5.8800000e+002
  6.6272800e+002  5.8800000e+002
  6.6332000e+002  5.9200000e+002
  6.6391200e+002  5.9200000e+002
  6.6450400e+002  5.9200000e+002
  6.6510000e+002  5.9600000e+002
  6.6569600e+002  5.9600000e+002
  6.6628800e+002  5.9200000e+002
  6.6688000e+002  5.9200000e+002
  6.6747200e+002  5.9200000e+002
  6.6806800e+002  5.9600000e+002
  6.6866000e+002  5.9200000e+002
  6.6925600e+002  5.9600000e+002
  6.6984800e+002  5.9200000e+002
  6.7044000e+002  5.9200000e+002
  6.7103200e+002  5.9200000e+002
  6.7162400e+002  5.9200000e+002
  6.7221200e+002  5.8800000e+002
  6.7280000e+002  5.8800000e+002
  6.7338800e+002  5.8800000e+002
  6.7397600e+002  5.8800000e+002
  6.7457200e+002  5.9600000e+002
  6.7516400e+002  5.9200000e+002
  6.7575600e+002  5.9200000e+002
  6.7634800e+002  5.9200000e+002
  6.7694000e+002  5.9200000e+002
  6.7753200e+002  5.9200000e+002
  6.7813000e+002  5.9800000e+002
  6.7872800e+002  5.9800000e+002
  6.7932800e+002  6.0000000e+002
  6.7992000e+002  5.9200000e+002
  6.8051600e+002  5.9600000e+002
  6.8110800e+002  5.9200000e+002
  6.8170400e+002  5.9600000e+002
  6.8230000e+002  5.9600000e+002
  6.8289600e+002  5.9600000e+002
  6.8348800e+002  5.9200000e+002
  6.8408000e+002  5.9200000e+002
  6.8467200e+002  5.9200000e+002
  6.8526800e+002  5.9600000e+002
  6.8586400e+002  5.9600000e+002
  6.8646000e+002  5.9600000e+002
  6.8705600e+002  5.9600000e+002
  6.8765200e+002  5.9600000e+002
  6.8824800e+002  5.9600000e+002
  6.8884400e+002  5.9600000e+002
  6.8944400e+002  6.0000000e+002
  6.9004800e+002  6.0400000e+002
  6.9064800e+002  6.0000000e+002
  6.9124800e+002  6.0000000e+002
  6.9184400e+002  5.9600000e+002
  6.9244400e+002  6.0000000e+002
  6.9304400e+002  6.0000000e+002
  6.9364400e+002  6.0000000e+002
  6.9424000e+002  5.9600000e+002
  6.9483600e+002  5.9600000e+002
  6.9543200e+002  5.9600000e+002
  6.9603200e+002  6.0000000e+002
  6.9662400e+002  5.9200000e+002
  6.9721600e+002  5.9200000e+002
  6.9781200e+002  5.9600000e+002
  6.9840800e+002  5.9600000e+002
  6.9900400e+002  5.9600000e+002
  6.9960000e+002  5.9600000e+002
  7.0019600e+002  5.9600000e+002
  7.0079600e+002  6.0000000e+002
  7.0139200e+002  5.9600000e+002
  7.0198800e+002  5.9600000e+002
  7.0258400e+002  5.9600000e+002
  7.0318800e+002  6.0400000e+002
  7.0378400e+002  5.9600000e+002
  7.0437600e+002  5.9200000e+002
  7.0497200e+002  5.9600000e+002
  7.0557200e+002  6.0000000e+002
  7.0616800e+002  5.9600000e+002
  7.0676400e+002  5.9600000e+002
  7.0735600e+002  5.9200000e+002
  7.0794800e+002  5.9200000e+002
  7.0854800e+002  6.0000000e+002
  7.0914400e+002  5.9600000e+002
  7.0974400e+002  6.0000000e+002
  7.1034000e+002  5.9600000e+002
  7.1093200e+002  5.9200000e+002
  7.1132000e+002  3.8800000e+002
  7.1206400e+002  7.4400000e+002
  7.1268400e+002  6.2000000e+002
  7.1331200e+002  6.2800000e+002
  7.1392400e+002  6.1200000e+002
  7.1452800e+002  6.0400000e+002
  7.1513200e+002  6.0400000e+002
  7.1574000e+002  6.0800000e+002
  7.1634800e+002  6.0800000e+002
  7.1695600e+002  6.0800000e+002
  7.1757200e+002  6.1600000e+002
  7.1818800e+002  6.1600000e+002
  7.1880400e+002  6.1600000e+002
  7.1942000e+002  6.1600000e+002
  7.2003600e+002  6.1600000e+002
  7.2065600e+002  6.2000000e+002
  7.2108400e+002  4.2800000e+002
  7.2188800e+002  8.0400000e+002
  7.2254000e+002  6.5200000e+002
  7.2317200e+002  6.3200000e+002
  7.2379200e+002  6.2000000e+002
  7.2441200e+002  6.2000000e+002
  7.2503200e+002  6.2000000e+002
  7.2566000e+002  6.2800000e+002
  7.2628400e+002  6.2400000e+002
  7.2690400e+002  6.2000000e+002
  7.2752000e+002  6.1600000e+002
  7.2814000e+002  6.2000000e+002
  7.2876000e+002  6.2000000e+002
  7.2937600e+002  6.1600000e+002
  7.2999200e+002  6.1600000e+002
  7.3060400e+002  6.1200000e+002
  7.3121600e+002  6.1200000e+002
  7.3172800e+002  5.1200000e+002
  7.3242800e+002  7.0000000e+002
  7.3304800e+002  6.2000000e+002
  7.3366800e+002  6.2000000e+002
  7.3428400e+002  6.1600000e+002
  7.3489600e+002  6.1200000e+002
  7.3551200e+002  6.1600000e+002
  7.3612400e+002  6.1200000e+002
  7.3673600e+002  6.1200000e+002
  7.3734800e+002  6.1200000e+002
  7.3796000e+002  6.1200000e+002
  7.3856800e+002  6.0800000e+002
  7.3917200e+002  6.0400000e+002
  7.3977600e+002  6.0400000e+002
  7.4025200e+002  4.7600000e+002
  7.4098400e+002  7.3200000e+002
  7.4158800e+002  6.0400000e+002
  7.4219200e+002  6.0400000e+002
  7.4278800e+002  5.9600000e+002
  7.4338400e+002  5.9600000e+002
  7.4398400e+002  6.0000000e+002
  7.4458000e+002  5.9600000e+002
  7.4517600e+002  5.9600000e+002
  7.4577200e+002  5.9600000e+002
  7.4636800e+002  5.9600000e+002
  7.4696000e+002  5.9200000e+002
  7.4755200e+002  5.9200000e+002
  7.4814800e+002  5.9600000e+002
  7.4871600e+002  5.6800000e+002
  7.4932400e+002  6.0800000e+002
  7.4991200e+002  5.8800000e+002
  7.5050400e+002  5.9200000e+002
  7.5096800e+002  4.6400000e+002
  7.5167200e+002  7.0400000e+002
  7.5228000e+002  6.0800000e+002
  7.5287600e+002  5.9600000e+002
  7.5346800e+002  5.9200000e+002
  7.5406000e+002  5.9200000e+002
  7.5454000e+002  4.8000000e+002
  7.5522000e+002  6.8000000e+002
  7.5582000e+002  6.0000000e+002
  7.5641200e+002  5.9200000e+002
  7.5700400e+002  5.9200000e+002
  7.5759600e+002  5.9200000e+002
  7.5818400e+002  5.8800000e+002
  7.5877600e+002  5.9200000e+002
  7.5936800e+002  5.9200000e+002
  7.5996400e+002  5.9600000e+002
  7.6056000e+002  5.9600000e+002
  7.6115600e+002  5.9600000e+002
  7.6175200e+002  5.9600000e+002
  7.6234800e+002  5.9600000e+002
  7.6294400e+002  5.9600000e+002
  7.6354800e+002  6.0400000e+002
  7.6414800e+002  6.0000000e+002
  7.6475200e+002  6.0400000e+002
  7.6534800e+002  5.9600000e+002
  7.6594800e+002  6.0000000e+002
  7.6654400e+002  5.9600000e+002
  7.6714000e+002  5.9600000e+002
  7.6774000e+002  6.0000000e+002
  7.6833200e+002  5.9200000e+002
  7.6892400e+002  5.9200000e+002
  7.6952000e+002  5.9600000e+002
  7.7011200e+002  5.9200000e+002
  7.7070800e+002  5.9600000e+002
  7.7130400e+002  5.9600000e+002
  7.7190000e+002  5.9600000e+002
  7.7249600e+002  5.9600000e+002
  7.7288800e+002  3.9200000e+002
  7.7361600e+002  7.2800000e+002
  7.7423600e+002  6.2000000e+002
  7.7484000e+002  6.0400000e+002
  7.7544000e+002  6.0000000e+002
  7.7604000e+002  6.0000000e+002
  7.7663600e+002  5.9600000e+002
  7.7723200e+002  5.9600000e+002
  7.7782000e+002  5.8800000e+002
  7.7841200e+002  5.9200000e+002
  7.7900400e+002  5.9200000e+002
  7.7960000e+002  5.9600000e+002
  7.8019600e+002  5.9600000e+002
  7.8079200e+002  5.9600000e+002
  7.8138000e+002  5.8800000e+002
  7.8197600e+002  5.9600000e+002
  7.8256800e+002  5.9200000e+002
  7.8316400e+002  5.9600000e+002
  7.8376000e+002  5.9600000e+002
  7.8435600e+002  5.9600000e+002
  7.8495600e+002  6.0000000e+002
  7.8554800e+002  5.9200000e+002
  7.8614000e+002  5.9200000e+002
  7.8673600e+002  5.9600000e+002
  7.8732800e+002  5.9200000e+002
  7.8792400e+002  5.9600000e+002
  7.8852000e+002  5.9600000e+002
  7.8912400e+002  6.0400000e+002
  7.8972000e+002  5.9600000e+002
  7.9032000e+002  6.0000000e+002
  7.9091600e+002  5.9600000e+002
  7.9151200e+002  5.9600000e+002
  7.9211200e+002  6.0000000e+002
  7.9263600e+002  5.2400000e+002
  7.9330800e+002  6.7200000e+002
  7.9392000e+002  6.1200000e+002
  7.9452400e+002  6.0400000e+002
  7.9512800e+002  6.0400000e+002
  7.9572800e+002  6.0000000e+002
  7.9612800e+002  4.0000000e+002
  7.9688000e+002  7.5200000e+002
  7.9751200e+002  6.3200000e+002
  7.9812400e+002  6.1200000e+002
  7.9872800e+002  6.0400000e+002
  7.9933600e+002  6.0800000e+002
  7.9967600e+002  3.4000000e+002
  8.0040400e+002  7.2800000e+002
  8.0102400e+002  6.2000000e+002
  8.0162800e+002  6.0400000e+002
  8.0223200e+002  6.0400000e+002
  8.0283200e+002  6.0000000e+002
  8.0342800e+002  5.9600000e+002
  8.0402400e+002  5.9600000e+002
  8.0446400e+002  4.4000000e+002
  8.0521200e+002  7.4800000e+002
  8.0582000e+002  6.0800000e+002
  8.0642000e+002  6.0000000e+002
  8.0701600e+002  5.9600000e+002
  8.0760800e+002  5.9200000e+002
  8.0820000e+002  5.9200000e+002
  8.0879600e+002  5.9600000e+002
  8.0918400e+002  3.8800000e+002
  8.0991600e+002  7.3200000e+002
  8.1053600e+002  6.2000000e+002
  8.1114400e+002  6.0800000e+002
  8.1174400e+002  6.0000000e+002
  8.1234400e+002  6.0000000e+002
  8.1294800e+002  6.0400000e+002
  8.1355200e+002  6.0400000e+002
  8.1415200e+002  6.0000000e+002
  8.1475200e+002  6.0000000e+002
  8.1534800e+002  5.9600000e+002
  8.1594400e+002  5.9600000e+002
  8.1654400e+002  6.0000000e+002
  8.1714400e+002  6.0000000e+002
  8.1774400e+002  6.0000000e+002
  8.1834400e+002  6.0000000e+002
  8.1894400e+002  6.0000000e+002
  8.1954000e+002  5.9600000e+002
  8.2014000e+002  6.0000000e+002
  8.2074000e+002  6.0000000e+002
  8.2134000e+002  6.0000000e+002
  8.2193600e+002  5.9600000e+002
  8.2253600e+002  6.0000000e+002
  8.2313200e+002  5.9600000e+002
  8.2372800e+002  5.9600000e+002
  8.2432800e+002  6.0000000e+002
  8.2492400e+002  5.9600000e+002
  8.2552000e+002  5.9600000e+002
  8.2611200e+002  5.9200000e+002
  8.2670800e+002  5.9600000e+002
  8.2730400e+002  5.9600000e+002
  8.2790000e+002  5.9600000e+002
  8.2849600e+002  5.9600000e+002
  8.2909200e+002  5.9600000e+002
  8.2968800e+002  5.9600000e+002
  8.3028000e+002  5.9200000e+002
  8.3086800e+002  5.8800000e+002
  8.3145600e+002  5.8800000e+002
  8.3204800e+002  5.9200000e+002
  8.3263600e+002  5.8800000e+002
  8.3322800e+002  5.9200000e+002
  8.3382000e+002  5.9200000e+002
  8.3441200e+002  5.9200000e+002
  8.3500000e+002  5.8800000e+002
  8.3558400e+002  5.8400000e+002
  8.3617200e+002  5.8800000e+002
  8.3676000e+002  5.8800000e+002
  8.3735200e+002  5.9200000e+002
  8.3789600e+002  5.4400000e+002
  8.3840800e+002  5.1200000e+002
  8.3910400e+002  6.9600000e+002
  8.3970400e+002  6.0000000e+002
  8.4029600e+002  5.9200000e+002
  8.4088800e+002  5.9200000e+002
  8.4148000e+002  5.9200000e+002
  8.4207200e+002  5.9200000e+002
  8.4266000e+002  5.8800000e+002
  8.4325200e+002  5.9200000e+002
  8.4384400e+002  5.9200000e+002
  8.4444000e+002  5.9600000e+002
  8.4503600e+002  5.9600000e+002
  8.4563200e+002  5.9600000e+002
  8.4622800e+002  5.9600000e+002
  8.4682000e+002  5.9200000e+002
  8.4741600e+002  5.9600000e+002
  8.4800800e+002  5.9200000e+002
  8.4860400e+002  5.9600000e+002
  8.4920000e+002  5.9600000e+002
  8.4979600e+002  5.9600000e+002
  8.5039200e+002  5.9600000e+002
  8.5098800e+002  5.9600000e+002
  8.5158000e+002  5.9200000e+002
  8.5217200e+002  5.9200000e+002
  8.5258400e+002  4.1200000e+002
  8.5332400e+002  7.4000000e+002
  8.5395200e+002  6.2800000e+002
  8.5456400e+002  6.1200000e+002
  8.5517200e+002  6.0800000e+002
  8.5577200e+002  6.0000000e+002
  8.5637600e+002  6.0400000e+002
  8.5696800e+002  5.9200000e+002
  8.5758800e+002  6.2000000e+002
  8.5819600e+002  6.0800000e+002
  8.5881200e+002  6.1600000e+002
  8.5942800e+002  6.1600000e+002
  8.6004400e+002  6.1600000e+002
  8.6065600e+002  6.1200000e+002
  8.6126800e+002  6.1200000e+002
  8.6188000e+002  6.1200000e+002
  8.6249200e+002  6.1200000e+002
  8.6310400e+002  6.1200000e+002
  8.6372000e+002  6.1600000e+002
  8.6433200e+002  6.1200000e+002
  8.6494800e+002  6.1600000e+002
  8.6555600e+002  6.0800000e+002
  8.6616000e+002  6.0400000e+002
  8.6676400e+002  6.0400000e+002
  8.6736800e+002  6.0400000e+002
  8.6797600e+002  6.0800000e+002
  8.6858000e+002  6.0400000e+002
  8.6918400e+002  6.0400000e+002
  8.6978000e+002  5.9600000e+002
  8.7038000e+002  6.0000000e+002
  8.7097600e+002  5.9600000e+002
  8.7156800e+002  5.9200000e+002
  8.7216800e+002  6.0000000e+002
  8.7276400e+002  5.9600000e+002
  8.7336400e+002  6.0000000e+002
  8.7396000e+002  5.9600000e+002
  8.7455200e+002  5.9200000e+002
  8.7514800e+002  5.9600000e+002
  8.7574400e+002  5.9600000e+002
  8.7634400e+002  6.0000000e+002
  8.7694000e+002  5.9600000e+002
  8.7753200e+002  5.9200000e+002
  8.7812400e+002  5.9200000e+002
  8.7872400e+002  6.0000000e+002
  8.7932400e+002  6.0000000e+002
  8.7992800e+002  6.0400000e+002
  8.8053200e+002  6.0400000e+002
  8.8113600e+002  6.0400000e+002
  8.8173600e+002  6.0000000e+002
  8.8233600e+002  6.0000000e+002
  8.8293200e+002  5.9600000e+002
  8.8352800e+002  5.9600000e+002
  8.8412800e+002  6.0000000e+002
  8.8472800e+002  6.0000000e+002
  8.8532000e+002  5.9200000e+002
  8.8591600e+002  5.9600000e+002
  8.8650800e+002  5.9200000e+002
  8.8710400e+002  5.9600000e+002
  8.8770400e+002  6.0000000e+002
  8.8830000e+002  5.9600000e+002
  8.8889600e+002  5.9600000e+002
  8.8948800e+002  5.9200000e+002
  8.9008400e+002  5.9600000e+002
  8.9068000e+002  5.9600000e+002
  8.9127600e+002  5.9600000e+002
  8.9187600e+002  6.0000000e+002
  8.9247200e+002  5.9600000e+002
  8.9306800e+002  5.9600000e+002
  8.9366000e+002  5.9200000e+002
  8.9425200e+002  5.9200000e+002
  8.9484800e+002  5.9600000e+002
  8.9544000e+002  5.9200000e+002
  8.9603200e+002  5.9200000e+002
  8.9662000e+002  5.8800000e+002
  8.9720800e+002  5.8800000e+002
  8.9780000e+002  5.9200000e+002
  8.9838800e+002  5.8800000e+002
  8.9898000e+002  5.9200000e+002
  8.9957200e+002  5.9200000e+002
  9.0016400e+002  5.9200000e+002
  9.0074400e+002  5.8000000e+002
  9.0134000e+002  5.9600000e+002
  9.0192800e+002  5.8800000e+002
  9.0252000e+002  5.9200000e+002
  9.0311200e+002  5.9200000e+002
  9.0370000e+002  5.8800000e+002
  9.0429600e+002  5.9600000e+002
  9.0488400e+002  5.8800000e+002
  9.0547600e+002  5.9200000e+002
  9.0606400e+002  5.8800000e+002
  9.0665600e+002  5.9200000e+002
  9.0706400e+002  4.0800000e+002
  9.0779200e+002  7.2800000e+002
  9.0840800e+002  6.1600000e+002
  9.0885200e+002  4.4400000e+002
  9.0956000e+002  7.0800000e+002
  9.1017200e+002  6.1200000e+002
  9.1076800e+002  5.9600000e+002
  9.1136800e+002  6.0000000e+002
  9.1196800e+002  6.0000000e+002
  9.1256400e+002  5.9600000e+002
  9.1315600e+002  5.9200000e+002
  9.1374800e+002  5.9200000e+002
  9.1434400e+002  5.9600000e+002
  9.1493200e+002  5.8800000e+002
  9.1552800e+002  5.9600000e+002
  9.1612000e+002  5.9200000e+002
  9.1671200e+002  5.9200000e+002
  9.1730400e+002  5.9200000e+002
  9.1789600e+002  5.9200000e+002
  9.1848800e+002  5.9200000e+002
  9.1908000e+002  5.9200000e+002
  9.1967200e+002  5.9200000e+002
  9.2026800e+002  5.9600000e+002
  9.2086000e+002  5.9200000e+002
  9.2145200e+002  5.9200000e+002
  9.2204400e+002  5.9200000e+002
  9.2263200e+002  5.8800000e+002
  9.2322400e+002  5.9200000e+002
  9.2381600e+002  5.9200000e+002
  9.2440800e+002  5.9200000e+002
  9.2500000e+002  5.9200000e+002
  9.2559200e+002  5.9200000e+002
  9.2617600e+002  5.8400000e+002
  9.2676800e+002  5.9200000e+002
  9.2735600e+002  5.8800000e+002
  9.2794800e+002  5.9200000e+002
  9.2854000e+002  5.9200000e+002
  9.2913200e+002  5.9200000e+002
  9.2972800e+002  5.9600000e+002
  9.3031600e+002  5.8800000e+002
  9.3091200e+002  5.9600000e+002
  9.3150400e+002  5.9200000e+002
  9.3209600e+002  5.9200000e+002
  9.3268800e+002  5.9200000e+002
  9.3328000e+002  5.9200000e+002
  9.3387200e+002  5.9200000e+002
  9.3446000e+002  5.8800000e+002
  9.3504800e+002  5.8800000e+002
  9.3563600e+002  5.8800000e+002
  9.3622400e+002  5.8800000e+002
  9.3681600e+002  5.9200000e+002
  9.3740800e+002  5.9200000e+002
  9.3800000e+002  5.9200000e+002
  9.3858800e+002  5.8800000e+002
  9.3918000e+002  5.9200000e+002
  9.3977200e+002  5.9200000e+002
  9.4036400e+002  5.9200000e+002
  9.4096400e+002  6.0000000e+002
  9.4156400e+002  6.0000000e+002
  9.4216400e+002  6.0000000e+002
  9.4276000e+002  5.9600000e+002
  9.4335600e+002  5.9600000e+002
  9.4395200e+002  5.9600000e+002
  9.4454800e+002  5.9600000e+002
  9.4514400e+002  5.9600000e+002
  9.4574000e+002  5.9600000e+002
  9.4633200e+002  5.9200000e+002
  9.4692000e+002  5.8800000e+002
  9.4751200e+002  5.9200000e+002
  9.4810000e+002  5.8800000e+002
  9.4869200e+002  5.9200000e+002
  9.4928400e+002  5.9200000e+002
  9.4987600e+002  5.9200000e+002
  9.5046800e+002  5.9200000e+002
  9.5105600e+002  5.8800000e+002
  9.5164400e+002  5.8800000e+002
  9.5223200e+002  5.8800000e+002
  9.5282400e+002  5.9200000e+002
  9.5341200e+002  5.8800000e+002
  9.5387600e+002  4.6400000e+002
  9.5456800e+002  6.9200000e+002
  9.5516400e+002  5.9600000e+002
  9.5575200e+002  5.8800000e+002
  9.5634400e+002  5.9200000e+002
  9.5692800e+002  5.8400000e+002
  9.5751600e+002  5.8800000e+002
  9.5810000e+002  5.8400000e+002
  9.5868400e+002  5.8400000e+002
  9.5926800e+002  5.8400000e+002
  9.5985600e+002  5.8800000e+002
  9.6044400e+002  5.8800000e+002
  9.6102800e+002  5.8400000e+002
  9.6148400e+002  4.5600000e+002
  9.6219200e+002  7.0800000e+002
  9.6278400e+002  5.9200000e+002
  9.6337200e+002  5.8800000e+002
  9.6395600e+002  5.8400000e+002
  9.6454400e+002  5.8800000e+002
  9.6513200e+002  5.8800000e+002
  9.6571600e+002  5.8400000e+002
  9.6610000e+002  3.8400000e+002
  9.6682400e+002  7.2400000e+002
  9.6744400e+002  6.2000000e+002
  9.6804400e+002  6.0000000e+002
  9.6863600e+002  5.9200000e+002
  9.6922400e+002  5.8800000e+002
  9.6981200e+002  5.8800000e+002
  9.7040000e+002  5.8800000e+002
  9.7098800e+002  5.8800000e+002
  9.7157600e+002  5.8800000e+002
  9.7216800e+002  5.9200000e+002
  9.7276000e+002  5.9200000e+002
  9.7334800e+002  5.8800000e+002
  9.7393600e+002  5.8800000e+002
  9.7452800e+002  5.9200000e+002
  9.7511600e+002  5.8800000e+002
  9.7571200e+002  5.9600000e+002
  9.7630800e+002  5.9600000e+002
  9.7690800e+002  6.0000000e+002
  9.7750400e+002  5.9600000e+002
  9.7810400e+002  6.0000000e+002
  9.7870000e+002  5.9600000e+002
  9.7930000e+002  6.0000000e+002
  9.7989600e+002  5.9600000e+002
  9.8049600e+002  6.0000000e+002
  9.8109600e+002  6.0000000e+002
  9.8170000e+002  6.0400000e+002
  9.8230400e+002  6.0400000e+002
  9.8290800e+002  6.0400000e+002
  9.8350800e+002  6.0000000e+002
  9.8410800e+002  6.0000000e+002
  9.8471200e+002  6.0400000e+002
  9.8531600e+002  6.0400000e+002
  9.8592400e+002  6.0800000e+002
  9.8652800e+002  6.0400000e+002
  9.8713200e+002  6.0400000e+002
  9.8773200e+002  6.0000000e+002
  9.8819600e+002  4.6400000e+002
  9.8894000e+002  7.4400000e+002
  9.8955200e+002  6.1200000e+002
  9.9016400e+002  6.1200000e+002
  9.9077200e+002  6.0800000e+002
  9.9138400e+002  6.1200000e+002
  9.9199200e+002  6.0800000e+002
  9.9260000e+002  6.0800000e+002
  9.9309200e+002  4.9200000e+002
  9.9380400e+002  7.1200000e+002
  9.9442800e+002  6.2400000e+002
  9.9504000e+002  6.1200000e+002
  9.9565200e+002  6.1200000e+002
  9.9626400e+002  6.1200000e+002
  9.9687600e+002  6.1200000e+002
  9.9748000e+002  6.0400000e+002
  9.9808800e+002  6.0800000e+002
  9.9869600e+002  6.0800000e+002
  9.9930400e+002  6.0800000e+002
  9.9991200e+002  6.0800000e+002
  1.0005280e+003  6.1600000e+002
  1.0011400e+003  6.1200000e+002
  1.0017560e+003  6.1600000e+002
  1.0023680e+003  6.1200000e+002
  1.0029800e+003  6.1200000e+002
  1.0035880e+003  6.0800000e+002
  1.0041920e+003  6.0400000e+002
  1.0048000e+003  6.0800000e+002
  1.0054040e+003  6.0400000e+002
  1.0058840e+003  4.8000000e+002
  1.0065960e+003  7.1200000e+002
  1.0072040e+003  6.0800000e+002
  1.0078040e+003  6.0000000e+002
  1.0084000e+003  5.9600000e+002
  1.0089960e+003  5.9600000e+002
  1.0095960e+003  6.0000000e+002
  1.0101880e+003  5.9200000e+002
  1.0107800e+003  5.9200000e+002
  1.0113760e+003  5.9600000e+002
  1.0119680e+003  5.9200000e+002
  1.0125640e+003  5.9600000e+002
  1.0131560e+003  5.9200000e+002
  1.0137480e+003  5.9200000e+002
  1.0143400e+003  5.9200000e+002
  1.0149360e+003  5.9600000e+002
  1.0155320e+003  5.9600000e+002
  1.0159440e+003  4.1200000e+002
  1.0167480e+003  8.0400000e+002
  1.0173600e+003  6.1200000e+002
  1.0179640e+003  6.0400000e+002
  1.0185640e+003  6.0000000e+002
  1.0191640e+003  6.0000000e+002
  1.0197640e+003  6.0000000e+002
  1.0203640e+003  6.0000000e+002
  1.0209600e+003  5.9600000e+002
  1.0215600e+003  6.0000000e+002
  1.0221520e+003  5.9200000e+002
  1.0227480e+003  5.9600000e+002
  1.0233400e+003  5.9200000e+002
  1.0239320e+003  5.9200000e+002
  1.0245280e+003  5.9600000e+002
  1.0251160e+003  5.8800000e+002
  1.0257080e+003  5.9200000e+002
  1.0262960e+003  5.8800000e+002
  1.0268880e+003  5.9200000e+002
  1.0274800e+003  5.9200000e+002
  1.0280680e+003  5.8800000e+002
  1.0286600e+003  5.9200000e+002
  1.0292520e+003  5.9200000e+002
  1.0298400e+003  5.8800000e+002
  1.0304280e+003  5.8800000e+002
  1.0310120e+003  5.8400000e+002
  1.0315960e+003  5.8400000e+002
  1.0321800e+003  5.8400000e+002
  1.0327680e+003  5.8800000e+002
  1.0333600e+003  5.9200000e+002
  1.0339480e+003  5.8800000e+002
  1.0345360e+003  5.8800000e+002
  1.0351240e+003  5.8800000e+002
  1.0357080e+003  5.8400000e+002
  1.0362960e+003  5.8800000e+002
  1.0368840e+003  5.8800000e+002
  1.0374720e+003  5.8800000e+002
  1.0380640e+003  5.9200000e+002
  1.0386520e+003  5.8800000e+002
  1.0392360e+003  5.8400000e+002
  1.0398240e+003  5.8800000e+002
  1.0404080e+003  5.8400000e+002
  1.0409960e+003  5.8800000e+002
  1.0415880e+003  5.9200000e+002
  1.0421760e+003  5.8800000e+002
  1.0427680e+003  5.9200000e+002
  1.0433560e+003  5.8800000e+002
  1.0439440e+003  5.8800000e+002
  1.0445320e+003  5.8800000e+002
  1.0451200e+003  5.8800000e+002
  1.0457080e+003  5.8800000e+002
  1.0463040e+003  5.9600000e+002
  1.0468920e+003  5.8800000e+002
  1.0474840e+003  5.9200000e+002
  1.0480680e+003  5.8400000e+002
  1.0486600e+003  5.9200000e+002
  1.0492480e+003  5.8800000e+002
  1.0498360e+003  5.8800000e+002
  1.0504240e+003  5.8800000e+002
  1.0510120e+003  5.8800000e+002
  1.0516000e+003  5.8800000e+002
  1.0521840e+003  5.8400000e+002
  1.0527720e+003  5.8800000e+002
  1.0533560e+003  5.8400000e+002
  1.0537360e+003  3.8000000e+002
  1.0544560e+003  7.2000000e+002
  1.0550720e+003  6.1600000e+002
  1.0556720e+003  6.0000000e+002
  1.0562600e+003  5.8800000e+002
  1.0568480e+003  5.8800000e+002
  1.0574320e+003  5.8400000e+002
  1.0580240e+003  5.9200000e+002
  1.0586160e+003  5.9200000e+002
  1.0592080e+003  5.9200000e+002
  1.0598000e+003  5.9200000e+002
  1.0603880e+003  5.8800000e+002
  1.0609760e+003  5.8800000e+002
  1.0615640e+003  5.8800000e+002
  1.0621520e+003  5.8800000e+002
  1.0627400e+003  5.8800000e+002
  1.0632000e+003  4.6000000e+002
  1.0639120e+003  7.1200000e+002
  1.0645120e+003  6.0000000e+002
  1.0651080e+003  5.9600000e+002
  1.0657000e+003  5.9200000e+002
  1.0662960e+003  5.9600000e+002
  1.0668920e+003  5.9600000e+002
  1.0674920e+003  6.0000000e+002
  1.0680960e+003  6.0400000e+002
  1.0687000e+003  6.0400000e+002
  1.0693040e+003  6.0400000e+002
  1.0699040e+003  6.0000000e+002
  1.0705080e+003  6.0400000e+002
  1.0711120e+003  6.0400000e+002
  1.0717160e+003  6.0400000e+002
  1.0723200e+003  6.0400000e+002
  1.0729240e+003  6.0400000e+002
  1.0735240e+003  6.0000000e+002
  1.0741240e+003  6.0000000e+002
  1.0747200e+003  5.9600000e+002
  1.0753200e+003  6.0000000e+002
  1.0759200e+003  6.0000000e+002
  1.0765240e+003  6.0400000e+002
  1.0771280e+003  6.0400000e+002
  1.0777320e+003  6.0400000e+002
  1.0783280e+003  5.9600000e+002
  1.0789280e+003  6.0000000e+002
  1.0795240e+003  5.9600000e+002
  1.0801200e+003  5.9600000e+002
  1.0805600e+003  4.4000000e+002
  1.0813040e+003  7.4400000e+002
  1.0819160e+003  6.1200000e+002
  1.0825120e+003  5.9600000e+002
  1.0831080e+003  5.9600000e+002
  1.0837000e+003  5.9200000e+002
  1.0842920e+003  5.9200000e+002
  1.0848840e+003  5.9200000e+002
  1.0854800e+003  5.9600000e+002
  1.0860760e+003  5.9600000e+002
  1.0866640e+003  5.8800000e+002
  1.0872560e+003  5.9200000e+002
  1.0878440e+003  5.8800000e+002
  1.0884360e+003  5.9200000e+002
  1.0890320e+003  5.9600000e+002
  1.0896240e+003  5.9200000e+002
  1.0902120e+003  5.8800000e+002
  1.0908040e+003  5.9200000e+002
  1.0913920e+003  5.8800000e+002
  1.0919800e+003  5.8800000e+002
  1.0925720e+003  5.9200000e+002
  1.0931680e+003  5.9600000e+002
  1.0937600e+003  5.9200000e+002
  1.0943600e+003  6.0000000e+002
  1.0949520e+003  5.9200000e+002
  1.0955440e+003  5.9200000e+002
  1.0961400e+003  5.9600000e+002
  1.0967320e+003  5.9200000e+002
  1.0973320e+003  6.0000000e+002
  1.0979280e+003  5.9600000e+002
  1.0985240e+003  5.9600000e+002
  1.0991200e+003  5.9600000e+002
  1.0997120e+003  5.9200000e+002
  1.1001960e+003  4.8400000e+002
  1.1008840e+003  6.8800000e+002
  1.1014800e+003  5.9600000e+002
  1.1020720e+003  5.9200000e+002
  1.1026600e+003  5.8800000e+002
  1.1032520e+003  5.9200000e+002
  1.1038400e+003  5.8800000e+002
  1.1044240e+003  5.8400000e+002
  1.1050120e+003  5.8800000e+002
  1.1056000e+003  5.8800000e+002
  1.1061880e+003  5.8800000e+002
  1.1067800e+003  5.9200000e+002
  1.1072680e+003  4.8800000e+002
  1.1079400e+003  6.7200000e+002
  1.1085280e+003  5.8800000e+002
  1.1091200e+003  5.9200000e+002
  1.1097040e+003  5.8400000e+002
  1.1102960e+003  5.9200000e+002
  1.1108880e+003  5.9200000e+002
  1.1114800e+003  5.9200000e+002
  1.1120720e+003  5.9200000e+002
  1.1126640e+003  5.9200000e+002
  1.1132520e+003  5.8800000e+002
  1.1138440e+003  5.9200000e+002
  1.1144360e+003  5.9200000e+002
  1.1150320e+003  5.9600000e+002
  1.1156240e+003  5.9200000e+002
  1.1162200e+003  5.9600000e+002
  1.1168120e+003  5.9200000e+002
  1.1174040e+003  5.9200000e+002
  1.1179960e+003  5.9200000e+002
  1.1185880e+003  5.9200000e+002
  1.1191840e+003  5.9600000e+002
  1.1197840e+003  6.0000000e+002
  1.1203840e+003  6.0000000e+002
  1.1209800e+003  5.9600000e+002
  1.1215760e+003  5.9600000e+002
  1.1221720e+003  5.9600000e+002
  1.1227720e+003  6.0000000e+002
  1.1233760e+003  6.0400000e+002
  1.1239800e+003  6.0400000e+002
  1.1245840e+003  6.0400000e+002
  1.1251880e+003  6.0400000e+002
  1.1257960e+003  6.0800000e+002
  1.1264040e+003  6.0800000e+002
  1.1270080e+003  6.0400000e+002
  1.1276160e+003  6.0800000e+002
  1.1282240e+003  6.0800000e+002
  1.1288320e+003  6.0800000e+002
  1.1294440e+003  6.1200000e+002
  1.1300560e+003  6.1200000e+002
  1.1306720e+003  6.1600000e+002
  1.1312840e+003  6.1200000e+002
  1.1318920e+003  6.0800000e+002
  1.1325040e+003  6.1200000e+002
  1.1331160e+003  6.1200000e+002
  1.1335200e+003  4.0400000e+002
  1.1342880e+003  7.6800000e+002
  1.1349400e+003  6.5200000e+002
  1.1353600e+003  4.2000000e+002
  1.1361520e+003  7.9200000e+002
  1.1367960e+003  6.4400000e+002
  1.1374120e+003  6.1600000e+002
  1.1380280e+003  6.1600000e+002
  1.1386440e+003  6.1600000e+002
  1.1392560e+003  6.1200000e+002
  1.1398720e+003  6.1600000e+002
  1.1404800e+003  6.0800000e+002
  1.1410920e+003  6.1200000e+002
  1.1416960e+003  6.0400000e+002
  1.1423000e+003  6.0400000e+002
  1.1429040e+003  6.0400000e+002
  1.1435080e+003  6.0400000e+002
  1.1441120e+003  6.0400000e+002
  1.1447120e+003  6.0000000e+002
  1.1453120e+003  6.0000000e+002
  1.1459160e+003  6.0400000e+002
  1.1465120e+003  5.9600000e+002
  1.1471120e+003  6.0000000e+002
  1.1477080e+003  5.9600000e+002
  1.1483000e+003  5.9200000e+002
  1.1489000e+003  6.0000000e+002
  1.1495000e+003  6.0000000e+002
  1.1501040e+003  6.0400000e+002
  1.1507200e+003  6.1600000e+002
  1.1513360e+003  6.1600000e+002
  1.1519560e+003  6.2000000e+002
  1.1525720e+003  6.1600000e+002
  1.1531800e+003  6.0800000e+002
  1.1537880e+003  6.0800000e+002
  1.1543960e+003  6.0800000e+002
  1.1549960e+003  6.0000000e+002
  1.1556000e+003  6.0400000e+002
  1.1562040e+003  6.0400000e+002
  1.1568040e+003  6.0000000e+002
  1.1574000e+003  5.9600000e+002
  1.1579920e+003  5.9200000e+002
  1.1585880e+003  5.9600000e+002
  1.1591800e+003  5.9200000e+002
  1.1597720e+003  5.9200000e+002
  1.1603680e+003  5.9600000e+002
  1.1609640e+003  5.9600000e+002
  1.1615560e+003  5.9200000e+002
  1.1621480e+003  5.9200000e+002
  1.1627360e+003  5.8800000e+002
  1.1633280e+003  5.9200000e+002
  1.1639200e+003  5.9200000e+002
  1.1645120e+003  5.9200000e+002
  1.1651000e+003  5.8800000e+002
  1.1656880e+003  5.8800000e+002
  1.1662720e+003  5.8400000e+002
  1.1668600e+003  5.8800000e+002
  1.1674440e+003  5.8400000e+002
  1.1680320e+003  5.8800000e+002
  1.1686200e+003  5.8800000e+002
  1.1692040e+003  5.8400000e+002
  1.1697920e+003  5.8800000e+002
  1.1703760e+003  5.8400000e+002
  1.1708600e+003  4.8400000e+002
  1.1715280e+003  6.6800000e+002
  1.1721200e+003  5.9200000e+002
  1.1727120e+003  5.9200000e+002
  1.1733000e+003  5.8800000e+002
  1.1738840e+003  5.8400000e+002
  1.1744720e+003  5.8800000e+002
  1.1750560e+003  5.8400000e+002
  1.1756440e+003  5.8800000e+002
  1.1762320e+003  5.8800000e+002
  1.1768200e+003  5.8800000e+002
  1.1774120e+003  5.9200000e+002
  1.1779960e+003  5.8400000e+002
  1.1785840e+003  5.8800000e+002
  1.1791680e+003  5.8400000e+002
  1.1797520e+003  5.8400000e+002
  1.1803400e+003  5.8800000e+002
  1.1809280e+003  5.8800000e+002
  1.1815160e+003  5.8800000e+002
  1.1821080e+003  5.9200000e+002
  1.1826920e+003  5.8400000e+002
  1.1832800e+003  5.8800000e+002
  1.1838640e+003  5.8400000e+002
  1.1844520e+003  5.8800000e+002
  1.1850400e+003  5.8800000e+002
  1.1856320e+003  5.9200000e+002
  1.1862200e+003  5.8800000e+002
  1.1868080e+003  5.8800000e+002
  1.1873960e+003  5.8800000e+002
  1.1879840e+003  5.8800000e+002
  1.1885720e+003  5.8800000e+002
  1.1891600e+003  5.8800000e+002
  1.1897560e+003  5.9600000e+002
  1.1903480e+003  5.9200000e+002
  1.1909400e+003  5.9200000e+002
  1.1915360e+003  5.9600000e+002
  1.1921240e+003  5.8800000e+002
  1.1927160e+003  5.9200000e+002
  1.1933120e+003  5.9600000e+002
  1.1939120e+003  6.0000000e+002
  1.1945120e+003  6.0000000e+002
  1.1951160e+003  6.0400000e+002
  1.1957200e+003  6.0400000e+002
  1.1963240e+003  6.0400000e+002
  1.1969240e+003  6.0000000e+002
  1.1975280e+003  6.0400000e+002
  1.1981320e+003  6.0400000e+002
  1.1987400e+003  6.0800000e+002
  1.1993480e+003  6.0800000e+002
  1.1999520e+003  6.0400000e+002
  1.2005560e+003  6.0400000e+002
  1.2011600e+003  6.0400000e+002
  1.2017640e+003  6.0400000e+002
  1.2023720e+003  6.0800000e+002
  1.2029760e+003  6.0400000e+002
  1.2035880e+003  6.1200000e+002
  1.2041960e+003  6.0800000e+002
  1.2047960e+003  6.0000000e+002
  1.2054000e+003  6.0400000e+002
  1.2060000e+003  6.0000000e+002
  1.2066000e+003  6.0000000e+002
  1.2072040e+003  6.0400000e+002
  1.2078040e+003  6.0000000e+002
  1.2084000e+003  5.9600000e+002
  1.2089920e+003  5.9200000e+002
  1.2095840e+003  5.9200000e+002
  1.2101760e+003  5.9200000e+002
  1.2107680e+003  5.9200000e+002
  1.2113600e+003  5.9200000e+002
  1.2119520e+003  5.9200000e+002
  1.2125440e+003  5.9200000e+002
  1.2131360e+003  5.9200000e+002
  1.2137240e+003  5.8800000e+002
  1.2143120e+003  5.8800000e+002
  1.2147000e+003  3.8800000e+002
  1.2154320e+003  7.3200000e+002
  1.2160520e+003  6.2000000e+002
  1.2166520e+003  6.0000000e+002
  1.2172400e+003  5.8800000e+002
  1.2178320e+003  5.9200000e+002
  1.2184200e+003  5.8800000e+002
  1.2190120e+003  5.9200000e+002
  1.2196040e+003  5.9200000e+002
  1.2201920e+003  5.8800000e+002
  1.2207840e+003  5.9200000e+002
  1.2213680e+003  5.8400000e+002
  1.2219600e+003  5.9200000e+002
  1.2225480e+003  5.8800000e+002
  1.2231360e+003  5.8800000e+002
  1.2237240e+003  5.8800000e+002
  1.2243160e+003  5.9200000e+002
  1.2249080e+003  5.9200000e+002
  1.2254960e+003  5.8800000e+002
  1.2260840e+003  5.8800000e+002
  1.2266720e+003  5.8800000e+002
  1.2272640e+003  5.9200000e+002
  1.2278560e+003  5.9200000e+002
  1.2284440e+003  5.8800000e+002
  1.2290320e+003  5.8800000e+002
  1.2296240e+003  5.9200000e+002
  1.2302080e+003  5.8400000e+002
  1.2306720e+003  4.6400000e+002
  1.2313760e+003  7.0400000e+002
  1.2319760e+003  6.0000000e+002
  1.2325720e+003  5.9600000e+002
  1.2331680e+003  5.9600000e+002
  1.2337560e+003  5.8800000e+002
  1.2343440e+003  5.8800000e+002
  1.2349320e+003  5.8800000e+002
  1.2355200e+003  5.8800000e+002
  1.2361080e+003  5.8800000e+002
  1.2367000e+003  5.9200000e+002
  1.2372920e+003  5.9200000e+002
  1.2378800e+003  5.8800000e+002
  1.2384640e+003  5.8400000e+002
  1.2390520e+003  5.8800000e+002
  1.2396400e+003  5.8800000e+002
  1.2402320e+003  5.9200000e+002
  1.2408240e+003  5.9200000e+002
  1.2414160e+003  5.9200000e+002
  1.2420000e+003  5.8400000e+002
  1.2425920e+003  5.9200000e+002
  1.2431800e+003  5.8800000e+002
  1.2437760e+003  5.9600000e+002
  1.2443680e+003  5.9200000e+002
  1.2449680e+003  6.0000000e+002
  1.2455640e+003  5.9600000e+002
  1.2461560e+003  5.9200000e+002
  1.2467480e+003  5.9200000e+002
  1.2473400e+003  5.9200000e+002
  1.2479280e+003  5.8800000e+002
  1.2483120e+003  3.8400000e+002
  1.2490480e+003  7.3600000e+002
  1.2496720e+003  6.2400000e+002
  1.2502800e+003  6.0800000e+002
  1.2508760e+003  5.9600000e+002
  1.2514720e+003  5.9600000e+002
  1.2520680e+003  5.9600000e+002
  1.2526640e+003  5.9600000e+002
  1.2532560e+003  5.9200000e+002
  1.2538480e+003  5.9200000e+002
  1.2544360e+003  5.8800000e+002
  1.2550240e+003  5.8800000e+002
  1.2556160e+003  5.9200000e+002
  1.2562080e+003  5.9200000e+002
  1.2568000e+003  5.9200000e+002
  1.2573920e+003  5.9200000e+002
  1.2579840e+003  5.9200000e+002
  1.2585720e+003  5.8800000e+002
  1.2591640e+003  5.9200000e+002
  1.2597520e+003  5.8800000e+002
  1.2603440e+003  5.9200000e+002
  1.2609320e+003  5.8800000e+002
  1.2615200e+003  5.8800000e+002
  1.2621080e+003  5.8800000e+002
  1.2626960e+003  5.8800000e+002
  1.2632840e+003  5.8800000e+002
  1.2638680e+003  5.8400000e+002
  1.2644560e+003  5.8800000e+002
  1.2650440e+003  5.8800000e+002
  1.2656360e+003  5.9200000e+002
  1.2662320e+003  5.9600000e+002
  1.2668320e+003  6.0000000e+002
  1.2674280e+003  5.9600000e+002
  1.2680280e+003  6.0000000e+002
  1.2686240e+003  5.9600000e+002
  1.2692200e+003  5.9600000e+002
  1.2698120e+003  5.9200000e+002
  1.2704080e+003  5.9600000e+002
  1.2710040e+003  5.9600000e+002
  1.2716000e+003  5.9600000e+002
  1.2721920e+003  5.9200000e+002
  1.2727800e+003  5.8800000e+002
  1.2733720e+003  5.9200000e+002
  1.2739640e+003  5.9200000e+002
  1.2745520e+003  5.8800000e+002
  1.2751440e+003  5.9200000e+002
  1.2757320e+003  5.8800000e+002
  1.2762200e+003  4.8800000e+002
  1.2768840e+003  6.6400000e+002
  1.2774720e+003  5.8800000e+002
  1.2780600e+003  5.8800000e+002
  1.2786440e+003  5.8400000e+002
  1.2792280e+003  5.8400000e+002
  1.2797320e+003  5.0400000e+002
  1.2803880e+003  6.5600000e+002
  1.2809760e+003  5.8800000e+002
  1.2815600e+003  5.8400000e+002
  1.2821400e+003  5.8000000e+002
  1.2827240e+003  5.8400000e+002
  1.2833080e+003  5.8400000e+002
  1.2838880e+003  5.8000000e+002
  1.2844680e+003  5.8000000e+002
  1.2850480e+003  5.8000000e+002
  1.2856320e+003  5.8400000e+002
  1.2862120e+003  5.8000000e+002
  1.2867920e+003  5.8000000e+002
  1.2873720e+003  5.8000000e+002
  1.2879520e+003  5.8000000e+002
  1.2885280e+003  5.7600000e+002
  1.2891120e+003  5.8400000e+002
  1.2896880e+003  5.7600000e+002
  1.2902680e+003  5.8000000e+002
  1.2908480e+003  5.8000000e+002
  1.2914280e+003  5.8000000e+002
  1.2920120e+003  5.8400000e+002
  1.2925920e+003  5.8000000e+002
  1.2931720e+003  5.8000000e+002
  1.2937520e+003  5.8000000e+002
  1.2943320e+003  5.8000000e+002
  1.2949120e+003  5.8000000e+002
  1.2954960e+003  5.8400000e+002
  1.2959320e+003  4.3600000e+002
  1.2966400e+003  7.0800000e+002
  1.2972360e+003  5.9600000e+002
  1.2978240e+003  5.8800000e+002
  1.2984120e+003  5.8800000e+002
  1.2990000e+003  5.8800000e+002
  1.2995880e+003  5.8800000e+002
  1.3001800e+003  5.9200000e+002
  1.3007720e+003  5.9200000e+002
  1.3013560e+003  5.8400000e+002
  1.3019440e+003  5.8800000e+002
  1.3025320e+003  5.8800000e+002
  1.3031200e+003  5.8800000e+002
  1.3037120e+003  5.9200000e+002
  1.3041440e+003  4.3200000e+002
  1.3048760e+003  7.3200000e+002
  1.3054760e+003  6.0000000e+002
  1.3060680e+003  5.9200000e+002
  1.3066600e+003  5.9200000e+002
  1.3072520e+003  5.9200000e+002
  1.3078480e+003  5.9600000e+002
  1.3084400e+003  5.9200000e+002
  1.3090400e+003  6.0000000e+002
  1.3096360e+003  5.9600000e+002
  1.3102320e+003  5.9600000e+002
  1.3108280e+003  5.9600000e+002
  1.3114280e+003  6.0000000e+002
  1.3120280e+003  6.0000000e+002
  1.3126320e+003  6.0400000e+002
  1.3132400e+003  6.0800000e+002
  1.3138480e+003  6.0800000e+002
  1.3144560e+003  6.0800000e+002
  1.3150720e+003  6.1600000e+002
  1.3156800e+003  6.0800000e+002
  1.3162840e+003  6.0400000e+002
  1.3168920e+003  6.0800000e+002
  1.3174800e+003  5.8800000e+002
  1.3181000e+003  6.2000000e+002
  1.3187040e+003  6.0400000e+002
  1.3193040e+003  6.0000000e+002
  1.3199080e+003  6.0400000e+002
  1.3205120e+003  6.0400000e+002
  1.3211120e+003  6.0000000e+002
  1.3217160e+003  6.0400000e+002
  1.3223160e+003  6.0000000e+002
  1.3229200e+003  6.0400000e+002
  1.3235240e+003  6.0400000e+002
  1.3241280e+003  6.0400000e+002
  1.3247280e+003  6.0000000e+002
  1.3253240e+003  5.9600000e+002
  1.3259240e+003  6.0000000e+002
  1.3265200e+003  5.9600000e+002
  1.3271200e+003  6.0000000e+002
  1.3277200e+003  6.0000000e+002
  1.3283200e+003  6.0000000e+002
  1.3289160e+003  5.9600000e+002
  1.3295120e+003  5.9600000e+002
  1.3301080e+003  5.9600000e+002
  1.3307040e+003  5.9600000e+002
  1.3313040e+003  6.0000000e+002
  1.3319080e+003  6.0400000e+002
  1.3325120e+003  6.0400000e+002
  1.3331120e+003  6.0000000e+002
  1.3337120e+003  6.0000000e+002
  1.3343120e+003  6.0000000e+002
  1.3349160e+003  6.0400000e+002
  1.3355240e+003  6.0800000e+002
  1.3361280e+003  6.0400000e+002
  1.3367400e+003  6.1200000e+002
  1.3373520e+003  6.1200000e+002
  1.3379600e+003  6.0800000e+002
  1.3385680e+003  6.0800000e+002
  1.3391800e+003  6.1200000e+002
  1.3398000e+003  6.2000000e+002
  1.3404160e+003  6.1600000e+002
  1.3410400e+003  6.2400000e+002
  1.3416560e+003  6.1600000e+002
  1.3422720e+003  6.1600000e+002
  1.3428880e+003  6.1600000e+002
  1.3435080e+003  6.2000000e+002
  1.3441240e+003  6.1600000e+002
  1.3447400e+003  6.1600000e+002
  1.3453560e+003  6.1600000e+002
  1.3459720e+003  6.1600000e+002
  1.3465840e+003  6.1200000e+002
  1.3472000e+003  6.1600000e+002
  1.3478160e+003  6.1600000e+002
  1.3484280e+003  6.1200000e+002
  1.3490400e+003  6.1200000e+002
  1.3496560e+003  6.1600000e+002
  1.3501720e+003  5.1600000e+002
  1.3508680e+003  6.9600000e+002
  1.3514840e+003  6.1600000e+002
  1.3520960e+003  6.1200000e+002
  1.3527080e+003  6.1200000e+002
  1.3533200e+003  6.1200000e+002
  1.3539320e+003  6.1200000e+002
  1.3545400e+003  6.0800000e+002
  1.3551520e+003  6.1200000e+002
  1.3557640e+003  6.1200000e+002
  1.3563720e+003  6.0800000e+002
  1.3569760e+003  6.0400000e+002
  1.3575840e+003  6.0800000e+002
  1.3581960e+003  6.1200000e+002
  1.3588080e+003  6.1200000e+002
  1.3594200e+003  6.1200000e+002
  1.3600320e+003  6.1200000e+002
  1.3606440e+003  6.1200000e+002
  1.3612560e+003  6.1200000e+002
  1.3618680e+003  6.1200000e+002
  1.3624760e+003  6.0800000e+002
  1.3630840e+003  6.0800000e+002
  1.3636920e+003  6.0800000e+002
  1.3643000e+003  6.0800000e+002
  1.3649080e+003  6.0800000e+002
  1.3655200e+003  6.1200000e+002
  1.3661360e+003  6.1600000e+002
  1.3667520e+003  6.1600000e+002
  1.3673680e+003  6.1600000e+002
  1.3679760e+003  6.0800000e+002
  1.3685840e+003  6.0800000e+002
  1.3691880e+003  6.0400000e+002
  1.3697920e+003  6.0400000e+002
  1.3702640e+003  4.7200000e+002
  1.3710040e+003  7.4000000e+002
  1.3716080e+003  6.0400000e+002
  1.3722040e+003  5.9600000e+002
  1.3728000e+003  5.9600000e+002
  1.3733960e+003  5.9600000e+002
  1.3739880e+003  5.9200000e+002
  1.3745760e+003  5.8800000e+002
  1.3751680e+003  5.9200000e+002
  1.3757560e+003  5.8800000e+002
  1.3763480e+003  5.9200000e+002
  1.3769360e+003  5.8800000e+002
  1.3775280e+003  5.9200000e+002
  1.3781200e+003  5.9200000e+002
  1.3787080e+003  5.8800000e+002
  1.3793000e+003  5.9200000e+002
  1.3798960e+003  5.9600000e+002
  1.3804920e+003  5.9600000e+002
  1.3809760e+003  4.8400000e+002
  1.3817160e+003  7.4000000e+002
  1.3823240e+003  6.0800000e+002
  1.3826720e+003  3.4800000e+002
  1.3833880e+003  7.1600000e+002
  1.3840160e+003  6.2800000e+002
  1.3845560e+003  5.4000000e+002
  1.3852240e+003  6.6800000e+002
  1.3858280e+003  6.0400000e+002
  1.3864280e+003  6.0000000e+002
  1.3870240e+003  5.9600000e+002
  1.3876200e+003  5.9600000e+002
  1.3882160e+003  5.9600000e+002
  1.3888080e+003  5.9200000e+002
  1.3894000e+003  5.9200000e+002
  1.3899920e+003  5.9200000e+002
  1.3905800e+003  5.8800000e+002
  1.3911680e+003  5.8800000e+002
  1.3917600e+003  5.9200000e+002
  1.3923480e+003  5.8800000e+002
  1.3929320e+003  5.8400000e+002
  1.3935160e+003  5.8400000e+002
  1.3941000e+003  5.8400000e+002
  1.3946840e+003  5.8400000e+002
  1.3952680e+003  5.8400000e+002
  1.3958560e+003  5.8800000e+002
  1.3964480e+003  5.9200000e+002
  1.3970360e+003  5.8800000e+002
  1.3976240e+003  5.8800000e+002
  1.3982080e+003  5.8400000e+002
  1.3987920e+003  5.8400000e+002
  1.3993800e+003  5.8800000e+002
  1.3999680e+003  5.8800000e+002
  1.4005560e+003  5.8800000e+002
  1.4011440e+003  5.8800000e+002
  1.4017320e+003  5.8800000e+002
  1.4023160e+003  5.8400000e+002
  1.4029040e+003  5.8800000e+002
  1.4034880e+003  5.8400000e+002
  1.4040720e+003  5.8400000e+002
  1.4045320e+003  4.6000000e+002
  1.4052360e+003  7.0400000e+002
  1.4058320e+003  5.9600000e+002
  1.4064200e+003  5.8800000e+002
  1.4070080e+003  5.8800000e+002
  1.4076000e+003  5.9200000e+002
  1.4080920e+003  4.9200000e+002
  1.4087640e+003  6.7200000e+002
  1.4093640e+003  6.0000000e+002
  1.4099520e+003  5.8800000e+002
  1.4105400e+003  5.8800000e+002
  1.4111280e+003  5.8800000e+002
  1.4117160e+003  5.8800000e+002
  1.4123040e+003  5.8800000e+002
  1.4128920e+003  5.8800000e+002
  1.4134840e+003  5.9200000e+002
  1.4140720e+003  5.8800000e+002
  1.4146560e+003  5.8400000e+002
  1.4152440e+003  5.8800000e+002
  1.4158320e+003  5.8800000e+002
  1.4164240e+003  5.9200000e+002
  1.4170120e+003  5.8800000e+002
  1.4176000e+003  5.8800000e+002
  1.4181880e+003  5.8800000e+002
  1.4187760e+003  5.8800000e+002
  1.4193680e+003  5.9200000e+002
  1.4199560e+003  5.8800000e+002
  1.4205440e+003  5.8800000e+002
  1.4211320e+003  5.8800000e+002
  1.4215760e+003  4.4400000e+002
  1.4222920e+003  7.1600000e+002
  1.4228960e+003  6.0400000e+002
  1.4234880e+003  5.9200000e+002
  1.4240760e+003  5.8800000e+002
  1.4246640e+003  5.8800000e+002
  1.4252480e+003  5.8400000e+002
  1.4258360e+003  5.8800000e+002
  1.4264200e+003  5.8400000e+002
  1.4270080e+003  5.8800000e+002
  1.4274560e+003  4.4800000e+002
  1.4281720e+003  7.1600000e+002
  1.4287760e+003  6.0400000e+002
  1.4293720e+003  5.9600000e+002
  1.4299760e+003  6.0400000e+002
  1.4305760e+003  6.0000000e+002
  1.4311760e+003  6.0000000e+002
  1.4317760e+003  6.0000000e+002
  1.4323800e+003  6.0400000e+002
  1.4329840e+003  6.0400000e+002
  1.4335880e+003  6.0400000e+002
  1.4341920e+003  6.0400000e+002
  1.4347880e+003  5.9600000e+002
  1.4353800e+003  5.9200000e+002
  1.4359720e+003  5.9200000e+002
  1.4365600e+003  5.8800000e+002
  1.4371520e+003  5.9200000e+002
  1.4377400e+003  5.8800000e+002
  1.4383320e+003  5.9200000e+002
  1.4389320e+003  6.0000000e+002
  1.4395280e+003  5.9600000e+002
  1.4401280e+003  6.0000000e+002
  1.4407240e+003  5.9600000e+002
  1.4413200e+003  5.9600000e+002
  1.4419080e+003  5.8800000e+002
  1.4425000e+003  5.9200000e+002
  1.4430920e+003  5.9200000e+002
  1.4436800e+003  5.8800000e+002
  1.4442760e+003  5.9600000e+002
  1.4448680e+003  5.9200000e+002
  1.4454640e+003  5.9600000e+002
  1.4460640e+003  6.0000000e+002
  1.4466640e+003  6.0000000e+002
  1.4472600e+003  5.9600000e+002
  1.4478560e+003  5.9600000e+002
  1.4484560e+003  6.0000000e+002
  1.4490480e+003  5.9200000e+002
  1.4496360e+003  5.8800000e+002
  1.4502280e+003  5.9200000e+002
  1.4508160e+003  5.8800000e+002
  1.4514080e+003  5.9200000e+002
  1.4520000e+003  5.9200000e+002
  1.4525920e+003  5.9200000e+002
  1.4531840e+003  5.9200000e+002
  1.4536080e+003  4.2400000e+002
  1.4544120e+003  8.0400000e+002
  1.4550600e+003  6.4800000e+002
  1.4557560e+003  6.9600000e+002
  1.4564280e+003  6.7200000e+002
  1.4571120e+003  6.8400000e+002
  1.4577720e+003  6.6000000e+002
  1.4584240e+003  6.5200000e+002
  1.4590920e+003  6.6800000e+002
  1.4597600e+003  6.6800000e+002
  1.4604320e+003  6.7200000e+002
  1.4610920e+003  6.6000000e+002
  1.4617440e+003  6.5200000e+002
  1.4623920e+003  6.4800000e+002
  1.4630320e+003  6.4000000e+002
  1.4636680e+003  6.3600000e+002
  1.4642920e+003  6.2400000e+002
  1.4649200e+003  6.2800000e+002
  1.4655400e+003  6.2000000e+002
  1.4661600e+003  6.2000000e+002
  1.4667760e+003  6.1600000e+002
  1.4673920e+003  6.1600000e+002
  1.4680040e+003  6.1200000e+002
  1.4686160e+003  6.1200000e+002
  1.4692240e+003  6.0800000e+002
  1.4698280e+003  6.0400000e+002
  1.4704320e+003  6.0400000e+002
  1.4710360e+003  6.0400000e+002
  1.4716320e+003  5.9600000e+002
  1.4722280e+003  5.9600000e+002
  1.4728240e+003  5.9600000e+002
  1.4734240e+003  6.0000000e+002
  1.4740280e+003  6.0400000e+002
  1.4746320e+003  6.0400000e+002
  1.4752400e+003  6.0800000e+002
  1.4758560e+003  6.1600000e+002
  1.4764880e+003  6.3200000e+002
  1.4771240e+003  6.3600000e+002
  1.4777560e+003  6.3200000e+002
  1.4783920e+003  6.3600000e+002
  1.4790200e+003  6.2800000e+002
  1.4795960e+003  5.7600000e+002
  1.4802520e+003  6.5600000e+002
  1.4808720e+003  6.2000000e+002
  1.4814840e+003  6.1200000e+002
  1.4820960e+003  6.1200000e+002
  1.4827040e+003  6.0800000e+002
  1.4831400e+003  4.3600000e+002
  1.4839040e+003  7.6400000e+002
  1.4845280e+003  6.2400000e+002
  1.4851480e+003  6.2000000e+002
  1.4857640e+003  6.1600000e+002
  1.4863800e+003  6.1600000e+002
  1.4869880e+003  6.0800000e+002
  1.4876000e+003  6.1200000e+002
  1.4882080e+003  6.0800000e+002
  1.4888080e+003  6.0000000e+002
  1.4894120e+003  6.0400000e+002
  1.4900080e+003  5.9600000e+002
  1.4906040e+003  5.9600000e+002
  1.4911960e+003  5.9200000e+002
  1.4917880e+003  5.9200000e+002
  1.4923800e+003  5.9200000e+002
  1.4929240e+003  5.4400000e+002
  1.4935520e+003  6.2800000e+002
  1.4941360e+003  5.8400000e+002
  1.4947200e+003  5.8400000e+002
  1.4953000e+003  5.8000000e+002
  1.4958800e+003  5.8000000e+002
  1.4964600e+003  5.8000000e+002
  1.4970420e+003  5.8200000e+002
  1.4976240e+003  5.8200000e+002
  1.4982120e+003  5.8800000e+002
  1.4987960e+003  5.8400000e+002
  1.4993880e+003  5.9200000e+002
  1.4999760e+003  5.8800000e+002
  1.5005640e+003  5.8800000e+002
  1.5011560e+003  5.9200000e+002
  1.5017440e+003  5.8800000e+002
  1.5023320e+003  5.8800000e+002
  1.5029200e+003  5.8800000e+002
  1.5035080e+003  5.8800000e+002
  1.5039640e+003  4.5600000e+002
  1.5046680e+003  7.0400000e+002
  1.5052640e+003  5.9600000e+002
  1.5058600e+003  5.9600000e+002
  1.5064520e+003  5.9200000e+002
  1.5069120e+003  4.6000000e+002
  1.5076040e+003  6.9200000e+002
  1.5082080e+003  6.0400000e+002
  1.5088080e+003  6.0000000e+002
  1.5094120e+003  6.0400000e+002
  1.5100120e+003  6.0000000e+002
  1.5106120e+003  6.0000000e+002
  1.5112080e+003  5.9600000e+002
  1.5118040e+003  5.9600000e+002
  1.5124000e+003  5.9600000e+002
  1.5129920e+003  5.9200000e+002
  1.5135840e+003  5.9200000e+002
  1.5141720e+003  5.8800000e+002
  1.5147560e+003  5.8400000e+002
  1.5153400e+003  5.8400000e+002
  1.5159160e+003  5.7600000e+002
  1.5165000e+003  5.8400000e+002
  1.5170880e+003  5.8800000e+002
  1.5176760e+003  5.8800000e+002
  1.5182640e+003  5.8800000e+002
  1.5188480e+003  5.8400000e+002
  1.5194320e+003  5.8400000e+002
  1.5200160e+003  5.8400000e+002
  1.5205920e+003  5.7600000e+002
  1.5211680e+003  5.7600000e+002
  1.5217480e+003  5.8000000e+002
  1.5223280e+003  5.8000000e+002
  1.5229000e+003  5.7200000e+002
  1.5234760e+003  5.7600000e+002
  1.5240520e+003  5.7600000e+002
  1.5246240e+003  5.7200000e+002
  1.5251920e+003  5.6800000e+002
  1.5257640e+003  5.7200000e+002
  1.5263360e+003  5.7200000e+002
  1.5269040e+003  5.6800000e+002
  1.5274760e+003  5.7200000e+002
  1.5280480e+003  5.7200000e+002
  1.5286160e+003  5.6800000e+002
  1.5291840e+003  5.6800000e+002
  1.5297480e+003  5.6400000e+002
  1.5303160e+003  5.6800000e+002
  1.5308880e+003  5.7200000e+002
  1.5314520e+003  5.6400000e+002
  1.5320160e+003  5.6400000e+002
  1.5325840e+003  5.6800000e+002
  1.5331560e+003  5.7200000e+002
  1.5337200e+003  5.6400000e+002
  1.5342840e+003  5.6400000e+002
  1.5348560e+003  5.7200000e+002
  1.5354240e+003  5.6800000e+002
  1.5359920e+003  5.6800000e+002
  1.5365600e+003  5.6800000e+002
  1.5371280e+003  5.6800000e+002
  1.5376920e+003  5.6400000e+002
  1.5382560e+003  5.6400000e+002
  1.5388240e+003  5.6800000e+002
  1.5393960e+003  5.7200000e+002
  1.5399640e+003  5.6800000e+002
  1.5405320e+003  5.6800000e+002
  1.5410960e+003  5.6400000e+002
  1.5416680e+003  5.7200000e+002
  1.5422440e+003  5.7600000e+002
  1.5428160e+003  5.7200000e+002
  1.5433840e+003  5.6800000e+002
  1.5439520e+003  5.6800000e+002
  1.5444960e+003  5.4400000e+002
  1.5451000e+003  6.0400000e+002
  1.5456800e+003  5.8000000e+002
  1.5462520e+003  5.7200000e+002
  1.5468240e+003  5.7200000e+002
  1.5474000e+003  5.7600000e+002
  1.5479760e+003  5.7600000e+002
  1.5485520e+003  5.7600000e+002
  1.5491320e+003  5.8000000e+002
  1.5497080e+003  5.7600000e+002
  1.5502840e+003  5.7600000e+002
  1.5508560e+003  5.7200000e+002
  1.5514360e+003  5.8000000e+002
  1.5520160e+003  5.8000000e+002
  1.5526000e+003  5.8400000e+002
  1.5531840e+003  5.8400000e+002
  1.5537720e+003  5.8800000e+002
  1.5543560e+003  5.8400000e+002
  1.5549440e+003  5.8800000e+002
  1.5554240e+003  4.8000000e+002
  1.5560880e+003  6.6400000e+002
  1.5566800e+003  5.9200000e+002
  1.5572760e+003  5.9600000e+002
  1.5578720e+003  5.9600000e+002
  1.5584760e+003  6.0400000e+002
  1.5590800e+003  6.0400000e+002
  1.5596800e+003  6.0000000e+002
  1.5602800e+003  6.0000000e+002
  1.5608760e+003  5.9600000e+002
  1.5614720e+003  5.9600000e+002
  1.5620640e+003  5.9200000e+002
  1.5626520e+003  5.8800000e+002
  1.5632360e+003  5.8400000e+002
  1.5638200e+003  5.8400000e+002
  1.5644000e+003  5.8000000e+002
  1.5649800e+003  5.8000000e+002
  1.5655600e+003  5.8000000e+002
  1.5661360e+003  5.7600000e+002
  1.5667120e+003  5.7600000e+002
  1.5672880e+003  5.7600000e+002
  1.5678600e+003  5.7200000e+002
  1.5684360e+003  5.7600000e+002
  1.5690080e+003  5.7200000e+002
  1.5695800e+003  5.7200000e+002
  1.5701120e+003  5.3200000e+002
  1.5707280e+003  6.1600000e+002
  1.5713000e+003  5.7200000e+002
  1.5718720e+003  5.7200000e+002
  1.5724440e+003  5.7200000e+002
  1.5730200e+003  5.7600000e+002
  1.5735920e+003  5.7200000e+002
  1.5741640e+003  5.7200000e+002
  1.5747400e+003  5.7600000e+002
  1.5753080e+003  5.6800000e+002
  1.5758760e+003  5.6800000e+002
  1.5764520e+003  5.7600000e+002
  1.5770240e+003  5.7200000e+002
  1.5775920e+003  5.6800000e+002
  1.5781640e+003  5.7200000e+002
  1.5787360e+003  5.7200000e+002
  1.5793120e+003  5.7600000e+002
  1.5798800e+003  5.6800000e+002
  1.5804480e+003  5.6800000e+002
  1.5810240e+003  5.7600000e+002
  1.5814920e+003  4.6800000e+002
  1.5821600e+003  6.6800000e+002
  1.5827400e+003  5.8000000e+002
  1.5833120e+003  5.7200000e+002
  1.5838840e+003  5.7200000e+002
  1.5844520e+003  5.6800000e+002
  1.5850280e+003  5.7600000e+002
  1.5856000e+003  5.7200000e+002
  1.5861720e+003  5.7200000e+002
  1.5866080e+003  4.3600000e+002
  1.5873080e+003  7.0000000e+002
  1.5878960e+003  5.8800000e+002
  1.5884720e+003  5.7600000e+002
  1.5890440e+003  5.7200000e+002
  1.5896200e+003  5.7600000e+002
  1.5901960e+003  5.7600000e+002
  1.5907640e+003  5.6800000e+002
  1.5913360e+003  5.7200000e+002
  1.5917880e+003  4.5200000e+002
  1.5924560e+003  6.6800000e+002
  1.5930360e+003  5.8000000e+002
  1.5936080e+003  5.7200000e+002
  1.5941800e+003  5.7200000e+002
  1.5947520e+003  5.7200000e+002
  1.5953280e+003  5.7600000e+002
  1.5959040e+003  5.7600000e+002
  1.5964760e+003  5.7200000e+002
  1.5970480e+003  5.7200000e+002
  1.5975280e+003  4.8000000e+002
  1.5981800e+003  6.5200000e+002
  1.5987560e+003  5.7600000e+002
  1.5993280e+003  5.7200000e+002
  1.5999040e+003  5.7600000e+002
  1.6004800e+003  5.7600000e+002
  1.6010560e+003  5.7600000e+002
  1.6016280e+003  5.7200000e+002
  1.6022040e+003  5.7600000e+002
  1.6027800e+003  5.7600000e+002
  1.6033520e+003  5.7200000e+002
  1.6039280e+003  5.7600000e+002
  1.6045040e+003  5.7600000e+002
  1.6050840e+003  5.8000000e+002
  1.6056600e+003  5.7600000e+002
  1.6062360e+003  5.7600000e+002
  1.6068160e+003  5.8000000e+002
  1.6073960e+003  5.8000000e+002
  1.6079760e+003  5.8000000e+002
  1.6085520e+003  5.7600000e+002
  1.6091320e+003  5.8000000e+002
  1.6097160e+003  5.8400000e+002
  1.6102920e+003  5.7600000e+002
  1.6108680e+003  5.7600000e+002
  1.6114440e+003  5.7600000e+002
  1.6120280e+003  5.8400000e+002
  1.6126120e+003  5.8400000e+002
  1.6131880e+003  5.7600000e+002
  1.6137640e+003  5.7600000e+002
  1.6143440e+003  5.8000000e+002
  1.6147160e+003  3.7200000e+002
  1.6154320e+003  7.1600000e+002
  1.6160320e+003  6.0000000e+002
  1.6166200e+003  5.8800000e+002
  1.6172080e+003  5.8800000e+002
  1.6177920e+003  5.8400000e+002
  1.6183720e+003  5.8000000e+002
  1.6189520e+003  5.8000000e+002
  1.6195320e+003  5.8000000e+002
  1.6201160e+003  5.8400000e+002
  1.6207000e+003  5.8400000e+002
  1.6212840e+003  5.8400000e+002
  1.6218640e+003  5.8000000e+002
  1.6224440e+003  5.8000000e+002
  1.6229200e+003  4.7600000e+002
  1.6236120e+003  6.9200000e+002
  1.6242000e+003  5.8800000e+002
  1.6247840e+003  5.8400000e+002
  1.6253720e+003  5.8800000e+002
  1.6259560e+003  5.8400000e+002
  1.6265440e+003  5.8800000e+002
  1.6270280e+003  4.8400000e+002
  1.6276960e+003  6.6800000e+002
  1.6282840e+003  5.8800000e+002
  1.6288720e+003  5.8800000e+002
  1.6294640e+003  5.9200000e+002
  1.6300520e+003  5.8800000e+002
  1.6306360e+003  5.8400000e+002
  1.6312200e+003  5.8400000e+002
  1.6318040e+003  5.8400000e+002
  1.6323960e+003  5.9200000e+002
  1.6329840e+003  5.8800000e+002
  1.6335680e+003  5.8400000e+002
  1.6341560e+003  5.8800000e+002
  1.6347440e+003  5.8800000e+002
  1.6353280e+003  5.8400000e+002
  1.6359160e+003  5.8800000e+002
  1.6364960e+003  5.8000000e+002
  1.6370760e+003  5.8000000e+002
  1.6376640e+003  5.8800000e+002
  1.6382520e+003  5.8800000e+002
  1.6388360e+003  5.8400000e+002
  1.6394160e+003  5.8000000e+002
  1.6400000e+003  5.8400000e+002
  1.6405840e+003  5.8400000e+002
  1.6411720e+003  5.8800000e+002
  1.6417560e+003  5.8400000e+002
  1.6423360e+003  5.8000000e+002
  1.6429200e+003  5.8400000e+002
  1.6435040e+003  5.8400000e+002
  1.6440920e+003  5.8800000e+002
  1.6446720e+003  5.8000000e+002
  1.6452560e+003  5.8400000e+002
  1.6458400e+003  5.8400000e+002
  1.6464280e+003  5.8800000e+002
  1.6470120e+003  5.8400000e+002
  1.6476000e+003  5.8800000e+002
  1.6481800e+003  5.8000000e+002
  1.6487600e+003  5.8000000e+002
  1.6493480e+003  5.8800000e+002
  1.6499360e+003  5.8800000e+002
  1.6505160e+003  5.8000000e+002
  1.6511000e+003  5.8400000e+002
  1.6516880e+003  5.8800000e+002
  1.6522720e+003  5.8400000e+002
  1.6528600e+003  5.8800000e+002
  1.6534440e+003  5.8400000e+002
  1.6540280e+003  5.8400000e+002
  1.6546200e+003  5.9200000e+002
  1.6552120e+003  5.9200000e+002
  1.6558080e+003  5.9600000e+002
  1.6564040e+003  5.9600000e+002
  1.6570040e+003  6.0000000e+002
  1.6576000e+003  5.9600000e+002
  1.6582040e+003  6.0400000e+002
  1.6588040e+003  6.0000000e+002
  1.6594080e+003  6.0400000e+002
  1.6600040e+003  5.9600000e+002
  1.6605960e+003  5.9200000e+002
  1.6611920e+003  5.9600000e+002
  1.6617880e+003  5.9600000e+002
  1.6623840e+003  5.9600000e+002
  1.6629760e+003  5.9200000e+002
  1.6635680e+003  5.9200000e+002
  1.6641640e+003  5.9600000e+002
  1.6647600e+003  5.9600000e+002
  1.6653520e+003  5.9200000e+002
  1.6658240e+003  4.7200000e+002
  1.6665440e+003  7.2000000e+002
  1.6671400e+003  5.9600000e+002
  1.6677320e+003  5.9200000e+002
  1.6683240e+003  5.9200000e+002
  1.6689200e+003  5.9600000e+002
  1.6695120e+003  5.9200000e+002
  1.6700960e+003  5.8400000e+002
  1.6706840e+003  5.8800000e+002
  1.6712800e+003  5.9600000e+002
  1.6718720e+003  5.9200000e+002
  1.6724600e+003  5.8800000e+002
  1.6730480e+003  5.8800000e+002
  1.6736320e+003  5.8400000e+002
  1.6742240e+003  5.9200000e+002
  1.6748120e+003  5.8800000e+002
  1.6754040e+003  5.9200000e+002
  1.6759920e+003  5.8800000e+002
  1.6765880e+003  5.9600000e+002
  1.6770560e+003  4.6800000e+002
  1.6778000e+003  7.4400000e+002
  1.6784440e+003  6.4400000e+002
  1.6790800e+003  6.3600000e+002
  1.6797160e+003  6.3600000e+002
  1.6803480e+003  6.3200000e+002
  1.6809680e+003  6.2000000e+002
  1.6815880e+003  6.2000000e+002
  1.6822080e+003  6.2000000e+002
  1.6828240e+003  6.1600000e+002
  1.6834480e+003  6.2400000e+002
  1.6840680e+003  6.2000000e+002
  1.6846840e+003  6.1600000e+002
  1.6853000e+003  6.1600000e+002
  1.6859120e+003  6.1200000e+002
  1.6865200e+003  6.0800000e+002
  1.6871240e+003  6.0400000e+002
  1.6877240e+003  6.0000000e+002
  1.6883200e+003  5.9600000e+002
  1.6889160e+003  5.9600000e+002
  1.6895080e+003  5.9200000e+002
  1.6900960e+003  5.8800000e+002
  1.6906840e+003  5.8800000e+002
  1.6912720e+003  5.8800000e+002
  1.6918560e+003  5.8400000e+002
  1.6924360e+003  5.8000000e+002
  1.6930120e+003  5.7600000e+002
  1.6935920e+003  5.8000000e+002
  1.6941760e+003  5.8400000e+002
  1.6947560e+003  5.8000000e+002
  1.6953320e+003  5.7600000e+002
  1.6959080e+003  5.7600000e+002
  1.6964880e+003  5.8000000e+002
  1.6970720e+003  5.8400000e+002
  1.6976520e+003  5.8000000e+002
  1.6982320e+003  5.8000000e+002
  1.6988080e+003  5.7600000e+002
  1.6993880e+003  5.8000000e+002
  1.6999680e+003  5.8000000e+002
  1.7005520e+003  5.8400000e+002
  1.7009760e+003  4.2400000e+002
  1.7017000e+003  7.2400000e+002
  1.7023000e+003  6.0000000e+002
  1.7028840e+003  5.8400000e+002
  1.7034760e+003  5.9200000e+002
  1.7040640e+003  5.8800000e+002
  1.7045200e+003  4.5600000e+002
  1.7052200e+003  7.0000000e+002
  1.7058200e+003  6.0000000e+002
  1.7064120e+003  5.9200000e+002
  1.7070040e+003  5.9200000e+002
  1.7075920e+003  5.8800000e+002
  1.7081800e+003  5.8800000e+002
  1.7087640e+003  5.8400000e+002
  1.7093520e+003  5.8800000e+002
  1.7099440e+003  5.9200000e+002
  1.7105400e+003  5.9600000e+002
  1.7111320e+003  5.9200000e+002
  1.7117200e+003  5.8800000e+002
  1.7123080e+003  5.8800000e+002
  1.7127480e+003  4.4000000e+002
  1.7134920e+003  7.4400000e+002
  1.7141040e+003  6.1200000e+002
  1.7146960e+003  5.9200000e+002
  1.7152880e+003  5.9200000e+002
  1.7158760e+003  5.8800000e+002
  1.7164720e+003  5.9600000e+002
  1.7170640e+003  5.9200000e+002
  1.7176520e+003  5.8800000e+002
  1.7182360e+003  5.8400000e+002
  1.7188240e+003  5.8800000e+002
  1.7194080e+003  5.8400000e+002
  1.7198720e+003  4.6400000e+002
  1.7205720e+003  7.0000000e+002
  1.7211640e+003  5.9200000e+002
  1.7217560e+003  5.9200000e+002
  1.7223440e+003  5.8800000e+002
  1.7229360e+003  5.9200000e+002
  1.7235240e+003  5.8800000e+002
  1.7241120e+003  5.8800000e+002
  1.7246960e+003  5.8400000e+002
  1.7252840e+003  5.8800000e+002
  1.7258720e+003  5.8800000e+002
  1.7264640e+003  5.9200000e+002
  1.7270520e+003  5.8800000e+002
  1.7276400e+003  5.8800000e+002
  1.7282280e+003  5.8800000e+002
  1.7288200e+003  5.9200000e+002
  1.7294120e+003  5.9200000e+002
  1.7300040e+003  5.9200000e+002
  1.7305960e+003  5.9200000e+002
  1.7311840e+003  5.8800000e+002
  1.7317760e+003  5.9200000e+002
  1.7323680e+003  5.9200000e+002
  1.7329640e+003  5.9600000e+002
  1.7335560e+003  5.9200000e+002
  1.7341480e+003  5.9200000e+002
  1.7347400e+003  5.9200000e+002
  1.7353320e+003  5.9200000e+002
  1.7359280e+003  5.9600000e+002
  1.7365240e+003  5.9600000e+002
  1.7371160e+003  5.9200000e+002
  1.7377080e+003  5.9200000e+002
  1.7380440e+003  3.3600000e+002
  1.7387600e+003  7.1600000e+002
  1.7393920e+003  6.3200000e+002
  1.7399960e+003  6.0400000e+002
  1.7405920e+003  5.9600000e+002
  1.7411880e+003  5.9600000e+002
  1.7417800e+003  5.9200000e+002
  1.7423760e+003  5.9600000e+002
  1.7429640e+003  5.8800000e+002
  1.7435520e+003  5.8800000e+002
  1.7441440e+003  5.9200000e+002
  1.7447360e+003  5.9200000e+002
  1.7453280e+003  5.9200000e+002
  1.7459160e+003  5.8800000e+002
  1.7465040e+003  5.8800000e+002
  1.7470960e+003  5.9200000e+002
  1.7476840e+003  5.8800000e+002
  1.7482760e+003  5.9200000e+002
  1.7488640e+003  5.8800000e+002
  1.7494520e+003  5.8800000e+002
  1.7500360e+003  5.8400000e+002
  1.7506200e+003  5.8400000e+002
  1.7512080e+003  5.8800000e+002
  1.7517920e+003  5.8400000e+002
  1.7523800e+003  5.8800000e+002
  1.7529640e+003  5.8400000e+002
  1.7535480e+003  5.8400000e+002
  1.7541320e+003  5.8400000e+002
  1.7547200e+003  5.8800000e+002
  1.7553080e+003  5.8800000e+002
  1.7558920e+003  5.8400000e+002
  1.7564800e+003  5.8800000e+002
  1.7570680e+003  5.8800000e+002
  1.7576520e+003  5.8400000e+002
  1.7582400e+003  5.8800000e+002
  1.7588320e+003  5.9200000e+002
  1.7594240e+003  5.9200000e+002
  1.7600160e+003  5.9200000e+002
  1.7606080e+003  5.9200000e+002
  1.7612000e+003  5.9200000e+002
  1.7617920e+003  5.9200000e+002
  1.7623800e+003  5.8800000e+002
  1.7629760e+003  5.9600000e+002
  1.7635680e+003  5.9200000e+002
  1.7641600e+003  5.9200000e+002
  1.7647520e+003  5.9200000e+002
  1.7653440e+003  5.9200000e+002
  1.7659360e+003  5.9200000e+002
  1.7665320e+003  5.9600000e+002
  1.7671280e+003  5.9600000e+002
  1.7677200e+003  5.9200000e+002
  1.7683160e+003  5.9600000e+002
  1.7689080e+003  5.9200000e+002
  1.7695040e+003  5.9600000e+002
  1.7701040e+003  6.0000000e+002
  1.7707040e+003  6.0000000e+002
  1.7713000e+003  5.9600000e+002
  1.7719000e+003  6.0000000e+002
  1.7725000e+003  6.0000000e+002
  1.7731000e+003  6.0000000e+002
  1.7737040e+003  6.0400000e+002
  1.7743080e+003  6.0400000e+002
  1.7749040e+003  5.9600000e+002
  1.7755040e+003  6.0000000e+002
  1.7761040e+003  6.0000000e+002
  1.7767040e+003  6.0000000e+002
  1.7773080e+003  6.0400000e+002
  1.7779080e+003  6.0000000e+002
  1.7785040e+003  5.9600000e+002
  1.7791000e+003  5.9600000e+002
  1.7796960e+003  5.9600000e+002
  1.7802960e+003  6.0000000e+002
  1.7808920e+003  5.9600000e+002
  1.7814840e+003  5.9200000e+002
  1.7820760e+003  5.9200000e+002
  1.7826680e+003  5.9200000e+002
  1.7832600e+003  5.9200000e+002
  1.7838480e+003  5.8800000e+002
  1.7844360e+003  5.8800000e+002
  1.7850240e+003  5.8800000e+002
  1.7856200e+003  5.9600000e+002
  1.7859960e+003  3.7600000e+002
  1.7867200e+003  7.2400000e+002
  1.7873320e+003  6.1200000e+002
  1.7879280e+003  5.9600000e+002
  1.7885240e+003  5.9600000e+002
  1.7891200e+003  5.9600000e+002
  1.7895360e+003  4.1600000e+002
  1.7902640e+003  7.2800000e+002
  1.7908840e+003  6.2000000e+002
  1.7914840e+003  6.0000000e+002
  1.7920720e+003  5.8800000e+002
  1.7926600e+003  5.8800000e+002
  1.7932560e+003  5.9600000e+002
  1.7938480e+003  5.9200000e+002
  1.7944400e+003  5.9200000e+002
  1.7950280e+003  5.8800000e+002
  1.7956160e+003  5.8800000e+002
  1.7962040e+003  5.8800000e+002
  1.7967960e+003  5.9200000e+002
  1.7973920e+003  5.9600000e+002
  1.7979840e+003  5.9200000e+002
