4.972000	3.660000
8.196000	3.224000
11.620000	3.424000
14.544000	2.924000
17.556000	3.012000
21.180000	3.624001
26.788000	5.608000
31.128000	4.340000
35.015999	3.887999
38.243999	3.228001
41.568001	3.324001
43.504002	1.936001
47.023998	3.519997
50.063999	3.040001
53.299999	3.236000
57.063999	3.764000
61.183998	4.119999
65.008003	3.824005
68.192001	3.183998
71.508003	3.316002
74.384003	2.875999
77.800003	3.416000
80.872002	3.071999
83.867996	2.995995
87.031998	3.164001
89.991997	2.959999
92.839996	2.848000
95.736000	2.896004
98.599998	2.863998
102.288002	3.688004
105.851997	3.563995
108.835999	2.984001
112.639999	3.804001
116.264000	3.624001
120.059998	3.795998
121.024002	0.964005
123.519997	2.495995
126.487999	2.968002
129.348007	2.860008
132.867996	3.519989
136.764008	3.896011
140.447998	3.683990
143.916000	3.468002
147.283997	3.367996
150.496002	3.212006
153.671997	3.175995
156.684006	3.012009
160.192001	3.507996
163.171997	2.979996
165.968002	2.796005
168.927994	2.959991
171.832001	2.904007
174.679993	2.847992
177.660004	2.980011
180.496002	2.835999
183.636002	3.139999
187.283997	3.647995
190.796005	3.512009
194.003998	3.207993
197.112000	3.108002
200.264008	3.152008
203.360001	3.095993
206.419998	3.059998
209.647995	3.227997
213.072006	3.424011
216.447998	3.375992
220.171997	3.723999
223.408005	3.236008
226.856003	3.447998
230.503998	3.647995
234.223999	3.720001
237.151993	2.927994
240.028000	2.876007
242.972000	2.944000
245.360001	2.388000
247.779999	2.419998
250.563995	2.783997
252.860001	2.296005
254.240005	1.380005
257.096008	2.856003
260.256012	3.160004
263.528015	3.272003
266.955994	3.427979
270.384003	3.428009
273.832001	3.447998
276.731995	2.899994
279.575989	2.843994
282.212006	2.636017
284.880005	2.667999
287.640015	2.760010
290.519989	2.879974
293.123993	2.604004
295.936005	2.812012
298.683990	2.747986
301.447998	2.764008
304.200012	2.752014
306.976013	2.776001
309.772003	2.795990
312.708008	2.936005
315.411987	2.703979
318.015991	2.604004
320.723999	2.708008
323.548004	2.824005
326.328003	2.779999
328.996002	2.667999
332.015991	3.019989
335.612000	3.596008
339.048004	3.436005
342.556000	3.507996
345.144012	2.588013
347.884003	2.739990
351.063995	3.179993
354.467987	3.403992
357.839996	3.372009
361.092010	3.252014
364.492004	3.399994
367.648010	3.156006
370.967987	3.319977
374.040009	3.072021
377.287994	3.247986
380.940002	3.652008
384.164001	3.223999
387.152008	2.988007
390.131989	2.979980
393.011993	2.880005
396.036011	3.024017
399.040009	3.003998
401.915985	2.875977
404.612000	2.696014
407.332001	2.720001
410.032013	2.700012
412.723999	2.691986
415.272003	2.548004
417.872009	2.600006
420.480011	2.608002
423.208008	2.727997
425.799988	2.591980
428.484009	2.684021
431.104004	2.619995
433.832001	2.727997
436.708008	2.876007
439.411987	2.703979
442.028015	2.616028
444.604004	2.575989
447.191986	2.587982
449.824005	2.632019
452.536011	2.712006
455.683990	3.147980
458.855988	3.171997
461.944000	3.088013
464.791992	2.847992
467.588013	2.796021
470.824005	3.235992
474.104004	3.279999
477.532013	3.428009
481.119995	3.587982
484.044006	2.924011
487.264008	3.220001
490.708008	3.444000
494.187988	3.479980
497.604004	3.416016
501.291992	3.687988
505.112000	3.820007
508.463989	3.351990
511.556000	3.092010
514.476013	2.920013
517.340027	2.864014
520.223999	2.883972
523.067993	2.843994
525.976013	2.908020
528.895996	2.919983
532.099976	3.203979
534.867981	2.768005
537.607971	2.739990
540.656006	3.048035
543.607971	2.951965
546.419983	2.812012
549.255981	2.835999
552.127991	2.872009
554.952026	2.824036
557.744019	2.791992
560.395996	2.651978
563.599976	3.203979
567.116028	3.516052
568.840027	1.723999
570.880005	2.039978
574.119995	3.239990
577.356018	3.236023
580.783997	3.427979
583.984009	3.200012
587.443970	3.459961
590.783997	3.340027
593.843994	3.059998
598.788025	4.944031
601.828003	3.039978
604.872009	3.044006
607.796021	2.924011
611.164001	3.367981
614.492004	3.328003
617.739990	3.247986
620.960022	3.220032
624.192017	3.231995
627.539978	3.347961
630.692017	3.152039
634.015991	3.323975
637.244019	3.228027
640.179993	2.935974
643.052002	2.872009
646.219971	3.167969
649.020020	2.800049
651.331970	2.311951
653.263977	1.932007
657.276001	4.012024
661.359985	4.083984
665.216003	3.856018
668.495972	3.279968
671.908020	3.412048
675.679993	3.771973
679.039978	3.359985
682.088013	3.048035
685.112000	3.023987
688.039978	2.927979
691.168030	3.128052
694.112000	2.943970
697.067993	2.955994
700.119995	3.052002
703.171997	3.052002
706.315979	3.143982
709.359985	3.044006
712.312012	2.952026
715.271973	2.959961
718.299988	3.028015
721.239990	2.940002
723.492004	2.252014
726.192017	2.700012
728.940002	2.747986
733.859985	4.919983
736.632019	2.772034
739.528015	2.895996
742.523987	2.995972
745.299988	2.776001
748.280029	2.980042
751.572021	3.291992
754.208008	2.635986
756.908020	2.700012
759.599976	2.691956
762.252014	2.652039
764.960022	2.708008
767.736023	2.776001
770.359985	2.623962
772.960022	2.600037
775.476013	2.515991
777.695984	2.219971
780.851990	3.156006
783.872009	3.020020
785.664001	1.791992
788.892029	3.228027
792.119995	3.227966
795.888000	3.768005
799.716003	3.828003
803.184021	3.468018
806.159973	2.975952
808.823975	2.664001
811.239990	2.416016
813.807983	2.567993
816.364014	2.556030
818.960022	2.596008
821.403992	2.443970
823.807983	2.403992
826.331970	2.523987
828.728027	2.396057
832.127991	3.399963
835.424011	3.296021
838.307983	2.883972
840.888000	2.580017
843.468018	2.580017
846.075989	2.607971
848.676025	2.600037
851.080017	2.403992
853.659973	2.579956
856.164001	2.504028
858.591980	2.427979
861.075989	2.484009
864.124023	3.048035
867.099976	2.975952
870.468018	3.368042
873.247986	2.779968
876.424011	3.176025
880.208008	3.783997
883.872009	3.664001
887.156006	3.283997
890.888000	3.731995
894.607971	3.719971
897.856018	3.248047
901.036011	3.179993
904.156006	3.119995
906.932007	2.776001
909.739990	2.807983
912.340027	2.600037
915.187988	2.847961
917.731995	2.544006
920.216003	2.484009
922.755981	2.539978
925.184021	2.428040
928.291992	3.107971
930.435974	2.143982
932.856018	2.420044
935.296021	2.440002
937.927979	2.631958
940.388000	2.460022
942.668030	2.280029
945.140015	2.471985
947.736023	2.596008
950.023987	2.287964
952.320007	2.296021
954.848022	2.528015
957.640015	2.791992
960.731995	3.091980
964.020020	3.288025
967.359985	3.339966
970.463989	3.104004
973.668030	3.204041
976.607971	2.939941
979.495972	2.888000
982.340027	2.844055
984.976013	2.635986
987.624023	2.648010
990.171997	2.547974
993.856018	3.684021
997.148010	3.291992
1000.411987	3.263977
1003.572021	3.160034
1006.684021	3.112000
1009.731995	3.047974
1012.635986	2.903992
1015.588013	2.952026
1018.255981	2.667969
1021.031982	2.776001
1023.908020	2.876038
1026.667969	2.759949
1029.343994	2.676025
1032.167969	2.823975
1035.339966	3.171997
1038.796021	3.456055
1042.008057	3.212036
1045.583984	3.575928
1049.540039	3.956055
1053.676025	4.135986
1056.604004	2.927979
1059.592041	2.988037
1062.543945	2.951904
1065.420044	2.876099
1068.920044	3.500000
1072.456055	3.536011
1075.732056	3.276001
1079.203979	3.471924
1082.583984	3.380005
1085.635986	3.052002
1088.176025	2.540039
1090.920044	2.744019
1093.764038	2.843994
1096.595947	2.831909
1099.456055	2.860107
1102.255981	2.799927
1105.036011	2.780029
1107.780029	2.744019
1110.348022	2.567993
1112.923950	2.575928
1115.567993	2.644043
1118.151978	2.583984
1120.975952	2.823975
1123.696045	2.720093
1126.339966	2.643921
1128.959961	2.619995
1131.748047	2.788086
1134.640015	2.891968
1137.359985	2.719971
1140.008057	2.648071
1142.663940	2.655884
1145.411987	2.748047
1148.040039	2.628052
1150.619995	2.579956
1153.267944	2.647949
1156.067993	2.800049
1158.868042	2.800049
1161.567993	2.699951
1164.287964	2.719971
1167.056030	2.768066
1169.771973	2.715942
1172.296021	2.524048
1173.151978	0.855957
1175.504028	2.352051
1178.583984	3.079956
1182.000000	3.416016
1185.380005	3.380005
1188.520020	3.140015
1191.543945	3.023926
1194.563965	3.020020
1197.427979	2.864014
1200.604004	3.176025
1203.932007	3.328003
1206.812012	2.880005
1209.776001	2.963989
1212.719971	2.943970
1215.196045	2.476074
1218.040039	2.843994
1220.776001	2.735962
1223.531982	2.755981
1226.131958	2.599976
1228.900024	2.768066
1231.852051	2.952026
1234.699951	2.847900
1237.592041	2.892090
1240.339966	2.747925
1243.196045	2.856079
1246.043945	2.847900
1248.880005	2.836060
1251.531982	2.651978
1254.504028	2.972046
1257.364014	2.859985
1260.067993	2.703979
1262.524048	2.456055
1265.911987	3.387939
1267.228027	1.316040
1269.895996	2.667969
1271.192017	1.296021
1274.063965	2.871948
1277.319946	3.255981
1280.904053	3.584106
1284.380005	3.475952
1287.407959	3.027954
1290.343994	2.936035
1293.255981	2.911987
1296.203979	2.947998
1299.196045	2.992065
1302.420044	3.223999
1305.380005	2.959961
1308.244019	2.864014
1311.119995	2.875977
1313.855957	2.735962
1316.680054	2.824097
1319.384033	2.703979
1322.040039	2.656006
1324.660034	2.619995
1327.323975	2.663940
1330.047974	2.723999
1332.628052	2.580078
1335.115967	2.487915
1337.776001	2.660034
1340.640015	2.864014
1343.219971	2.579956
1345.891968	2.671997
1348.583984	2.692017
1351.276001	2.692017
1354.131958	2.855957
1356.939941	2.807983
1359.511963	2.572021
1362.156006	2.644043
1364.764038	2.608032
1367.567993	2.803955
1370.343994	2.776001
1373.235962	2.891968
1375.975952	2.739990
1378.843994	2.868042
1381.640015	2.796021
1384.223999	2.583984
1386.715942	2.491943
1389.479980	2.764038
1392.515991	3.036011
1395.819946	3.303955
1398.671997	2.852051
1401.264038	2.592041
1404.395996	3.131958
1407.192017	2.796021
1409.907959	2.715942
1412.472046	2.564087
1415.303955	2.831909
1418.099976	2.796021
1420.760010	2.660034
1423.355957	2.595947
1425.988037	2.632080
1428.864014	2.875977
1431.988037	3.124023
1434.884033	2.895996
1437.880005	2.995972
1440.640015	2.760010
1444.380005	3.739990
1447.920044	3.540039
1451.443970	3.523926
1454.391968	2.947998
1457.656006	3.264038
1460.956055	3.300049
1464.180054	3.223999
1467.739990	3.559937
1473.079956	5.339966
1476.371948	3.291992
1478.927979	2.556030
1481.543945	2.615967
1484.552002	3.008057
1487.407959	2.855957
1493.592041	6.184082
1498.011963	4.419922
1501.287964	3.276001
1503.864014	2.576050
1505.735962	1.871948
1506.855957	1.119995
1510.599976	3.744019
1513.787964	3.187988
1516.887939	3.099976
1519.456055	2.568115
1521.787964	2.331909
1524.303955	2.515991
1526.420044	2.116089
1528.760010	2.339966
1531.271973	2.511963
1533.732056	2.460083
1536.196045	2.463989
1537.739990	1.543945
1539.832031	2.092041
1542.703979	2.871948
1545.864014	3.160034
1548.491943	2.627930
1550.723999	2.232056
1552.163940	1.439941
1554.531982	2.368042
1557.115967	2.583984
1562.067993	4.952026
1565.936035	3.868042
1569.067993	3.131958
1572.024048	2.956055
1575.135986	3.111938
1578.583984	3.447998
1582.160034	3.576050
1585.656006	3.495972
1589.052002	3.395996
1592.452026	3.400024
1595.463989	3.011963
1598.651978	3.187988
1601.495972	2.843994
1604.199951	2.703979
1607.683960	3.484009
1611.060059	3.376099
1614.423950	3.363892
1617.468018	3.044067
1620.995972	3.527954
1623.183960	2.187988
1624.956055	1.772095
1628.067993	3.111938
1629.339966	1.271973
1632.280029	2.940063
1633.355957	1.075928
1636.359985	3.004028
1639.140015	2.780029
1642.364014	3.223999
1645.488037	3.124023
1648.868042	3.380005
1651.975952	3.107910
1654.712036	2.736084
1658.067993	3.355957
1661.271973	3.203979
1664.291992	3.020020
1668.560059	4.268066
1672.543945	3.983887
1676.635986	4.092041
1680.884033	4.248047
1684.524048	3.640015
1687.719971	3.195923
1690.599976	2.880005
1693.640015	3.040039
1696.599976	2.959961
1698.615967	2.015991
1702.687988	4.072021
1706.171997	3.484009
1708.884033	2.712036
1711.543945	2.659912
1714.871948	3.328003
1718.364014	3.492065
1722.456055	4.092041
1726.447998	3.991943
1728.359985	1.911987
1743.667969	15.307983
1746.244019	2.576050
1750.151978	3.907959
1756.943970	6.791992
1757.939941	0.995972
1759.219971	1.280029
1777.676025	18.456055
1780.875977	3.199951
1783.520020	2.644043
1786.932007	3.411987
1789.604004	2.671997
1792.443970	2.839966
1795.307983	2.864014
1798.199951	2.891968
1799.219971	1.020020
1801.108032	1.888062
