1.920000	1.388000
3.556000	1.636000
4.704000	1.148000
6.048000	1.344000
7.276000	1.228000
8.664000	1.388000
10.080000	1.416000
11.444000	1.364000
12.776000	1.332000
14.068000	1.292000
15.504000	1.436000
16.908001	1.404001
18.304001	1.396000
19.743999	1.439999
21.120001	1.376001
23.096001	1.976000
24.639999	1.543999
26.056000	1.416000
27.584000	1.528000
29.224001	1.640001
30.544001	1.320000
31.732000	1.188000
32.840000	1.108000
34.035999	1.195999
35.312000	1.276001
36.551998	1.239998
37.832001	1.280003
39.348000	1.515999
40.743999	1.396000
42.124001	1.380001
43.396000	1.271999
44.683998	1.287998
45.807999	1.124001
47.088001	1.280003
48.355999	1.267998
49.515999	1.160000
50.712002	1.196003
52.063999	1.351997
53.299999	1.236000
54.612000	1.312000
55.931999	1.320000
57.348000	1.416000
59.180000	1.832001
60.507999	1.327999
62.012001	1.504002
63.807999	1.795998
65.531998	1.723999
67.143997	1.612000
68.884003	1.740005
70.667999	1.783997
72.311996	1.643997
74.008003	1.696007
75.531998	1.523994
77.148003	1.616005
78.003998	0.855995
79.096001	1.092003
80.419998	1.323997
82.288002	1.868004
83.823997	1.535995
85.459999	1.636002
86.839996	1.379997
88.132004	1.292007
89.708000	1.575996
91.115997	1.407997
92.428001	1.312004
93.732002	1.304001
94.916000	1.183998
96.180000	1.264000
97.403999	1.223999
98.599998	1.195999
100.084000	1.484001
101.944000	1.860001
103.924004	1.980003
105.596001	1.671997
107.192001	1.596001
108.568001	1.375999
109.987999	1.419998
111.307999	1.320000
112.580002	1.272003
113.900002	1.320000
115.295998	1.395996
116.792000	1.496002
118.251999	1.459999
119.688004	1.436005
121.000000	1.311996
122.468002	1.468002
123.987999	1.519997
125.804001	1.816002
127.260002	1.456001
128.548004	1.288002
129.835999	1.287994
131.391998	1.556000
132.804001	1.412003
134.011993	1.207993
135.315994	1.304001
136.539993	1.223999
137.779999	1.240005
138.996002	1.216003
140.335999	1.339996
141.604004	1.268005
142.979996	1.375992
144.164001	1.184006
145.384003	1.220001
146.800003	1.416000
148.279999	1.479996
149.815994	1.535995
151.404007	1.588013
152.927994	1.523987
154.360001	1.432007
155.720001	1.360001
157.100006	1.380005
158.496002	1.395996
159.876007	1.380005
161.188004	1.311996
162.524002	1.335999
164.044006	1.520004
165.488007	1.444000
166.792007	1.304001
168.056000	1.263992
169.248001	1.192001
170.460007	1.212006
171.664001	1.203995
172.863998	1.199997
174.044006	1.180008
175.123993	1.079987
176.304001	1.180008
177.483994	1.179993
178.656006	1.172012
179.884003	1.227997
181.080002	1.195999
182.324005	1.244003
183.479996	1.155991
184.651993	1.171997
185.776001	1.124008
186.955994	1.179993
188.167999	1.212006
189.255997	1.087997
190.447998	1.192001
191.507996	1.059998
192.591995	1.084000
193.720001	1.128006
194.824005	1.104004
195.947998	1.123993
197.028000	1.080002
198.108002	1.080002
199.220001	1.112000
200.335999	1.115997
201.408005	1.072006
202.584000	1.175995
203.764008	1.180008
204.951996	1.187988
206.059998	1.108002
207.192001	1.132004
208.324005	1.132004
209.440002	1.115997
210.516006	1.076004
211.615997	1.099991
212.776001	1.160004
213.916000	1.139999
215.195999	1.279999
216.440002	1.244003
217.779999	1.339996
219.028000	1.248001
220.580002	1.552002
222.528000	1.947998
224.731995	2.203995
226.947998	2.216003
228.804001	1.856003
230.664001	1.860001
232.559998	1.895996
234.072006	1.512009
235.339996	1.267990
236.584000	1.244003
237.880005	1.296005
239.119995	1.239990
240.367996	1.248001
241.556000	1.188004
242.744003	1.188004
243.940002	1.195999
245.104004	1.164001
246.223999	1.119995
247.335999	1.112000
248.440002	1.104004
249.544006	1.104004
250.507996	0.963989
251.535995	1.028000
252.632004	1.096008
253.671997	1.039993
254.675995	1.003998
255.699997	1.024002
256.812012	1.112015
257.843994	1.031982
258.808014	0.964020
259.843994	1.035980
260.924011	1.080017
261.984009	1.059998
263.007996	1.023987
264.476013	1.468018
265.812012	1.335999
267.036011	1.223999
268.247986	1.211975
269.496002	1.248016
270.592010	1.096008
271.708008	1.115997
272.787994	1.079987
273.855988	1.067993
274.903992	1.048004
275.911987	1.007996
276.936005	1.024017
277.988007	1.052002
279.171997	1.183990
280.324005	1.152008
281.600006	1.276001
283.052002	1.451996
284.612000	1.559998
286.059998	1.447998
287.644012	1.584015
289.179993	1.535980
290.911987	1.731995
292.467987	1.556000
293.963989	1.496002
295.612000	1.648010
297.283997	1.671997
298.835999	1.552002
300.243988	1.407990
301.511993	1.268005
302.907990	1.395996
304.212006	1.304016
305.428009	1.216003
306.803986	1.375977
308.723999	1.920013
309.779999	1.056000
310.851990	1.071991
312.044006	1.192017
313.584015	1.540009
314.760010	1.175995
316.552002	1.791992
317.799988	1.247986
319.388000	1.588013
320.783997	1.395996
322.227997	1.444000
323.667999	1.440002
324.880005	1.212006
326.071991	1.191986
327.355988	1.283997
328.615997	1.260010
329.984009	1.368011
331.264008	1.279999
332.627991	1.363983
334.455994	1.828003
335.720001	1.264008
337.787994	2.067993
339.096008	1.308014
341.596008	2.500000
343.007996	1.411987
344.339996	1.332001
345.536011	1.196014
346.747986	1.211975
347.959991	1.212006
349.191986	1.231995
350.347992	1.156006
351.552002	1.204010
352.656006	1.104004
353.816010	1.160004
354.880005	1.063995
356.131989	1.251984
357.467987	1.335999
358.691986	1.223999
359.971985	1.279999
361.395996	1.424011
362.743988	1.347992
363.903992	1.160004
365.140015	1.236023
366.384003	1.243988
367.571991	1.187988
368.735992	1.164001
369.839996	1.104004
371.036011	1.196014
372.295990	1.259979
373.459991	1.164001
374.548004	1.088013
375.756012	1.208008
377.000000	1.243988
378.239990	1.239990
379.540009	1.300018
380.891998	1.351990
382.148010	1.256012
383.364014	1.216003
384.384003	1.019989
385.496002	1.112000
386.756012	1.260010
387.984009	1.227997
389.756012	1.772003
390.888000	1.131989
393.052002	2.164001
394.424011	1.372009
395.712006	1.287994
396.808014	1.096008
398.000000	1.191986
399.227997	1.227997
400.656006	1.428009
402.123993	1.467987
404.044006	1.920013
405.351990	1.307983
406.660004	1.308014
407.864014	1.204010
409.187988	1.323975
410.579987	1.391998
412.028015	1.448029
413.467987	1.439972
414.880005	1.412018
416.231995	1.351990
417.171997	0.940002
418.696014	1.524017
420.179993	1.483978
421.484009	1.304016
422.332001	0.847992
423.571991	1.239990
424.820007	1.248016
426.131989	1.311981
427.536011	1.404022
428.915985	1.379974
430.343994	1.428009
431.731995	1.388000
433.227997	1.496002
434.612000	1.384003
436.007996	1.395996
437.420013	1.412018
438.940002	1.519989
440.231995	1.291992
441.623993	1.391998
443.135986	1.511993
444.667999	1.532013
446.084015	1.416016
447.579987	1.495972
449.171997	1.592010
450.764008	1.592010
452.119995	1.355988
453.332001	1.212006
454.540009	1.208008
455.712006	1.171997
457.036011	1.324005
458.216003	1.179993
459.391998	1.175995
460.544006	1.152008
461.696014	1.152008
462.915985	1.219971
464.123993	1.208008
465.256012	1.132019
466.496002	1.239990
467.928009	1.432007
469.376007	1.447998
470.984009	1.608002
472.440002	1.455994
473.839996	1.399994
475.283997	1.444000
476.708008	1.424011
478.048004	1.339996
479.451996	1.403992
481.075989	1.623993
482.704010	1.628021
484.623993	1.919983
485.679993	1.056000
487.859985	2.179993
489.967987	2.108002
492.260010	2.292023
494.123993	1.863983
495.696014	1.572021
497.131989	1.435974
498.528015	1.396027
499.924011	1.395996
501.216003	1.291992
502.484009	1.268005
504.015991	1.531982
505.316010	1.300018
506.471985	1.155975
507.579987	1.108002
508.756012	1.176025
509.947998	1.191986
511.167999	1.220001
512.427979	1.259979
513.559998	1.132019
514.771973	1.211975
515.963989	1.192017
517.211975	1.247986
518.388000	1.176025
519.515991	1.127991
520.640015	1.124023
521.752014	1.112000
522.856018	1.104004
523.947998	1.091980
525.047974	1.099976
526.184021	1.136047
527.288025	1.104004
528.367981	1.079956
529.471985	1.104004
530.547974	1.075989
531.679993	1.132019
532.864014	1.184021
534.052002	1.187988
535.200012	1.148010
536.375977	1.175964
537.479980	1.104004
538.632019	1.152039
539.783997	1.151978
540.888000	1.104004
541.979980	1.091980
543.083984	1.104004
544.156006	1.072021
545.236023	1.080017
546.392029	1.156006
547.552002	1.159973
548.695984	1.143982
549.840027	1.144043
551.083984	1.243958
552.400024	1.316040
553.796021	1.395996
555.351990	1.555969
556.659973	1.307983
558.383972	1.723999
559.903992	1.520020
561.995972	2.091980
563.703979	1.708008
565.156006	1.452026
566.755981	1.599976
568.263977	1.507996
569.776001	1.512024
571.244019	1.468018
572.632019	1.388000
574.072021	1.440002
575.815979	1.743958
577.700012	1.884033
579.432007	1.731995
580.924011	1.492004
582.383972	1.459961
583.780029	1.396057
585.239990	1.459961
586.351990	1.112000
587.564026	1.212036
588.843994	1.279968
590.148010	1.304016
591.463989	1.315979
592.635986	1.171997
594.372009	1.736023
595.924011	1.552002
597.452026	1.528015
599.064026	1.612000
600.487976	1.423950
601.908020	1.420044
603.416016	1.507996
604.952026	1.536011
606.616028	1.664001
608.159973	1.543945
609.679993	1.520020
611.176025	1.496033
612.460022	1.283997
613.711975	1.251953
615.020020	1.308044
616.239990	1.219971
617.424011	1.184021
618.624023	1.200012
619.851990	1.227966
620.984009	1.132019
622.119995	1.135986
623.351990	1.231995
624.552002	1.200012
625.695984	1.143982
626.788025	1.092041
627.924011	1.135986
629.067993	1.143982
630.268005	1.200012
631.411987	1.143982
632.495972	1.083984
633.760010	1.264038
635.075989	1.315979
636.239990	1.164001
637.364014	1.124023
638.515991	1.151978
639.616028	1.100037
640.783997	1.167969
641.903992	1.119995
643.015991	1.112000
644.047974	1.031982
645.124023	1.076050
646.328003	1.203979
647.427979	1.099976
648.515991	1.088013
649.643982	1.127991
650.684021	1.040039
651.799988	1.115967
652.971985	1.171997
654.023987	1.052002
655.083984	1.059998
656.159973	1.075989
657.312012	1.152039
658.671997	1.359985
660.127991	1.455994
661.419983	1.291992
662.604004	1.184021
663.708008	1.104004
664.776001	1.067993
665.895996	1.119995
667.484009	1.588013
668.932007	1.447998
670.112000	1.179993
671.231995	1.119995
672.328003	1.096008
673.416016	1.088013
674.468018	1.052002
675.504028	1.036011
676.460022	0.955994
677.419983	0.959961
678.632019	1.212036
679.716003	1.083984
680.927979	1.211975
682.099976	1.171997
683.255981	1.156006
684.604004	1.348022
686.047974	1.443970
687.364014	1.316040
688.539978	1.175964
689.635986	1.096008
690.744019	1.108032
691.843994	1.099976
692.864014	1.020020
693.900024	1.036011
695.056030	1.156006
696.056030	1.000000
697.072021	1.015991
698.067993	0.995972
699.312012	1.244019
700.443970	1.131958
701.515991	1.072021
702.616028	1.100037
703.708008	1.091980
704.771973	1.063965
705.848022	1.076050
707.031982	1.183960
708.312012	1.280029
709.507996	1.195984
710.635986	1.127991
711.719971	1.083984
712.760010	1.040039
713.747986	0.987976
714.783997	1.036011
715.812012	1.028015
716.900024	1.088013
717.932007	1.031982
719.023987	1.091980
720.159973	1.135986
721.271973	1.112000
722.648010	1.376038
724.116028	1.468018
725.455994	1.339966
726.679993	1.223999
727.796021	1.116028
728.843994	1.047974
729.916016	1.072021
730.943970	1.027954
731.992004	1.048035
733.004028	1.012024
733.995972	0.991943
735.012024	1.016052
736.047974	1.035950
737.127991	1.080017
738.268005	1.140015
739.427979	1.159973
740.520020	1.092041
741.599976	1.079956
742.679993	1.080017
743.708008	1.028015
744.716003	1.007996
745.755981	1.039978
746.760010	1.004028
747.823975	1.063965
749.004028	1.180054
750.171997	1.167969
751.619995	1.447998
753.599976	1.979980
754.616028	1.016052
755.992004	1.375977
757.400024	1.408020
758.648010	1.247986
759.616028	0.968018
761.023987	1.407959
762.419983	1.395996
764.031982	1.612000
765.460022	1.428040
766.872009	1.411987
768.283997	1.411987
769.771973	1.487976
771.176025	1.404053
772.676025	1.500000
774.263977	1.587952
775.780029	1.516052
777.328003	1.547974
778.892029	1.564026
780.348022	1.455994
781.719971	1.371948
783.083984	1.364014
784.443970	1.359985
785.867981	1.424011
787.375977	1.507996
788.875977	1.500000
790.403992	1.528015
791.911987	1.507996
793.531982	1.619995
795.044006	1.512024
796.440002	1.395996
797.828003	1.388000
799.104004	1.276001
800.364014	1.260010
801.651978	1.287964
802.908020	1.256042
804.132019	1.223999
805.367981	1.235962
806.935974	1.567993
808.203979	1.268005
809.572021	1.368042
810.916016	1.343994
812.192017	1.276001
813.512024	1.320007
814.783997	1.271973
816.116028	1.332031
817.487976	1.371948
818.932007	1.444031
820.299988	1.367981
821.692017	1.392029
823.007996	1.315979
824.296021	1.288025
825.596008	1.299988
826.968018	1.372009
828.280029	1.312012
829.583984	1.303955
830.908020	1.324036
832.348022	1.440002
833.684021	1.335999
834.900024	1.216003
836.119995	1.219971
837.299988	1.179993
838.523987	1.223999
839.731995	1.208008
840.900024	1.168030
842.004028	1.104004
843.276001	1.271973
844.351990	1.075989
845.340027	0.988037
846.380005	1.039978
847.512024	1.132019
848.760010	1.247986
849.911987	1.151978
851.015991	1.104004
852.088013	1.072021
853.104004	1.015991
854.195984	1.091980
855.392029	1.196045
856.500000	1.107971
857.659973	1.159973
858.783997	1.124023
859.900024	1.116028
860.955994	1.055969
862.119995	1.164001
863.231995	1.112000
864.228027	0.996033
865.356018	1.127991
866.687988	1.331970
867.880005	1.192017
869.007996	1.127991
870.104004	1.096008
871.219971	1.115967
872.239990	1.020020
873.263977	1.023987
874.487976	1.223999
875.575989	1.088013
876.619995	1.044006
877.643982	1.023987
878.612000	0.968018
879.747986	1.135986
880.919983	1.171997
881.924011	1.004028
883.064026	1.140015
884.140015	1.075989
885.176025	1.036011
886.223999	1.047974
887.252014	1.028015
888.395996	1.143982
889.552002	1.156006
890.643982	1.091980
891.643982	1.000000
892.640015	0.996033
893.640015	1.000000
894.580017	0.940002
895.531982	0.951965
896.504028	0.972046
897.572021	1.067993
898.731995	1.159973
899.831970	1.099976
901.056030	1.224060
902.288025	1.231995
903.408020	1.119995
904.531982	1.123962
905.760010	1.228027
907.216003	1.455994
908.656006	1.440002
909.892029	1.236023
911.007996	1.115967
912.107971	1.099976
913.208008	1.100037
914.223999	1.015991
915.216003	0.992004
916.244019	1.028015
917.351990	1.107971
918.383972	1.031982
919.383972	1.000000
920.411987	1.028015
921.515991	1.104004
922.632019	1.116028
924.080017	1.447998
925.208008	1.127991
926.260010	1.052002
927.252014	0.992004
928.288025	1.036011
929.335999	1.047974
930.395996	1.059998
931.440002	1.044006
932.564026	1.124023
933.911987	1.347961
935.148010	1.236023
936.312012	1.164001
937.312012	1.000000
938.359985	1.047974
939.403992	1.044006
940.372009	0.968018
941.356018	0.984009
942.419983	1.063965
943.607971	1.187988
944.856018	1.248047
946.148010	1.291992
947.388000	1.239990
948.783997	1.395996
950.231995	1.447998
951.711975	1.479980
953.156006	1.444031
954.528015	1.372009
956.059998	1.531982
957.564026	1.504028
959.156006	1.591980
960.708008	1.552002
962.296021	1.588013
963.752014	1.455994
965.392029	1.640015
967.244019	1.851990
968.564026	1.320007
969.875977	1.311951
971.255981	1.380005
972.564026	1.308044
973.867981	1.303955
975.296021	1.428040
976.831970	1.535950
978.280029	1.448059
979.728027	1.447998
981.039978	1.311951
982.331970	1.291992
983.679993	1.348022
985.015991	1.335999
986.432007	1.416016
987.791992	1.359985
989.164001	1.372009
990.424011	1.260010
991.807983	1.383972
993.168030	1.360046
994.552002	1.383972
996.000000	1.447998
997.487976	1.487976
998.947998	1.460022
1000.328003	1.380005
1001.684021	1.356018
1002.987976	1.303955
1004.320007	1.332031
1005.552002	1.231995
1006.812012	1.260010
1008.080017	1.268005
1009.323975	1.243958
1010.547974	1.223999
1011.768005	1.220032
1013.000000	1.231995
1014.268005	1.268005
1015.443970	1.175964
1016.716003	1.272034
1018.007996	1.291992
1019.280029	1.272034
1020.768005	1.487976
1022.075989	1.307983
1023.392029	1.316040
1024.719971	1.327942
1026.104004	1.384033
1027.527954	1.423950
1028.787964	1.260010
1030.163940	1.375977
1031.491943	1.328003
1032.823975	1.332031
1034.255981	1.432007
1035.676025	1.420044
1037.140015	1.463989
1038.676025	1.536011
1040.156006	1.479980
1041.547974	1.391968
1042.843994	1.296021
1044.115967	1.271973
1045.400024	1.284058
1046.644043	1.244019
1047.887939	1.243896
1049.187988	1.300049
1050.436035	1.248047
1051.735962	1.299927
1053.163940	1.427979
1054.572021	1.408081
1056.052002	1.479980
1057.472046	1.420044
1058.972046	1.500000
1060.404053	1.432007
1061.787964	1.383911
1063.011963	1.223999
1064.387939	1.375977
1065.812012	1.424072
1067.307983	1.495972
1068.776001	1.468018
1070.208008	1.432007
1071.647949	1.439941
1072.975952	1.328003
1074.167969	1.192017
1075.384033	1.216064
1076.479980	1.095947
1077.576050	1.096069
1078.656006	1.079956
1079.699951	1.043945
1080.784058	1.084106
1081.904053	1.119995
1083.027954	1.123901
1084.115967	1.088013
1085.135986	1.020020
1086.192017	1.056030
1087.296021	1.104004
1088.407959	1.111938
1089.500000	1.092041
1090.576050	1.076050
1091.839966	1.263916
1092.959961	1.119995
1094.040039	1.080078
1095.076050	1.036011
1096.067993	0.991943
1097.079956	1.011963
1098.160034	1.080078
1099.255981	1.095947
1100.316040	1.060059
1101.432007	1.115967
1102.427979	0.995972
1103.479980	1.052002
1104.556030	1.076050
1105.683960	1.127930
1106.819946	1.135986
1108.147949	1.328003
1109.287964	1.140015
1110.400024	1.112061
1111.491943	1.091919
1112.524048	1.032104
1113.683960	1.159912
1114.891968	1.208008
1115.963989	1.072021
1117.187988	1.223999
1118.524048	1.336060
1119.735962	1.211914
1120.852051	1.116089
1121.895996	1.043945
1123.199951	1.303955
1124.395996	1.196045
1125.488037	1.092041
1126.472046	0.984009
1127.508057	1.036011
1128.784058	1.276001
1129.968018	1.183960
1131.099976	1.131958
1132.223999	1.124023
1133.336060	1.112061
1134.647949	1.311890
1135.839966	1.192017
1136.895996	1.056030
1137.963989	1.067993
1139.156006	1.192017
1140.196045	1.040039
1141.384033	1.187988
1142.640015	1.255981
1143.708008	1.067993
1144.812012	1.104004
1145.943970	1.131958
1147.276001	1.332031
1148.416016	1.140015
1149.524048	1.108032
1150.572021	1.047974
1151.680054	1.108032
1152.780029	1.099976
1153.852051	1.072021
1155.040039	1.187988
1156.328003	1.287964
1157.491943	1.163940
1158.579956	1.088013
1159.635986	1.056030
1160.776001	1.140015
1161.943970	1.167969
1163.124023	1.180054
1164.352051	1.228027
1165.735962	1.383911
1167.163940	1.427979
1168.676025	1.512085
1170.140015	1.463989
1171.608032	1.468018
1173.260010	1.651978
1174.943970	1.683960
1176.375977	1.432007
1178.504028	2.128052
1179.900024	1.395996
1181.771973	1.871948
1183.880005	2.108032
1185.364014	1.484009
1187.364014	2.000000
1189.479980	2.115967
1191.380005	1.900024
1192.907959	1.527954
1194.160034	1.252075
1195.484009	1.323975
1196.735962	1.251953
1197.911987	1.176025
1199.076050	1.164063
1200.355957	1.279907
1201.552002	1.196045
1202.703979	1.151978
1203.947998	1.244019
1205.147949	1.199951
1206.395996	1.248047
1207.459961	1.063965
1208.547974	1.088013
1209.644043	1.096069
1210.780029	1.135986
1212.040039	1.260010
1213.244019	1.203979
1214.355957	1.111938
1215.459961	1.104004
1216.660034	1.200073
1217.787964	1.127930
1218.943970	1.156006
1220.063965	1.119995
1221.095947	1.031982
1222.140015	1.044067
1223.203979	1.063965
1224.400024	1.196045
1225.463989	1.063965
1226.588013	1.124023
1227.647949	1.059937
1228.748047	1.100098
1229.767944	1.019897
1230.871948	1.104004
1231.923950	1.052002
1233.063965	1.140015
1234.219971	1.156006
1235.427979	1.208008
1236.635986	1.208008
1237.920044	1.284058
1239.232056	1.312012
1240.491943	1.259888
1241.719971	1.228027
1242.859985	1.140015
1244.052002	1.192017
1245.151978	1.099976
1246.219971	1.067993
1247.271973	1.052002
1248.312012	1.040039
1249.228027	0.916016
1250.328003	1.099976
1251.484009	1.156006
1252.583984	1.099976
1253.615967	1.031982
1254.619995	1.004028
1255.608032	0.988037
1256.647949	1.039917
1257.635986	0.988037
1258.712036	1.076050
1259.696045	0.984009
1260.728027	1.031982
1261.816040	1.088013
1262.848022	1.031982
1263.947998	1.099976
1265.020020	1.072021
1266.083984	1.063965
1267.239990	1.156006
1268.076050	0.836060
1269.307983	1.231934
1270.656006	1.348022
1271.859985	1.203979
1272.963989	1.104004
1274.239990	1.276001
1275.552002	1.312012
1276.968018	1.416016
1278.371948	1.403931
1279.796021	1.424072
1281.504028	1.708008
1282.995972	1.491943
1284.432007	1.436035
1285.868042	1.436035
1287.239990	1.371948
1288.712036	1.472046
1290.171997	1.459961
1291.608032	1.436035
1293.119995	1.511963
1294.407959	1.287964
1295.832031	1.424072
1297.339966	1.507935
1298.764038	1.424072
1300.267944	1.503906
1301.836060	1.568115
1303.248047	1.411987
1304.640015	1.391968
1305.963989	1.323975
1307.271973	1.307983
1308.619995	1.348022
1309.904053	1.284058
1311.115967	1.211914
1312.371948	1.255981
1313.631958	1.260010
1314.891968	1.260010
1316.764038	1.872070
1318.119995	1.355957
1320.031982	1.911987
1321.452026	1.420044
1323.027954	1.575928
1324.579956	1.552002
1326.056030	1.476074
1327.420044	1.364014
1328.875977	1.455933
1330.284058	1.408081
1331.676025	1.391968
1333.215942	1.539917
1334.588013	1.372070
1335.864014	1.276001
1337.104004	1.239990
1338.312012	1.208008
1339.475952	1.163940
1340.619995	1.144043
1341.760010	1.140015
1342.868042	1.108032
1344.020020	1.151978
1345.076050	1.056030
1346.180054	1.104004
1347.291992	1.111938
1348.411987	1.119995
1349.592041	1.180054
1350.767944	1.175903
1351.911987	1.144043
1353.067993	1.156006
1354.248047	1.180054
1355.439941	1.191895
1356.728027	1.288086
1357.816040	1.088013
1359.024048	1.208008
1360.215942	1.191895
1361.307983	1.092041
1362.244019	0.936035
1363.296021	1.052002
1364.436035	1.140015
1365.567993	1.131958
1366.628052	1.060059
1367.771973	1.143921
1369.015991	1.244019
1370.092041	1.076050
1371.291992	1.199951
1372.823975	1.531982
1374.215942	1.391968
1375.520020	1.304077
1376.836060	1.316040
1377.991943	1.155884
1379.056030	1.064087
1380.124023	1.067993
1381.187988	1.063965
1382.264038	1.076050
1383.323975	1.059937
1384.463989	1.140015
1385.660034	1.196045
1386.819946	1.159912
1387.932007	1.112061
1389.355957	1.423950
1390.832031	1.476074
1392.323975	1.491943
1393.748047	1.424072
1395.163940	1.415894
1396.635986	1.472046
1398.112061	1.476074
1399.387939	1.275879
1400.895996	1.508057
1402.371948	1.475952
1403.780029	1.408081
1405.199951	1.419922
1406.628052	1.428101
1408.015991	1.387939
1409.468018	1.452026
1410.991943	1.523926
1412.556030	1.564087
1414.364014	1.807983
1415.852051	1.488037
1417.203979	1.351929
1418.692017	1.488037
1420.267944	1.575928
1421.859985	1.592041
1423.787964	1.927979
1425.267944	1.479980
1426.583984	1.316040
1427.871948	1.287964
1429.052002	1.180054
1430.284058	1.232056
1431.536011	1.251953
1432.755981	1.219971
1433.984009	1.228027
1435.160034	1.176025
1436.359985	1.199951
1437.508057	1.148071
1438.723999	1.215942
1440.144043	1.420044
1441.475952	1.331909
1442.800049	1.324097
1444.083984	1.283936
1445.248047	1.164063
1446.484009	1.235962
1447.647949	1.163940
1448.764038	1.116089
1449.848022	1.083984
1451.008057	1.160034
1452.163940	1.155884
1453.380005	1.216064
1454.671997	1.291992
1455.875977	1.203979
1457.000000	1.124023
1458.160034	1.160034
1459.291992	1.131958
1460.380005	1.088013
1461.472046	1.092041
1462.572021	1.099976
1463.784058	1.212036
1464.784058	1.000000
1465.791992	1.007935
1466.939941	1.147949
1468.092041	1.152100
1469.260010	1.167969
1470.312012	1.052002
1471.359985	1.047974
1472.495972	1.135986
1473.891968	1.395996
1475.219971	1.328003
1476.484009	1.264038
1477.683960	1.199951
1478.807983	1.124023
1479.932007	1.124023
1480.959961	1.027954
1482.043945	1.083984
1483.124023	1.080078
1484.239990	1.115967
1485.463989	1.223999
1486.583984	1.119995
1487.723999	1.140015
1488.828003	1.104004
1490.083984	1.255981
1491.296021	1.212036
1492.439941	1.143921
1493.956055	1.516113
1495.488037	1.531982
1496.895996	1.407959
1498.215942	1.319946
1499.384033	1.168091
1500.624023	1.239990
1502.124023	1.500000
1503.612061	1.488037
1504.904053	1.291992
1506.124023	1.219971
1507.284058	1.160034
1508.456055	1.171997
1509.576050	1.119995
1510.723999	1.147949
1511.823975	1.099976
1512.920044	1.096069
1514.115967	1.195923
1515.212036	1.096069
1516.348022	1.135986
1517.436035	1.088013
1518.615967	1.179932
1519.859985	1.244019
1520.932007	1.072021
1521.907959	0.975952
1523.036011	1.128052
1524.131958	1.095947
1525.271973	1.140015
1526.667969	1.395996
1527.884033	1.216064
1529.119995	1.235962
1530.336060	1.216064
1531.488037	1.151978
1532.732056	1.244019
1533.868042	1.135986
1534.936035	1.067993
1535.984009	1.047974
1537.024048	1.040039
1538.147949	1.123901
1539.228027	1.080078
1540.348022	1.119995
1541.468018	1.119995
1542.531982	1.063965
1543.703979	1.171997
1544.807983	1.104004
1546.092041	1.284058
1547.547974	1.455933
1549.000000	1.452026
1550.459961	1.459961
1551.812012	1.352051
1553.115967	1.303955
1554.371948	1.255981
1555.563965	1.192017
1556.651978	1.088013
1557.708008	1.056030
1558.760010	1.052002
1559.764038	1.004028
1560.828003	1.063965
1561.972046	1.144043
1563.192017	1.219971
1564.420044	1.228027
1565.560059	1.140015
1566.751953	1.191895
1567.907959	1.156006
1569.144043	1.236084
1570.352051	1.208008
1571.459961	1.107910
1572.583984	1.124023
1573.764038	1.180054
1575.031982	1.267944
1576.223999	1.192017
1577.359985	1.135986
1578.443970	1.083984
1579.651978	1.208008
1580.696045	1.044067
1581.836060	1.140015
1582.868042	1.031982
1584.088013	1.219971
1585.156006	1.067993
1586.287964	1.131958
1587.579956	1.291992
1588.735962	1.156006
1589.719971	0.984009
1590.680054	0.960083
1591.680054	1.000000
1592.723999	1.043945
1593.784058	1.060059
1594.907959	1.123901
1595.979980	1.072021
1597.079956	1.099976
1598.300049	1.220093
1599.375977	1.075928
1600.463989	1.088013
1601.599976	1.135986
1602.755981	1.156006
1603.864014	1.108032
1604.927979	1.063965
1606.060059	1.132080
1607.567993	1.507935
1608.911987	1.343994
1610.156006	1.244019
1611.355957	1.199951
1612.540039	1.184082
1613.699951	1.159912
1614.871948	1.171997
1615.920044	1.048096
1616.995972	1.075928
1618.040039	1.044067
1619.067993	1.027954
1620.219971	1.151978
1621.767944	1.547974
1623.371948	1.604004
1624.660034	1.288086
1625.836060	1.176025
1627.232056	1.395996
1628.687988	1.455933
1630.115967	1.427979
1630.875977	0.760010
1632.395996	1.520020
1633.836060	1.440063
1635.183960	1.347900
1636.479980	1.296021
1637.771973	1.291992
1639.255981	1.484009
1640.676025	1.420044
1642.008057	1.332031
1643.312012	1.303955
1644.748047	1.436035
1646.067993	1.319946
1647.443970	1.375977
1648.807983	1.364014
1650.260010	1.452026
1651.619995	1.359985
1652.916016	1.296021
1654.264038	1.348022
1655.671997	1.407959
1656.984009	1.312012
1658.312012	1.328003
1659.631958	1.319946
1660.895996	1.264038
1662.368042	1.472046
1663.796021	1.427979
1665.276001	1.479980
1666.635986	1.359985
1668.036011	1.400024
1669.495972	1.459961
1671.008057	1.512085
1672.459961	1.451904
1673.871948	1.411987
1675.156006	1.284058
1676.536011	1.380005
1677.868042	1.332031
1679.208008	1.339966
1680.536011	1.328003
1681.807983	1.271973
1683.040039	1.232056
1684.380005	1.339966
1685.755981	1.375977
1687.140015	1.384033
1688.456055	1.316040
1689.748047	1.291992
1691.004028	1.255981
1692.251953	1.247925
1693.599976	1.348022
1694.959961	1.359985
1696.355957	1.395996
1697.547974	1.192017
1698.780029	1.232056
1700.119995	1.339966
1701.355957	1.235962
1702.595947	1.239990
1703.916016	1.320068
1705.280029	1.364014
1706.567993	1.287964
1707.907959	1.339966
1709.359985	1.452026
1710.755981	1.395996
1712.124023	1.368042
1713.504028	1.380005
1714.784058	1.280029
1716.052002	1.267944
1717.260010	1.208008
1718.696045	1.436035
1720.027954	1.331909
1721.339966	1.312012
1722.647949	1.307983
1723.819946	1.171997
1725.088013	1.268066
1726.391968	1.303955
1727.604004	1.212036
1728.816040	1.212036
1730.072021	1.255981
1731.328003	1.255981
1732.524048	1.196045
1733.579956	1.055908
1734.819946	1.239990
1735.988037	1.168091
1737.391968	1.403931
1738.683960	1.291992
1739.920044	1.236084
1741.180054	1.260010
1742.560059	1.380005
1743.943970	1.383911
1745.443970	1.500000
1746.880005	1.436035
1748.180054	1.300049
1749.452026	1.271973
1750.751953	1.299927
1752.104004	1.352051
1753.475952	1.371948
1754.771973	1.296021
1756.020020	1.248047
1757.387939	1.367920
1758.708008	1.320068
1760.027954	1.319946
1761.332031	1.304077
1762.748047	1.416016
1764.036011	1.287964
1765.368042	1.332031
1766.823975	1.455933
1768.203979	1.380005
1769.387939	1.183960
1770.604004	1.216064
1771.927979	1.323975
1773.124023	1.196045
1774.472046	1.348022
1775.735962	1.263916
1776.884033	1.148071
1778.119995	1.235962
1779.300049	1.180054
1780.411987	1.111938
1781.491943	1.079956
1782.592041	1.100098
1783.776001	1.183960
1785.031982	1.255981
1786.339966	1.307983
1787.647949	1.307983
1788.859985	1.212036
1790.047974	1.187988
1791.264038	1.216064
1792.447998	1.183960
1793.608032	1.160034
1794.723999	1.115967
1795.859985	1.135986
1796.975952	1.115967
1798.047974	1.072021
1799.095947	1.047974
1800.176025	1.080078
1801.248047	1.072021
