1.792000	1.796000
3.792000	2.000000
5.676000	1.884000
7.728000	2.052000
9.764000	2.036000
11.716000	1.952000
13.716000	2.000000
15.592000	1.876000
17.444000	1.852000
19.455999	2.011999
21.368000	1.912001
23.444000	2.076000
25.392000	1.948000
27.323999	1.931999
29.243999	1.920000
31.275999	2.032000
33.340000	2.064001
35.271999	1.931999
37.240002	1.968002
40.256001	3.015999
41.952000	1.695999
43.675999	1.723999
45.495998	1.820000
47.340000	1.844002
49.164001	1.824001
50.908001	1.743999
52.616001	1.708000
54.408001	1.792000
56.276001	1.868000
58.223999	1.947998
60.080002	1.856003
61.751999	1.671997
63.528000	1.776001
65.255997	1.727997
67.019997	1.764000
68.736000	1.716003
70.484001	1.748001
72.283997	1.799995
74.071999	1.788002
75.848000	1.776001
77.612000	1.764000
79.472000	1.860001
81.295998	1.823997
83.092003	1.796005
84.879997	1.787994
86.804001	1.924004
88.723999	1.919998
90.671997	1.947998
92.584000	1.912003
94.435997	1.851997
96.360001	1.924004
98.223999	1.863998
100.008003	1.784004
101.944000	1.935997
103.952003	2.008003
105.860001	1.907997
107.820000	1.959999
109.755997	1.935997
111.739998	1.984001
113.671997	1.931999
115.695999	2.024002
117.612000	1.916000
119.587997	1.975998
121.463997	1.875999
123.680000	2.216003
125.772003	2.092003
127.648003	1.875999
129.720001	2.071999
131.867996	2.147995
133.979996	2.112000
135.860001	1.880005
137.944000	2.084000
139.951996	2.007996
142.104004	2.152008
144.112000	2.007996
146.052002	1.940002
148.404007	2.352005
150.279999	1.875992
152.279999	2.000000
154.067993	1.787994
156.112000	2.044006
158.311996	2.199997
160.343994	2.031998
162.412003	2.068008
164.451996	2.039993
166.468002	2.016006
168.395996	1.927994
170.503998	2.108002
172.584000	2.080002
174.619995	2.035995
176.584000	1.964005
178.695999	2.112000
180.664001	1.968002
182.572006	1.908005
184.671997	2.099991
186.664001	1.992004
188.860001	2.195999
190.891998	2.031998
192.964005	2.072006
195.024002	2.059998
196.951996	1.927994
199.128006	2.176010
201.104004	1.975998
203.240005	2.136002
206.751999	3.511993
208.436005	1.684006
210.315994	1.879990
212.268005	1.952011
214.059998	1.791992
215.807999	1.748001
217.595993	1.787994
219.235992	1.639999
220.944000	1.708008
222.796005	1.852005
224.707993	1.911987
226.520004	1.812012
228.343994	1.823990
230.276001	1.932007
232.132004	1.856003
233.975998	1.843994
235.740005	1.764008
237.559998	1.819992
239.860001	2.300003
241.871994	2.011993
243.860001	1.988007
245.695999	1.835999
247.619995	1.923996
249.455994	1.835999
251.311996	1.856003
253.320007	2.008011
255.259995	1.939987
257.112000	1.852005
259.071991	1.959991
261.104004	2.032013
263.023987	1.919983
265.036011	2.012024
267.096008	2.059998
268.944000	1.847992
270.835999	1.891998
272.712006	1.876007
274.679993	1.967987
276.459991	1.779999
278.440002	1.980011
280.459991	2.019989
282.588013	2.128021
284.399994	1.811981
285.664001	1.264008
287.843994	2.179993
289.903992	2.059998
291.936005	2.032013
294.187988	2.251984
296.312012	2.124023
298.496002	2.183990
300.600006	2.104004
302.735992	2.135986
304.776001	2.040009
306.776001	2.000000
308.888000	2.112000
310.876007	1.988007
312.911987	2.035980
314.928009	2.016022
317.036011	2.108002
319.084015	2.048004
321.079987	1.995972
323.059998	1.980011
324.984009	1.924011
327.079987	2.095978
329.075989	1.996002
331.071991	1.996002
333.048004	1.976013
334.911987	1.863983
336.944000	2.032013
343.260010	6.316010
354.059998	10.799988
357.407990	3.347992
359.007996	1.600006
361.671997	2.664001
363.635986	1.963989
366.347992	2.712006
368.216003	1.868011
370.108002	1.891998
371.947998	1.839996
373.776001	1.828003
375.312012	1.536011
377.144012	1.832001
378.976013	1.832001
380.683990	1.707977
382.463989	1.779999
384.335999	1.872009
386.235992	1.899994
388.216003	1.980011
390.175995	1.959991
392.052002	1.876007
393.988007	1.936005
396.544006	2.556000
398.339996	1.795990
400.183990	1.843994
402.019989	1.835999
403.683990	1.664001
405.428009	1.744019
407.227997	1.799988
409.059998	1.832001
410.928009	1.868011
412.764008	1.835999
414.772003	2.007996
416.772003	2.000000
418.787994	2.015991
420.683990	1.895996
422.536011	1.852020
424.507996	1.971985
426.515991	2.007996
428.463989	1.947998
430.444000	1.980011
432.324005	1.880005
434.175995	1.851990
436.052002	1.876007
437.996002	1.944000
439.903992	1.907990
441.839996	1.936005
443.772003	1.932007
445.791992	2.019989
447.735992	1.944000
449.720001	1.984009
451.563995	1.843994
453.488007	1.924011
455.376007	1.888000
457.291992	1.915985
459.223999	1.932007
461.220001	1.996002
463.092010	1.872009
465.000000	1.907990
466.820007	1.820007
468.656006	1.835999
470.660004	2.003998
472.567993	1.907990
474.656006	2.088013
476.567993	1.911987
478.476013	1.908020
480.359985	1.883972
482.492004	2.132019
484.399994	1.907990
486.391998	1.992004
488.324005	1.932007
490.264008	1.940002
492.196014	1.932007
494.167999	1.971985
496.032013	1.864014
497.959991	1.927979
500.231995	2.272003
502.115997	1.884003
504.059998	1.944000
506.011993	1.951996
508.687988	2.675995
511.548004	2.860016
513.443970	1.895966
515.372009	1.928040
517.463989	2.091980
519.515991	2.052002
521.515991	2.000000
524.500000	2.984009
526.479980	1.979980
528.476013	1.996033
530.219971	1.743958
532.112000	1.892029
534.107971	1.995972
536.072021	1.964050
537.924011	1.851990
539.799988	1.875977
541.947998	2.148010
544.083984	2.135986
546.612000	2.528015
548.380005	1.768005
550.179993	1.799988
551.943970	1.763977
553.728027	1.784058
555.479980	1.751953
557.211975	1.731995
558.987976	1.776001
560.780029	1.792053
563.036011	2.255981
564.739990	1.703979
566.328003	1.588013
568.299988	1.971985
570.203979	1.903992
572.083984	1.880005
574.823975	2.739990
576.627991	1.804016
578.348022	1.720032
580.255981	1.907959
583.487976	3.231995
585.432007	1.944031
587.271973	1.839966
589.323975	2.052002
591.348022	2.024048
593.247986	1.899963
595.211975	1.963989
597.127991	1.916016
599.124023	1.996033
601.096008	1.971985
602.995972	1.899963
604.935974	1.940002
606.955994	2.020020
608.848022	1.892029
610.840027	1.992004
612.507996	1.667969
614.943970	2.435974
618.479980	3.536011
620.500000	2.020020
622.512024	2.012024
624.255981	1.743958
626.028015	1.772034
630.900024	4.872009
633.263977	2.363953
635.403992	2.140015
639.112000	3.708008
647.760010	8.648010
652.760010	5.000000
656.000000	3.239990
657.643982	1.643982
659.239990	1.596008
660.932007	1.692017
662.656006	1.723999
664.432007	1.776001
666.148010	1.716003
668.591980	2.443970
671.168030	2.576050
673.104004	1.935974
675.911987	2.807983
677.687988	1.776001
679.643982	1.955994
681.512024	1.868042
683.380005	1.867981
685.388000	2.007996
688.692017	3.304016
690.572021	1.880005
692.447998	1.875977
694.375977	1.927979
696.231995	1.856018
698.107971	1.875977
701.039978	2.932007
703.064026	2.024048
704.927979	1.863953
706.716003	1.788025
708.479980	1.763977
710.392029	1.912048
712.112000	1.719971
713.960022	1.848022
723.752014	9.791992
729.963989	6.211975
738.624023	8.660034
740.091980	1.467957
741.771973	1.679993
743.359985	1.588013
745.052002	1.692017
747.271973	2.219971
749.624023	2.352051
751.427979	1.803955
753.687988	2.260010
755.432007	1.744019
757.200012	1.768005
759.723999	2.523987
762.216003	2.492004
764.151978	1.935974
766.831970	2.679993
768.719971	1.888000
770.687988	1.968018
772.476013	1.788025
774.348022	1.872009
776.304016	1.955994
777.916016	1.612000
779.916016	2.000000
781.708008	1.791992
783.419983	1.711975
785.268005	1.848022
787.088013	1.820007
788.911987	1.823975
790.583984	1.671997
792.375977	1.791992
794.187988	1.812012
795.908020	1.720032
797.671997	1.763977
799.452026	1.780029
801.283997	1.831970
803.112000	1.828003
804.815979	1.703979
806.648010	1.832031
808.359985	1.711975
810.247986	1.888000
812.096008	1.848022
813.935974	1.839966
816.463989	2.528015
818.208008	1.744019
820.056030	1.848022
821.903992	1.847961
823.804016	1.900024
825.679993	1.875977
827.624023	1.944031
830.356018	2.731995
833.140015	2.783997
834.992004	1.851990
836.020020	1.028015
837.804016	1.783997
840.567993	2.763977
842.635986	2.067993
845.328003	2.692017
847.228027	1.900024
848.835999	1.607971
850.512024	1.676025
852.388000	1.875977
854.244019	1.856018
856.935974	2.691956
858.804016	1.868042
860.687988	1.883972
862.544006	1.856018
864.364014	1.820007
866.260010	1.895996
868.083984	1.823975
869.932007	1.848022
871.747986	1.815979
873.700012	1.952026
875.572021	1.872009
877.400024	1.828003
879.408020	2.007996
881.236023	1.828003
883.124023	1.888000
885.012024	1.888000
886.960022	1.947998
888.799988	1.839966
890.723999	1.924011
892.512024	1.788025
894.411987	1.899963
896.388000	1.976013
898.200012	1.812012
900.723999	2.523987
903.283997	2.559998
906.416016	3.132019
908.127991	1.711975
909.851990	1.723999
911.495972	1.643982
913.151978	1.656006
914.883972	1.731995
916.671997	1.788025
918.331970	1.659973
920.031982	1.700012
921.719971	1.687988
923.559998	1.840027
925.288025	1.728027
927.012024	1.723999
928.664001	1.651978
930.340027	1.676025
932.164001	1.823975
934.028015	1.864014
936.047974	2.019958
937.903992	1.856018
939.687988	1.783997
941.552002	1.864014
943.408020	1.856018
945.291992	1.883972
947.143982	1.851990
948.892029	1.748047
950.080017	1.187988
952.747986	2.667969
954.556030	1.808044
956.604004	2.047974
958.888000	2.283997
961.432007	2.544006
964.107971	2.675964
965.875977	1.768005
967.776001	1.900024
969.776001	2.000000
971.575989	1.799988
972.719971	1.143982
974.659973	1.940002
976.564026	1.904053
978.664001	2.099976
980.731995	2.067993
982.648010	1.916016
984.515991	1.867981
986.559998	2.044006
988.783997	2.223999
991.640015	2.856018
993.599976	1.959961
995.512024	1.912048
997.351990	1.839966
999.236023	1.884033
1001.104004	1.867981
1002.984009	1.880005
1005.607971	2.623962
1008.484009	2.876038
1010.523987	2.039978
1013.091980	2.567993
1016.539978	3.447998
1018.231995	1.692017
1021.572021	3.340027
1023.383972	1.811951
1025.171997	1.788025
1027.027954	1.855957
1036.260010	9.232056
1039.556030	3.296021
1041.244019	1.687988
1042.988037	1.744019
1044.647949	1.659912
1047.067993	2.420044
1048.800049	1.732056
1050.484009	1.683960
1052.244019	1.760010
1054.092041	1.848022
1057.904053	3.812012
1062.456055	4.552002
1068.624023	6.167969
1079.328003	10.703979
1085.079956	5.751953
1087.459961	2.380005
1089.056030	1.596069
1090.592041	1.536011
1092.972046	2.380005
1094.932007	1.959961
1096.871948	1.939941
1101.375977	4.504028
1109.296021	7.920044
1113.959961	4.663940
1115.511963	1.552002
1117.063965	1.552002
1118.699951	1.635986
1120.124023	1.424072
1122.323975	2.199951
1124.131958	1.807983
1126.371948	2.239990
1128.748047	2.376099
1130.303955	1.555908
1131.979980	1.676025
1134.420044	2.440063
1136.147949	1.727905
1138.167969	2.020020
1141.959961	3.791992
1149.735962	7.776001
1151.112061	1.376099
1152.547974	1.435913
1154.031982	1.484009
1155.395996	1.364014
1157.463989	2.067993
1159.115967	1.651978
1161.223999	2.108032
1163.316040	2.092041
1165.072021	1.755981
1166.739990	1.667969
1168.411987	1.671997
1170.043945	1.631958
1172.563965	2.520020
1175.079956	2.515991
1177.515991	2.436035
1179.352051	1.836060
1181.355957	2.003906
1183.828003	2.472046
1185.447998	1.619995
1187.043945	1.595947
1188.612061	1.568115
1190.255981	1.643921
1192.663940	2.407959
1194.284058	1.620117
1196.031982	1.747925
1197.887939	1.855957
1199.463989	1.576050
1201.124023	1.660034
1202.816040	1.692017
1203.952026	1.135986
1206.336060	2.384033
1208.776001	2.439941
1210.328003	1.552002
1211.371948	1.043945
1213.160034	1.788086
1215.880005	2.719971
1217.723999	1.843994
1219.291992	1.567993
1220.963989	1.671997
1222.891968	1.927979
1224.536011	1.644043
1226.500000	1.963989
1228.323975	1.823975
1231.208008	2.884033
1233.079956	1.871948
1234.880005	1.800049
1236.644043	1.764038
1239.447998	2.803955
1241.336060	1.888062
1243.228027	1.891968
1244.975952	1.747925
1246.819946	1.843994
1248.660034	1.840088
1250.687988	2.027954
1252.515991	1.828003
1254.447998	1.932007
1256.244019	1.796021
1257.972046	1.728027
1259.796021	1.823975
1261.755981	1.959961
1263.511963	1.755981
1265.284058	1.772095
1267.095947	1.811890
1268.907959	1.812012
1270.780029	1.872070
1272.563965	1.783936
1274.527954	1.963989
1276.271973	1.744019
1278.163940	1.891968
1279.923950	1.760010
1283.112061	3.188110
1284.043945	0.931885
1293.676025	9.632080
1301.267944	7.591919
1303.771973	2.504028
1305.212036	1.440063
1307.635986	2.423950
1309.276001	1.640015
1310.936035	1.660034
1312.916016	1.979980
1314.536011	1.619995
1316.276001	1.739990
1317.868042	1.592041
1320.167969	2.299927
1321.739990	1.572021
1323.339966	1.599976
1325.592041	2.252075
1327.328003	1.735962
1329.520020	2.192017
1331.260010	1.739990
1332.975952	1.715942
1334.612061	1.636108
1336.352051	1.739990
1338.004028	1.651978
1339.784058	1.780029
1342.011963	2.227905
1344.024048	2.012085
1345.592041	1.567993
1347.196045	1.604004
1348.975952	1.779907
1350.796021	1.820068
1352.427979	1.631958
1354.119995	1.692017
1355.900024	1.780029
1357.984009	2.083984
1359.715942	1.731934
1361.484009	1.768066
1363.823975	2.339966
1365.932007	2.108032
1367.723999	1.791992
1369.631958	1.907959
1371.504028	1.872070
1373.323975	1.819946
1375.115967	1.791992
1376.875977	1.760010
1378.723999	1.848022
1380.504028	1.780029
1382.427979	1.923950
1384.432007	2.004028
1386.291992	1.859985
1388.128052	1.836060
1390.176025	2.047974
1392.063965	1.887939
1393.887939	1.823975
1395.887939	2.000000
1398.043945	2.156006
1399.864014	1.820068
1401.687988	1.823975
1404.092041	2.404053
1405.895996	1.803955
1408.459961	2.563965
1411.264038	2.804077
1412.923950	1.659912
1414.572021	1.648071
1416.972046	2.400024
1418.619995	1.647949
1420.264038	1.644043
1421.907959	1.643921
1423.583984	1.676025
1425.328003	1.744019
1426.988037	1.660034
1429.443970	2.455933
1431.244019	1.800049
1432.875977	1.631958
1434.604004	1.728027
1436.404053	1.800049
1438.112061	1.708008
1439.875977	1.763916
1441.567993	1.692017
1443.264038	1.696045
1444.968018	1.703979
1446.755981	1.787964
1449.355957	2.599976
1451.079956	1.723999
1453.020020	1.940063
1454.796021	1.776001
1456.624023	1.828003
1458.395996	1.771973
1460.264038	1.868042
1462.223999	1.959961
1463.972046	1.748047
1465.739990	1.767944
1467.583984	1.843994
1469.452026	1.868042
1471.244019	1.791992
1473.020020	1.776001
1474.816040	1.796021
1476.563965	1.747925
1478.380005	1.816040
1480.276001	1.895996
1481.988037	1.712036
1483.880005	1.891968
1485.979980	2.099976
1488.604004	2.624023
1490.420044	1.816040
1492.644043	2.223999
1495.404053	2.760010
1497.276001	1.871948
1499.352051	2.076050
1502.140015	2.787964
1504.640015	2.500000
1506.975952	2.335938
1508.687988	1.712036
1510.527954	1.839966
1512.339966	1.812012
1514.036011	1.696045
1515.748047	1.712036
1517.468018	1.719971
1519.864014	2.395996
1521.608032	1.744019
1523.307983	1.699951
1524.972046	1.664063
1527.343994	2.371948
1529.104004	1.760010
1530.776001	1.671997
1532.484009	1.708008
1534.963989	2.479980
1536.663940	1.699951
1538.375977	1.712036
1540.212036	1.836060
1542.715942	2.503906
1544.968018	2.252075
1546.952026	1.984009
1548.787964	1.835938
1550.663940	1.875977
1552.599976	1.936035
1554.488037	1.888062
1556.343994	1.855957
1558.215942	1.871948
1560.723999	2.508057
1563.468018	2.744019
1565.699951	2.231934
1568.300049	2.600098
1570.380005	2.079956
1571.411987	1.031982
1574.907959	3.495972
1576.692017	1.784058
1578.352051	1.660034
1580.011963	1.659912
1581.932007	1.920044
1583.680054	1.748047
1585.359985	1.679932
1587.171997	1.812012
1589.680054	2.508057
1591.936035	2.255981
1593.644043	1.708008
1595.276001	1.631958
1596.852051	1.576050
1599.267944	2.415894
1601.024048	1.756104
1603.739990	2.715942
1605.439941	1.699951
1607.199951	1.760010
1608.891968	1.692017
1611.552002	2.660034
1613.267944	1.715942
1614.968018	1.700073
1617.423950	2.455933
1619.192017	1.768066
1620.855957	1.663940
1622.683960	1.828003
1625.208008	2.524048
1627.060059	1.852051
1629.287964	2.227905
1631.167969	1.880005
1633.927979	2.760010
1636.508057	2.580078
1639.248047	2.739990
1642.047974	2.799927
1644.640015	2.592041
1646.536011	1.895996
1648.436035	1.900024
1650.404053	1.968018
1652.264038	1.859985
1653.235962	0.971924
1655.303955	2.067993
1657.163940	1.859985
1659.916016	2.752075
1662.472046	2.556030
1664.391968	1.919922
1666.196045	1.804077
1668.488037	2.291992
1671.276001	2.787964
1673.083984	1.807983
1675.592041	2.508057
1679.063965	3.471924
1681.524048	2.460083
1683.359985	1.835938
1685.095947	1.735962
1686.895996	1.800049
1688.608032	1.712036
1690.391968	1.783936
1692.871948	2.479980
1694.527954	1.656006
1696.260010	1.732056
1698.196045	1.936035
1699.932007	1.735962
1702.491943	2.559937
1704.303955	1.812012
1707.160034	2.856079
1709.011963	1.851929
1711.011963	2.000000
1713.031982	2.020020
1714.156006	1.124023
1715.947998	1.791992
1717.640015	1.692017
1719.260010	1.619995
1721.135986	1.875977
1723.000000	1.864014
1724.911987	1.911987
1726.699951	1.787964
1728.432007	1.732056
1730.387939	1.955933
1733.187988	2.800049
1734.911987	1.723999
1736.828003	1.916016
1738.699951	1.871948
1740.560059	1.860107
1742.423950	1.863892
1744.404053	1.980103
1746.355957	1.951904
1748.248047	1.892090
1750.180054	1.932007
1752.083984	1.903931
1753.939941	1.855957
1757.332031	3.392090
1758.952026	1.619995
1760.680054	1.728027
1762.316040	1.635986
1764.040039	1.723999
1765.635986	1.595947
1767.319946	1.683960
1769.859985	2.540039
1771.468018	1.608032
1773.095947	1.627930
1774.871948	1.776001
1776.628052	1.756104
1779.031982	2.403931
1779.927979	0.895996
1782.303955	2.375977
1784.183960	1.880005
1786.223999	2.040039
1788.040039	1.816040
1789.803955	1.763916
1791.527954	1.723999
1793.291992	1.764038
1795.744019	2.452026
1797.491943	1.747925
1799.732056	2.240112
