2.568000	1.500000
4.080000	1.512000
5.828000	1.748000
7.664000	1.836000
9.552000	1.888000
11.436000	1.884000
13.692000	2.256001
16.112000	2.419999
17.700001	1.588001
19.708000	2.007999
21.719999	2.011999
30.476000	8.756001
34.104000	3.628000
38.400002	4.296001
40.652000	2.251999
42.703999	2.051998
46.459999	3.756001
48.952000	2.492001
50.848000	1.896000
59.484001	8.636002
68.807999	9.323997
71.739998	2.931999
74.879997	3.139999
77.320000	2.440002
80.155998	2.835999
83.424004	3.268005
87.571999	4.147995
92.879997	5.307999
96.792000	3.912003
98.935997	2.143997
102.980003	4.044006
106.255997	3.275993
110.232002	3.976006
112.856003	2.624001
116.919998	4.063995
118.912003	1.992004
120.835999	1.923996
122.407997	1.571999
124.143997	1.736000
125.931999	1.788002
128.203995	2.271996
130.011993	1.807999
133.132004	3.120010
139.095993	5.963989
141.240005	2.144012
144.472000	3.231995
146.740005	2.268005
149.296005	2.556000
151.059998	1.763992
156.524002	5.464005
158.264008	1.740005
159.996002	1.731995
170.063995	10.067993
172.171997	2.108002
174.156006	1.984009
176.199997	2.043991
178.863998	2.664001
182.412003	3.548004
192.044006	9.632004
197.820007	5.776001
199.796005	1.975998
202.759995	2.963989
206.031998	3.272003
211.444000	5.412003
213.339996	1.895996
215.160004	1.820007
216.940002	1.779999
219.360001	2.419998
223.287994	3.927994
225.511993	2.223999
229.979996	4.468002
234.104004	4.124008
237.175995	3.071991
239.684006	2.508011
242.576004	2.891998
244.460007	1.884003
249.199997	4.739990
251.731995	2.531998
252.904007	1.172012
255.300003	2.395996
257.556000	2.255997
262.100006	4.544006
263.200012	1.100006
264.723999	1.523987
266.687988	1.963989
268.552002	1.864014
271.411987	2.859985
273.332001	1.920013
276.428009	3.096008
280.415985	3.987976
282.247986	1.832001
284.888000	2.640015
286.459991	1.571991
288.351990	1.891998
290.075989	1.723999
291.872009	1.796021
295.067993	3.195984
297.252014	2.184021
299.052002	1.799988
300.723999	1.671997
302.299988	1.575989
303.971985	1.671997
305.932007	1.960022
307.764008	1.832001
309.584015	1.820007
311.463989	1.879974
313.372009	1.908020
315.308014	1.936005
317.104004	1.795990
318.764008	1.660004
320.432007	1.667999
322.223999	1.791992
324.140015	1.916016
325.872009	1.731995
327.544006	1.671997
329.200012	1.656006
331.011993	1.811981
332.727997	1.716003
334.376007	1.648010
336.268005	1.891998
338.623993	2.355988
343.403992	4.779999
345.399994	1.996002
347.584015	2.184021
349.888000	2.303986
351.911987	2.023987
353.731995	1.820007
355.447998	1.716003
357.156006	1.708008
358.768005	1.612000
360.492004	1.723999
362.171997	1.679993
363.835999	1.664001
365.656006	1.820007
367.575989	1.919983
369.376007	1.800018
371.191986	1.815979
373.096008	1.904022
374.988007	1.891998
376.536011	1.548004
378.440002	1.903992
382.752014	4.312012
384.747986	1.995972
386.864014	2.116028
388.476013	1.612000
392.191986	3.715973
394.019989	1.828003
395.799988	1.779999
401.092010	5.292023
407.399994	6.307983
409.971985	2.571991
411.996002	2.024017
414.944000	2.947998
417.575989	2.631989
425.243988	7.667999
431.164001	5.920013
432.644012	1.480011
434.104004	1.459991
435.743988	1.639984
437.440002	1.696014
439.200012	1.760010
440.760010	1.559998
442.272003	1.511993
443.899994	1.627991
445.476013	1.576019
447.187988	1.711975
448.924011	1.736023
450.791992	1.867981
452.515991	1.723999
454.291992	1.776001
456.212006	1.920013
457.944000	1.731995
459.544006	1.600006
461.287994	1.743988
463.071991	1.783997
464.872009	1.800018
466.712006	1.839996
468.544006	1.832001
470.256012	1.712006
472.059998	1.803986
473.847992	1.787994
475.683990	1.835999
477.339996	1.656006
479.279999	1.940002
481.208008	1.928009
483.023987	1.815979
484.859985	1.835999
487.059998	2.200012
489.276001	2.216003
491.876007	2.600006
494.084015	2.208008
496.480011	2.395996
503.540009	7.059998
517.487976	13.947968
522.179993	4.692017
523.888000	1.708008
525.760010	1.872009
527.504028	1.744019
528.943970	1.439941
531.763977	2.820007
534.947998	3.184021
539.591980	4.643982
542.056030	2.464050
545.323975	3.267944
549.059998	3.736023
550.804016	1.744019
554.671997	3.867981
557.552002	2.880005
562.780029	5.228027
573.875977	11.095947
585.992004	12.116028
590.835999	4.843994
594.671997	3.835999
598.328003	3.656006
604.468018	6.140015
609.771973	5.303955
623.012024	13.240051
625.127991	2.115967
627.168030	2.040039
628.507996	1.339966
630.156006	1.648010
633.159973	3.003967
634.575989	1.416016
636.335999	1.760010
640.132019	3.796021
652.583984	12.451965
654.348022	1.764038
661.872009	7.523987
666.044006	4.171997
667.388000	1.343994
668.888000	1.500000
671.616028	2.728027
673.536011	1.919983
676.544006	3.007996
679.395996	2.851990
681.588013	2.192017
683.888000	2.299988
689.208008	5.320007
690.875977	1.667969
692.395996	1.520020
693.979980	1.583984
695.648010	1.668030
697.323975	1.675964
698.927979	1.604004
700.435974	1.507996
702.056030	1.620056
703.700012	1.643982
705.348022	1.648010
707.588013	2.239990
709.228027	1.640015
712.211975	2.983948
719.023987	6.812012
720.556030	1.532043
722.028015	1.471985
723.624023	1.596008
726.635986	3.011963
728.367981	1.731995
730.119995	1.752014
731.892029	1.772034
740.151978	8.259949
741.892029	1.740051
743.468018	1.575989
745.184021	1.716003
747.020020	1.835999
748.723999	1.703979
750.507996	1.783997
752.015991	1.507996
753.908020	1.892029
755.919983	2.011963
759.520020	3.600037
764.624023	5.104004
766.596008	1.971985
769.659973	3.063965
773.116028	3.456055
774.799988	1.683960
778.036011	3.236023
779.927979	1.891968
784.395996	4.468018
786.168030	1.772034
790.695984	4.527954
800.007996	9.312012
801.500000	1.492004
803.039978	1.539978
804.679993	1.640015
806.380005	1.700012
808.168030	1.788025
811.679993	3.511963
814.203979	2.523987
821.012024	6.808044
822.867981	1.855957
824.599976	1.731995
826.348022	1.748047
828.276001	1.927979
829.968018	1.692017
843.356018	13.388000
845.599976	2.243958
851.443970	5.843994
853.236023	1.792053
855.476013	2.239990
857.427979	1.951965
860.643982	3.216003
867.619995	6.976013
869.856018	2.236023
872.104004	2.247986
879.539978	7.435974
882.651978	3.112000
885.559998	2.908020
893.559998	8.000000
895.176025	1.616028
903.067993	7.891968
904.788025	1.720032
905.952026	1.164001
907.268005	1.315979
910.164001	2.895996
913.244019	3.080017
916.752014	3.507996
919.835999	3.083984
921.604004	1.768005
923.351990	1.747986
926.192017	2.840027
928.031982	1.839966
929.695984	1.664001
931.596008	1.900024
933.283997	1.687988
935.143982	1.859985
946.984009	11.840027
948.632019	1.648010
950.231995	1.599976
951.952026	1.720032
953.768005	1.815979
959.151978	5.383972
965.004028	5.852051
966.723999	1.719971
968.151978	1.427979
972.504028	4.352051
974.211975	1.707947
975.995972	1.783997
978.072021	2.076050
980.140015	2.067993
990.211975	10.071960
992.596008	2.384033
1002.492004	9.895996
1005.200012	2.708008
1008.648010	3.447998
1010.263977	1.615967
1012.695984	2.432007
1016.124023	3.428040
1018.184021	2.059998
1020.151978	1.967957
1022.760010	2.608032
1024.692017	1.932007
1026.787964	2.095947
1028.692017	1.904053
1030.472046	1.780029
1032.280029	1.807983
1040.680054	8.400024
1044.187988	3.507935
1045.744019	1.556030
1048.848022	3.104004
1050.543945	1.695923
1052.276001	1.732056
1054.119995	1.843994
1056.052002	1.932007
1057.891968	1.839966
1059.843994	1.952026
1061.832031	1.988037
1063.880005	2.047974
1065.904053	2.024048
1067.864014	1.959961
1069.907959	2.043945
1074.579956	4.671997
1080.244019	5.664063
1082.187988	1.943970
1084.671997	2.484009
1086.547974	1.875977
1088.635986	2.088013
1090.868042	2.232056
1093.027954	2.159912
1096.520020	3.492065
1099.196045	2.676025
1100.959961	1.763916
1104.384033	3.424072
1106.104004	1.719971
1107.891968	1.787964
1109.735962	1.843994
1111.588013	1.852051
1113.475952	1.887939
1115.391968	1.916016
1117.355957	1.963989
1119.219971	1.864014
1121.400024	2.180054
1123.715942	2.315918
1126.203979	2.488037
1128.956055	2.752075
1140.536011	11.579956
1143.991943	3.455933
1147.348022	3.356079
1149.043945	1.695923
1150.619995	1.576050
1152.296021	1.676025
1154.043945	1.747925
1155.907959	1.864014
1157.703979	1.796021
1159.599976	1.895996
1161.463989	1.864014
1163.364014	1.900024
1165.391968	2.027954
1167.380005	1.988037
1169.432007	2.052002
1171.599976	2.167969
1173.696045	2.096069
1176.115967	2.419922
1178.276001	2.160034
1180.339966	2.063965
1182.323975	1.984009
1184.296021	1.972046
1186.352051	2.056030
1188.332031	1.979980
1190.167969	1.835938
1192.088013	1.920044
1194.060059	1.972046
1195.895996	1.835938
1197.771973	1.875977
1199.576050	1.804077
1201.420044	1.843994
1203.291992	1.871948
1205.339966	2.047974
1207.284058	1.944092
1209.255981	1.971924
1211.215942	1.959961
1213.027954	1.812012
1214.864014	1.836060
1216.699951	1.835938
1218.547974	1.848022
1220.411987	1.864014
1222.208008	1.796021
1224.052002	1.843994
1225.988037	1.936035
1227.839966	1.851929
1229.715942	1.875977
1231.387939	1.671997
1233.079956	1.692017
1234.696045	1.616089
1236.479980	1.783936
1238.760010	2.280029
1240.560059	1.800049
1242.692017	2.131958
1244.520020	1.828003
1246.375977	1.855957
1248.251953	1.875977
1250.024048	1.772095
1251.771973	1.747925
1253.843994	2.072021
1255.755981	1.911987
1257.583984	1.828003
1261.463989	3.880005
1272.947998	11.484009
1275.124023	2.176025
1277.140015	2.015991
1279.255981	2.115967
1281.472046	2.216064
1283.715942	2.243896
1286.144043	2.428101
1287.816040	1.671997
1289.504028	1.687988
1291.352051	1.848022
1293.076050	1.723999
1294.963989	1.887939
1296.839966	1.875977
1298.968018	2.128052
1302.984009	4.015991
1304.828003	1.843994
1306.572021	1.744019
1313.219971	6.647949
1315.160034	1.940063
1317.552002	2.391968
1320.239990	2.687988
1324.771973	4.531982
1326.656006	1.884033
1328.504028	1.848022
1330.479980	1.975952
1332.332031	1.852051
1334.144043	1.812012
1335.968018	1.823975
1337.776001	1.807983
1339.468018	1.692017
1341.099976	1.631958
1342.816040	1.716064
1344.712036	1.895996
1346.839966	2.127930
1351.456055	4.616089
1355.416016	3.959961
1357.208008	1.791992
1358.988037	1.780029
1360.848022	1.859985
1362.767944	1.919922
1364.751953	1.984009
1366.663940	1.911987
1368.780029	2.116089
1372.151978	3.371948
1374.024048	1.872070
1376.887939	2.863892
1380.239990	3.352051
1384.520020	4.280029
1388.479980	3.959961
1390.796021	2.316040
1392.972046	2.176025
1395.303955	2.331909
1397.452026	2.148071
1400.647949	3.195923
1403.463989	2.816040
1410.984009	7.520020
1414.095947	3.111938
1416.180054	2.084106
1420.556030	4.375977
1424.076050	3.520020
1426.732056	2.656006
1429.092041	2.359985
1430.855957	1.763916
1431.927979	1.072021
1433.651978	1.723999
1445.660034	12.008057
1447.416016	1.755981
1449.932007	2.515991
1455.576050	5.644043
1457.748047	2.171997
1459.871948	2.123901
1471.343994	11.472046
1474.375977	3.031982
1476.875977	2.500000
1479.312012	2.436035
1485.368042	6.056030
1488.076050	2.708008
1490.484009	2.407959
1492.407959	1.923950
1494.416016	2.008057
1496.612061	2.196045
1497.832031	1.219971
1500.395996	2.563965
1501.631958	1.235962
1505.671997	4.040039
1509.291992	3.619995
1511.052002	1.760010
1512.995972	1.943970
1516.843994	3.848022
1518.631958	1.787964
1521.812012	3.180054
1526.832031	5.020020
1529.264038	2.432007
1531.563965	2.299927
1533.936035	2.372070
1537.787964	3.851929
1540.056030	2.268066
1542.251953	2.195923
1546.271973	4.020020
1548.124023	1.852051
1549.728027	1.604004
1551.463989	1.735962
1553.260010	1.796021
1554.975952	1.715942
1556.676025	1.700073
1558.427979	1.751953
1560.140015	1.712036
1562.128052	1.988037
1564.040039	1.911987
1566.015991	1.975952
1567.956055	1.940063
1569.923950	1.967896
1571.764038	1.840088
1573.447998	1.683960
1575.572021	2.124023
1577.119995	1.547974
1581.011963	3.891968
1583.735962	2.723999
1586.608032	2.872070
1588.468018	1.859985
1592.904053	4.436035
1595.864014	2.959961
1598.024048	2.160034
1600.923950	2.899902
1603.095947	2.171997
1604.776001	1.680054
1606.348022	1.572021
1614.052002	7.703979
1615.868042	1.816040
1617.572021	1.703979
1619.271973	1.699951
1620.947998	1.676025
1622.760010	1.812012
1624.547974	1.787964
1626.332031	1.784058
1628.215942	1.883911
1630.192017	1.976074
1631.979980	1.787964
1634.203979	2.223999
1635.911987	1.708008
1637.812012	1.900024
1639.947998	2.135986
1642.284058	2.336060
1645.083984	2.799927
1647.319946	2.235962
1649.651978	2.332031
1651.443970	1.791992
1653.276001	1.832031
1655.511963	2.235962
1657.803955	2.291992
1659.959961	2.156006
1662.312012	2.352051
1664.135986	1.823975
1666.187988	2.052002
1667.995972	1.807983
1669.984009	1.988037
1671.864014	1.880005
1673.819946	1.955933
1676.004028	2.184082
1678.223999	2.219971
1680.423950	2.199951
1682.651978	2.228027
1684.703979	2.052002
1686.595947	1.891968
1688.443970	1.848022
1690.391968	1.947998
1692.267944	1.875977
1694.047974	1.780029
1695.543945	1.495972
1697.748047	2.204102
1699.816040	2.067993
1701.780029	1.963989
1703.567993	1.787964
1705.239990	1.671997
1706.995972	1.755981
1708.699951	1.703979
1710.612061	1.912109
1712.543945	1.931885
1714.328003	1.784058
1716.088013	1.760010
1718.072021	1.984009
1719.916016	1.843994
1722.083984	2.167969
1724.260010	2.176025
1726.180054	1.920044
1728.187988	2.007935
1730.099976	1.911987
1732.015991	1.916016
1734.015991	2.000000
1735.839966	1.823975
1737.468018	1.628052
1739.579956	2.111938
1741.520020	1.940063
1743.260010	1.739990
1744.843994	1.583984
1747.232056	2.388062
1748.543945	1.311890
1750.563965	2.020020
1752.671997	2.108032
1755.056030	2.384033
1756.447998	1.391968
1758.271973	1.823975
1760.235962	1.963989
1762.119995	1.884033
1763.988037	1.868042
1765.972046	1.984009
1767.852051	1.880005
1769.939941	2.087891
1771.891968	1.952026
1773.875977	1.984009
1775.619995	1.744019
1777.543945	1.923950
1779.447998	1.904053
1781.500000	2.052002
1783.595947	2.095947
1785.500000	1.904053
1787.375977	1.875977
1789.176025	1.800049
1791.187988	2.011963
1792.979980	1.791992
1794.807983	1.828003
1796.656006	1.848022
1798.468018	1.812012
1800.452026	1.984009
