1.976000	1.980000
5.152000	3.176000
8.476000	3.324000
11.568000	3.092000
14.192000	2.624001
17.028000	2.835999
20.336000	3.308001
22.924000	2.587999
25.308001	2.384001
29.024000	3.716000
31.851999	2.827999
35.071999	3.219999
45.040001	9.968002
48.223999	3.183998
51.279999	3.056000
54.023998	2.743999
57.396000	3.372002
60.091999	2.695999
63.411999	3.320000
66.872002	3.460003
70.547997	3.675995
73.344002	2.796005
76.779999	3.435997
79.820000	3.040001
82.755997	2.935997
86.491997	3.736000
93.931999	7.440002
109.292000	15.360001
112.503998	3.211998
115.655998	3.152000
119.232002	3.576004
122.844002	3.612000
125.839996	2.995995
128.988007	3.148010
131.843994	2.855988
135.104004	3.260010
137.384003	2.279999
142.203995	4.819992
145.647995	3.444000
149.399994	3.751999
154.483994	5.084000
158.556000	4.072006
183.464005	24.908005
186.419998	2.955994
189.080002	2.660004
192.203995	3.123993
194.796005	2.592010
197.623993	2.827988
200.128006	2.504013
204.268005	4.139999
208.296005	4.028000
211.867996	3.571991
215.048004	3.180008
220.147995	5.099991
224.287994	4.139999
227.119995	2.832001
229.003998	1.884003
235.324005	6.320007
237.776001	2.451996
240.576004	2.800003
243.304001	2.727997
247.707993	4.403992
279.067993	31.360001
295.963989	16.895996
300.536011	4.572021
304.947998	4.411987
309.187988	4.239990
313.235992	4.048004
316.592010	3.356018
320.299988	3.707977
324.411987	4.112000
328.627991	4.216003
331.332001	2.704010
333.955994	2.623993
336.859985	2.903992
340.227997	3.368011
343.548004	3.320007
348.339996	4.791992
352.395996	4.056000
355.951996	3.556000
360.503998	4.552002
374.187988	13.683990
378.799988	4.612000
381.988007	3.188019
385.463989	3.475983
388.743988	3.279999
391.976013	3.232025
395.459991	3.483978
399.391998	3.932007
403.272003	3.880005
406.563995	3.291992
410.196014	3.632019
414.164001	3.967987
418.299988	4.135986
422.196014	3.896027
424.687988	2.491974
428.795990	4.108002
432.347992	3.552002
435.660004	3.312012
439.036011	3.376007
442.432007	3.395996
445.588013	3.156006
449.191986	3.603973
452.552002	3.360016
456.604004	4.052002
462.436005	5.832001
465.984009	3.548004
469.444000	3.459991
474.556000	5.112000
477.291992	2.735992
480.911987	3.619995
484.760010	3.848022
488.148010	3.388000
494.660004	6.511993
502.119995	7.459991
506.832001	4.712006
510.592010	3.760010
514.015991	3.423981
517.883972	3.867981
521.340027	3.456055
525.200012	3.859985
529.263977	4.063965
532.531982	3.268005
535.895996	3.364014
538.684021	2.788025
542.015991	3.331970
544.799988	2.783997
547.323975	2.523987
551.044006	3.720032
554.331970	3.287964
558.127991	3.796021
562.096008	3.968018
565.632019	3.536011
568.468018	2.835999
571.919983	3.451965
575.179993	3.260010
579.039978	3.859985
583.184021	4.144043
591.340027	8.156006
597.239990	5.899963
602.744019	5.504028
609.463989	6.719971
613.112000	3.648010
620.244019	7.132019
622.823975	2.579956
625.731995	2.908020
629.004028	3.272034
631.780029	2.776001
634.823975	3.043945
638.143982	3.320007
640.895996	2.752014
642.851990	1.955994
644.856018	2.004028
648.216003	3.359985
652.151978	3.935974
655.687988	3.536011
659.140015	3.452026
662.607971	3.467957
666.604004	3.996033
670.676025	4.072021
673.731995	3.055969
676.731995	3.000000
680.012024	3.280029
683.340027	3.328003
686.184021	2.843994
689.052002	2.867981
691.695984	2.643982
696.567993	4.872009
701.283997	4.716003
706.132019	4.848022
715.168030	9.036011
719.763977	4.595947
722.903992	3.140015
726.471985	3.567993
730.520020	4.048035
733.731995	3.211975
737.143982	3.411987
740.692017	3.548035
742.791992	2.099976
745.504028	2.712036
749.028015	3.523987
753.052002	4.023987
756.776001	3.723999
759.659973	2.883972
762.187988	2.528015
765.703979	3.515991
769.132019	3.428040
771.919983	2.787964
777.000000	5.080017
781.799988	4.799988
784.447998	2.648010
787.619995	3.171997
792.156006	4.536011
795.455994	3.299988
798.200012	2.744019
801.023987	2.823975
804.664001	3.640015
808.091980	3.427979
809.651978	1.559998
811.159973	1.507996
814.000000	2.840027
816.432007	2.432007
819.424011	2.992004
821.231995	1.807983
823.312012	2.080017
826.072021	2.760010
828.616028	2.544006
831.260010	2.643982
834.520020	3.260010
837.799988	3.279968
841.583984	3.783997
845.979980	4.395996
849.419983	3.440002
852.083984	2.664001
855.908020	3.824036
859.395996	3.487976
863.099976	3.703979
866.351990	3.252014
870.280029	3.928040
873.288025	3.007996
877.208008	3.919983
880.604004	3.395996
884.935974	4.331970
890.723999	5.788025
896.083984	5.359985
901.979980	5.895996
905.856018	3.876038
911.723999	5.867981
914.419983	2.695984
918.851990	4.432007
922.700012	3.848022
925.872009	3.171997
928.840027	2.968018
931.856018	3.015991
934.880005	3.023987
938.116028	3.236023
941.408020	3.291992
944.435974	3.027954
947.643982	3.208008
950.604004	2.960022
953.455994	2.851990
956.627991	3.171997
959.719971	3.091980
963.143982	3.424011
967.039978	3.895996
969.567993	2.528015
972.760010	3.192017
977.228027	4.468018
981.323975	4.095947
988.528015	7.204041
994.236023	5.708008
998.231995	3.995972
1001.840027	3.608032
1005.452026	3.612000
1009.228027	3.776001
1013.096008	3.867981
1016.119995	3.023987
1019.479980	3.359985
1022.687988	3.208008
1024.884033	2.196045
1029.131958	4.247925
1032.812012	3.680054
1037.307983	4.495972
1041.079956	3.771973
1044.384033	3.304077
1048.384033	4.000000
1051.540039	3.156006
1054.208008	2.667969
1057.239990	3.031982
1060.099976	2.859985
1066.092041	5.992065
1070.427979	4.335938
1074.239990	3.812012
1077.599976	3.359985
1080.995972	3.395996
1084.703979	3.708008
1087.963989	3.260010
1091.884033	3.920044
1095.108032	3.223999
1098.452026	3.343994
1102.364014	3.911987
1107.284058	4.920044
1112.232056	4.947998
1118.447998	6.215942
1123.336060	4.888062
1128.384033	5.047974
1131.475952	3.091919
1134.660034	3.184082
1137.803955	3.143921
1141.395996	3.592041
1144.572021	3.176025
1147.560059	2.988037
1150.300049	2.739990
1153.828003	3.527954
1156.995972	3.167969
1160.156006	3.160034
1163.307983	3.151978
1166.411987	3.104004
1168.219971	1.807983
1171.271973	3.052002
1172.836060	1.564087
1173.887939	1.051880
1176.920044	3.032104
1179.307983	2.387939
1182.267944	2.959961
1184.760010	2.492065
1187.432007	2.671997
1190.112061	2.680054
1193.420044	3.307983
1196.832031	3.411987
1200.235962	3.403931
1203.680054	3.444092
1207.020020	3.339966
1210.927979	3.907959
1214.280029	3.352051
1217.920044	3.640015
1221.232056	3.312012
1224.416016	3.183960
1227.819946	3.403931
1231.147949	3.328003
1234.119995	2.972046
1237.067993	2.947998
1241.131958	4.063965
1244.267944	3.135986
1247.612061	3.344116
1250.683960	3.071899
1255.332031	4.648071
1259.092041	3.760010
1261.819946	2.727905
1264.959961	3.140015
1267.183960	2.223999
1270.495972	3.312012
1273.715942	3.219971
1276.355957	2.640015
1278.739990	2.384033
1281.911987	3.171997
1284.803955	2.891968
1288.552002	3.748047
1291.212036	2.660034
1294.196045	2.984009
1298.520020	4.323975
1301.739990	3.219971
1305.800049	4.060059
1311.531982	5.731934
1316.787964	5.255981
1320.371948	3.583984
1324.943970	4.572021
1329.832031	4.888062
1333.936035	4.104004
1338.244019	4.307983
1341.095947	2.851929
1344.199951	3.104004
1346.923950	2.723999
1349.599976	2.676025
1352.484009	2.884033
1355.303955	2.819946
1358.479980	3.176025
1361.099976	2.619995
1364.108032	3.008057
1367.043945	2.935913
1370.255981	3.212036
1373.319946	3.063965
1376.088013	2.768066
1380.631958	4.543945
1384.708008	4.076050
1388.140015	3.432007
1391.504028	3.364014
1394.832031	3.328003
1398.572021	3.739990
1402.027954	3.455933
1405.180054	3.152100
1409.043945	3.863892
1412.472046	3.428101
1417.371948	4.899902
1424.843994	7.472046
1429.371948	4.527954
1432.916016	3.544067
1435.624023	2.708008
1438.719971	3.095947
1441.504028	2.784058
1445.384033	3.880005
1447.887939	2.503906
1450.836060	2.948120
1453.599976	2.763916
1456.907959	3.307983
1460.839966	3.932007
1464.244019	3.404053
1467.384033	3.140015
1470.816040	3.432007
1474.400024	3.583984
1477.787964	3.387939
1481.479980	3.692017
1484.744019	3.264038
1487.991943	3.247925
1491.988037	3.996094
1497.359985	5.371948
1503.104004	5.744019
1508.744019	5.640015
1512.031982	3.287964
1515.459961	3.427979
1519.812012	4.352051
1523.115967	3.303955
1526.203979	3.088013
1529.676025	3.472046
1532.920044	3.244019
1536.203979	3.283936
1539.703979	3.500000
1543.036011	3.332031
1546.599976	3.563965
1550.104004	3.504028
1553.163940	3.059937
1556.563965	3.400024
1560.563965	4.000000
1563.744019	3.180054
1566.920044	3.176025
1569.995972	3.075928
1572.911987	2.916016
1576.163940	3.251953
1578.696045	2.532104
1581.156006	2.459961
1584.167969	3.011963
1587.407959	3.239990
1591.072021	3.664063
1594.579956	3.507935
1597.819946	3.239990
1601.764038	3.944092
1606.599976	4.835938
1611.427979	4.828003
1617.683960	6.255981
1620.527954	2.843994
1623.791992	3.264038
1627.508057	3.716064
1630.819946	3.311890
1633.984009	3.164063
1636.991943	3.007935
1640.543945	3.552002
1643.563965	3.020020
1647.176025	3.612061
1651.131958	3.955933
1654.472046	3.340088
1657.511963	3.039917
1661.316040	3.804077
1666.456055	5.140015
1669.572021	3.115967
1672.339966	2.767944
1678.500000	6.160034
1681.303955	2.803955
1683.979980	2.676025
1687.796021	3.816040
1691.223999	3.427979
1694.800049	3.576050
1697.963989	3.163940
1701.284058	3.320068
1704.359985	3.075928
1707.543945	3.183960
1711.000000	3.456055
1714.296021	3.296021
1718.167969	3.871948
1722.215942	4.047974
1727.644043	5.428101
1731.527954	3.883911
1734.416016	2.888062
1737.271973	2.855957
1740.723999	3.452026
1743.939941	3.215942
1747.212036	3.272095
1750.687988	3.475952
1754.015991	3.328003
1757.683960	3.667969
1760.880005	3.196045
1763.832031	2.952026
1767.439941	3.607910
1771.167969	3.728027
1774.232056	3.064087
1778.020020	3.787964
1781.260010	3.239990
1785.708008	4.447998
1789.004028	3.296021
1792.092041	3.088013
1795.364014	3.271973
1799.163940	3.799927
