3.488000	3.060000
6.440000	2.952000
9.180000	2.740000
11.792000	2.612000
14.524000	2.732000
17.483999	2.959999
20.084000	2.600000
22.472000	2.388000
25.100000	2.628000
27.511999	2.411999
30.076000	2.564001
32.784000	2.708000
35.403999	2.619999
37.731998	2.327999
40.292000	2.560001
42.995998	2.703999
45.816002	2.820004
48.495998	2.679996
51.160000	2.664001
53.616001	2.456001
56.264000	2.647999
58.944000	2.680000
61.672001	2.728001
64.388000	2.716000
66.980003	2.592003
69.667999	2.687996
72.251999	2.584000
74.835999	2.584000
77.480003	2.644005
80.148003	2.667999
82.776001	2.627998
85.580002	2.804001
88.188004	2.608002
90.888000	2.699997
93.584000	2.695999
96.171997	2.587997
98.795998	2.624001
101.339996	2.543999
103.832001	2.492004
106.496002	2.664001
109.040001	2.543999
111.519997	2.479996
114.047997	2.528000
116.603996	2.556000
119.276001	2.672005
121.860001	2.584000
124.424004	2.564003
127.028000	2.603996
129.576004	2.548004
132.123993	2.547989
134.548004	2.424011
137.048004	2.500000
139.587997	2.539993
142.095993	2.507996
144.688004	2.592010
147.248001	2.559998
149.856003	2.608002
152.356003	2.500000
154.895996	2.539993
157.363998	2.468002
159.876007	2.512009
162.391998	2.515991
164.940002	2.548004
167.419998	2.479996
169.940002	2.520004
172.395996	2.455994
174.951996	2.556000
177.479996	2.528000
180.039993	2.559998
182.380005	2.340012
184.947998	2.567993
187.408005	2.460007
190.016006	2.608002
192.507996	2.491989
195.059998	2.552002
197.535995	2.475998
200.056000	2.520004
202.600006	2.544006
205.132004	2.531998
207.656006	2.524002
210.223999	2.567993
212.835999	2.612000
215.440002	2.604004
218.011993	2.571991
220.647995	2.636002
223.080002	2.432007
225.567993	2.487991
228.151993	2.584000
230.548004	2.396011
233.104004	2.556000
235.604004	2.500000
238.227997	2.623993
240.975998	2.748001
243.695999	2.720001
246.296005	2.600006
248.608002	2.311996
250.975998	2.367996
253.423996	2.447998
255.723999	2.300003
258.208008	2.484009
260.764008	2.556000
263.411987	2.647980
265.876007	2.464020
268.515991	2.639984
270.903992	2.388000
273.335999	2.432007
275.847992	2.511993
278.279999	2.432007
280.888000	2.608002
283.571991	2.683990
286.052002	2.480011
288.696014	2.644012
291.339996	2.643982
293.832001	2.492004
296.368011	2.536011
298.940002	2.571991
301.584015	2.644012
303.955994	2.371979
306.708008	2.752014
309.272003	2.563995
311.872009	2.600006
314.380005	2.507996
316.940002	2.559998
319.584015	2.644012
322.144012	2.559998
324.828003	2.683990
327.480011	2.652008
330.187988	2.707977
332.895996	2.708008
335.683990	2.787994
338.276001	2.592010
340.984009	2.708008
343.739990	2.755981
346.335999	2.596008
349.048004	2.712006
351.596008	2.548004
354.208008	2.612000
356.899994	2.691986
359.428009	2.528015
362.023987	2.595978
364.503998	2.480011
367.247986	2.743988
369.847992	2.600006
372.503998	2.656006
375.131989	2.627991
377.536011	2.404022
379.876007	2.339996
382.384003	2.507996
384.895996	2.511993
387.420013	2.524017
389.911987	2.491974
392.515991	2.604004
395.036011	2.520020
397.612000	2.575989
400.127991	2.515991
402.795990	2.667999
406.167999	3.372009
409.044006	2.876007
411.608002	2.563995
414.343994	2.735992
417.088013	2.744019
419.532013	2.444000
422.164001	2.631989
425.000000	2.835999
427.743988	2.743988
430.488007	2.744019
433.179993	2.691986
435.664001	2.484009
438.436005	2.772003
441.059998	2.623993
443.563995	2.503998
445.959991	2.395996
448.608002	2.648010
451.140015	2.532013
453.803986	2.663971
456.291992	2.488007
458.812012	2.520020
461.623993	2.811981
464.160004	2.536011
467.040009	2.880005
469.776001	2.735992
472.368011	2.592010
475.071991	2.703979
477.556000	2.484009
480.196014	2.640015
482.835999	2.639984
485.588013	2.752014
488.252014	2.664001
491.007996	2.755981
493.503998	2.496002
496.067993	2.563995
498.579987	2.511993
501.556000	2.976013
504.424011	2.868011
507.212006	2.787994
509.787994	2.575989
512.440002	2.652008
515.231995	2.791992
517.828003	2.596008
520.583984	2.755981
523.244019	2.660034
525.671997	2.427979
528.223999	2.552002
530.872009	2.648010
533.547974	2.675964
536.468018	2.920044
539.228027	2.760010
542.255981	3.027954
545.419983	3.164001
548.528015	3.108032
551.479980	2.951965
554.159973	2.679993
556.992004	2.832031
559.695984	2.703979
562.411987	2.716003
565.236023	2.824036
567.828003	2.591980
570.604004	2.776001
573.276001	2.671997
575.916016	2.640015
578.695984	2.779968
581.604004	2.908020
584.052002	2.447998
586.908020	2.856018
589.768005	2.859985
592.664001	2.895996
595.447998	2.783997
598.296021	2.848022
601.080017	2.783997
603.963989	2.883972
607.015991	3.052002
609.815979	2.799988
612.520020	2.704041
615.307983	2.787964
617.971985	2.664001
620.892029	2.920044
623.711975	2.819946
626.504028	2.792053
629.164001	2.659973
631.859985	2.695984
634.567993	2.708008
637.072021	2.504028
639.744019	2.671997
642.372009	2.627991
644.960022	2.588013
647.596008	2.635986
650.116028	2.520020
652.723999	2.607971
655.307983	2.583984
657.952026	2.644043
660.395996	2.443970
663.052002	2.656006
665.820007	2.768005
668.447998	2.627991
671.083984	2.635986
673.700012	2.616028
676.304016	2.604004
678.935974	2.631958
681.651978	2.716003
684.367981	2.716003
687.159973	2.791992
690.127991	2.968018
693.304016	3.176025
699.424011	6.119995
701.403992	1.979980
708.575989	7.171997
711.015991	2.440002
713.599976	2.583984
716.648010	3.048035
719.599976	2.951965
722.736023	3.136047
725.835999	3.099976
728.955994	3.119995
732.911987	3.955994
736.176025	3.264038
739.383972	3.207947
742.588013	3.204041
745.512024	2.924011
748.523987	3.011963
751.236023	2.712036
754.096008	2.859985
757.132019	3.036011
760.168030	3.036011
763.247986	3.079956
766.184021	2.936035
769.195984	3.011963
772.419983	3.223999
775.323975	2.903992
778.208008	2.884033
781.247986	3.039978
784.228027	2.980042
787.036011	2.807983
789.924011	2.888000
792.840027	2.916016
795.851990	3.011963
798.739990	2.888000
801.687988	2.947998
804.900024	3.212036
807.796021	2.895996
810.700012	2.903992
813.624023	2.924011
816.504028	2.880005
819.383972	2.879944
822.504028	3.120056
825.536011	3.031982
828.736023	3.200012
832.080017	3.343994
835.164001	3.083984
837.036011	1.872009
839.200012	2.164001
842.395996	3.195984
845.443970	3.047974
848.335999	2.892029
851.299988	2.963989
854.236023	2.936035
857.192017	2.955994
860.039978	2.847961
862.851990	2.812012
865.943970	3.091980
868.843994	2.900024
871.783997	2.940002
874.559998	2.776001
877.528015	2.968018
880.116028	2.588013
883.520020	3.403992
886.627991	3.107971
889.848022	3.220032
893.083984	3.235962
896.427979	3.343994
899.924011	3.496033
902.927979	3.003967
906.007996	3.080017
909.239990	3.231995
912.187988	2.947998
915.280029	3.092041
919.323975	4.043945
922.843994	3.520020
926.099976	3.255981
929.080017	2.980042
931.960022	2.880005
934.723999	2.763977
937.895996	3.171997
940.968018	3.072021
944.012024	3.044006
947.395996	3.383972
950.107971	2.711975
952.831970	2.723999
955.612000	2.780029
958.559998	2.947998
961.567993	3.007996
964.460022	2.892029
967.703979	3.243958
969.947998	2.244019
970.932007	0.984009
976.156006	5.223999
978.192017	2.036011
980.424011	2.231995
986.443970	6.019958
989.052002	2.608032
990.903992	1.851990
992.211975	1.307983
997.536011	5.324036
1004.015991	6.479980
1006.864014	2.848022
1009.963989	3.099976
1013.000000	3.036011
1016.320007	3.320007
1019.320007	3.000000
1022.528015	3.208008
1025.744019	3.216003
1028.755981	3.011963
1031.780029	3.024048
1035.180054	3.400024
1038.271973	3.091919
1041.352051	3.080078
1044.384033	3.031982
1047.255981	2.871948
1050.447998	3.192017
1053.020020	2.572021
1059.235962	6.215942
1062.323975	3.088013
1065.595947	3.271973
1068.536011	2.940063
1071.443970	2.907959
1074.624023	3.180054
1077.531982	2.907959
1079.572021	2.040039
1082.855957	3.283936
1084.784058	1.928101
1087.468018	2.683960
1090.284058	2.816040
1093.427979	3.143921
1096.423950	2.995972
1099.192017	2.768066
1102.052002	2.859985
1105.083984	3.031982
1108.067993	2.984009
1111.336060	3.268066
1114.375977	3.039917
1117.343994	2.968018
1120.443970	3.099976
1123.615967	3.171997
1126.579956	2.963989
1129.787964	3.208008
1132.819946	3.031982
1135.771973	2.952026
1138.595947	2.823975
1141.212036	2.616089
1144.328003	3.115967
1147.212036	2.884033
1150.260010	3.047974
1153.176025	2.916016
1156.076050	2.900024
1165.699951	9.623901
1168.776001	3.076050
1171.683960	2.907959
1174.400024	2.716064
1177.667969	3.267944
1181.095947	3.427979
1184.671997	3.576050
1187.800049	3.128052
1190.796021	2.995972
1193.760010	2.963989
1197.780029	4.020020
1200.943970	3.163940
1207.975952	7.031982
1210.963989	2.988037
1213.923950	2.959961
1216.880005	2.956055
1220.391968	3.511963
1223.800049	3.408081
1226.807983	3.007935
1229.839966	3.031982
1233.067993	3.228027
1235.988037	2.920044
1239.020020	3.031982
1242.212036	3.192017
1245.271973	3.059937
1248.359985	3.088013
1251.391968	3.031982
1254.319946	2.927979
1256.459961	2.140015
1260.151978	3.692017
1263.180054	3.028076
1266.040039	2.859985
1268.819946	2.779907
1271.868042	3.048096
1274.855957	2.987915
1277.895996	3.040039
1280.776001	2.880005
1283.612061	2.836060
1286.624023	3.011963
1292.468018	5.843994
1294.264038	1.796021
1301.291992	7.027954
1303.932007	2.640015
1306.868042	2.936035
1308.647949	1.779907
1311.303955	2.656006
1314.192017	2.888062
1317.475952	3.283936
1321.027954	3.552002
1324.008057	2.980103
1327.144043	3.135986
1330.296021	3.151978
1333.212036	2.916016
1338.400024	5.187988
1341.508057	3.108032
1344.696045	3.187988
1348.083984	3.387939
1351.135986	3.052002
1354.147949	3.011963
1356.615967	2.468018
1360.319946	3.703979
1363.088013	2.768066
1366.384033	3.296021
1369.472046	3.088013
1372.368042	2.895996
1375.407959	3.039917
1378.307983	2.900024
1381.228027	2.920044
1384.780029	3.552002
1387.699951	2.919922
1390.880005	3.180054
1394.228027	3.348022
1397.416016	3.187988
1400.176025	2.760010
1402.323975	2.147949
1404.416016	2.092041
1407.671997	3.255981
1410.796021	3.124023
1413.891968	3.095947
1417.380005	3.488037
1420.359985	2.979980
1423.151978	2.791992
1425.956055	2.804077
1428.959961	3.003906
1431.963989	3.004028
1434.832031	2.868042
1437.719971	2.887939
1440.712036	2.992065
1443.423950	2.711914
1446.004028	2.580078
1449.384033	3.380005
1452.592041	3.208008
1455.800049	3.208008
1458.755981	2.955933
1461.604004	2.848022
1465.056030	3.452026
1468.156006	3.099976
1471.387939	3.231934
1474.595947	3.208008
1477.463989	2.868042
1480.319946	2.855957
1483.167969	2.848022
1486.004028	2.836060
1488.859985	2.855957
1491.776001	2.916016
1494.576050	2.800049
1497.291992	2.715942
1499.907959	2.615967
1502.612061	2.704102
1505.488037	2.875977
1508.352051	2.864014
1511.212036	2.859985
1514.167969	2.955933
1517.124023	2.956055
1519.984009	2.859985
1526.884033	6.900024
1529.907959	3.023926
1533.119995	3.212036
1535.904053	2.784058
1538.624023	2.719971
1541.475952	2.851929
1544.380005	2.904053
1547.932007	3.552002
1551.239990	3.307983
1554.375977	3.135986
1557.212036	2.836060
1560.212036	3.000000
1563.563965	3.351929
1566.368042	2.804077
1569.939941	3.571899
1572.735962	2.796021
1575.456055	2.720093
1578.144043	2.687988
1581.008057	2.864014
1583.848022	2.839966
1586.764038	2.916016
1589.855957	3.091919
1592.819946	2.963989
1596.056030	3.236084
1598.916016	2.859985
1601.859985	2.943970
1604.920044	3.060059
1607.864014	2.943970
1610.687988	2.823975
1613.604004	2.916016
1616.427979	2.823975
1619.239990	2.812012
1621.932007	2.692017
1627.904053	5.972046
1638.371948	10.467896
1641.215942	2.843994
1644.208008	2.992065
1647.219971	3.011963
1650.572021	3.352051
1654.875977	4.303955
1657.995972	3.119995
1661.468018	3.472046
1664.767944	3.299927
1667.040039	2.272095
1673.712036	6.671997
1676.563965	2.851929
1679.828003	3.264038
1682.939941	3.111938
1685.543945	2.604004
1691.963989	6.420044
1694.843994	2.880005
1697.807983	2.963989
1701.092041	3.284058
1703.387939	2.295898
1707.552002	4.164063
1710.579956	3.027954
1713.447998	2.868042
1716.228027	2.780029
1719.432007	3.203979
1722.715942	3.283936
1726.056030	3.340088
1729.135986	3.079956
1731.927979	2.791992
1734.676025	2.748047
1737.251953	2.575928
1740.339966	3.088013
1743.348022	3.008057
1746.316040	2.968018
1749.183960	2.867920
1751.855957	2.671997
1754.495972	2.640015
1758.712036	4.216064
1761.631958	2.919922
1764.776001	3.144043
1768.043945	3.267944
1770.887939	2.843994
1773.676025	2.788086
1776.871948	3.195923
1779.988037	3.116089
1783.027954	3.039917
1786.527954	3.500000
1789.228027	2.700073
1791.956055	2.728027
1794.848022	2.891968
1797.875977	3.027954
1800.959961	3.083984
