2.828000	2.464000
4.884000	2.056000
6.900000	2.016000
9.124000	2.224000
11.328000	2.204000
13.388000	2.059999
15.476000	2.088000
17.700001	2.224001
19.912001	2.212000
22.164000	2.251999
24.368000	2.204000
26.396000	2.028000
28.396000	2.000000
30.596001	2.200001
32.883999	2.287998
35.119999	2.236000
37.411999	2.292000
39.728001	2.316002
41.840000	2.112000
44.124001	2.284000
46.507999	2.383999
48.816002	2.308002
50.924000	2.107998
53.132000	2.208000
55.444000	2.312000
57.792000	2.348000
60.063999	2.271999
62.627998	2.563999
64.872002	2.244003
66.916000	2.043999
69.064003	2.148003
71.320000	2.255997
73.620003	2.300003
75.835999	2.215996
77.947998	2.112000
80.260002	2.312004
82.475998	2.215996
84.848000	2.372002
87.139999	2.292000
89.615997	2.475998
92.232002	2.616005
94.475998	2.243996
96.912003	2.436005
99.292000	2.379997
101.699997	2.407997
104.024002	2.324005
106.292000	2.267998
108.547997	2.255997
110.680000	2.132004
112.928001	2.248001
115.148003	2.220001
117.351997	2.203995
119.695999	2.344002
122.031998	2.335999
124.388000	2.356003
126.667999	2.279999
128.964005	2.296005
131.264008	2.300003
133.492004	2.227997
135.783997	2.291992
137.988007	2.204010
140.408005	2.419998
142.731995	2.323990
145.220001	2.488007
147.636002	2.416000
150.076004	2.440002
152.307999	2.231995
154.755997	2.447998
157.000000	2.244003
159.408005	2.408005
161.703995	2.295990
164.108002	2.404007
166.507996	2.399994
168.876007	2.368011
171.056000	2.179993
173.500000	2.444000
175.895996	2.395996
178.240005	2.344009
180.479996	2.239990
182.832001	2.352005
185.399994	2.567993
187.755997	2.356003
190.248001	2.492004
192.768005	2.520004
195.279999	2.511993
197.768005	2.488007
199.492004	1.723999
203.432007	3.940002
205.544006	2.112000
207.891998	2.347992
210.255997	2.363998
212.544006	2.288010
214.824005	2.279999
216.955994	2.131989
219.091995	2.136002
221.212006	2.120010
223.367996	2.155991
225.567993	2.199997
227.863998	2.296005
230.207993	2.343994
232.444000	2.236008
234.664001	2.220001
236.768005	2.104004
238.888000	2.119995
241.179993	2.291992
243.951996	2.772003
246.964005	3.012009
249.876007	2.912003
252.283997	2.407990
253.936005	1.652008
256.108002	2.171997
258.428009	2.320007
260.671997	2.243988
263.028015	2.356018
265.183990	2.155975
267.463989	2.279999
269.799988	2.335999
272.148010	2.348022
274.119995	1.971985
276.247986	2.127991
278.332001	2.084015
280.824005	2.492004
283.007996	2.183990
285.403992	2.395996
287.967987	2.563995
290.351990	2.384003
292.579987	2.227997
294.671997	2.092010
296.731995	2.059998
298.812012	2.080017
301.208008	2.395996
303.571991	2.363983
305.951996	2.380005
308.179993	2.227997
310.415985	2.235992
312.675995	2.260010
314.895996	2.220001
317.324005	2.428009
319.731995	2.407990
323.028015	3.296021
325.420013	2.391998
327.967987	2.547974
330.308014	2.340027
332.652008	2.343994
335.104004	2.451996
337.388000	2.283997
339.675995	2.287994
342.063995	2.388000
344.532013	2.468018
347.007996	2.475983
349.235992	2.227997
351.615997	2.380005
354.015991	2.399994
356.436005	2.420013
358.675995	2.239990
360.847992	2.171997
363.183990	2.335999
365.476013	2.292023
367.899994	2.423981
370.291992	2.391998
372.691986	2.399994
375.108002	2.416016
377.312012	2.204010
379.640015	2.328003
381.971985	2.331970
384.328003	2.356018
386.859985	2.531982
389.332001	2.472015
391.615997	2.283997
393.932007	2.316010
396.343994	2.411987
398.764008	2.420013
401.212006	2.447998
403.648010	2.436005
406.123993	2.475983
408.567993	2.444000
410.859985	2.291992
413.088013	2.228027
415.332001	2.243988
417.608002	2.276001
419.712006	2.104004
421.779999	2.067993
424.040009	2.260010
426.187988	2.147980
427.208008	1.020020
429.088013	1.880005
431.403992	2.315979
433.720001	2.316010
435.988007	2.268005
438.355988	2.367981
440.584015	2.228027
443.036011	2.451996
445.424011	2.388000
447.696014	2.272003
450.231995	2.535980
452.679993	2.447998
455.032013	2.352020
457.584015	2.552002
460.135986	2.551971
462.384003	2.248016
464.895996	2.511993
467.216003	2.320007
469.480011	2.264008
471.899994	2.419983
474.123993	2.223999
476.415985	2.291992
478.500000	2.084015
480.756012	2.256012
483.032013	2.276001
485.424011	2.391998
487.675995	2.251984
489.976013	2.300018
492.440002	2.463989
494.963989	2.523987
497.447998	2.484009
499.847992	2.399994
502.092010	2.244019
504.563995	2.471985
507.056000	2.492004
509.436005	2.380005
511.828003	2.391998
514.080017	2.252014
516.419983	2.339966
518.760010	2.340027
521.072021	2.312012
523.395996	2.323975
525.796021	2.400024
528.075989	2.279968
530.323975	2.247986
534.372009	4.048035
536.596008	2.223999
538.755981	2.159973
540.932007	2.176025
542.979980	2.047974
545.223999	2.244019
547.471985	2.247986
549.388000	1.916016
551.236023	1.848022
553.119995	1.883972
555.088013	1.968018
557.104004	2.015991
559.223999	2.119995
561.364014	2.140015
563.455994	2.091980
565.883972	2.427979
568.127991	2.244019
570.208008	2.080017
572.380005	2.171997
574.627991	2.247986
576.911987	2.283997
579.252014	2.340027
581.427979	2.175964
583.703979	2.276001
585.695984	1.992004
587.695984	2.000000
589.395996	1.700012
591.348022	1.952026
593.460022	2.112000
595.671997	2.211975
598.031982	2.359985
600.187988	2.156006
602.547974	2.359985
604.763977	2.216003
606.932007	2.168030
609.343994	2.411987
611.124023	1.780029
612.971985	1.847961
614.979980	2.007996
616.927979	1.947998
618.872009	1.944031
621.184021	2.312012
623.468018	2.283997
625.627991	2.159973
627.780029	2.152039
629.728027	1.947998
631.840027	2.112000
634.572021	2.731995
636.924011	2.351990
639.064026	2.140015
640.963989	1.899963
642.843994	1.880005
644.684021	1.840027
646.512024	1.828003
648.556030	2.044006
650.651978	2.095947
652.924011	2.272034
655.132019	2.208008
657.395996	2.263977
659.703979	2.307983
661.935974	2.231995
664.176025	2.240051
666.656006	2.479980
669.124023	2.468018
671.703979	2.579956
673.992004	2.288025
676.168030	2.176025
678.411987	2.243958
680.651978	2.239990
683.072021	2.420044
685.364014	2.291992
687.780029	2.416016
690.135986	2.355957
692.520020	2.384033
694.656006	2.135986
697.075989	2.419983
699.392029	2.316040
701.559998	2.167969
703.768005	2.208008
705.708008	1.940002
707.927979	2.219971
712.156006	4.228027
714.583984	2.427979
716.796021	2.212036
719.028015	2.231995
721.023987	1.995972
723.203979	2.179993
725.523987	2.320007
728.116028	2.592041
730.495972	2.379944
732.796021	2.300049
734.947998	2.151978
736.875977	1.927979
738.835999	1.960022
740.856018	2.020020
743.351990	2.495972
745.739990	2.388000
747.892029	2.152039
749.924011	2.031982
752.331970	2.407959
754.604004	2.272034
757.044006	2.440002
759.588013	2.544006
761.916016	2.328003
764.364014	2.447998
766.919983	2.555969
769.192017	2.272034
771.375977	2.183960
773.736023	2.360046
775.935974	2.199951
778.304016	2.368042
780.320007	2.015991
782.544006	2.223999
784.635986	2.091980
786.900024	2.264038
789.075989	2.175964
791.271973	2.195984
793.443970	2.171997
795.719971	2.276001
798.056030	2.336060
800.307983	2.251953
802.708008	2.400024
805.023987	2.315979
807.520020	2.496033
810.023987	2.503967
812.432007	2.408020
814.851990	2.419983
817.255981	2.403992
819.575989	2.320007
821.799988	2.223999
824.091980	2.291992
826.440002	2.348022
828.812012	2.372009
831.088013	2.276001
833.260010	2.171997
835.484009	2.223999
837.848022	2.364014
840.127991	2.279968
842.612000	2.484009
844.791992	2.179993
846.856018	2.064026
849.312012	2.455994
851.723999	2.411987
854.012024	2.288025
856.320007	2.307983
858.523987	2.203979
860.656006	2.132019
862.835999	2.179993
865.159973	2.323975
867.500000	2.340027
869.843994	2.343994
872.236023	2.392029
874.291992	2.055969
876.424011	2.132019
878.708008	2.283997
881.044006	2.335999
883.315979	2.271973
885.476013	2.160034
887.823975	2.347961
890.211975	2.388000
892.588013	2.376038
894.927979	2.339966
897.447998	2.520020
899.780029	2.332031
901.804016	2.023987
904.112000	2.307983
906.416016	2.304016
908.604004	2.187988
911.096008	2.492004
913.312012	2.216003
915.564026	2.252014
917.960022	2.395996
920.567993	2.607971
923.192017	2.624023
925.504028	2.312012
927.960022	2.455994
930.299988	2.339966
932.635986	2.335999
935.168030	2.532043
937.747986	2.579956
940.080017	2.332031
942.443970	2.363953
946.659973	4.216003
949.127991	2.468018
951.539978	2.411987
953.820007	2.280029
955.883972	2.063965
958.211975	2.328003
960.567993	2.356018
962.760010	2.192017
964.788025	2.028015
966.979980	2.191956
968.979980	2.000000
970.700012	1.720032
972.684021	1.984009
974.072021	1.388000
975.752014	1.679993
977.408020	1.656006
979.219971	1.811951
981.476013	2.256042
983.443970	1.967957
985.572021	2.128052
987.607971	2.035950
989.676025	2.068054
991.780029	2.104004
994.023987	2.243958
996.143982	2.119995
998.283997	2.140015
1000.495972	2.211975
1002.935974	2.440002
1005.348022	2.412048
1007.763977	2.415955
1010.159973	2.395996
1012.500000	2.340027
1014.820007	2.320007
1017.119995	2.299988
1019.455994	2.335999
1021.859985	2.403992
1024.267944	2.407959
1026.595947	2.328003
1028.959961	2.364014
1031.063965	2.104004
1033.287964	2.223999
1035.420044	2.132080
1037.384033	1.963989
1039.656006	2.271973
1041.975952	2.319946
1044.239990	2.264038
1046.540039	2.300049
1048.819946	2.279907
1051.011963	2.192017
1053.248047	2.236084
1055.452026	2.203979
1057.475952	2.023926
1058.988037	1.512085
1060.920044	1.932007
1062.875977	1.955933
1065.267944	2.391968
1067.495972	2.228027
1069.988037	2.492065
1072.092041	2.104004
1074.371948	2.279907
1076.536011	2.164063
1078.832031	2.296021
1081.151978	2.319946
1083.475952	2.323975
1085.904053	2.428101
1088.083984	2.179932
1090.416016	2.332031
1092.156006	1.739990
1093.536011	1.380005
1095.667969	2.131958
1098.088013	2.420044
1100.244019	2.156006
1102.452026	2.208008
1104.676025	2.223999
1106.843994	2.167969
1109.092041	2.248047
1111.384033	2.291992
1113.635986	2.251953
1115.984009	2.348022
1118.332031	2.348022
1120.520020	2.187988
1122.816040	2.296021
1125.176025	2.359985
1128.744019	3.567993
1131.011963	2.267944
1133.271973	2.260010
1135.500000	2.228027
1137.959961	2.459961
1140.267944	2.307983
1142.439941	2.171997
1144.576050	2.136108
1146.884033	2.307983
1149.187988	2.303955
1151.504028	2.316040
1153.576050	2.072021
1155.608032	2.031982
1157.696045	2.088013
1160.083984	2.387939
1162.332031	2.248047
1166.475952	4.143921
1168.708008	2.232056
1170.900024	2.192017
1173.151978	2.251953
1175.276001	2.124023
1177.060059	1.784058
1178.875977	1.815918
1180.859985	1.984009
1183.008057	2.148071
1185.203979	2.195923
1187.459961	2.255981
1189.803955	2.343994
1191.735962	1.932007
1193.807983	2.072021
1196.056030	2.248047
1198.131958	2.075928
1200.167969	2.036011
1202.031982	1.864014
1203.572021	1.540039
1205.579956	2.007935
1207.751953	2.171997
1210.387939	2.635986
1212.520020	2.132080
1214.776001	2.255981
1216.975952	2.199951
1218.735962	1.760010
1220.671997	1.936035
1222.336060	1.664063
1224.359985	2.023926
1226.536011	2.176025
1228.920044	2.384033
1231.015991	2.095947
1232.939941	1.923950
1234.936035	1.996094
1236.972046	2.036011
1239.015991	2.043945
1241.067993	2.052002
1243.060059	1.992065
1245.163940	2.103882
1247.232056	2.068115
1249.436035	2.203979
1251.687988	2.251953
1253.791992	2.104004
1256.083984	2.291992
1258.536011	2.452026
1261.280029	2.744019
1263.104004	1.823975
1265.167969	2.063965
1266.936035	1.768066
1268.927979	1.991943
1271.167969	2.239990
1273.208008	2.040039
1275.167969	1.959961
1277.008057	1.840088
1278.875977	1.867920
1280.712036	1.836060
1282.576050	1.864014
1284.423950	1.847900
1286.663940	2.239990
1289.307983	2.644043
1291.156006	1.848022
1292.843994	1.687988
1295.323975	2.479980
1297.635986	2.312012
1299.043945	1.407959
1300.583984	1.540039
1302.348022	1.764038
1303.875977	1.527954
1305.764038	1.888062
1307.488037	1.723999
1309.368042	1.880005
1311.588013	2.219971
1313.572021	1.984009
1315.547974	1.975952
1317.540039	1.992065
1319.651978	2.111938
1321.595947	1.943970
1323.927979	2.332031
1326.147949	2.219971
1328.359985	2.212036
1330.459961	2.099976
1332.520020	2.060059
1334.484009	1.963989
1336.732056	2.248047
1338.916016	2.183960
1340.927979	2.011963
1342.943970	2.015991
1344.923950	1.979980
1346.979980	2.056030
1348.963989	1.984009
1351.215942	2.251953
1353.223999	2.008057
1355.267944	2.043945
1357.316040	2.048096
1359.364014	2.047974
1361.479980	2.115967
1363.619995	2.140015
1365.683960	2.063965
1367.728027	2.044067
1370.187988	2.459961
1372.267944	2.079956
1374.447998	2.180054
1376.468018	2.020020
1378.540039	2.072021
1380.771973	2.231934
1383.060059	2.288086
1385.215942	2.155884
1387.484009	2.268066
1389.787964	2.303955
1392.067993	2.280029
1394.239990	2.171997
1396.608032	2.368042
1399.040039	2.432007
1401.371948	2.331909
1403.323975	1.952026
1405.276001	1.952026
1407.391968	2.115967
1409.328003	1.936035
1411.208008	1.880005
1413.255981	2.047974
1415.264038	2.008057
1417.452026	2.187988
1419.663940	2.211914
1423.147949	3.484009
1423.887939	0.739990
1425.723999	1.836060
1427.735962	2.011963
1429.767944	2.031982
1431.968018	2.200073
1434.088013	2.119995
1436.128052	2.040039
1438.359985	2.231934
1440.316040	1.956055
1442.244019	1.927979
1444.491943	2.247925
1446.228027	1.736084
1448.112061	1.884033
1449.963989	1.851929
1451.784058	1.820068
1453.583984	1.799927
1455.312012	1.728027
1457.036011	1.723999
1459.119995	2.083984
1460.963989	1.843994
1462.859985	1.895996
1464.939941	2.079956
1467.140015	2.200073
1469.208008	2.067993
1471.307983	2.099976
1473.404053	2.096069
1475.239990	1.835938
1477.312012	2.072021
1479.192017	1.880005
1481.395996	2.203979
1483.456055	2.060059
1485.683960	2.227905
1487.656006	1.972046
1489.791992	2.135986
1491.927979	2.135986
1493.988037	2.060059
1496.060059	2.072021
1498.364014	2.303955
1500.439941	2.075928
1502.592041	2.152100
1504.875977	2.283936
1507.020020	2.144043
1509.196045	2.176025
1511.352051	2.156006
1513.692017	2.339966
1515.932007	2.239990
1518.328003	2.395996
1520.380005	2.052002
1522.504028	2.124023
1524.692017	2.187988
1526.988037	2.296021
1529.108032	2.119995
1531.343994	2.235962
1533.667969	2.323975
1535.956055	2.288086
1538.108032	2.151978
1540.264038	2.156006
1542.355957	2.091919
1544.355957	2.000000
1546.807983	2.452026
1549.171997	2.364014
1551.468018	2.296021
1553.963989	2.495972
1556.291992	2.328003
1558.800049	2.508057
1561.300049	2.500000
1563.703979	2.403931
1566.036011	2.332031
1568.640015	2.604004
1572.307983	3.667969
1574.732056	2.424072
1576.839966	2.107910
1578.895996	2.056030
1581.180054	2.284058
1583.667969	2.487915
1585.755981	2.088013
1587.404053	1.648071
1588.244019	0.839966
1590.043945	1.799927
1592.119995	2.076050
1594.387939	2.267944
1596.635986	2.248047
1599.031982	2.395996
1601.296021	2.264038
1603.800049	2.504028
1606.060059	2.260010
1608.232056	2.171997
1610.328003	2.095947
1612.343994	2.015991
1614.524048	2.180054
1616.615967	2.091919
1618.800049	2.184082
1620.839966	2.039917
1623.036011	2.196045
1625.031982	1.995972
1627.020020	1.988037
1629.223999	2.203979
1631.287964	2.063965
1633.423950	2.135986
1635.719971	2.296021
1637.696045	1.976074
1639.979980	2.283936
1642.196045	2.216064
1644.456055	2.260010
1646.628052	2.171997
1648.920044	2.291992
1651.192017	2.271973
1653.359985	2.167969
1655.352051	1.992065
1657.520020	2.167969
1661.060059	3.540039
1663.255981	2.195923
1665.239990	1.984009
1667.264038	2.024048
1669.588013	2.323975
1671.800049	2.212036
1673.979980	2.179932
1676.124023	2.144043
1678.276001	2.151978
1680.368042	2.092041
1682.500000	2.131958
1684.939941	2.439941
1687.192017	2.252075
1689.276001	2.083984
1691.391968	2.115967
1693.248047	1.856079
1695.375977	2.127930
1697.244019	1.868042
1699.287964	2.043945
1701.287964	2.000000
1703.420044	2.132080
1705.839966	2.419922
1708.235962	2.395996
1710.280029	2.044067
1712.579956	2.299927
1714.732056	2.152100
1716.932007	2.199951
1719.192017	2.260010
1721.323975	2.131958
1723.671997	2.348022
1725.923950	2.251953
1728.248047	2.324097
1730.880005	2.631958
1732.907959	2.027954
1735.151978	2.244019
1737.635986	2.484009
1739.936035	2.300049
1742.404053	2.468018
1745.215942	2.811890
1747.692017	2.476074
1750.187988	2.495972
1752.751953	2.563965
1755.151978	2.400024
1757.907959	2.755981
1760.355957	2.447998
1762.760010	2.404053
1765.024048	2.264038
1767.151978	2.127930
1769.291992	2.140015
1771.475952	2.183960
1773.687988	2.212036
1776.176025	2.488037
1778.500000	2.323975
1780.676025	2.176025
1782.884033	2.208008
1785.183960	2.299927
1788.371948	3.187988
1790.891968	2.520020
1793.223999	2.332031
1795.468018	2.244019
1797.708008	2.239990
1800.228027	2.520020
